1.651200751679023000e+15,9.817477042468070181e-02
1.651200751681039500e+15,9.817477042468071569e-02
1.651200751683055750e+15,9.817477042468070181e-02
1.651200751685072250e+15,9.817477042468070181e-02
1.651200751687088750e+15,9.817477042468070181e-02
1.651200751689105000e+15,9.817477042468070181e-02
1.651200751691121500e+15,9.817477042468070181e-02
1.651200751693138000e+15,9.817477042468068793e-02
1.651200751695154250e+15,9.817477042468070181e-02
1.651200751697170750e+15,9.817477042468068793e-02
1.651200751699187000e+15,9.817477042468070181e-02
1.651200751701203500e+15,9.817477042468070181e-02
1.651200751703220000e+15,9.817477042468070181e-02
1.651200751705236250e+15,9.817477042468068793e-02
1.651200751707252750e+15,9.817477042468068793e-02
1.651200751709269250e+15,9.817477042468070181e-02
1.651200751711285500e+15,9.817477042468070181e-02
1.651200751713302000e+15,9.817477042468070181e-02
1.651200751715318500e+15,9.817477042468070181e-02
1.651200751717334750e+15,9.817477042468070181e-02
1.651200751719351250e+15,9.817477042468070181e-02
1.651200751721367750e+15,9.817477042468070181e-02
1.651200751723384000e+15,9.817477042468068793e-02
1.651200751725400500e+15,9.817477042468070181e-02
1.651200751727417000e+15,9.817477042468068793e-02
1.651200751729433250e+15,9.817477042468068793e-02
1.651200751731449750e+15,9.817477042468068793e-02
1.651200751733466000e+15,9.817477042468070181e-02
1.651200751735482500e+15,9.817477042468075732e-02
1.651200751737499000e+15,9.817477042468078507e-02
1.651200751739515250e+15,9.817477042468084059e-02
1.651200751741531750e+15,9.817477042468086834e-02
1.651200751743548250e+15,9.817477042468090997e-02
1.651200751745564500e+15,9.817477042468092385e-02
1.651200751747581000e+15,9.817477042468088222e-02
1.651200751749597500e+15,9.817477042468086834e-02
1.651200751751613750e+15,9.817477042468085446e-02
1.651200751753630250e+15,9.817477042468082671e-02
1.651200751755646750e+15,9.817477042468081283e-02
1.651200751757663000e+15,9.817477042468078507e-02
1.651200751759679500e+15,9.817477042468075732e-02
1.651200751761696000e+15,9.817477042468074344e-02
1.651200751763712250e+15,9.817477042468072956e-02
1.651200751765728750e+15,9.817477042468070181e-02
1.651200751767745000e+15,9.817477042468070181e-02
1.651200751769761500e+15,9.817477042468068793e-02
1.651200751771778000e+15,9.817477042468067405e-02
1.651200751773794250e+15,9.817477042468067405e-02
1.651200751775810750e+15,9.817477042468067405e-02
1.651200751777827250e+15,9.817477042468064630e-02
1.651200751779843500e+15,9.817477042468064630e-02
1.651200751781860000e+15,9.817477042468063242e-02
1.651200751783876500e+15,9.817477042468063242e-02
1.651200751785892750e+15,9.817477042468061854e-02
1.651200751787909250e+15,9.817477042468060466e-02
1.651200751789925750e+15,9.817477042468060466e-02
1.651200751791942000e+15,9.817477042468060466e-02
1.651200751793958500e+15,9.817477042468059079e-02
1.651200751795975000e+15,9.817477042468057691e-02
1.651200751797991250e+15,9.817477042468056303e-02
1.651200751800007750e+15,9.817477042468054915e-02
1.651200751802024000e+15,9.817477042468053527e-02
1.651200751804040500e+15,9.817477042468050752e-02
1.651200751806057000e+15,9.817477042468049364e-02
1.651200751808073250e+15,9.817477042468047976e-02
1.651200751810089750e+15,9.817477042468050752e-02
1.651200751812106250e+15,9.817477042468052140e-02
1.651200751814122500e+15,9.817477042468053527e-02
1.651200751816139000e+15,9.817477042468056303e-02
1.651200751818155500e+15,9.817477042468059079e-02
1.651200751820171750e+15,9.817477042468061854e-02
1.651200751822188250e+15,9.817477042468061854e-02
1.651200751824204750e+15,9.817477042468064630e-02
1.651200751826221000e+15,9.817477042468066017e-02
1.651200751828237500e+15,9.817477042468068793e-02
1.651200751830254000e+15,9.817477042468070181e-02
1.651200751832270250e+15,9.817477042468070181e-02
1.651200751834286750e+15,9.817477042468068793e-02
1.651200751836303000e+15,9.817477042468070181e-02
1.651200751838319500e+15,9.817477042468070181e-02
1.651200751840336000e+15,9.817477042468070181e-02
1.651200751842352250e+15,9.817477042468070181e-02
1.651200751844368750e+15,9.817477042468070181e-02
1.651200751846385250e+15,9.817477042468070181e-02
1.651200751848401500e+15,9.817477042468070181e-02
1.651200751850418000e+15,9.817477042468070181e-02
1.651200751852434500e+15,9.817477042468068793e-02
1.651200751854450750e+15,9.817477042468064630e-02
1.651200751856467250e+15,9.817477042468061854e-02
1.651200751858483750e+15,9.817477042468056303e-02
1.651200751860500000e+15,9.817477042468052140e-02
1.651200751862516500e+15,9.817477042468047976e-02
1.651200751864533000e+15,9.752909940332571415e-02
1.651200751866549250e+15,9.670306247641800856e-02
1.651200751868565750e+15,9.587692312707671305e-02
1.651200751870582000e+15,9.505088620016900747e-02
1.651200751872598500e+15,9.422474685082771195e-02
1.651200751874615000e+15,9.339860750148640256e-02
1.651200751876631250e+15,9.257257057457869698e-02
1.651200751878647750e+15,9.227238404855638010e-02
1.651200751880664250e+15,9.293217656362522117e-02
1.651200751882680500e+15,9.359188727947324871e-02
1.651200751884697000e+15,9.425167979454210365e-02
1.651200751886713500e+15,9.491147230961094472e-02
1.651200751888729750e+15,9.557118302545897226e-02
1.651200751890746250e+15,9.623097554052781333e-02
1.651200751892762750e+15,9.689076805559665440e-02
1.651200751894779000e+15,9.755047877144466806e-02
1.651200751896795500e+15,9.812666900768447775e-02
1.651200751898812000e+15,9.723269198119803558e-02
1.651200751900828250e+15,9.633882578746966185e-02
1.651200751902844750e+15,9.544484876098321968e-02
1.651200751904861000e+15,9.455098256725483208e-02
1.651200751906877500e+15,9.365700554076838991e-02
1.651200751908894000e+15,9.276302851428196161e-02
1.651200751910910250e+15,9.186916232055358789e-02
1.651200751912926750e+15,9.097518529406714571e-02
1.651200751914943250e+15,9.008120826758070354e-02
1.651200751916959500e+15,8.918734207385232982e-02
1.651200751918976000e+15,8.829336504736588764e-02
1.651200751920992500e+15,8.739938802087945935e-02
1.651200751923008750e+15,8.650552182715107175e-02
1.651200751925025250e+15,8.590292412159605817e-02
1.651200751927041750e+15,8.590292412159605817e-02
1.651200751929058000e+15,8.590292412159605817e-02
1.651200751931074500e+15,8.590292412159605817e-02
1.651200751933091000e+15,8.590292412159605817e-02
1.651200751935107250e+15,8.590292412159607205e-02
1.651200751937123750e+15,8.590292412159605817e-02
1.651200751939140000e+15,8.590292412159605817e-02
1.651200751941156500e+15,8.590292412159607205e-02
1.651200751943173000e+15,8.590292412159605817e-02
1.651200751945189250e+15,8.590292412159605817e-02
1.651200751947205750e+15,8.590292412159605817e-02
1.651200751949222250e+15,8.647500276526294549e-02
1.651200751951238500e+15,8.757852208149675965e-02
1.651200751953255000e+15,8.868217822591609178e-02
1.651200751955271500e+15,8.978583437033542392e-02
1.651200751957287750e+15,9.088935368656922420e-02
1.651200751959304250e+15,9.199300983098855633e-02
1.651200751961320750e+15,8.984594685317821849e-02
1.651200751963337000e+15,8.755830723514965164e-02
1.651200751965353500e+15,8.527038396682749821e-02
1.651200751967370000e+15,8.298246069850531703e-02
1.651200751969386250e+15,8.069482108047679181e-02
1.651200751971402750e+15,7.840689781215462451e-02
1.651200751973419000e+15,7.611925819412605765e-02
1.651200751975435500e+15,7.383133492580389035e-02
1.651200751977452000e+15,7.103326405899799967e-02
1.651200751979468250e+15,6.818661080214181991e-02
1.651200751981484750e+15,6.533960458145963990e-02
1.651200751983501250e+15,6.249259836077745295e-02
1.651200751985517500e+15,5.964594510392128013e-02
1.651200751987534000e+15,5.679893888323909318e-02
1.651200751989550500e+15,5.549719548582050105e-02
1.651200751991566750e+15,5.611043802841487321e-02
1.651200751993583250e+15,5.672375660852228135e-02
1.651200751995599750e+15,5.733707518862969643e-02
1.651200751997616000e+15,5.795031773122406860e-02
1.651200751999632500e+15,5.856363631133149061e-02
1.651200752001649000e+15,5.917695489143889875e-02
1.651200752003665250e+15,5.979019743403327092e-02
1.651200752005681750e+15,6.040351601414067906e-02
1.651200752007698000e+15,6.101675855673506510e-02
1.651200752009714500e+15,6.048526485412609316e-02
1.651200752011731000e+15,5.850620390801502396e-02
1.651200752013747250e+15,5.652738832031531380e-02
1.651200752015763750e+15,5.454832737420424460e-02
1.651200752017780250e+15,5.256926642809316846e-02
1.651200752019796500e+15,5.059045084039346524e-02
1.651200752021813000e+15,4.956201403666225802e-02
1.651200752023829500e+15,5.153539346809549865e-02
1.651200752025845750e+15,5.350852824549558184e-02
1.651200752027862250e+15,5.548190767692882941e-02
1.651200752029878750e+15,5.745528710836207698e-02
1.651200752031895000e+15,5.942842188576215323e-02
1.651200752033911500e+15,6.135923151542632681e-02
1.651200752035928000e+15,6.135923151542610476e-02
1.651200752037944250e+15,6.135923151542589660e-02
1.651200752039960750e+15,6.135923151542568843e-02
1.651200752041977000e+15,6.135923151542548026e-02
1.651200752043993500e+15,6.135923151542527210e-02
1.651200752046010000e+15,6.135923151542506393e-02
1.651200752048026250e+15,6.135923151542499454e-02
1.651200752050042750e+15,6.135923151542498760e-02
1.651200752052059250e+15,6.135923151542499454e-02
1.651200752054075500e+15,6.135923151542498760e-02
1.651200752056092000e+15,6.135923151542498760e-02
1.651200752058108500e+15,6.135923151542512638e-02
1.651200752060124750e+15,6.135923151542531373e-02
1.651200752062141250e+15,6.135923151542552190e-02
1.651200752064157750e+15,6.135923151542571619e-02
1.651200752066174000e+15,6.135923151542591741e-02
1.651200752068190500e+15,6.135923151542611864e-02
1.651200752070207000e+15,6.135923151542631987e-02
1.651200752072223250e+15,6.032072638731438008e-02
1.651200752074239750e+15,5.923412859728311580e-02
1.651200752076256000e+15,5.814766552059056487e-02
1.651200752078272500e+15,5.706106773055929365e-02
1.651200752080289000e+15,5.597446994052803632e-02
1.651200752082305250e+15,5.488800686383548538e-02
1.651200752084321750e+15,5.380140907380422111e-02
1.651200752086338250e+15,5.271481128377296377e-02
1.651200752088354500e+15,5.162834820708040590e-02
1.651200752090371000e+15,5.054175041704914162e-02
1.651200752092387500e+15,4.945515262701787734e-02
1.651200752094403750e+15,5.042438692829737112e-02
1.651200752096420250e+15,5.244580320588043687e-02
1.651200752098436750e+15,5.446721948346350956e-02
1.651200752100453000e+15,5.648838515154031015e-02
1.651200752102469500e+15,5.850980142912338977e-02
1.651200752104486000e+15,6.053121770670644858e-02
1.651200752106502250e+15,6.244401169086238879e-02
1.651200752108518750e+15,6.428182662366374589e-02
1.651200752110535000e+15,6.611941370933729911e-02
1.651200752112551500e+15,6.795722864213864234e-02
1.651200752114568000e+15,6.979504357493998556e-02
1.651200752116584250e+15,7.163263066061355266e-02
1.651200752118600750e+15,7.347044559341490977e-02
1.651200752120617250e+15,7.154505665102030287e-02
1.651200752122633500e+15,6.925953013073607445e-02
1.651200752124650000e+15,6.697372022216661891e-02
1.651200752126666500e+15,6.468791031359717725e-02
1.651200752128682750e+15,6.240238379331293495e-02
1.651200752130699250e+15,6.135923151542498760e-02
1.651200752132715750e+15,6.135923151542499454e-02
1.651200752134732000e+15,6.135923151542499454e-02
1.651200752136748500e+15,6.135923151542499454e-02
1.651200752138765000e+15,6.135923151542498760e-02
1.651200752140781250e+15,6.135923151542499454e-02
1.651200752142797750e+15,5.894405965079686088e-02
1.651200752144814000e+15,5.652348538855927335e-02
1.651200752146830500e+15,5.410261099312115712e-02
1.651200752148847000e+15,5.168173659768304784e-02
1.651200752150863250e+15,4.926116233544546030e-02
1.651200752152879750e+15,4.908738521234120439e-02
1.651200752154896250e+15,4.908738521234116969e-02
1.651200752156912500e+15,4.908738521234112806e-02
1.651200752158929000e+15,4.908738521234108643e-02
1.651200752160945500e+15,4.908738521234105173e-02
1.651200752162961750e+15,4.908738521234101704e-02
1.651200752164978250e+15,4.908738521234097540e-02
1.651200752166994750e+15,4.908738521234094071e-02
1.651200752169011000e+15,4.908738521234090602e-02
1.651200752171027500e+15,4.908738521234086438e-02
1.651200752173044000e+15,4.908738521234082275e-02
1.651200752175060250e+15,4.908738521234079499e-02
1.651200752177076750e+15,4.908738521234080193e-02
1.651200752179093000e+15,4.908738521234079499e-02
1.651200752181109500e+15,4.908738521234079499e-02
1.651200752183126000e+15,4.908738521234079499e-02
1.651200752185142250e+15,4.908738521234079499e-02
1.651200752187158750e+15,4.908738521234080193e-02
1.651200752189175250e+15,4.908738521234079499e-02
1.651200752191191500e+15,4.908738521234079499e-02
1.651200752193208000e+15,4.908738521234080193e-02
1.651200752195224500e+15,4.908738521234079499e-02
1.651200752197240750e+15,4.908738521234079499e-02
1.651200752199257250e+15,4.908738521234079499e-02
1.651200752201273750e+15,4.908738521234080193e-02
1.651200752203290000e+15,4.908738521234079499e-02
1.651200752205306500e+15,4.908738521234079499e-02
1.651200752207323000e+15,4.908738521234080193e-02
1.651200752209339250e+15,4.908738521234069091e-02
1.651200752211355750e+15,4.908738521234057295e-02
1.651200752213372000e+15,4.908738521234045499e-02
1.651200752215388500e+15,4.908738521234033703e-02
1.651200752217405000e+15,4.908738521234022600e-02
1.651200752219421250e+15,4.908738521234010804e-02
1.651200752221437750e+15,4.908738521233999008e-02
1.651200752223454250e+15,4.866570022483332481e-02
1.651200752225470500e+15,4.732729431210580540e-02
1.651200752227487000e+15,4.598872244700225737e-02
1.651200752229503500e+15,4.465015058189870933e-02
1.651200752231519750e+15,4.331174466917120380e-02
1.651200752233536250e+15,4.197317280406764883e-02
1.651200752235552750e+15,4.063460093896410774e-02
1.651200752237569000e+15,3.929619502623659527e-02
1.651200752239585500e+15,3.795762316113304724e-02
1.651200752241602000e+15,3.681553890925570727e-02
1.651200752243618250e+15,3.681553890925566563e-02
1.651200752245634750e+15,3.681553890925563094e-02
1.651200752247651000e+15,3.681553890925559624e-02
1.651200752249667500e+15,3.681553890925556155e-02
1.651200752251684000e+15,3.681553890925552686e-02
1.651200752253700250e+15,3.681553890925549910e-02
1.651200752255716750e+15,3.681553890925545747e-02
1.651200752257733250e+15,3.681553890925542277e-02
1.651200752259749500e+15,3.681553890925538808e-02
1.651200752261766000e+15,3.681553890925536032e-02
1.651200752263782500e+15,3.681553890925531869e-02
1.651200752265798750e+15,3.681553890925528399e-02
1.651200752267815250e+15,3.681553890925526318e-02
1.651200752269831750e+15,3.681553890925526318e-02
1.651200752271848000e+15,3.681553890925526318e-02
1.651200752273864500e+15,3.681553890925526318e-02
1.651200752275881000e+15,3.681553890925526318e-02
1.651200752277897250e+15,3.681553890925526318e-02
1.651200752279913750e+15,3.681553890925526318e-02
1.651200752281930000e+15,3.681553890925526318e-02
1.651200752283946500e+15,3.681553890925526318e-02
1.651200752285963000e+15,3.681553890925526318e-02
1.651200752287979250e+15,3.681553890925526318e-02
1.651200752289995750e+15,3.681553890925526318e-02
1.651200752292012250e+15,3.681553890925526318e-02
1.651200752294028500e+15,3.681553890925526318e-02
1.651200752296045000e+15,3.681553890925526318e-02
1.651200752298061500e+15,3.681553890925526318e-02
1.651200752300077750e+15,3.681553890925526318e-02
1.651200752302094250e+15,3.681553890925526318e-02
1.651200752304110750e+15,3.681553890925526318e-02
1.651200752306127000e+15,3.681553890925526318e-02
1.651200752308143500e+15,3.681553890925526318e-02
1.651200752310160000e+15,3.681553890925526318e-02
1.651200752312176250e+15,3.681553890925526318e-02
1.651200752314192750e+15,3.681553890925526318e-02
1.651200752316209000e+15,3.681553890925526318e-02
1.651200752318225500e+15,3.681553890925526318e-02
1.651200752320242000e+15,3.681553890925526318e-02
1.651200752322258250e+15,3.621664484607747120e-02
1.651200752324274750e+15,3.534104587678400106e-02
1.651200752326291250e+15,3.446544690749053785e-02
1.651200752328307500e+15,3.358995649249527093e-02
1.651200752330324000e+15,3.271435752320180079e-02
1.651200752332340500e+15,3.183875855390833759e-02
1.651200752334356750e+15,3.096326813891306720e-02
1.651200752336373250e+15,2.977305921318663950e-02
1.651200752338389750e+15,2.843209367345703176e-02
1.651200752340406000e+15,2.709129438286451280e-02
1.651200752342422500e+15,2.575032884313490159e-02
1.651200752344439000e+15,2.454369260617017545e-02
1.651200752346455250e+15,2.454369260617017545e-02
1.651200752348471750e+15,2.454369260617017545e-02
1.651200752350488000e+15,2.454369260617017545e-02
1.651200752352504500e+15,2.454369260617017892e-02
1.651200752354521000e+15,2.454369260617017545e-02
1.651200752356537250e+15,2.454369260617018239e-02
1.651200752358553750e+15,2.454369260617024137e-02
1.651200752360570250e+15,2.454369260617030382e-02
1.651200752362586500e+15,2.454369260617035933e-02
1.651200752364603000e+15,2.454369260617041831e-02
1.651200752366619500e+15,2.454369260617047729e-02
1.651200752368635750e+15,2.454369260617053627e-02
1.651200752370652250e+15,2.454369260617059526e-02
1.651200752372668750e+15,2.454369260617066811e-02
1.651200752374685000e+15,2.454369260617074444e-02
1.651200752376701500e+15,2.454369260617082771e-02
1.651200752378718000e+15,2.454369260617090404e-02
1.651200752380734250e+15,2.454369260617098383e-02
1.651200752382750750e+15,2.454369260617106363e-02
1.651200752384767000e+15,2.386196116548288879e-02
1.651200752386783500e+15,2.317597740792415317e-02
1.651200752388800000e+15,2.248999365036542103e-02
1.651200752390816250e+15,2.180409493914409885e-02
1.651200752392832750e+15,2.111811118158536671e-02
1.651200752394849250e+15,2.043212742402663110e-02
1.651200752396865500e+15,1.974622871280530892e-02
1.651200752398882000e+15,1.906024495524657331e-02
1.651200752400898500e+15,1.843514707876387632e-02
1.651200752402914750e+15,1.899555453728427740e-02
1.651200752404931250e+15,1.955603148216035134e-02
1.651200752406947750e+15,2.011650842703642528e-02
1.651200752408964000e+15,2.067691588555681942e-02
1.651200752410980500e+15,2.123739283043289683e-02
1.651200752412997000e+15,2.179786977530896730e-02
1.651200752415013250e+15,2.235827723382936491e-02
1.651200752417029750e+15,2.291875417870543885e-02
1.651200752419046000e+15,2.347916163722583993e-02
1.651200752421062500e+15,2.403963858210191040e-02
1.651200752423079000e+15,2.448641345599208291e-02
1.651200752425095250e+15,2.391750169960938505e-02
1.651200752427111750e+15,2.334851940240134649e-02
1.651200752429128250e+15,2.277953710519331140e-02
1.651200752431144500e+15,2.221062534881061701e-02
1.651200752433161000e+15,2.164164305160257845e-02
1.651200752435177500e+15,2.107266075439453989e-02
1.651200752437193750e+15,2.050374899801184203e-02
1.651200752439210250e+15,1.993476670080380694e-02
1.651200752441226750e+15,1.936578440359577186e-02
1.651200752443243000e+15,1.879687264721307052e-02
1.651200752445259500e+15,1.878098298473940969e-02
1.651200752447276000e+15,1.996150860587155018e-02
1.651200752449292250e+15,2.114188786875658907e-02
1.651200752451308750e+15,2.232241348988873303e-02
1.651200752453325000e+15,2.350279275277377192e-02
1.651200752455341500e+15,2.454369260616974177e-02
1.651200752457358000e+15,2.454369260616981810e-02
1.651200752459374250e+15,2.454369260616990484e-02
1.651200752461390750e+15,2.454369260616998810e-02
1.651200752463407250e+15,2.454369260617006790e-02
1.651200752465423500e+15,2.454369260617015117e-02
1.651200752467440000e+15,2.454369260617023443e-02
1.651200752469456500e+15,2.454369260617031770e-02
1.651200752471472750e+15,2.454369260617039750e-02
1.651200752473489250e+15,2.454369260617048423e-02
1.651200752475505750e+15,2.454369260617056403e-02
1.651200752477522000e+15,2.454369260617057791e-02
1.651200752479538500e+15,2.454369260617045995e-02
1.651200752481555000e+15,2.454369260617034199e-02
1.651200752483571250e+15,2.454369260617022402e-02
1.651200752485587750e+15,2.454369260617010606e-02
1.651200752487604000e+15,2.454369260616998810e-02
1.651200752489620500e+15,2.454369260616987014e-02
1.651200752491637000e+15,2.454369260616975218e-02
1.651200752493653250e+15,2.406598909136230952e-02
1.651200752495669750e+15,2.348191200322578137e-02
1.651200752497686250e+15,2.289783491508925323e-02
1.651200752499702500e+15,2.231383023918780129e-02
1.651200752501719000e+15,2.172975315105127661e-02
1.651200752503735500e+15,2.114567606291475194e-02
1.651200752505751750e+15,2.056167138701329999e-02
1.651200752507768250e+15,1.997759429887677185e-02
1.651200752509784750e+15,1.939351721074024371e-02
1.651200752511801000e+15,1.880951253483879523e-02
1.651200752513817500e+15,1.840776945462782241e-02
1.651200752515834000e+15,1.840776945462771833e-02
1.651200752517850250e+15,1.840776945462761424e-02
1.651200752519866750e+15,1.840776945462751363e-02
1.651200752521883000e+15,1.840776945462740954e-02
1.651200752523899500e+15,1.840776945462736444e-02
1.651200752525916000e+15,1.840776945462731240e-02
1.651200752527932250e+15,1.840776945462726730e-02
1.651200752529948750e+15,1.840776945462721872e-02
1.651200752531965250e+15,1.840776945462717015e-02
1.651200752533981500e+15,1.840776945462712158e-02
1.651200752535998000e+15,1.840776945462707301e-02
1.651200752538014500e+15,1.840776945462702444e-02
1.651200752540030750e+15,1.840776945462697586e-02
1.651200752542047250e+15,1.840776945462696546e-02
1.651200752544063750e+15,1.840776945462696546e-02
1.651200752546080000e+15,1.840776945462696546e-02
1.651200752548096500e+15,1.840776945462696546e-02
1.651200752550113000e+15,1.840776945462696546e-02
1.651200752552129250e+15,1.840776945462696546e-02
1.651200752554145750e+15,1.840776945462696546e-02
1.651200752556162000e+15,1.840776945462696546e-02
1.651200752558178500e+15,1.840776945462696546e-02
1.651200752560195000e+15,1.840776945462696546e-02
1.651200752562211250e+15,1.752913126770093075e-02
1.651200752564227750e+15,1.654330631071868410e-02
1.651200752566244250e+15,1.555748135373643572e-02
1.651200752568260500e+15,1.457177861656040914e-02
1.651200752570277000e+15,1.358595365957816076e-02
1.651200752572293500e+15,1.260012870259591064e-02
1.651200752574309750e+15,1.227184630308511201e-02
1.651200752576326250e+15,1.227184630308514671e-02
1.651200752578342750e+15,1.227184630308517967e-02
1.651200752580359000e+15,1.227184630308521436e-02
1.651200752582375500e+15,1.227184630308525079e-02
1.651200752584392000e+15,1.227184630308528548e-02
1.651200752586408250e+15,1.227184630308532018e-02
1.651200752588424750e+15,1.227184630308535487e-02
1.651200752590441000e+15,1.227184630308538957e-02
1.651200752592457500e+15,1.227184630308542600e-02
1.651200752594474000e+15,1.227184630308546069e-02
1.651200752596490250e+15,1.227184630308549712e-02
1.651200752598506750e+15,1.227184630308553182e-02
1.651200752600523250e+15,1.227184630308553182e-02
1.651200752602539500e+15,1.227184630308553182e-02
1.651200752604556000e+15,1.227184630308553182e-02
1.651200752606572500e+15,1.227184630308553182e-02
1.651200752608588750e+15,1.227184630308553182e-02
1.651200752610605250e+15,1.227184630308553182e-02
1.651200752612621750e+15,1.227184630308553182e-02
1.651200752614638000e+15,1.227184630308553182e-02
1.651200752616654500e+15,1.227184630308553182e-02
1.651200752618671000e+15,1.227184630308553182e-02
1.651200752620687250e+15,1.284531841771057240e-02
1.651200752622703750e+15,1.407390436102148520e-02
1.651200752624720000e+15,1.530233798770168699e-02
1.651200752626736500e+15,1.653092393101259980e-02
1.651200752628753000e+15,1.775950987432351261e-02
1.651200752630769250e+15,1.801940569118067395e-02
1.651200752632785750e+15,1.719700030500020613e-02
1.651200752634802250e+15,1.637459491881974177e-02
1.651200752636818500e+15,1.555229149214661447e-02
1.651200752638835000e+15,1.472988610596615011e-02
1.651200752640851500e+15,1.390748071978568576e-02
1.651200752642867750e+15,1.308517729311255845e-02
1.651200752644884250e+15,1.227184630308508773e-02
1.651200752646900750e+15,1.227184630308512936e-02
1.651200752648917000e+15,1.227184630308517099e-02
1.651200752650933500e+15,1.227184630308521436e-02
1.651200752652950000e+15,1.227184630308525773e-02
1.651200752654966250e+15,1.227184630308529936e-02
1.651200752656982750e+15,1.227184630308534100e-02
1.651200752658999000e+15,1.227184630308538263e-02
1.651200752661015500e+15,1.227184630308542426e-02
1.651200752663032000e+15,1.227184630308546590e-02
1.651200752665048250e+15,1.227184630308550926e-02
1.651200752667064750e+15,1.227184630308551620e-02
1.651200752669081250e+15,1.227184630308548151e-02
1.651200752671097500e+15,1.227184630308544681e-02
1.651200752673114000e+15,1.227184630308541212e-02
1.651200752675130500e+15,1.227184630308537916e-02
1.651200752677146750e+15,1.227184630308534447e-02
1.651200752679163250e+15,1.227184630308530977e-02
1.651200752681179750e+15,1.227184630308527334e-02
1.651200752683196000e+15,1.227184630308524038e-02
1.651200752685212500e+15,1.227184630308520569e-02
1.651200752687229000e+15,1.227184630308517273e-02
1.651200752689245250e+15,1.227184630308513630e-02
1.651200752691261750e+15,1.227184630308510334e-02
1.651200752693278000e+15,1.168829070345163944e-02
1.651200752695294500e+15,1.063856736120289206e-02
1.651200752697311000e+15,9.588844018954146425e-03
1.651200752699327250e+15,8.539250818453754388e-03
1.651200752701343750e+15,7.489527476205007014e-03
1.651200752703360250e+15,6.439804133956259641e-03
1.651200752705376500e+15,7.071197668948685927e-03
1.651200752707393000e+15,8.387763856976563834e-03
1.651200752709409500e+15,9.704330045004441740e-03
1.651200752711425750e+15,1.102073300885824877e-02
1.651200752713442250e+15,1.224548563044989581e-02
1.651200752715458750e+15,1.171524826018690603e-02
1.651200752717475000e+15,1.118507662726215580e-02
1.651200752719491500e+15,1.065483925699916602e-02
1.651200752721508000e+15,1.012460188673617624e-02
1.651200752723524250e+15,9.594430253811427750e-03
1.651200752725540750e+15,9.064192883548437968e-03
1.651200752727557000e+15,8.534021250623689478e-03
1.651200752729573500e+15,8.003783880360697961e-03
1.651200752731590000e+15,7.473546510097708179e-03
1.651200752733606250e+15,6.943374877172959689e-03
1.651200752735622750e+15,6.413137506909969039e-03
1.651200752737639250e+15,6.135923151541896811e-03
1.651200752739655500e+15,6.135923151541939312e-03
1.651200752741672000e+15,6.135923151541980945e-03
1.651200752743688500e+15,6.135923151542023446e-03
1.651200752745704750e+15,6.135923151542065079e-03
1.651200752747721250e+15,6.135923151542106713e-03
1.651200752749737750e+15,6.135923151542148346e-03
1.651200752751754000e+15,6.135923151542189979e-03
1.651200752753770500e+15,6.135923151542232480e-03
1.651200752755786750e+15,6.135923151542274114e-03
1.651200752757803250e+15,6.135923151542315747e-03
1.651200752759819750e+15,6.135923151542370391e-03
1.651200752761836000e+15,6.135923151542426769e-03
1.651200752763852500e+15,6.135923151542483148e-03
1.651200752765869000e+15,6.135923151542538659e-03
1.651200752767885250e+15,6.135923151542595037e-03
1.651200752769901750e+15,6.135923151542651416e-03
1.651200752771918250e+15,6.135923151542706927e-03
1.651200752773934500e+15,6.135923151542763306e-03
1.651200752775951000e+15,6.135923151542862185e-03
1.651200752777967500e+15,6.135923151542963666e-03
1.651200752779983750e+15,6.135923151543065147e-03
1.651200752782000250e+15,6.135923151543165761e-03
1.651200752784016750e+15,6.135923151543178772e-03
1.651200752786033000e+15,6.135923151543121526e-03
1.651200752788049500e+15,6.135923151543064280e-03
1.651200752790065750e+15,6.135923151543007034e-03
1.651200752792082250e+15,6.135923151542949788e-03
1.651200752794098750e+15,6.135923151542892542e-03
1.651200752796115000e+15,6.135923151542836164e-03
1.651200752798131500e+15,6.135923151542778918e-03
1.651200752800148000e+15,6.135923151542766775e-03
1.651200752802164250e+15,6.135923151542765908e-03
1.651200752804180750e+15,6.135923151542766775e-03
1.651200752806197250e+15,6.135923151542765908e-03
1.651200752808213500e+15,6.135923151542765908e-03
1.651200752810230000e+15,6.135923151542765908e-03
1.651200752812246500e+15,6.135923151542765908e-03
1.651200752814262750e+15,6.135923151542765908e-03
1.651200752816279250e+15,6.135923151542765908e-03
1.651200752818295750e+15,6.135923151542765908e-03
1.651200752820312000e+15,6.135923151542765908e-03
1.651200752822328500e+15,6.135923151542765908e-03
1.651200752824344750e+15,6.135923151542765908e-03
1.651200752826361250e+15,6.135923151542765908e-03
1.651200752828377750e+15,6.135923151542765908e-03
1.651200752830394000e+15,6.135923151542765908e-03
1.651200752832410500e+15,6.135923151542765908e-03
1.651200752834427000e+15,6.135923151542765908e-03
1.651200752836443250e+15,6.135923151542765908e-03
1.651200752838459750e+15,6.135923151542765908e-03
1.651200752840476250e+15,6.135923151542765908e-03
1.651200752842492500e+15,6.135923151542765908e-03
1.651200752844509000e+15,6.135923151542765908e-03
1.651200752846525500e+15,6.135923151542765908e-03
1.651200752848541750e+15,6.135923151542765908e-03
1.651200752850558250e+15,6.135923151542765908e-03
1.651200752852574750e+15,6.135923151542765908e-03
1.651200752854591000e+15,6.135923151542765908e-03
1.651200752856607500e+15,6.135923151542765908e-03
1.651200752858623750e+15,6.135923151542765908e-03
1.651200752860640250e+15,6.135923151542765908e-03
1.651200752862656750e+15,6.135923151542765908e-03
1.651200752864673000e+15,6.135923151542765908e-03
1.651200752866689500e+15,6.135923151542765908e-03
1.651200752868706000e+15,6.135923151542765908e-03
1.651200752870722250e+15,6.135923151542765908e-03
1.651200752872738750e+15,6.135923151542765040e-03
1.651200752874755250e+15,6.135923151542765908e-03
1.651200752876771500e+15,6.135923151542765908e-03
1.651200752878788000e+15,6.135923151542765040e-03
1.651200752880804500e+15,6.135923151542765908e-03
1.651200752882820750e+15,6.135923151542765908e-03
1.651200752884837250e+15,6.135923151542765908e-03
1.651200752886853750e+15,6.135923151542765908e-03
1.651200752888870000e+15,6.135923151542765908e-03
1.651200752890886500e+15,6.135923151542765908e-03
1.651200752892902750e+15,6.135923151542765908e-03
1.651200752894919250e+15,6.135923151542765908e-03
1.651200752896935750e+15,6.135923151542765908e-03
1.651200752898952000e+15,6.135923151542766775e-03
1.651200752900968500e+15,6.135923151542765908e-03
1.651200752902985000e+15,6.135923151542766775e-03
1.651200752905001250e+15,6.135923151542765908e-03
1.651200752907017750e+15,6.135923151542765908e-03
1.651200752909034250e+15,6.135923151542765908e-03
1.651200752911050500e+15,6.135923151542765908e-03
1.651200752913067000e+15,6.135923151542765908e-03
1.651200752915083500e+15,6.135923151542766775e-03
1.651200752917099750e+15,6.135923151542765908e-03
1.651200752919116250e+15,6.135923151542765040e-03
1.651200752921132750e+15,6.135923151542765040e-03
1.651200752923149000e+15,6.135923151542773714e-03
1.651200752925165500e+15,6.135923151542810143e-03
1.651200752927181750e+15,6.135923151542846572e-03
1.651200752929198250e+15,6.135923151542883869e-03
1.651200752931214750e+15,6.135923151542920298e-03
1.651200752933231000e+15,6.135923151542955860e-03
1.651200752935247500e+15,6.135923151542992289e-03
1.651200752937264000e+15,6.135923151543028718e-03
1.651200752939280250e+15,6.135923151543065147e-03
1.651200752941296750e+15,6.135923151543101577e-03
1.651200752943313250e+15,6.135923151543137138e-03
1.651200752945329500e+15,6.135923151543173568e-03
1.651200752947346000e+15,6.135923151543209997e-03
1.651200752949362500e+15,7.171577949093705696e-03
1.651200752951378750e+15,8.220103676214562949e-03
1.651200752953395250e+15,9.268759412725020505e-03
1.651200752955411750e+15,1.031741514923547806e-02
1.651200752957428000e+15,1.136594087635633618e-02
1.651200752959444500e+15,1.213474325830833818e-02
1.651200752961460750e+15,1.112769766984273920e-02
1.651200752963477250e+15,1.012052721521613900e-02
1.651200752965493750e+15,9.113356760589538808e-03
1.651200752967510000e+15,8.106311172123939826e-03
1.651200752969526500e+15,7.099140717497339631e-03
1.651200752971543000e+15,6.157407305338005905e-03
1.651200752973559250e+15,6.649650772265873651e-03
1.651200752975575750e+15,7.141955273721569894e-03
1.651200752977592250e+15,7.634259775177263535e-03
1.651200752979608500e+15,8.126503242105131281e-03
1.651200752981625000e+15,8.618807743560826656e-03
1.651200752983641500e+15,9.111112245016522032e-03
1.651200752985657750e+15,9.603355711944389778e-03
1.651200752987674250e+15,1.009566021340008515e-02
1.651200752989690750e+15,1.058796471485578053e-02
1.651200752991707000e+15,1.108020818178364827e-02
1.651200752993723500e+15,1.157251268323934365e-02
1.651200752995739750e+15,1.206475615016720966e-02
1.651200752997756250e+15,1.077047606080050977e-02
1.651200752999772750e+15,8.178981865578813584e-03
1.651200753001789000e+15,5.587808956520672228e-03
1.651200753003805500e+15,2.996314761298975605e-03
1.651200753005822000e+15,4.048205660772795779e-04
1.651200753007838250e+15,0.000000000000000000e+00
1.651200753009854750e+15,0.000000000000000000e+00
1.651200753011871250e+15,0.000000000000000000e+00
1.651200753013887500e+15,0.000000000000000000e+00
1.651200753015904000e+15,0.000000000000000000e+00
1.651200753017920500e+15,0.000000000000000000e+00
1.651200753019936750e+15,3.995126967580994650e-05
1.651200753021953250e+15,2.426965648972721160e-03
1.651200753023969750e+15,4.813980028269632117e-03
1.651200753025986000e+15,7.200698472235611894e-03
1.651200753028002500e+15,9.587712851532523284e-03
1.651200753030018750e+15,1.197443129549850306e-02
1.651200753032035250e+15,1.178547727105720873e-02
1.651200753034051750e+15,1.122988279260700613e-02
1.651200753036068000e+15,1.067435719519802158e-02
1.651200753038084500e+15,1.011876271674782071e-02
1.651200753040101000e+15,9.563168238297618112e-03
1.651200753042117250e+15,9.007642640888633562e-03
1.651200753044133750e+15,8.452048162438430962e-03
1.651200753046150250e+15,7.896453683988230096e-03
1.651200753048166500e+15,7.340928086579244678e-03
1.651200753050183000e+15,6.785333608129043813e-03
1.651200753052199500e+15,6.229739129678842080e-03
1.651200753054215750e+15,5.225826389177562828e-03
1.651200753056232250e+15,4.130668924574526849e-03
1.651200753058248750e+15,3.035511459971492170e-03
1.651200753060265000e+15,1.940489769911552149e-03
1.651200753062281500e+15,8.453323053085168206e-04
1.651200753064297750e+15,0.000000000000000000e+00
1.651200753066314250e+15,0.000000000000000000e+00
1.651200753068330750e+15,0.000000000000000000e+00
1.651200753070347000e+15,0.000000000000000000e+00
1.651200753072363500e+15,0.000000000000000000e+00
1.651200753074380000e+15,0.000000000000000000e+00
1.651200753076396250e+15,0.000000000000000000e+00
1.651200753078412750e+15,0.000000000000000000e+00
1.651200753080429250e+15,0.000000000000000000e+00
1.651200753082445500e+15,0.000000000000000000e+00
1.651200753084462000e+15,0.000000000000000000e+00
1.651200753086478500e+15,0.000000000000000000e+00
1.651200753088494750e+15,4.938783097103170748e-04
1.651200753090511250e+15,1.097915071821525378e-03
1.651200753092527750e+15,1.701951833932733357e-03
1.651200753094544000e+15,2.305913709264607262e-03
1.651200753096560500e+15,2.909950471375815240e-03
1.651200753098576750e+15,3.513912346707689146e-03
1.651200753100593250e+15,4.117949108818896690e-03
1.651200753102609750e+15,4.721985870930105536e-03
1.651200753104626000e+15,5.325947746261979442e-03
1.651200753106642500e+15,5.929984508373187420e-03
1.651200753108659000e+15,6.135923151542721672e-03
1.651200753110675250e+15,6.135923151542656620e-03
1.651200753112691750e+15,6.135923151542589833e-03
1.651200753114708250e+15,6.135923151542523914e-03
1.651200753116724500e+15,6.135923151542457994e-03
1.651200753118741000e+15,6.135923151542391207e-03
1.651200753120757500e+15,6.135923151542325288e-03
1.651200753122773750e+15,4.844720779968187535e-03
1.651200753124790250e+15,3.455890492047534752e-03
1.651200753126806750e+15,2.067060204126882402e-03
1.651200753128823000e+15,6.784020994802095932e-04
1.651200753130839500e+15,3.940728927723281556e-04
1.651200753132855750e+15,1.164358370282950238e-03
1.651200753134872250e+15,1.934739357462203491e-03
1.651200753136888750e+15,2.705120344641456960e-03
1.651200753138905000e+15,3.475405822152079043e-03
1.651200753140921500e+15,4.245786809331331645e-03
1.651200753142938000e+15,5.016167796510585114e-03
1.651200753144954250e+15,5.786453274021207197e-03
1.651200753146970750e+15,6.135923151542717335e-03
1.651200753148987250e+15,6.135923151542626262e-03
1.651200753151003500e+15,6.135923151542535189e-03
1.651200753153020000e+15,6.135923151542444984e-03
1.651200753155036500e+15,6.135923151542353043e-03
1.651200753157052750e+15,6.135923151542273246e-03
1.651200753159069250e+15,6.135923151542198653e-03
1.651200753161085750e+15,6.135923151542124060e-03
1.651200753163102000e+15,6.135923151542049467e-03
1.651200753165118500e+15,6.135923151541975741e-03
1.651200753167134750e+15,6.135923151541900281e-03
1.651200753169151250e+15,6.135923151541931506e-03
1.651200753171167750e+15,6.135923151542010436e-03
1.651200753173184000e+15,6.135923151542089365e-03
1.651200753175200500e+15,6.135923151542167428e-03
1.651200753177217000e+15,6.135923151542246358e-03
1.651200753179233250e+15,6.135923151542321818e-03
1.651200753181249750e+15,6.135923151542321818e-03
1.651200753183266250e+15,6.135923151542321818e-03
1.651200753185282500e+15,6.135923151542321818e-03
1.651200753187299000e+15,6.135923151542321818e-03
1.651200753189315500e+15,6.135923151542320951e-03
1.651200753191331750e+15,6.135923151542366054e-03
1.651200753193348250e+15,6.135923151542465800e-03
1.651200753195364750e+15,6.135923151542566414e-03
1.651200753197381000e+15,6.135923151542666161e-03
1.651200753199397500e+15,6.135923151542765908e-03
1.651200753201413750e+15,6.135923151542765040e-03
1.651200753203430250e+15,6.135923151542765908e-03
1.651200753205446750e+15,6.135923151542765908e-03
1.651200753207463000e+15,6.135923151542765908e-03
1.651200753209479500e+15,6.135923151542765908e-03
1.651200753211496000e+15,6.135923151542765908e-03
1.651200753213512250e+15,6.135923151542765040e-03
1.651200753215528750e+15,6.135923151542765908e-03
1.651200753217545250e+15,6.135923151542765908e-03
1.651200753219561500e+15,6.135923151542765908e-03
1.651200753221578000e+15,6.135923151542765908e-03
1.651200753223594500e+15,6.135923151542765908e-03
1.651200753225610750e+15,6.135923151542765908e-03
1.651200753227627250e+15,6.135923151542765908e-03
1.651200753229643750e+15,6.135923151542765908e-03
1.651200753231660000e+15,6.135923151542765908e-03
1.651200753233676500e+15,6.135923151542766775e-03
1.651200753235692750e+15,6.135923151542765908e-03
1.651200753237709250e+15,6.135923151542765908e-03
1.651200753239725750e+15,6.135923151542765908e-03
1.651200753241742000e+15,6.135923151542766775e-03
1.651200753243758500e+15,6.135923151542765908e-03
1.651200753245775000e+15,6.135923151542765908e-03
1.651200753247791250e+15,6.135923151542765908e-03
1.651200753249807750e+15,6.135923151542765908e-03
1.651200753251824250e+15,6.135923151542765908e-03
1.651200753253840500e+15,6.135923151542765908e-03
1.651200753255857000e+15,6.135923151542765908e-03
1.651200753257873500e+15,6.135923151542765908e-03
1.651200753259889750e+15,6.135923151542766775e-03
1.651200753261906250e+15,6.135923151542695651e-03
1.651200753263922750e+15,6.135923151542597639e-03
1.651200753265939000e+15,6.135923151542500495e-03
1.651200753267955500e+15,6.135923151542403350e-03
1.651200753269971750e+15,6.135923151542333961e-03
1.651200753271988250e+15,6.135923151542404218e-03
1.651200753274004750e+15,6.135923151542474474e-03
1.651200753276021000e+15,6.135923151542545598e-03
1.651200753278037500e+15,6.135923151542616721e-03
1.651200753280054000e+15,6.135923151542687845e-03
1.651200753282070250e+15,6.135923151542758101e-03
1.651200753284086750e+15,6.135923151542673967e-03
1.651200753286103250e+15,6.135923151542571619e-03
1.651200753288119500e+15,6.135923151542468403e-03
1.651200753290136000e+15,6.135923151542365186e-03
1.651200753292152500e+15,6.135923151542372125e-03
1.651200753294168750e+15,6.135923151542459729e-03
1.651200753296185250e+15,6.135923151542547332e-03
1.651200753298201750e+15,6.135923151542634069e-03
1.651200753300218000e+15,6.135923151542722540e-03
1.651200753302234500e+15,6.567287406500148424e-03
1.651200753304250750e+15,7.442715870574455328e-03
1.651200753306267250e+15,8.318252881265510157e-03
1.651200753308283750e+15,9.193789891956564986e-03
1.651200753310300000e+15,1.006921835603087102e-02
1.651200753312316500e+15,1.094475536672192585e-02
1.651200753314333000e+15,1.182029237741298068e-02
1.651200753316349250e+15,1.183479720220317020e-02
1.651200753318365750e+15,1.093204738204513887e-02
1.651200753320382250e+15,1.002929756188710754e-02
1.651200753322398500e+15,9.126659662113425359e-03
1.651200753324415000e+15,8.223909841955392291e-03
1.651200753326431500e+15,7.321160021797360092e-03
1.651200753328447750e+15,6.418522122023677043e-03
1.651200753330464250e+15,6.841241178733322055e-03
1.651200753332480750e+15,7.867968341216450417e-03
1.651200753334497000e+15,8.894568212952931596e-03
1.651200753336513500e+15,9.921295375436060826e-03
1.651200753338529750e+15,1.094789524717254027e-02
1.651200753340546250e+15,1.197462240965566950e-02
1.651200753342562750e+15,1.178899663562862909e-02
1.651200753344579000e+15,1.110950220742539483e-02
1.651200753346595500e+15,1.042992352696819718e-02
1.651200753348612000e+15,9.750344846510997782e-03
1.651200753350628250e+15,9.070850418307763521e-03
1.651200753352644750e+15,8.391271737850565862e-03
1.651200753354661250e+15,7.711693057393369070e-03
1.651200753356677500e+15,7.032198629190133075e-03
1.651200753358694000e+15,6.352619948732936284e-03
1.651200753360710500e+15,6.642790923759207128e-03
1.651200753362726750e+15,7.386855099755857551e-03
1.651200753364743250e+15,8.131011534174826388e-03
1.651200753366759750e+15,8.875167968593795226e-03
1.651200753368776000e+15,9.619232144590445649e-03
1.651200753370792500e+15,1.036338857900941622e-02
1.651200753372808750e+15,1.110745275500606491e-02
1.651200753374825250e+15,1.185160918942503375e-02
1.651200753376841750e+15,1.227184630308464190e-02
1.651200753378858000e+15,1.227184630308464364e-02
1.651200753380874500e+15,1.227184630308464364e-02
1.651200753382891000e+15,1.227184630308464364e-02
1.651200753384907250e+15,1.227184630308464364e-02
1.651200753386923750e+15,1.227184630308464364e-02
1.651200753388940250e+15,1.227184630308464364e-02
1.651200753390956500e+15,1.227184630308464190e-02
1.651200753392973000e+15,1.227184630308464364e-02
1.651200753394989500e+15,1.227184630308464364e-02
1.651200753397005750e+15,1.227184630308464364e-02
1.651200753399022250e+15,1.263347875186624815e-02
1.651200753401038750e+15,1.370548438651248563e-02
1.651200753403055000e+15,1.477735711691441009e-02
1.651200753405071500e+15,1.584936275156064930e-02
1.651200753407087750e+15,1.692123548196257030e-02
1.651200753409104250e+15,1.799324111660880951e-02
1.651200753411120750e+15,1.840776945462778424e-02
1.651200753413137000e+15,1.840776945462767322e-02
1.651200753415153500e+15,1.840776945462755873e-02
1.651200753417170000e+15,1.840776945462744771e-02
1.651200753419186250e+15,1.840776945462745812e-02
1.651200753421202750e+15,1.840776945462753098e-02
1.651200753423219250e+15,1.840776945462760383e-02
1.651200753425235500e+15,1.840776945462767669e-02
1.651200753427252000e+15,1.840776945462774955e-02
1.651200753429268500e+15,1.840776945462782588e-02
1.651200753431284750e+15,1.840776945462782588e-02
1.651200753433301250e+15,1.840776945462778078e-02
1.651200753435317750e+15,1.840776945462773567e-02
1.651200753437334000e+15,1.840776945462768363e-02
1.651200753439350500e+15,1.840776945462763853e-02
1.651200753441366750e+15,1.840776945462759343e-02
1.651200753443383250e+15,1.840776945462754832e-02
1.651200753445399750e+15,1.840776945462749975e-02
1.651200753447416000e+15,1.840776945462745118e-02
1.651200753449432500e+15,1.840776945462741301e-02
1.651200753451449000e+15,1.840776945462747893e-02
1.651200753453465250e+15,1.840776945462754832e-02
1.651200753455481750e+15,1.840776945462761771e-02
1.651200753457498250e+15,1.840776945462768363e-02
1.651200753459514500e+15,1.840776945462775302e-02
1.651200753461531000e+15,1.840776945462781894e-02
1.651200753463547500e+15,1.840776945462785016e-02
1.651200753465563750e+15,1.840776945462785016e-02
1.651200753467580250e+15,1.840776945462785363e-02
1.651200753469596750e+15,1.840776945462785363e-02
1.651200753471613000e+15,1.840776945462785016e-02
1.651200753473629500e+15,1.840776945462785363e-02
1.651200753475645750e+15,1.840776945462785363e-02
1.651200753477662250e+15,1.840776945462785363e-02
1.651200753479678750e+15,1.840776945462785363e-02
1.651200753481695000e+15,1.840776945462785363e-02
1.651200753483711500e+15,1.840776945462785363e-02
1.651200753485728000e+15,1.840776945462781200e-02
1.651200753487744250e+15,1.840776945462774955e-02
1.651200753489760750e+15,1.840776945462768710e-02
1.651200753491777250e+15,1.840776945462762465e-02
1.651200753493793500e+15,1.840776945462756220e-02
1.651200753495810000e+15,1.840776945462750322e-02
1.651200753497826500e+15,1.840776945462743730e-02
1.651200753499842750e+15,1.840776945462743036e-02
1.651200753501859250e+15,1.840776945462748240e-02
1.651200753503875750e+15,1.840776945462753098e-02
1.651200753505892000e+15,1.840776945462758302e-02
1.651200753507908500e+15,1.840776945462763159e-02
1.651200753509924750e+15,1.840776945462768016e-02
1.651200753511941250e+15,1.840776945462772873e-02
1.651200753513957750e+15,1.840776945462777731e-02
1.651200753515974000e+15,1.840776945462782588e-02
1.651200753517990500e+15,1.840776945462785016e-02
1.651200753520007000e+15,1.840776945462785363e-02
1.651200753522023250e+15,1.840776945462785363e-02
1.651200753524039750e+15,1.840776945462785363e-02
1.651200753526056250e+15,1.840776945462785363e-02
1.651200753528072500e+15,1.840776945462785363e-02
1.651200753530089000e+15,1.840776945462785363e-02
1.651200753532105500e+15,1.840776945462785363e-02
1.651200753534121750e+15,1.840776945462785363e-02
1.651200753536138250e+15,1.840776945462785363e-02
1.651200753538154750e+15,1.840776945462785363e-02
1.651200753540171000e+15,1.840776945462785363e-02
1.651200753542187500e+15,1.840776945462780853e-02
1.651200753544203750e+15,1.840776945462773567e-02
1.651200753546220250e+15,1.840776945462765934e-02
1.651200753548236750e+15,1.840776945462758302e-02
1.651200753550253000e+15,1.840776945462750669e-02
1.651200753552269500e+15,1.840776945462743383e-02
1.651200753554286000e+15,1.840776945462746159e-02
1.651200753556302250e+15,1.840776945462752751e-02
1.651200753558318750e+15,1.840776945462759689e-02
1.651200753560335250e+15,1.840776945462766281e-02
1.651200753562351500e+15,1.840776945462772873e-02
1.651200753564368000e+15,1.840776945462779812e-02
1.651200753566384500e+15,1.840776945462783976e-02
1.651200753568400750e+15,1.840776945462774955e-02
1.651200753570417250e+15,1.840776945462765241e-02
1.651200753572433750e+15,1.840776945462756220e-02
1.651200753574450000e+15,1.840776945462746852e-02
1.651200753576466500e+15,1.840776945462737832e-02
1.651200753578482750e+15,1.840776945462728117e-02
1.651200753580499250e+15,1.840776945462719097e-02
1.651200753582515750e+15,1.840776945462709729e-02
1.651200753584532000e+15,1.840776945462700709e-02
1.651200753586548500e+15,1.840776945462698627e-02
1.651200753588565000e+15,1.840776945462702444e-02
1.651200753590581250e+15,1.840776945462706260e-02
1.651200753592597750e+15,1.840776945462710076e-02
1.651200753594614250e+15,1.840776945462713893e-02
1.651200753596630500e+15,1.840776945462717709e-02
1.651200753598647000e+15,1.840776945462721526e-02
1.651200753600663500e+15,1.840776945462725689e-02
1.651200753602679750e+15,1.840776945462729158e-02
1.651200753604696250e+15,1.840776945462732975e-02
1.651200753606712750e+15,1.840776945462736791e-02
1.651200753608729000e+15,1.840776945462740607e-02
1.651200753610745500e+15,1.840776945462734362e-02
1.651200753612761750e+15,1.840776945462727424e-02
1.651200753614778250e+15,1.840776945462720138e-02
1.651200753616794750e+15,1.840776945462713546e-02
1.651200753618811000e+15,1.840776945462706607e-02
1.651200753620827500e+15,1.840776945462699321e-02
1.651200753622844000e+15,1.840776945462696546e-02
1.651200753624860250e+15,1.840776945462696546e-02
1.651200753626876750e+15,1.840776945462696546e-02
1.651200753628893250e+15,1.840776945462696892e-02
1.651200753630909500e+15,1.840776945462696892e-02
1.651200753632926000e+15,1.840776945462696546e-02
1.651200753634942500e+15,1.840776945462696546e-02
1.651200753636958750e+15,1.840776945462696546e-02
1.651200753638975250e+15,1.840776945462696546e-02
1.651200753640991750e+15,1.840776945462696892e-02
1.651200753643008000e+15,1.840776945462696546e-02
1.651200753645024500e+15,1.840776945462696546e-02
1.651200753647040750e+15,1.840776945462696546e-02
1.651200753649057250e+15,1.840776945462696546e-02
1.651200753651073750e+15,1.840776945462696546e-02
1.651200753653090000e+15,1.840776945462696546e-02
1.651200753655106500e+15,1.840776945462696892e-02
1.651200753657123000e+15,1.840776945462696892e-02
1.651200753659139250e+15,1.840776945462696546e-02
1.651200753661155750e+15,1.840776945462696546e-02
1.651200753663172250e+15,1.840776945462696546e-02
1.651200753665188500e+15,1.840776945462696546e-02
1.651200753667205000e+15,1.840776945462696892e-02
1.651200753669221500e+15,1.840776945462696892e-02
1.651200753671237750e+15,1.840776945462696546e-02
1.651200753673254250e+15,1.840776945462696546e-02
1.651200753675270750e+15,1.840776945462696546e-02
1.651200753677287000e+15,1.840776945462696546e-02
1.651200753679303500e+15,1.840776945462696546e-02
1.651200753681319750e+15,1.840776945462696546e-02
1.651200753683336250e+15,1.840776945462696546e-02
1.651200753685352750e+15,1.840776945462696546e-02
1.651200753687369000e+15,1.840776945462696546e-02
1.651200753689385500e+15,1.840776945462696546e-02
1.651200753691402000e+15,1.840776945462696546e-02
1.651200753693418250e+15,1.840776945462696546e-02
1.651200753695434750e+15,1.840776945462696546e-02
1.651200753697451250e+15,1.840776945462696546e-02
1.651200753699467500e+15,1.840776945462696546e-02
1.651200753701484000e+15,1.840776945462696546e-02
1.651200753703500500e+15,1.840776945462696546e-02
1.651200753705516750e+15,1.840776945462696546e-02
1.651200753707533250e+15,1.840776945462696546e-02
1.651200753709549750e+15,1.840776945462696546e-02
1.651200753711566000e+15,1.840776945462696546e-02
1.651200753713582500e+15,1.840776945462696546e-02
1.651200753715598750e+15,1.840776945462696546e-02
1.651200753717615250e+15,1.840776945462696199e-02
1.651200753719631750e+15,1.840776945462696546e-02
1.651200753721648000e+15,1.840776945462696546e-02
1.651200753723664500e+15,1.840776945462696546e-02
1.651200753725681000e+15,1.840776945462696546e-02
1.651200753727697250e+15,1.840776945462696546e-02
1.651200753729713750e+15,1.840776945462696546e-02
1.651200753731730250e+15,1.840776945462696546e-02
1.651200753733746500e+15,1.840776945462696546e-02
1.651200753735763000e+15,1.840776945462696546e-02
1.651200753737779500e+15,1.840776945462696546e-02
1.651200753739795750e+15,1.840776945462696546e-02
1.651200753741812250e+15,1.840776945462696546e-02
1.651200753743828750e+15,1.840776945462696546e-02
1.651200753745845000e+15,1.840776945462696546e-02
1.651200753747861500e+15,1.840776945462696546e-02
1.651200753749877750e+15,1.840776945462696546e-02
1.651200753751894250e+15,1.833460953484340045e-02
1.651200753753910750e+15,1.778669132409668036e-02
1.651200753755927000e+15,1.723884104270909448e-02
1.651200753757943500e+15,1.669092283196237439e-02
1.651200753759960000e+15,1.614300462121565777e-02
1.651200753761976250e+15,1.559515433982806842e-02
1.651200753763992750e+15,1.504723612908134833e-02
1.651200753766009250e+15,1.449931791833462998e-02
1.651200753768025500e+15,1.395146763694704237e-02
1.651200753770042000e+15,1.340354942620032401e-02
1.651200753772058500e+15,1.285563121545360565e-02
1.651200753774074750e+15,1.230778093406601631e-02
1.651200753776091250e+15,1.324137361531199653e-02
1.651200753778107750e+15,1.427894921573856848e-02
1.651200753780124000e+15,1.531639618045965885e-02
1.651200753782140500e+15,1.635397178088623255e-02
1.651200753784156750e+15,1.739141874560732118e-02
1.651200753786173250e+15,1.842976535538533647e-02
1.651200753788189750e+15,1.950503163113754407e-02
1.651200753790206000e+15,2.058016459840031342e-02
1.651200753792222500e+15,2.165543087415251755e-02
1.651200753794239000e+15,2.273069714990472168e-02
1.651200753796255250e+15,2.380583011716749450e-02
1.651200753798271750e+15,2.490080310783764767e-02
1.651200753800288250e+15,2.603887237155040266e-02
1.651200753802304500e+15,2.717680054063587036e-02
1.651200753804321000e+15,2.831486980434863229e-02
1.651200753806337500e+15,2.945293906806138728e-02
1.651200753808353750e+15,3.059086723714685152e-02
1.651200753810370250e+15,3.067961575771184501e-02
1.651200753812386750e+15,3.067961575771210175e-02
1.651200753814403000e+15,3.067961575771235849e-02
1.651200753816419500e+15,3.067961575771261176e-02
1.651200753818435750e+15,3.067961575771286503e-02
1.651200753820452250e+15,3.067961575771312177e-02
1.651200753822468750e+15,3.067961575771337504e-02
1.651200753824485000e+15,3.067961575771338545e-02
1.651200753826501500e+15,3.067961575771338545e-02
1.651200753828518000e+15,3.067961575771338545e-02
1.651200753830534250e+15,3.067961575771338545e-02
1.651200753832550750e+15,3.067961575771338545e-02
1.651200753834567250e+15,3.067961575771338545e-02
1.651200753836583500e+15,3.067961575771338545e-02
1.651200753838600000e+15,3.067961575771338545e-02
1.651200753840616500e+15,3.067961575771338198e-02
1.651200753842632750e+15,3.067961575771338545e-02
1.651200753844649250e+15,3.067961575771338545e-02
1.651200753846665750e+15,3.067961575771338545e-02
1.651200753848682000e+15,3.067961575771338545e-02
1.651200753850698500e+15,3.067961575771338892e-02
1.651200753852714750e+15,3.067961575771338545e-02
1.651200753854731250e+15,3.164617448249082421e-02
1.651200753856747750e+15,3.277263925261866134e-02
1.651200753858764000e+15,3.389896436681169578e-02
1.651200753860780500e+15,3.502542913693953985e-02
1.651200753862797000e+15,3.615189390706737699e-02
1.651200753864813250e+15,3.645312870100701763e-02
1.651200753866829750e+15,3.557078618976937390e-02
1.651200753868846250e+15,3.468844367853172322e-02
1.651200753870862500e+15,3.380621055763764760e-02
1.651200753872879000e+15,3.292386804639999692e-02
1.651200753874895500e+15,3.204152553516235319e-02
1.651200753876911750e+15,3.115929241426827756e-02
1.651200753878928250e+15,3.027694990303062689e-02
1.651200753880944750e+15,2.939460739179297621e-02
1.651200753882961000e+15,2.851237427089890059e-02
1.651200753884977500e+15,2.763003175966125338e-02
1.651200753886993750e+15,2.674779863876717428e-02
1.651200753889010250e+15,2.586545612752952361e-02
1.651200753891026750e+15,2.498311361629187641e-02
1.651200753893043000e+15,2.550273414898824101e-02
1.651200753895059500e+15,2.741370971330902434e-02
1.651200753897076000e+15,2.932468527762980767e-02
1.651200753899092250e+15,3.123542392457341263e-02
1.651200753901108750e+15,3.314639948889419596e-02
1.651200753903125250e+15,3.505737505321497582e-02
1.651200753905141500e+15,3.696811370015858078e-02
1.651200753907158000e+15,3.887908926447936758e-02
1.651200753909174500e+15,4.079006482880014745e-02
1.651200753911190750e+15,4.270080347574375240e-02
1.651200753913207250e+15,4.461177904006453226e-02
1.651200753915223750e+15,4.652275460438531213e-02
1.651200753917240000e+15,4.843349325132891708e-02
1.651200753919256500e+15,4.908738521234116275e-02
1.651200753921272750e+15,4.908738521234104479e-02
1.651200753923289250e+15,4.908738521234092683e-02
1.651200753925305750e+15,4.908738521234081581e-02
1.651200753927322000e+15,4.860017153608996859e-02
1.651200753929338500e+15,4.805586883350835420e-02
1.651200753931355000e+15,4.751156613092675368e-02
1.651200753933371250e+15,4.696733090946374201e-02
1.651200753935387750e+15,4.642302820688212761e-02
1.651200753937404250e+15,4.587872550430052709e-02
1.651200753939420500e+15,4.533449028283750848e-02
1.651200753941437000e+15,4.479018758025590796e-02
1.651200753943453500e+15,4.424588487767429357e-02
1.651200753945469750e+15,4.370164965621128883e-02
1.651200753947486250e+15,4.315734695362968137e-02
1.651200753949502750e+15,4.249144210916017822e-02
1.651200753951519000e+15,4.175164930557834220e-02
1.651200753953535500e+15,4.101176477319259939e-02
1.651200753955551750e+15,4.027197196961075643e-02
1.651200753957568250e+15,3.953208743722500668e-02
1.651200753959584750e+15,3.879220290483925693e-02
1.651200753961601000e+15,3.805241010125742784e-02
1.651200753963617500e+15,3.731252556887167809e-02
1.651200753965634000e+15,3.703000464982133394e-02
1.651200753967650250e+15,3.768320185437772085e-02
1.651200753969666750e+15,3.833648005052798374e-02
1.651200753971683250e+15,3.898975824667824663e-02
1.651200753973699500e+15,3.964295545123464742e-02
1.651200753975716000e+15,4.029623364738491031e-02
1.651200753977732500e+15,4.094951184353517321e-02
1.651200753979748750e+15,4.160270904809156012e-02
1.651200753981765250e+15,4.225598724424182301e-02
1.651200753983781750e+15,4.290926544039209284e-02
1.651200753985798000e+15,4.395119002622587673e-02
1.651200753987814500e+15,4.502009322998264812e-02
1.651200753989830750e+15,4.608886391412574807e-02
1.651200753991847250e+15,4.715776711788251252e-02
1.651200753993863750e+15,4.822667032163927697e-02
1.651200753995880000e+15,4.929544100578239080e-02
1.651200753997896500e+15,5.036434420953915525e-02
1.651200753999913000e+15,5.143324741329591970e-02
1.651200754001929250e+15,5.250201809743902659e-02
1.651200754003945750e+15,5.357092130119579798e-02
1.651200754005962250e+15,5.463982450495255550e-02
1.651200754007978500e+15,5.522330836388401193e-02
1.651200754009995000e+15,5.522330836388401193e-02
1.651200754012011500e+15,5.522330836388400499e-02
1.651200754014027750e+15,5.522330836388400499e-02
1.651200754016044250e+15,5.522330836388400499e-02
1.651200754018060750e+15,5.522330836388400499e-02
1.651200754020077000e+15,5.522330836388400499e-02
1.651200754022093500e+15,5.522330836388400499e-02
1.651200754024109750e+15,5.522330836388400499e-02
1.651200754026126250e+15,5.522330836388400499e-02
1.651200754028142750e+15,5.522330836388401193e-02
1.651200754030159000e+15,5.522330836388395642e-02
1.651200754032175500e+15,5.522330836388389397e-02
1.651200754034192000e+15,5.522330836388381764e-02
1.651200754036208250e+15,5.522330836388375519e-02
1.651200754038224750e+15,5.522330836388368580e-02
1.651200754040241250e+15,5.522330836388361641e-02
1.651200754042257500e+15,5.522330836388356090e-02
1.651200754044274000e+15,5.522330836388356090e-02
1.651200754046290500e+15,5.522330836388356090e-02
1.651200754048306750e+15,5.522330836388356784e-02
1.651200754050323250e+15,5.522330836388356090e-02
1.651200754052339750e+15,5.612021361458788965e-02
1.651200754054356000e+15,5.708946737941844596e-02
1.651200754056372500e+15,5.805884132450502000e-02
1.651200754058388750e+15,5.902809508933557631e-02
1.651200754060405250e+15,5.999746903442215729e-02
1.651200754062421750e+15,6.096684297950873826e-02
1.651200754064438000e+15,6.135923151542580639e-02
1.651200754066454500e+15,6.135923151542568149e-02
1.651200754068471000e+15,6.135923151542556353e-02
1.651200754070487250e+15,6.135923151542543863e-02
1.651200754072503750e+15,6.135923151542532067e-02
1.651200754074520250e+15,6.135923151542520271e-02
1.651200754076536500e+15,6.135923151542507781e-02
1.651200754078553000e+15,6.135923151542500148e-02
1.651200754080569500e+15,6.135923151542505005e-02
1.651200754082585750e+15,6.135923151542509862e-02
1.651200754084602250e+15,6.135923151542514720e-02
1.651200754086618750e+15,6.135923151542518883e-02
1.651200754088635000e+15,6.135923151542523046e-02
1.651200754090651500e+15,6.135923151542528597e-02
1.651200754092667750e+15,6.135923151542532761e-02
1.651200754094684250e+15,6.135923151542538312e-02
1.651200754096700750e+15,6.135923151542542475e-02
1.651200754098717000e+15,5.979355958216234224e-02
1.651200754100733500e+15,5.770685934857011645e-02
1.651200754102750000e+15,5.562015911497789067e-02
1.651200754104766250e+15,5.353371758461324126e-02
1.651200754106782750e+15,5.144701735102101547e-02
1.651200754108799250e+15,4.936031711742879663e-02
1.651200754110815500e+15,5.077257645557519544e-02
1.651200754112832000e+15,5.271162817710567383e-02
1.651200754114848500e+15,5.465067989863615222e-02
1.651200754116864750e+15,5.658949122198642101e-02
1.651200754118881250e+15,5.852854294351690634e-02
1.651200754120897750e+15,6.046759466504738473e-02
1.651200754122914000e+15,6.135923151542622966e-02
1.651200754124930500e+15,6.135923151542604925e-02
1.651200754126946750e+15,6.135923151542586884e-02
1.651200754128963250e+15,6.135923151542568843e-02
1.651200754130979750e+15,6.135923151542551496e-02
1.651200754132996000e+15,6.135923151542539006e-02
1.651200754135012500e+15,6.135923151542531373e-02
1.651200754137029000e+15,6.135923151542523740e-02
1.651200754139045250e+15,6.135923151542515414e-02
1.651200754141061750e+15,6.135923151542507781e-02
1.651200754143078250e+15,6.135483637594024708e-02
1.651200754145094500e+15,6.073296269270424264e-02
1.651200754147111000e+15,6.011101190175796583e-02
1.651200754149127500e+15,5.948906111081169595e-02
1.651200754151143750e+15,5.886718742757568457e-02
1.651200754153160250e+15,5.824523663662941469e-02
1.651200754155176750e+15,5.762328584568314482e-02
1.651200754157193000e+15,5.700141216244714037e-02
1.651200754159209500e+15,5.637946137150087050e-02
1.651200754161225750e+15,5.575758768826485218e-02
1.651200754163242250e+15,5.530197227132566118e-02
1.651200754165258750e+15,5.586002247135660181e-02
1.651200754167275000e+15,5.641800348589287584e-02
1.651200754169291500e+15,5.697605368592380953e-02
1.651200754171308000e+15,5.753410388595475017e-02
1.651200754173324250e+15,5.809208490049101725e-02
1.651200754175340750e+15,5.865013510052195789e-02
1.651200754177357250e+15,5.920818530055289852e-02
1.651200754179373500e+15,5.976616631508915867e-02
1.651200754181390000e+15,6.032421651512009930e-02
1.651200754183406500e+15,6.088226671515103994e-02
1.651200754185422750e+15,6.127702137800603022e-02
1.651200754187439250e+15,6.071074728029046685e-02
1.651200754189455750e+15,6.014447318257490349e-02
1.651200754191472000e+15,5.957826928992972226e-02
1.651200754193488500e+15,5.901199519221415890e-02
1.651200754195504750e+15,5.844579129956897767e-02
1.651200754197521250e+15,5.787951720185341431e-02
1.651200754199537750e+15,5.731324310413785095e-02
1.651200754201554000e+15,5.674703921149266972e-02
1.651200754203570500e+15,5.618076511377710636e-02
1.651200754205587000e+15,5.561449101606153606e-02
1.651200754207603250e+15,5.557064842784306680e-02
1.651200754209619750e+15,5.669445306318238870e-02
1.651200754211636250e+15,5.781825769852171754e-02
1.651200754213652500e+15,5.894192300772227444e-02
1.651200754215669000e+15,6.006572764306159634e-02
1.651200754217685500e+15,6.118953227840092518e-02
1.651200754219701750e+15,6.135923151542585496e-02
1.651200754221718250e+15,6.135923151542582027e-02
1.651200754223734750e+15,6.135923151542578557e-02
1.651200754225751000e+15,6.135923151542575088e-02
1.651200754227767500e+15,6.135923151542571619e-02
1.651200754229783750e+15,6.135923151542568149e-02
1.651200754231800250e+15,6.135923151542563986e-02
1.651200754233816750e+15,6.135923151542561904e-02
1.651200754235833000e+15,6.135923151542557741e-02
1.651200754237849500e+15,6.135923151542553577e-02
1.651200754239866000e+15,6.135923151542550802e-02
1.651200754241882250e+15,6.135923151542546639e-02
1.651200754243898750e+15,6.135923151542544557e-02
1.651200754245915250e+15,6.080603913062065241e-02
1.651200754247931500e+15,6.024702439769863416e-02
1.651200754249948000e+15,5.968794035110855378e-02
1.651200754251964500e+15,5.912885630451846647e-02
1.651200754253980750e+15,5.856984157159644822e-02
1.651200754255997250e+15,5.801075752500636784e-02
1.651200754258013750e+15,5.745167347841628747e-02
1.651200754260030000e+15,5.689265874549426921e-02
1.651200754262046500e+15,5.633357469890418190e-02
1.651200754264062750e+15,5.577455996598216365e-02
1.651200754266079250e+15,5.522330836388311681e-02
1.651200754268095750e+15,5.522330836388311681e-02
1.651200754270112000e+15,5.522330836388311681e-02
1.651200754272128500e+15,5.522330836388311681e-02
1.651200754274145000e+15,5.522330836388311681e-02
1.651200754276161250e+15,5.522330836388311681e-02
1.651200754278177750e+15,5.522330836388311681e-02
1.651200754280194250e+15,5.522330836388311681e-02
1.651200754282210500e+15,5.522330836388311681e-02
1.651200754284227000e+15,5.522330836388311681e-02
1.651200754286243500e+15,5.599748929276918141e-02
1.651200754288259750e+15,5.707140900234366349e-02
1.651200754290276250e+15,5.814546186997265886e-02
1.651200754292292750e+15,5.921951473760165424e-02
1.651200754294309000e+15,6.029343444717613631e-02
1.651200754296325500e+15,6.136748731480513169e-02
1.651200754298341750e+15,6.244140702437961377e-02
1.651200754300358250e+15,6.351545989200860221e-02
1.651200754302374750e+15,6.458951275963760452e-02
1.651200754304391000e+15,6.566343246921209353e-02
1.651200754306407500e+15,6.673748533684108197e-02
1.651200754308424000e+15,6.749515466696862087e-02
1.651200754310440250e+15,6.749515466696853760e-02
1.651200754312456750e+15,6.749515466696846822e-02
1.651200754314473250e+15,6.749515466696838495e-02
1.651200754316489500e+15,6.749515466696830168e-02
1.651200754318506000e+15,6.749515466696823229e-02
1.651200754320522500e+15,6.666394911923392841e-02
1.651200754322538750e+15,6.550534684780687233e-02
1.651200754324555250e+15,6.434660091831764794e-02
1.651200754326571750e+15,6.318785498882840967e-02
1.651200754328588000e+15,6.202925271740136054e-02
1.651200754330604500e+15,6.158022764655047415e-02
1.651200754332620750e+15,6.210413528838570896e-02
1.651200754334637250e+15,6.262810789087089325e-02
1.651200754336653750e+15,6.315208049335607754e-02
1.651200754338670000e+15,6.367598813519130541e-02
1.651200754340686500e+15,6.419996073767648970e-02
1.651200754342703000e+15,6.472393334016167399e-02
1.651200754344719250e+15,6.524784098199690185e-02
1.651200754346735750e+15,6.577181358448208615e-02
1.651200754348752250e+15,6.629578618696727044e-02
1.651200754350768500e+15,6.681969382880249830e-02
1.651200754352785000e+15,6.734366643128768259e-02
1.651200754354801500e+15,6.749515466696776045e-02
1.651200754356817750e+15,6.749515466696776045e-02
1.651200754358834250e+15,6.749515466696776045e-02
1.651200754360850750e+15,6.749515466696776045e-02
1.651200754362867000e+15,6.749515466696776045e-02
1.651200754364883500e+15,6.749515466696776045e-02
1.651200754366899750e+15,6.749515466696776045e-02
1.651200754368916250e+15,6.749515466696776045e-02
1.651200754370932750e+15,6.749515466696776045e-02
1.651200754372949000e+15,6.749515466696776045e-02
1.651200754374965500e+15,6.761635406413135652e-02
1.651200754376982000e+15,6.812183200493882040e-02
1.651200754378998250e+15,6.862724727801250424e-02
1.651200754381014750e+15,6.913272521881995425e-02
1.651200754383031250e+15,6.963820315962741814e-02
1.651200754385047500e+15,7.014361843270108809e-02
1.651200754387064000e+15,7.064909637350855198e-02
1.651200754389080500e+15,7.115457431431600199e-02
1.651200754391096750e+15,7.165998958738967195e-02
1.651200754393113250e+15,7.216546752819713584e-02
1.651200754395129750e+15,7.267094546900459973e-02
1.651200754397146000e+15,7.317636074207826968e-02
1.651200754399162500e+15,7.352250350549126290e-02
1.651200754401178750e+15,7.244145185796441178e-02
1.651200754403195250e+15,7.136026616807582268e-02
1.651200754405211750e+15,7.027908047818721970e-02
1.651200754407228000e+15,6.919802883066038246e-02
1.651200754409244500e+15,6.811684314077177949e-02
1.651200754411261000e+15,6.775055736456706001e-02
1.651200754413277250e+15,6.835143914873814674e-02
1.651200754415293750e+15,6.895239543778015900e-02
1.651200754417310250e+15,6.955335172682217126e-02
1.651200754419326500e+15,7.015423351099323024e-02
1.651200754421343000e+15,7.075518980003524250e-02
1.651200754423359500e+15,7.135614608907725476e-02
1.651200754425375750e+15,7.195702787324832761e-02
1.651200754427392250e+15,7.255798416229033987e-02
1.651200754429408750e+15,7.315894045133235213e-02
1.651200754431425000e+15,7.352081497319164216e-02
1.651200754433441500e+15,7.300612740933618006e-02
1.651200754435457750e+15,7.249150365499769377e-02
1.651200754437474250e+15,7.197681609114223167e-02
1.651200754439490750e+15,7.146212852728678344e-02
1.651200754441507000e+15,7.094750477294829716e-02
1.651200754443523500e+15,7.043281720909284893e-02
1.651200754445540000e+15,6.991812964523738683e-02
1.651200754447556250e+15,6.940350589089891442e-02
1.651200754449572750e+15,6.888881832704345232e-02
1.651200754451589250e+15,6.837413076318800409e-02
1.651200754453605500e+15,6.785950700884951781e-02
1.651200754455622000e+15,6.749515466696816290e-02
1.651200754457638500e+15,6.749515466696806576e-02
1.651200754459654750e+15,6.749515466696796862e-02
1.651200754461671250e+15,6.749515466696785759e-02
1.651200754463687750e+15,6.749515466696774657e-02
1.651200754465704000e+15,6.749515466696776045e-02
1.651200754467720500e+15,6.749515466696776045e-02
1.651200754469736750e+15,6.749515466696776045e-02
1.651200754471753250e+15,6.749515466696776045e-02
1.651200754473769750e+15,6.749515466696776045e-02
1.651200754475786000e+15,6.749515466696776045e-02
1.651200754477802500e+15,6.749515466696776045e-02
1.651200754479819000e+15,6.749515466696776045e-02
1.651200754481835250e+15,6.787551005511797964e-02
1.651200754483851750e+15,6.844144743951563470e-02
1.651200754485868250e+15,6.900738482391330364e-02
1.651200754487884500e+15,6.957325204498533699e-02
1.651200754489901000e+15,7.013918942938299206e-02
1.651200754491917500e+15,7.070512681378066100e-02
1.651200754493933750e+15,7.127099403485269435e-02
1.651200754495950250e+15,7.183693141925034942e-02
1.651200754497966750e+15,7.240286880364801836e-02
1.651200754499983000e+15,7.296873602472005171e-02
1.651200754501999500e+15,7.353467340911772065e-02
1.651200754504015750e+15,7.444309249032565745e-02
1.651200754506032250e+15,7.542197611651915712e-02
1.651200754508048750e+15,7.640085974271268454e-02
1.651200754510065000e+15,7.737962200966663762e-02
1.651200754512081500e+15,7.835850563586013728e-02
1.651200754514098000e+15,7.933738926205365083e-02
1.651200754516114250e+15,7.928600429170926112e-02
1.651200754518130750e+15,7.842860778175941849e-02
1.651200754520147250e+15,7.757121127180958975e-02
1.651200754522163500e+15,7.671392105946825413e-02
1.651200754524180000e+15,7.585652454951841150e-02
1.651200754526196500e+15,7.499912803956858276e-02
1.651200754528212750e+15,7.414183782722723326e-02
1.651200754530229250e+15,7.363107781851052636e-02
1.651200754532245750e+15,7.363107781851052636e-02
1.651200754534262000e+15,7.363107781851052636e-02
1.651200754536278500e+15,7.363107781851052636e-02
1.651200754538294750e+15,7.363107781851052636e-02
1.651200754540311250e+15,7.363107781851052636e-02
1.651200754542327750e+15,7.363107781851052636e-02
1.651200754544344000e+15,7.363107781851052636e-02
1.651200754546360500e+15,7.363107781851052636e-02
1.651200754548377000e+15,7.363107781851052636e-02
1.651200754550393250e+15,7.363107781851054023e-02
1.651200754552409750e+15,7.363107781851052636e-02
1.651200754554426250e+15,7.363107781851052636e-02
1.651200754556442500e+15,7.363107781851052636e-02
1.651200754558459000e+15,7.363107781851052636e-02
1.651200754560475500e+15,7.363107781851054023e-02
1.651200754562491750e+15,7.363107781851058187e-02
1.651200754564508250e+15,7.363107781851062350e-02
1.651200754566524750e+15,7.363107781851066513e-02
1.651200754568541000e+15,7.363107781851072065e-02
1.651200754570557500e+15,7.363107781851076228e-02
1.651200754572573750e+15,7.363107781851080391e-02
1.651200754574590250e+15,7.363107781851085942e-02
1.651200754576606750e+15,7.363107781851090106e-02
1.651200754578623000e+15,7.363107781851095657e-02
1.651200754580639500e+15,7.363107781851091493e-02
1.651200754582656000e+15,7.363107781851083167e-02
1.651200754584672250e+15,7.363107781851074840e-02
1.651200754586688750e+15,7.363107781851066513e-02
1.651200754588705250e+15,7.363107781851056799e-02
1.651200754590721500e+15,7.363107781851054023e-02
1.651200754592738000e+15,7.363107781851058187e-02
1.651200754594754500e+15,7.363107781851063738e-02
1.651200754596770750e+15,7.363107781851067901e-02
1.651200754598787250e+15,7.363107781851072065e-02
1.651200754600803750e+15,7.363107781851077616e-02
1.651200754602820000e+15,7.363107781851080391e-02
1.651200754604836500e+15,7.363107781851084555e-02
1.651200754606852750e+15,7.363107781851088718e-02
1.651200754608869250e+15,7.363107781851094269e-02
1.651200754610885750e+15,7.363107781851097045e-02
1.651200754612902000e+15,7.363107781851097045e-02
1.651200754614918500e+15,7.363107781851097045e-02
1.651200754616935000e+15,7.363107781851097045e-02
1.651200754618951250e+15,7.363107781851097045e-02
1.651200754620967750e+15,7.363107781851097045e-02
1.651200754622984250e+15,7.363107781851097045e-02
1.651200754625000500e+15,7.363107781851098432e-02
1.651200754627017000e+15,7.363107781851097045e-02
1.651200754629033500e+15,7.363107781851097045e-02
1.651200754631049750e+15,7.363107781851097045e-02
1.651200754633066250e+15,7.363107781851097045e-02
1.651200754635082750e+15,7.363107781851097045e-02
1.651200754637099000e+15,7.363107781851097045e-02
1.651200754639115500e+15,7.363107781851097045e-02
1.651200754641131750e+15,7.363107781851097045e-02
1.651200754643148250e+15,7.363107781851097045e-02
1.651200754645164750e+15,7.363107781851090106e-02
1.651200754647181000e+15,7.363107781851083167e-02
1.651200754649197500e+15,7.363107781851074840e-02
1.651200754651214000e+15,7.363107781851067901e-02
1.651200754653230250e+15,7.363107781851060962e-02
1.651200754655246750e+15,7.363107781851054023e-02
1.651200754657263250e+15,7.433568414014904424e-02
1.651200754659279500e+15,7.524797342960395929e-02
1.651200754661296000e+15,7.616037583614373996e-02
1.651200754663312500e+15,7.707277824268352062e-02
1.651200754665328750e+15,7.798506753213843568e-02
1.651200754667345250e+15,7.889746993867823022e-02
1.651200754669361750e+15,7.976700097005329226e-02
1.651200754671378000e+15,7.976700097005337553e-02
1.651200754673394500e+15,7.976700097005345880e-02
1.651200754675410750e+15,7.976700097005354206e-02
1.651200754677427250e+15,7.976700097005361145e-02
1.651200754679443750e+15,7.976700097005370860e-02
1.651200754681460000e+15,7.976700097005373635e-02
1.651200754683476500e+15,7.976700097005373635e-02
1.651200754685493000e+15,7.976700097005373635e-02
1.651200754687509250e+15,7.976700097005373635e-02
1.651200754689525750e+15,7.976700097005373635e-02
1.651200754691542250e+15,7.976700097005373635e-02
1.651200754693558500e+15,7.976700097005373635e-02
1.651200754695575000e+15,7.976700097005373635e-02
1.651200754697591500e+15,7.976700097005373635e-02
1.651200754699607750e+15,7.936544507596202114e-02
1.651200754701624250e+15,7.848121088493179021e-02
1.651200754703640750e+15,7.759697669390155927e-02
1.651200754705657000e+15,7.671285212774005269e-02
1.651200754707673500e+15,7.582861793670982176e-02
1.651200754709689750e+15,7.494449337054830129e-02
1.651200754711706250e+15,7.406025917951808424e-02
1.651200754713722750e+15,7.363107781851097045e-02
1.651200754715739000e+15,7.363107781851097045e-02
1.651200754717755500e+15,7.363107781851097045e-02
1.651200754719772000e+15,7.363107781851097045e-02
1.651200754721788250e+15,7.363107781851095657e-02
1.651200754723804750e+15,7.363107781851097045e-02
1.651200754725821250e+15,7.363107781851097045e-02
1.651200754727837500e+15,7.363107781851095657e-02
1.651200754729854000e+15,7.363107781851097045e-02
1.651200754731870500e+15,7.363107781851097045e-02
1.651200754733886750e+15,7.363107781851097045e-02
1.651200754735903250e+15,7.397309847579702780e-02
1.651200754737919750e+15,7.450515992645649621e-02
1.651200754739936000e+15,7.503715541363337183e-02
1.651200754741952500e+15,7.556921686429282636e-02
1.651200754743968750e+15,7.610121235146971586e-02
1.651200754745985250e+15,7.663327380212917039e-02
1.651200754748001750e+15,7.716533525278863881e-02
1.651200754750018000e+15,7.769733073996552830e-02
1.651200754752034500e+15,7.822939219062499672e-02
1.651200754754051000e+15,7.876145364128446513e-02
1.651200754756067250e+15,7.929344912846132687e-02
1.651200754758083750e+15,7.976700097005373635e-02
1.651200754760100250e+15,7.976700097005369472e-02
1.651200754762116500e+15,7.976700097005365309e-02
1.651200754764133000e+15,7.976700097005361145e-02
1.651200754766149500e+15,7.976700097005356982e-02
1.651200754768165750e+15,7.976700097005354206e-02
1.651200754770182250e+15,7.976700097005348655e-02
1.651200754772198750e+15,7.976700097005345880e-02
1.651200754774215000e+15,7.976700097005341716e-02
1.651200754776231500e+15,7.976700097005337553e-02
1.651200754778247750e+15,7.976700097005334777e-02
1.651200754780264250e+15,7.976700097005329226e-02
1.651200754782280750e+15,8.050710139244786345e-02
1.651200754784297000e+15,8.169541712141703549e-02
1.651200754786313500e+15,8.288388019269607443e-02
1.651200754788330000e+15,8.407234326397509949e-02
1.651200754790346250e+15,8.526065899294427153e-02
1.651200754792362750e+15,8.634404325748092079e-02
1.651200754794379250e+15,8.730386709078206964e-02
1.651200754796395500e+15,8.826357192782319228e-02
1.651200754798412000e+15,8.922339576112434112e-02
1.651200754800428500e+15,9.018321959442550384e-02
1.651200754802444750e+15,9.114292443146661260e-02
1.651200754804461250e+15,9.203884727313837999e-02
1.651200754806477750e+15,9.203884727313837999e-02
1.651200754808494000e+15,9.203884727313837999e-02
1.651200754810510500e+15,9.203884727313839387e-02
1.651200754812526750e+15,9.203884727313837999e-02
1.651200754814543250e+15,9.203884727313837999e-02
1.651200754816559750e+15,9.203884727313837999e-02
1.651200754818576000e+15,9.203884727313839387e-02
1.651200754820592500e+15,9.203884727313839387e-02
1.651200754822609000e+15,9.203884727313839387e-02
1.651200754824625250e+15,9.203884727313837999e-02
1.651200754826641750e+15,9.203884727313836611e-02
1.651200754828658250e+15,9.203884727313837999e-02
1.651200754830674500e+15,9.203884727313837999e-02
1.651200754832691000e+15,9.203884727313837999e-02
1.651200754834707500e+15,9.203884727313837999e-02
1.651200754836723750e+15,9.203884727313837999e-02
1.651200754838740250e+15,9.203884727313837999e-02
1.651200754840756750e+15,9.203884727313837999e-02
1.651200754842773000e+15,9.203884727313837999e-02
1.651200754844789500e+15,9.203884727313837999e-02
1.651200754846805750e+15,9.203884727313837999e-02
1.651200754848822250e+15,9.203884727313837999e-02
1.651200754850838750e+15,9.203884727313837999e-02
1.651200754852855000e+15,9.203884727313837999e-02
1.651200754854871500e+15,9.203884727313837999e-02
1.651200754856888000e+15,9.203884727313837999e-02
1.651200754858904250e+15,9.203884727313837999e-02
1.651200754860920750e+15,9.203884727313840775e-02
1.651200754862937250e+15,9.203884727313849101e-02
1.651200754864953500e+15,9.203884727313857428e-02
1.651200754866970000e+15,9.203884727313865755e-02
1.651200754868986500e+15,9.203884727313872693e-02
1.651200754871002750e+15,9.203884727313882408e-02
1.651200754873019250e+15,9.282552603656897550e-02
1.651200754875035750e+15,9.381190111908532803e-02
1.651200754877052000e+15,9.479815391359244781e-02
1.651200754879068500e+15,9.578452899610878646e-02
1.651200754881084750e+15,9.677078179061589236e-02
1.651200754883101250e+15,9.775715687313224489e-02
1.651200754885117750e+15,9.817477042468114590e-02
1.651200754887134000e+15,9.817477042468115978e-02
1.651200754889150500e+15,9.817477042468114590e-02
1.651200754891167000e+15,9.817477042468114590e-02
1.651200754893183250e+15,9.817477042468115978e-02
1.651200754895199750e+15,9.817477042468114590e-02
1.651200754897216250e+15,9.817477042468114590e-02
1.651200754899232500e+15,9.817477042468115978e-02
1.651200754901249000e+15,9.817477042468115978e-02
1.651200754903265500e+15,9.817477042468114590e-02
1.651200754905281750e+15,9.817477042468114590e-02
1.651200754907298250e+15,9.817477042468114590e-02
1.651200754909314500e+15,9.817477042468114590e-02
1.651200754911331000e+15,9.791901498057872799e-02
1.651200754913347500e+15,9.728309530976179953e-02
1.651200754915363750e+15,9.664725447847757889e-02
1.651200754917380250e+15,9.601133480766063655e-02
1.651200754919396750e+15,9.537541513684369421e-02
1.651200754921413000e+15,9.473957430555945969e-02
1.651200754923429500e+15,9.410365463474253123e-02
1.651200754925446000e+15,9.346773496392560276e-02
1.651200754927462250e+15,9.283189413264136824e-02
1.651200754929478750e+15,9.219597446182443978e-02
1.651200754931495250e+15,9.203884727313882408e-02
1.651200754933511500e+15,9.203884727313882408e-02
1.651200754935528000e+15,9.203884727313882408e-02
1.651200754937544500e+15,9.203884727313882408e-02
1.651200754939560750e+15,9.203884727313882408e-02
1.651200754941577250e+15,9.203884727313882408e-02
1.651200754943593500e+15,9.203884727313882408e-02
1.651200754945610000e+15,9.203884727313881020e-02
1.651200754947626500e+15,9.203884727313882408e-02
1.651200754949642750e+15,9.203884727313882408e-02
1.651200754951659250e+15,9.203884727313882408e-02
1.651200754953675750e+15,9.233803357660295974e-02
1.651200754955692000e+15,9.319520499309968953e-02
1.651200754957708500e+15,9.405248269247507009e-02
1.651200754959725000e+15,9.490976039185047841e-02
1.651200754961741250e+15,9.576693180834720820e-02
1.651200754963757750e+15,9.662420950772260264e-02
1.651200754965774250e+15,9.748148720709799708e-02
1.651200754967790500e+15,9.817477042468114590e-02
1.651200754969807000e+15,9.817477042468114590e-02
1.651200754971823500e+15,9.817477042468114590e-02
1.651200754973839750e+15,9.817477042468114590e-02
1.651200754975856250e+15,9.817477042468114590e-02
1.651200754977872500e+15,9.878831784064655286e-02
1.651200754979889000e+15,9.969370998429398500e-02
1.651200754981905500e+15,1.005991021279414310e-01
1.651200754983921750e+15,1.015043820236166960e-01
1.651200754985938250e+15,1.024097741672641421e-01
1.651200754987954750e+15,1.033151663109115742e-01
1.651200754989971000e+15,1.042204462065868392e-01
1.651200754991987500e+15,1.043106935762239118e-01
1.651200754994004000e+15,1.043106935762238979e-01
1.651200754996020250e+15,1.043106935762239118e-01
1.651200754998036750e+15,1.043106935762239118e-01
1.651200755000053250e+15,1.043106935762238979e-01
1.651200755002069500e+15,1.043106935762238979e-01
1.651200755004086000e+15,1.034407373485736747e-01
1.651200755006102500e+15,1.022300632746905025e-01
1.651200755008118750e+15,1.010195392967748462e-01
1.651200755010135250e+15,9.980886522289167395e-02
1.651200755012151500e+15,9.859834124497600383e-02
1.651200755014168000e+15,9.756623761193644606e-02
1.651200755016184500e+15,9.663022966617013099e-02
1.651200755018200750e+15,9.569433776403704628e-02
1.651200755020217250e+15,9.475832981827071733e-02
1.651200755022233750e+15,9.382232187250440225e-02
1.651200755024250000e+15,9.288642997037130367e-02
1.651200755026266500e+15,9.228936020935160633e-02
1.651200755028283000e+15,9.494111525330478640e-02
1.651200755030299250e+15,9.759254154012382554e-02
1.651200755032315750e+15,1.002442965840770195e-01
1.651200755034332250e+15,1.028960516280301857e-01
1.651200755036348500e+15,1.043106935762239118e-01
1.651200755038365000e+15,1.043106935762239118e-01
1.651200755040381500e+15,1.043106935762238979e-01
1.651200755042397750e+15,1.043106935762239118e-01
1.651200755044414250e+15,1.043106935762239118e-01
1.651200755046430500e+15,1.043106935762238979e-01
1.651200755048447000e+15,1.043106935762238979e-01
1.651200755050463500e+15,1.043106935762239396e-01
1.651200755052479750e+15,1.043106935762239951e-01
1.651200755054496250e+15,1.043106935762240367e-01
1.651200755056512750e+15,1.043106935762240783e-01
1.651200755058529000e+15,1.043106935762241061e-01
1.651200755060545500e+15,1.043106935762241616e-01
1.651200755062562000e+15,1.043106935762241894e-01
1.651200755064578250e+15,1.043106935762242587e-01
1.651200755066594750e+15,1.043106935762243004e-01
1.651200755068611250e+15,1.043106935762243559e-01
1.651200755070627500e+15,1.043106935762243559e-01
1.651200755072644000e+15,1.043106935762243559e-01
1.651200755074660500e+15,1.043106935762243559e-01
1.651200755076676750e+15,1.043106935762243559e-01
1.651200755078693250e+15,1.043106935762243420e-01
1.651200755080709500e+15,1.043106935762243559e-01
1.651200755082726000e+15,1.043106935762243420e-01
1.651200755084742500e+15,1.043106935762243559e-01
1.651200755086758750e+15,1.043106935762243559e-01
1.651200755088775250e+15,1.043106935762243559e-01
1.651200755090791750e+15,1.043106935762243559e-01
1.651200755092808000e+15,1.039075106030949019e-01
1.651200755094824500e+15,1.033357676598350428e-01
1.651200755096841000e+15,1.027640247165751697e-01
1.651200755098857250e+15,1.021923526563977835e-01
1.651200755100873750e+15,1.016206097131378966e-01
1.651200755102890250e+15,1.010488667698780374e-01
1.651200755104906500e+15,1.004771947097006235e-01
1.651200755106923000e+15,9.990545176644076431e-02
1.651200755108939500e+15,9.933370882318087736e-02
1.651200755110955750e+15,9.876203676300349121e-02
1.651200755112972250e+15,9.819029381974361814e-02
1.651200755114988500e+15,9.817477042468115978e-02
1.651200755117005000e+15,9.817477042468114590e-02
1.651200755119021500e+15,9.817477042468115978e-02
1.651200755121037750e+15,9.817477042468114590e-02
1.651200755123054250e+15,9.817477042468115978e-02
1.651200755125070750e+15,9.817477042468114590e-02
1.651200755127087000e+15,9.822671474765717892e-02
1.651200755129103500e+15,9.968151651545105463e-02
1.651200755131120000e+15,1.011363182832449165e-01
1.651200755133136250e+15,1.025909396888062403e-01
1.651200755135152750e+15,1.040457414566001160e-01
1.651200755137169250e+15,1.048214785175568958e-01
1.651200755139185500e+15,1.054459260773336071e-01
1.651200755141202000e+15,1.060704510639621234e-01
1.651200755143218500e+15,1.066949760505906675e-01
1.651200755145234750e+15,1.073194236103673788e-01
1.651200755147251250e+15,1.079439485969958812e-01
1.651200755149267500e+15,1.085683961567726064e-01
1.651200755151284000e+15,1.091929211434011227e-01
1.651200755153300500e+15,1.098174461300296390e-01
1.651200755155316750e+15,1.104418936898063641e-01
1.651200755157333250e+15,1.104466167277662336e-01
1.651200755159349750e+15,1.104466167277662336e-01
1.651200755161366000e+15,1.104466167277662336e-01
1.651200755163382500e+15,1.104466167277662336e-01
1.651200755165399000e+15,1.104466167277662475e-01
1.651200755167415250e+15,1.104466167277662475e-01
1.651200755169431750e+15,1.104466167277662336e-01
1.651200755171448250e+15,1.104466167277662336e-01
1.651200755173464500e+15,1.104466167277662336e-01
1.651200755175481000e+15,1.104466167277662336e-01
1.651200755177497500e+15,1.104466167277662336e-01
1.651200755179513750e+15,1.104466167277662336e-01
1.651200755181530250e+15,1.104466167277662336e-01
1.651200755183546500e+15,1.104466167277662336e-01
1.651200755185563000e+15,1.104466167277662336e-01
1.651200755187579500e+15,1.104466167277662336e-01
1.651200755189595750e+15,1.104466167277662336e-01
1.651200755191612250e+15,1.104466167277662336e-01
1.651200755193628750e+15,1.104466167277662336e-01
1.651200755195645000e+15,1.106037311673369605e-01
1.651200755197661500e+15,1.112130028354030298e-01
1.651200755199678000e+15,1.118222745034691268e-01
1.651200755201694250e+15,1.124314706357469329e-01
1.651200755203710750e+15,1.130407423038130160e-01
1.651200755205727250e+15,1.136500139718790992e-01
1.651200755207743500e+15,1.142592101041569330e-01
1.651200755209760000e+15,1.148684817722230161e-01
1.651200755211776500e+15,1.154777534402890854e-01
1.651200755213792750e+15,1.160869495725669193e-01
1.651200755215809250e+15,1.163637942770948674e-01
1.651200755217825500e+15,1.151915794718742642e-01
1.651200755219842000e+15,1.140192193207385796e-01
1.651200755221858500e+15,1.128468591696029089e-01
1.651200755223874750e+15,1.116746443643823195e-01
1.651200755225891250e+15,1.105022842132466349e-01
1.651200755227907750e+15,1.111033044412184506e-01
1.651200755229924000e+15,1.117926427737697820e-01
1.651200755231940500e+15,1.124820665791460006e-01
1.651200755233957000e+15,1.131714903845222053e-01
1.651200755235973250e+15,1.138608287170735506e-01
1.651200755237989750e+15,1.145502525224497692e-01
1.651200755240006250e+15,1.152396763278259878e-01
1.651200755242022500e+15,1.159290146603773192e-01
1.651200755244039000e+15,1.166325066802177679e-01
1.651200755246055500e+15,1.175921071948047153e-01
1.651200755248071750e+15,1.185515887408180868e-01
1.651200755250088250e+15,1.195111892554050342e-01
1.651200755252104500e+15,1.204706708014184058e-01
1.651200755254121000e+15,1.214302713160053532e-01
1.651200755256137500e+15,1.223898718305923006e-01
1.651200755258153750e+15,1.227184630308512520e-01
1.651200755260170250e+15,1.227184630308511687e-01
1.651200755262186750e+15,1.227184630308510993e-01
1.651200755264203000e+15,1.227184630308510160e-01
1.651200755266219500e+15,1.227184630308509328e-01
1.651200755268236000e+15,1.227184630308509050e-01
1.651200755270252250e+15,1.227184630308509883e-01
1.651200755272268750e+15,1.227184630308510577e-01
1.651200755274285250e+15,1.227184630308511548e-01
1.651200755276301500e+15,1.227184630308512242e-01
1.651200755278318000e+15,1.227184630308512936e-01
1.651200755280334500e+15,1.227184630308513213e-01
1.651200755282350750e+15,1.227184630308513213e-01
1.651200755284367250e+15,1.227184630308513491e-01
1.651200755286383500e+15,1.227184630308513213e-01
1.651200755288400000e+15,1.227184630308513352e-01
1.651200755290416500e+15,1.227184630308513213e-01
1.651200755292432750e+15,1.227184630308513213e-01
1.651200755294449250e+15,1.227184630308513213e-01
1.651200755296465750e+15,1.227184630308513213e-01
1.651200755298482000e+15,1.227184630308513075e-01
1.651200755300498500e+15,1.227184630308513075e-01
1.651200755302515000e+15,1.227184630308513213e-01
1.651200755304531250e+15,1.229936272513415529e-01
1.651200755306547750e+15,1.237075142254406845e-01
1.651200755308564250e+15,1.244214011995398023e-01
1.651200755310580500e+15,1.251351996679391787e-01
1.651200755312597000e+15,1.258490866420383103e-01
1.651200755314613500e+15,1.265629736161374419e-01
1.651200755316629750e+15,1.272767720845368045e-01
1.651200755318646250e+15,1.279906590586359361e-01
1.651200755320662500e+15,1.287044575270353264e-01
1.651200755322679000e+15,1.283046069158207958e-01
1.651200755324695500e+15,1.276086685033631096e-01
1.651200755326711750e+15,1.269128163713929558e-01
1.651200755328728250e+15,1.262168779589352696e-01
1.651200755330744750e+15,1.255209395464775834e-01
1.651200755332761000e+15,1.248250874145074574e-01
1.651200755334777500e+15,1.241291490020497712e-01
1.651200755336794000e+15,1.234332105895920850e-01
1.651200755338810250e+15,1.227373584576219451e-01
1.651200755340826750e+15,1.232550930180363880e-01
1.651200755342843250e+15,1.238066996800258057e-01
1.651200755344859500e+15,1.243582379553723055e-01
1.651200755346876000e+15,1.249098446173617510e-01
1.651200755348892500e+15,1.254614512793511827e-01
1.651200755350908750e+15,1.260129895546976964e-01
1.651200755352925250e+15,1.265645962166871141e-01
1.651200755354941500e+15,1.271161344920336000e-01
1.651200755356958000e+15,1.276677411540230456e-01
1.651200755358974500e+15,1.282193478160124911e-01
1.651200755360990750e+15,1.287708860913589770e-01
1.651200755363007250e+15,1.288543861823940873e-01
1.651200755365023750e+15,1.288543861823940873e-01
1.651200755367040000e+15,1.288543861823940873e-01
1.651200755369056500e+15,1.288543861823940873e-01
1.651200755371073000e+15,1.288543861823940873e-01
1.651200755373089250e+15,1.288543861823940595e-01
1.651200755375105750e+15,1.288543861823940873e-01
1.651200755377122250e+15,1.277823181811692244e-01
1.651200755379138500e+15,1.266554801217558979e-01
1.651200755381155000e+15,1.255285023428063806e-01
1.651200755383171500e+15,1.244015245638568357e-01
1.651200755385187750e+15,1.232746865044435092e-01
1.651200755387204250e+15,1.232637390070528832e-01
1.651200755389220500e+15,1.243402752978899073e-01
1.651200755391237000e+15,1.254169450712180611e-01
1.651200755393253500e+15,1.264936148445461594e-01
1.651200755395269750e+15,1.275701511353831974e-01
1.651200755397286250e+15,1.286468209087113235e-01
1.651200755399302750e+15,1.288543861823940873e-01
1.651200755401319000e+15,1.288543861823940873e-01
1.651200755403335500e+15,1.288543861823940873e-01
1.651200755405352000e+15,1.288543861823940873e-01
1.651200755407368250e+15,1.288543861823940873e-01
1.651200755409384750e+15,1.288543861823940873e-01
1.651200755411401250e+15,1.288543861823940317e-01
1.651200755413417500e+15,1.288543861823939207e-01
1.651200755415434000e+15,1.288543861823938652e-01
1.651200755417450500e+15,1.288543861823937819e-01
1.651200755419466750e+15,1.288543861823936987e-01
1.651200755421483250e+15,1.288543861823936709e-01
1.651200755423499500e+15,1.288543861823937542e-01
1.651200755425516000e+15,1.288543861823938097e-01
1.651200755427532500e+15,1.288543861823938930e-01
1.651200755429548750e+15,1.288543861823939762e-01
1.651200755431565250e+15,1.288543861823940317e-01
1.651200755433581750e+15,1.291170767260173824e-01
1.651200755435598000e+15,1.296098888298372886e-01
1.651200755437614500e+15,1.301027620386917827e-01
1.651200755439631000e+15,1.305956352475463045e-01
1.651200755441647250e+15,1.310884473513662385e-01
1.651200755443663750e+15,1.315813205602207048e-01
1.651200755445680250e+15,1.320741937690752266e-01
1.651200755447696500e+15,1.325670058728951606e-01
1.651200755449713000e+15,1.330598790817496546e-01
1.651200755451729500e+15,1.335527522906041487e-01
1.651200755453745750e+15,1.340455643944240549e-01
1.651200755455762250e+15,1.345384376032785767e-01
1.651200755457778500e+15,1.349903093339355209e-01
1.651200755459795000e+15,1.349903093339355209e-01
1.651200755461811500e+15,1.349903093339355209e-01
1.651200755463827750e+15,1.349903093339355209e-01
1.651200755465844250e+15,1.349903093339355209e-01
1.651200755467860750e+15,1.349903093339355209e-01
1.651200755469877000e+15,1.349903093339355209e-01
1.651200755471893500e+15,1.349903093339355209e-01
1.651200755473910000e+15,1.349903093339355209e-01
1.651200755475926250e+15,1.349903093339355209e-01
1.651200755477942750e+15,1.349903093339355209e-01
1.651200755479959250e+15,1.349903093339355209e-01
1.651200755481975500e+15,1.349903093339355209e-01
1.651200755483992000e+15,1.346881181958088369e-01
1.651200755486008500e+15,1.338322636592463866e-01
1.651200755488024750e+15,1.329765152291229047e-01
1.651200755490041250e+15,1.321206606925604543e-01
1.651200755492057500e+15,1.312649122624369724e-01
1.651200755494074000e+15,1.304090577258745220e-01
1.651200755496090500e+15,1.295532031893120439e-01
1.651200755498106750e+15,1.289515201287605994e-01
1.651200755500123250e+15,1.294812580674978564e-01
1.651200755502139750e+15,1.300109960062351133e-01
1.651200755504156000e+15,1.305406682695522402e-01
1.651200755506172500e+15,1.310704062082894972e-01
1.651200755508189000e+15,1.316001441470267541e-01
1.651200755510205250e+15,1.321298164103438810e-01
1.651200755512221750e+15,1.326595543490811102e-01
1.651200755514238250e+15,1.331892922878183672e-01
1.651200755516254500e+15,1.337189645511354941e-01
1.651200755518271000e+15,1.342487024898727510e-01
1.651200755520287500e+15,1.347784404286100080e-01
1.651200755522303750e+15,1.342195759695324342e-01
1.651200755524320250e+15,1.329348610868529568e-01
1.651200755526336500e+15,1.316503054795122862e-01
1.651200755528353000e+15,1.303655905968328366e-01
1.651200755530369500e+15,1.290808757141533591e-01
1.651200755532385750e+15,1.292548355231385449e-01
1.651200755534402250e+15,1.297410652961996647e-01
1.651200755536418750e+15,1.302272950692607845e-01
1.651200755538435000e+15,1.307134645609217827e-01
1.651200755540451500e+15,1.311996943339829025e-01
1.651200755542468000e+15,1.316859241070440223e-01
1.651200755544484250e+15,1.321720935987050205e-01
1.651200755546500750e+15,1.326583233717661403e-01
1.651200755548517250e+15,1.331445531448272601e-01
1.651200755550533500e+15,1.336307226364882861e-01
1.651200755552550000e+15,1.341169524095493781e-01
1.651200755554566500e+15,1.346031821826104979e-01
1.651200755556582750e+15,1.352598922234967971e-01
1.651200755558599250e+15,1.365833588012147770e-01
1.651200755560615500e+15,1.379066612992677077e-01
1.651200755562632000e+15,1.392301278769856876e-01
1.651200755564648500e+15,1.405535944547036120e-01
1.651200755566664750e+15,1.408296278574171501e-01
1.651200755568681250e+15,1.403066960694502596e-01
1.651200755570697750e+15,1.397837642814833692e-01
1.651200755572714000e+15,1.392608973251291959e-01
1.651200755574730500e+15,1.387379655371623333e-01
1.651200755576747000e+15,1.382150337491954428e-01
1.651200755578763250e+15,1.376921667928412973e-01
1.651200755580779750e+15,1.371692350048743791e-01
1.651200755582796250e+15,1.366463032169075165e-01
1.651200755584812500e+15,1.361234362605533432e-01
1.651200755586829000e+15,1.356005044725864805e-01
1.651200755588845500e+15,1.350775726846195901e-01
1.651200755590861750e+15,1.349903093339372973e-01
1.651200755592878250e+15,1.349903093339372973e-01
1.651200755594894500e+15,1.349903093339372973e-01
1.651200755596911000e+15,1.349903093339372973e-01
1.651200755598927500e+15,1.349903093339372973e-01
1.651200755600943750e+15,1.349903093339372973e-01
1.651200755602960250e+15,1.349903093339372973e-01
1.651200755604976750e+15,1.349903093339372973e-01
1.651200755606993000e+15,1.349903093339372973e-01
1.651200755609009500e+15,1.349903093339372973e-01
1.651200755611026000e+15,1.349903093339373250e-01
1.651200755613042250e+15,1.349903093339372973e-01
1.651200755615058750e+15,1.349903093339372973e-01
1.651200755617075250e+15,1.349903093339372973e-01
1.651200755619091500e+15,1.349903093339372973e-01
1.651200755621108000e+15,1.349903093339372973e-01
1.651200755623124500e+15,1.349903093339372973e-01
1.651200755625140750e+15,1.349903093339372973e-01
1.651200755627157250e+15,1.349903093339372973e-01
1.651200755629173500e+15,1.349903093339372973e-01
1.651200755631190000e+15,1.349903093339372973e-01
1.651200755633206500e+15,1.349903093339372973e-01
1.651200755635222750e+15,1.354978757912995158e-01
1.651200755637239250e+15,1.362823232036550480e-01
1.651200755639255750e+15,1.370667706160105526e-01
1.651200755641272000e+15,1.378511207747816214e-01
1.651200755643288500e+15,1.386355681871371537e-01
1.651200755645305000e+15,1.394200155994926860e-01
1.651200755647321250e+15,1.402043657582637270e-01
1.651200755649337750e+15,1.409888131706192593e-01
1.651200755651354250e+15,1.417732605829747916e-01
1.651200755653370500e+15,1.425576107417458327e-01
1.651200755655387000e+15,1.433420581541013650e-01
1.651200755657403500e+15,1.441265055664568973e-01
1.651200755659419750e+15,1.449108557252279661e-01
1.651200755661436250e+15,1.456953031375834984e-01
1.651200755663452500e+15,1.464796532963545395e-01
1.651200755665469000e+15,1.472621556370206086e-01
1.651200755667485500e+15,1.472621556370206086e-01
1.651200755669501750e+15,1.472621556370206086e-01
1.651200755671518250e+15,1.472621556370206086e-01
1.651200755673534750e+15,1.472621556370206086e-01
1.651200755675551000e+15,1.472621556370206086e-01
1.651200755677567500e+15,1.472621556370206086e-01
1.651200755679584000e+15,1.472621556370207196e-01
1.651200755681600250e+15,1.472621556370208584e-01
1.651200755683616750e+15,1.472621556370209972e-01
1.651200755685633250e+15,1.472621556370211637e-01
1.651200755687649500e+15,1.472621556370213025e-01
1.651200755689666000e+15,1.472621556370214413e-01
1.651200755691682500e+15,1.472621556370214968e-01
1.651200755693698750e+15,1.472621556370214968e-01
1.651200755695715250e+15,1.472621556370214968e-01
1.651200755697731500e+15,1.472621556370214968e-01
1.651200755699748000e+15,1.472621556370214968e-01
1.651200755701764500e+15,1.472621556370214968e-01
1.651200755703780750e+15,1.472621556370214690e-01
1.651200755705797250e+15,1.472621556370214413e-01
1.651200755707813750e+15,1.472621556370213858e-01
1.651200755709830000e+15,1.472621556370213025e-01
1.651200755711846500e+15,1.472621556370212192e-01
1.651200755713863000e+15,1.472621556370211360e-01
1.651200755715879250e+15,1.472621556370210527e-01
1.651200755717895750e+15,1.472621556370209972e-01
1.651200755719912250e+15,1.472621556370209139e-01
1.651200755721928500e+15,1.472621556370208029e-01
1.651200755723945000e+15,1.472621556370207474e-01
1.651200755725961500e+15,1.472621556370206641e-01
1.651200755727977750e+15,1.472621556370206641e-01
1.651200755729994250e+15,1.472621556370208029e-01
1.651200755732010500e+15,1.472621556370209417e-01
1.651200755734027000e+15,1.472621556370211082e-01
1.651200755736043500e+15,1.472621556370212470e-01
1.651200755738059750e+15,1.472621556370213858e-01
1.651200755740076250e+15,1.472621556370214690e-01
1.651200755742092750e+15,1.472621556370213303e-01
1.651200755744109000e+15,1.472621556370211637e-01
1.651200755746125500e+15,1.472621556370210250e-01
1.651200755748142000e+15,1.472621556370208862e-01
1.651200755750158250e+15,1.472621556370207196e-01
1.651200755752174750e+15,1.472621556370206364e-01
1.651200755754191250e+15,1.472621556370208029e-01
1.651200755756207500e+15,1.472621556370209417e-01
1.651200755758224000e+15,1.472621556370211082e-01
1.651200755760240500e+15,1.472621556370212748e-01
1.651200755762256750e+15,1.472621556370214135e-01
1.651200755764273250e+15,1.475932434079530453e-01
1.651200755766289500e+15,1.483473306354489152e-01
1.651200755768306000e+15,1.491015113641508960e-01
1.651200755770322500e+15,1.498556920928529324e-01
1.651200755772338750e+15,1.506097793203488022e-01
1.651200755774355250e+15,1.513639600490507831e-01
1.651200755776371750e+15,1.521181407777527916e-01
1.651200755778388000e+15,1.528722280052486615e-01
1.651200755780404500e+15,1.532194435437370383e-01
1.651200755782421000e+15,1.526294059168850081e-01
1.651200755784437250e+15,1.520394414412389039e-01
1.651200755786453750e+15,1.514494038143868737e-01
1.651200755788470250e+15,1.508593661875348713e-01
1.651200755790486500e+15,1.502694017118887393e-01
1.651200755792503000e+15,1.496793640850367368e-01
1.651200755794519500e+15,1.490893264581847066e-01
1.651200755796535750e+15,1.484993619825386024e-01
1.651200755798552250e+15,1.479093243556865722e-01
1.651200755800568500e+15,1.473193598800404680e-01
1.651200755802585000e+15,1.472621556370206919e-01
1.651200755804601500e+15,1.472621556370207196e-01
1.651200755806617750e+15,1.472621556370208029e-01
1.651200755808634250e+15,1.472621556370208584e-01
1.651200755810650750e+15,1.472621556370209139e-01
1.651200755812667000e+15,1.472621556370209972e-01
1.651200755814683500e+15,1.472621556370210527e-01
1.651200755816700000e+15,1.472621556370211082e-01
1.651200755818716250e+15,1.472621556370211637e-01
1.651200755820732750e+15,1.472621556370212192e-01
1.651200755822749250e+15,1.472621556370213025e-01
1.651200755824765500e+15,1.472621556370213580e-01
1.651200755826782000e+15,1.472621556370214135e-01
1.651200755828798500e+15,1.472621556370214690e-01
1.651200755830814750e+15,1.472621556370214413e-01
1.651200755832831250e+15,1.472621556370212192e-01
1.651200755834847500e+15,1.472621556370210527e-01
1.651200755836864000e+15,1.472621556370208307e-01
1.651200755838880500e+15,1.472621556370206364e-01
1.651200755840896750e+15,1.478493689759391438e-01
1.651200755842913250e+15,1.485928100043046873e-01
1.651200755844929750e+15,1.493362510326702308e-01
1.651200755846946000e+15,1.500795998913074802e-01
1.651200755848962500e+15,1.508230409196730237e-01
1.651200755850979000e+15,1.515664819480385950e-01
1.651200755852995250e+15,1.523098308066758444e-01
1.651200755855011750e+15,1.530532718350413879e-01
1.651200755857028250e+15,1.533980787885642072e-01
1.651200755859044500e+15,1.533980787885641517e-01
1.651200755861061000e+15,1.533980787885640684e-01
1.651200755863077500e+15,1.533980787885639852e-01
1.651200755865093750e+15,1.533980787885639296e-01
1.651200755867110250e+15,1.533980787885638464e-01
1.651200755869126500e+15,1.533980787885638741e-01
1.651200755871143000e+15,1.533980787885639296e-01
1.651200755873159500e+15,1.533980787885639852e-01
1.651200755875175750e+15,1.533980787885640407e-01
1.651200755877192250e+15,1.533980787885640962e-01
1.651200755879208750e+15,1.533980787885641517e-01
1.651200755881225000e+15,1.533980787885642350e-01
1.651200755883241500e+15,1.536951108333588778e-01
1.651200755885258000e+15,1.546698303098899274e-01
1.651200755887274250e+15,1.556444289434409933e-01
1.651200755889290750e+15,1.566191484199720430e-01
1.651200755891307250e+15,1.575938678965030926e-01
1.651200755893323500e+15,1.585684665300541585e-01
1.651200755895340000e+15,1.595224591143759862e-01
1.651200755897356500e+15,1.582974007940705086e-01
1.651200755899372750e+15,1.570724943530509843e-01
1.651200755901389250e+15,1.558474360327455344e-01
1.651200755903405500e+15,1.546225295917260101e-01
1.651200755905422000e+15,1.533976492524668500e-01
1.651200755907438500e+15,1.525314897120338131e-01
1.651200755909454750e+15,1.516654375556251155e-01
1.651200755911471250e+15,1.507992780151920786e-01
1.651200755913487750e+15,1.499331184747590417e-01
1.651200755915504000e+15,1.490670663183503442e-01
1.651200755917520500e+15,1.482009067779173073e-01
1.651200755919537000e+15,1.473347472374842704e-01
1.651200755921553250e+15,1.479234499218340659e-01
1.651200755923569750e+15,1.486453337628542704e-01
1.651200755925586250e+15,1.493672176038744470e-01
1.651200755927602500e+15,1.500890119477658047e-01
1.651200755929619000e+15,1.508108957887859813e-01
1.651200755931635500e+15,1.515327796298061858e-01
1.651200755933651750e+15,1.522545739736975712e-01
1.651200755935668250e+15,1.529764578147177201e-01
1.651200755937684500e+15,1.533980787885642627e-01
1.651200755939701000e+15,1.533980787885642627e-01
1.651200755941717500e+15,1.533980787885642627e-01
1.651200755943733750e+15,1.533980787885642627e-01
1.651200755945750250e+15,1.533980787885642627e-01
1.651200755947766750e+15,1.533980787885642627e-01
1.651200755949783000e+15,1.533980787885642627e-01
1.651200755951799500e+15,1.533980787885642627e-01
1.651200755953816000e+15,1.533980787885642627e-01
1.651200755955832250e+15,1.533980787885642627e-01
1.651200755957848750e+15,1.533980787885642627e-01
1.651200755959865250e+15,1.533980787885642627e-01
1.651200755961881500e+15,1.533980787885642627e-01
1.651200755963898000e+15,1.533980787885642627e-01
1.651200755965914500e+15,1.533980787885642627e-01
1.651200755967930750e+15,1.540499381023745507e-01
1.651200755969947250e+15,1.549680273681670883e-01
1.651200755971963500e+15,1.558860028118339569e-01
1.651200755973980000e+15,1.568040920776264668e-01
1.651200755975996500e+15,1.577221813434189768e-01
1.651200755978012750e+15,1.586401567870858453e-01
1.651200755980029250e+15,1.595229947339414089e-01
1.651200755982045750e+15,1.591061678563276960e-01
1.651200755984062000e+15,1.586893926557381984e-01
1.651200755986078500e+15,1.582725657781244855e-01
1.651200755988095000e+15,1.578557389005107447e-01
1.651200755990111250e+15,1.574389636999212749e-01
1.651200755992127750e+15,1.570221368223075342e-01
1.651200755994144250e+15,1.566053099446937935e-01
1.651200755996160500e+15,1.561885347441043237e-01
1.651200755998177000e+15,1.557717078664905830e-01
1.651200756000193500e+15,1.553548809888768700e-01
1.651200756002209750e+15,1.549381057882873725e-01
1.651200756004226250e+15,1.545212789106736595e-01
1.651200756006242500e+15,1.541045037100841619e-01
1.651200756008259000e+15,1.536876768324704212e-01
1.651200756010275500e+15,1.538148367558755114e-01
1.651200756012291750e+15,1.551800491873803756e-01
1.651200756014308250e+15,1.565454308950701701e-01
1.651200756016324750e+15,1.579108126027600201e-01
1.651200756018341000e+15,1.592760250342648842e-01
1.651200756020357500e+15,1.602681670080960408e-01
1.651200756022374000e+15,1.611733604410527376e-01
1.651200756024390250e+15,1.620784416506728109e-01
1.651200756026406750e+15,1.629836350836295356e-01
1.651200756028423250e+15,1.638888285165862047e-01
1.651200756030439500e+15,1.647939097262063057e-01
1.651200756032456000e+15,1.656504059312294552e-01
1.651200756034472500e+15,1.650448615160635402e-01
1.651200756036488750e+15,1.644393921745915532e-01
1.651200756038505250e+15,1.638338477594256382e-01
1.651200756040521500e+15,1.632283784179536512e-01
1.651200756042538000e+15,1.626228340027877639e-01
1.651200756044554500e+15,1.620172895876218211e-01
1.651200756046570750e+15,1.614118202461498619e-01
1.651200756048587250e+15,1.608062758309839191e-01
1.651200756050603750e+15,1.602007314158180318e-01
1.651200756052620000e+15,1.595952620743460171e-01
1.651200756054636500e+15,1.585507678571634049e-01
1.651200756056653000e+15,1.574568690829537543e-01
1.651200756058669250e+15,1.563631059272383439e-01
1.651200756060685750e+15,1.552692071530286932e-01
1.651200756062702250e+15,1.541753083788190704e-01
1.651200756064718500e+15,1.535240440687572205e-01
1.651200756066735000e+15,1.539593636703153190e-01
1.651200756068751500e+15,1.543946832718733897e-01
1.651200756070767750e+15,1.548299489037313070e-01
1.651200756072784250e+15,1.552652685052893777e-01
1.651200756074800500e+15,1.557005341371472396e-01
1.651200756076817000e+15,1.561358537387053380e-01
1.651200756078833500e+15,1.565711733402634087e-01
1.651200756080849750e+15,1.570064389721212983e-01
1.651200756082866250e+15,1.574417585736793967e-01
1.651200756084882750e+15,1.578770781752374675e-01
1.651200756086899000e+15,1.583123438070953570e-01
1.651200756088915500e+15,1.587476634086534277e-01
1.651200756090932000e+15,1.591829830102114984e-01
1.651200756092948250e+15,1.595340019401065845e-01
1.651200756094964750e+15,1.595340019401065568e-01
1.651200756096981250e+15,1.595340019401065845e-01
1.651200756098997500e+15,1.595340019401065845e-01
1.651200756101014000e+15,1.595340019401065845e-01
1.651200756103030500e+15,1.595340019401065845e-01
1.651200756105046750e+15,1.595340019401065845e-01
1.651200756107063250e+15,1.595340019401065845e-01
1.651200756109079500e+15,1.595340019401065845e-01
1.651200756111096000e+15,1.595340019401065845e-01
1.651200756113112500e+15,1.595340019401066123e-01
1.651200756115128750e+15,1.595340019401066123e-01
1.651200756117145250e+15,1.595340019401065845e-01
1.651200756119161750e+15,1.595340019401065845e-01
1.651200756121178000e+15,1.595340019401065845e-01
1.651200756123194500e+15,1.595340019401065845e-01
1.651200756125211000e+15,1.595340019401065845e-01
1.651200756127227250e+15,1.595340019401065845e-01
1.651200756129243750e+15,1.595340019401065845e-01
1.651200756131260250e+15,1.595340019401065845e-01
1.651200756133276500e+15,1.595340019401065845e-01
1.651200756135293000e+15,1.595340019401065845e-01
1.651200756137309500e+15,1.595340019401065845e-01
1.651200756139325750e+15,1.595340019401065845e-01
1.651200756141342250e+15,1.595340019401065845e-01
1.651200756143358500e+15,1.595340019401065845e-01
1.651200756145375000e+15,1.595340019401065845e-01
1.651200756147391500e+15,1.595340019401065845e-01
1.651200756149407750e+15,1.595340019401065845e-01
1.651200756151424250e+15,1.595340019401065845e-01
1.651200756153440750e+15,1.595340019401065845e-01
1.651200756155457000e+15,1.595340019401065845e-01
1.651200756157473500e+15,1.595340019401065568e-01
1.651200756159490000e+15,1.595340019401066123e-01
1.651200756161506250e+15,1.595340019401065845e-01
1.651200756163522750e+15,1.595340019401065845e-01
1.651200756165539250e+15,1.595340019401065845e-01
1.651200756167555500e+15,1.595340019401065845e-01
1.651200756169572000e+15,1.595340019401066123e-01
1.651200756171588500e+15,1.595340019401066123e-01
1.651200756173604750e+15,1.595340019401065845e-01
1.651200756175621250e+15,1.595340019401065568e-01
1.651200756177637500e+15,1.595340019401065568e-01
1.651200756179654000e+15,1.595340019401065568e-01
1.651200756181670500e+15,1.595340019401065845e-01
1.651200756183686750e+15,1.595340019401065845e-01
1.651200756185703250e+15,1.595340019401065845e-01
1.651200756187719750e+15,1.595340019401065845e-01
1.651200756189736000e+15,1.595340019401065568e-01
1.651200756191752500e+15,1.595340019401065845e-01
1.651200756193769000e+15,1.595340019401065568e-01
1.651200756195785250e+15,1.595340019401065845e-01
1.651200756197801750e+15,1.595340019401065845e-01
1.651200756199818250e+15,1.595340019401065568e-01
1.651200756201834500e+15,1.595340019401065845e-01
1.651200756203851000e+15,1.595340019401065845e-01
1.651200756205867500e+15,1.595340019401065568e-01
1.651200756207883750e+15,1.595340019401065845e-01
1.651200756209900250e+15,1.595340019401065845e-01
1.651200756211916500e+15,1.595340019401065845e-01
1.651200756213933000e+15,1.595340019401065845e-01
1.651200756215949500e+15,1.595340019401065845e-01
1.651200756217965750e+15,1.595340019401065568e-01
1.651200756219982250e+15,1.595340019401065845e-01
1.651200756221998750e+15,1.595340019401065845e-01
1.651200756224015000e+15,1.595340019401065845e-01
1.651200756226031500e+15,1.595340019401065845e-01
1.651200756228048000e+15,1.595340019401065845e-01
1.651200756230064250e+15,1.595340019401065845e-01
1.651200756232080750e+15,1.595340019401065845e-01
1.651200756234097250e+15,1.595340019401065845e-01
1.651200756236113500e+15,1.595340019401065845e-01
1.651200756238130000e+15,1.595340019401065845e-01
1.651200756240146500e+15,1.595340019401065845e-01
1.651200756242162750e+15,1.595340019401065568e-01
1.651200756244179250e+15,1.595340019401065845e-01
1.651200756246195500e+15,1.595340019401065845e-01
1.651200756248212000e+15,1.595340019401065845e-01
1.651200756250228500e+15,1.595340019401065845e-01
1.651200756252244750e+15,1.595340019401065845e-01
1.651200756254261250e+15,1.595340019401065845e-01
1.651200756256277750e+15,1.595340019401065845e-01
1.651200756258294000e+15,1.595340019401065845e-01
1.651200756260310500e+15,1.595340019401065845e-01
1.651200756262327000e+15,1.595340019401065568e-01
1.651200756264343250e+15,1.595340019401065845e-01
1.651200756266359750e+15,1.595340019401065845e-01
1.651200756268376250e+15,1.595340019401065568e-01
1.651200756270392500e+15,1.595340019401065845e-01
1.651200756272409000e+15,1.595340019401065845e-01
1.651200756274425500e+15,1.595340019401065845e-01
1.651200756276441750e+15,1.595340019401065845e-01
1.651200756278458250e+15,1.595340019401065845e-01
1.651200756280474500e+15,1.595340019401065845e-01
1.651200756282491000e+15,1.595340019401065845e-01
1.651200756284507500e+15,1.595340019401065845e-01
1.651200756286523750e+15,1.595340019401065845e-01
1.651200756288540250e+15,1.595340019401066123e-01
1.651200756290556750e+15,1.595340019401065845e-01
1.651200756292573000e+15,1.595340019401065845e-01
1.651200756294589500e+15,1.595340019401065845e-01
1.651200756296606000e+15,1.595340019401065845e-01
1.651200756298622250e+15,1.595340019401065845e-01
1.651200756300638750e+15,1.595340019401065845e-01
1.651200756302655250e+15,1.595340019401065568e-01
1.651200756304671500e+15,1.595340019401065568e-01
1.651200756306688000e+15,1.595340019401065845e-01
1.651200756308704500e+15,1.595340019401065845e-01
1.651200756310720750e+15,1.595340019401065845e-01
1.651200756312737250e+15,1.595340019401065845e-01
1.651200756314753500e+15,1.595340019401065568e-01
1.651200756316770000e+15,1.595340019401065845e-01
1.651200756318786500e+15,1.595340019401065845e-01
1.651200756320802750e+15,1.595340019401065845e-01
1.651200756322819250e+15,1.595340019401065845e-01
1.651200756324835750e+15,1.595340019401065845e-01
1.651200756326852000e+15,1.595340019401065845e-01
1.651200756328868500e+15,1.595340019401065845e-01
1.651200756330885000e+15,1.595340019401065845e-01
1.651200756332901250e+15,1.595340019401065845e-01
1.651200756334917750e+15,1.595340019401065845e-01
1.651200756336934250e+15,1.595340019401066123e-01
1.651200756338950500e+15,1.595340019401066123e-01
1.651200756340967000e+15,1.595340019401065845e-01
1.651200756342983500e+15,1.595340019401065845e-01
1.651200756344999750e+15,1.595340019401065845e-01
1.651200756347016250e+15,1.595340019401065845e-01
1.651200756349032500e+15,1.595340019401065845e-01
1.651200756351049000e+15,1.595340019401065845e-01
1.651200756353065500e+15,1.595340019401065845e-01
1.651200756355081750e+15,1.595340019401065845e-01
1.651200756357098250e+15,1.595340019401065845e-01
1.651200756359114750e+15,1.595340019401065845e-01
1.651200756361131000e+15,1.595340019401065845e-01
1.651200756363147500e+15,1.595340019401066123e-01
1.651200756365164000e+15,1.595340019401065845e-01
1.651200756367180250e+15,1.595340019401065845e-01
1.651200756369196750e+15,1.595340019401065845e-01
1.651200756371213250e+15,1.595340019401065845e-01
1.651200756373229500e+15,1.595340019401065845e-01
1.651200756375246000e+15,1.595340019401065845e-01
1.651200756377262500e+15,1.595340019401065845e-01
1.651200756379278750e+15,1.595340019401065845e-01
1.651200756381295250e+15,1.595340019401065845e-01
1.651200756383311500e+15,1.595340019401065845e-01
1.651200756385328000e+15,1.598247345122880414e-01
1.651200756387344500e+15,1.606458300750386592e-01
1.651200756389360750e+15,1.614668238406701262e-01
1.651200756391377250e+15,1.622879194034207162e-01
1.651200756393393750e+15,1.631090149661713062e-01
1.651200756395410000e+15,1.639300087318028010e-01
1.651200756397426500e+15,1.647511042945533910e-01
1.651200756399443000e+15,1.655721998573039810e-01
1.651200756401459250e+15,1.650214106624034172e-01
1.651200756403475750e+15,1.642851802069060230e-01
1.651200756405492250e+15,1.635489497514086565e-01
1.651200756407508500e+15,1.628128105716930563e-01
1.651200756409525000e+15,1.620765801161956898e-01
1.651200756411541500e+15,1.613403496606982956e-01
1.651200756413557750e+15,1.606042104809826954e-01
1.651200756415574250e+15,1.598679800254853289e-01
1.651200756417590500e+15,1.598581300501882851e-01
1.651200756419607000e+15,1.604515066584313310e-01
1.651200756421623500e+15,1.610448832666744046e-01
1.651200756423639750e+15,1.616381863097540172e-01
1.651200756425656250e+15,1.622315629179970631e-01
1.651200756427672750e+15,1.628249395262401367e-01
1.651200756429689000e+15,1.634182425693197493e-01
1.651200756431705500e+15,1.640116191775628229e-01
1.651200756433722000e+15,1.646049957858058410e-01
1.651200756435738250e+15,1.651982988288854814e-01
1.651200756437754750e+15,1.656699250916484900e-01
1.651200756439771250e+15,1.656699250916484623e-01
1.651200756441787500e+15,1.656699250916484623e-01
1.651200756443804000e+15,1.656699250916484623e-01
1.651200756445820500e+15,1.656699250916484623e-01
1.651200756447836750e+15,1.656699250916484900e-01
1.651200756449853250e+15,1.656699250916484623e-01
1.651200756451869500e+15,1.656699250916484623e-01
1.651200756453886000e+15,1.656699250916484623e-01
1.651200756455902500e+15,1.627590238180580684e-01
1.651200756457918750e+15,1.597140927192893800e-01
1.651200756459935250e+15,1.566687840717173319e-01
1.651200756461951750e+15,1.536234754241453393e-01
1.651200756463968000e+15,1.540869403955348327e-01
1.651200756465984500e+15,1.548309625864598416e-01
1.651200756468001000e+15,1.555749847773849059e-01
1.651200756470017250e+15,1.563189147265307555e-01
1.651200756472033750e+15,1.570629369174557644e-01
1.651200756474050250e+15,1.578069591083808010e-01
1.651200756476066500e+15,1.585508890575266783e-01
1.651200756478083000e+15,1.592949112484517149e-01
1.651200756480099500e+15,1.602748710801164822e-01
1.651200756482115750e+15,1.613664146705787172e-01
1.651200756484132250e+15,1.624580936043255597e-01
1.651200756486148500e+15,1.635496371947877670e-01
1.651200756488165000e+15,1.646413161285346649e-01
1.651200756490181500e+15,1.656699250916484623e-01
1.651200756492197750e+15,1.656699250916484345e-01
1.651200756494214250e+15,1.656699250916484623e-01
1.651200756496230750e+15,1.656699250916484623e-01
1.651200756498247000e+15,1.656699250916484623e-01
1.651200756500263500e+15,1.656699250916484623e-01
1.651200756502280000e+15,1.656699250916484345e-01
1.651200756504296250e+15,1.656699250916485455e-01
1.651200756506312750e+15,1.656699250916488508e-01
1.651200756508329250e+15,1.656699250916491284e-01
1.651200756510345500e+15,1.656699250916494059e-01
1.651200756512362000e+15,1.656699250916496835e-01
1.651200756514378500e+15,1.656699250916497668e-01
1.651200756516394750e+15,1.656699250916497945e-01
1.651200756518411250e+15,1.656699250916497945e-01
1.651200756520427500e+15,1.656699250916497945e-01
1.651200756522444000e+15,1.656699250916497945e-01
1.651200756524460500e+15,1.656699250916497945e-01
1.651200756526476750e+15,1.656699250916496835e-01
1.651200756528493250e+15,1.656699250916494337e-01
1.651200756530509750e+15,1.656699250916491839e-01
1.651200756532526000e+15,1.656699250916489341e-01
1.651200756534542500e+15,1.656699250916486843e-01
1.651200756536559000e+15,1.656699250916484623e-01
1.651200756538575250e+15,1.656699250916484623e-01
1.651200756540591750e+15,1.656699250916484623e-01
1.651200756542608250e+15,1.656699250916484623e-01
1.651200756544624500e+15,1.656699250916484623e-01
1.651200756546641000e+15,1.656699250916484623e-01
1.651200756548657500e+15,1.656699250916484623e-01
1.651200756550673750e+15,1.656699250916484623e-01
1.651200756552690250e+15,1.656699250916484623e-01
1.651200756554706500e+15,1.656699250916484623e-01
1.651200756556723000e+15,1.656699250916484623e-01
1.651200756558739500e+15,1.656699250916484623e-01
1.651200756560755750e+15,1.656699250916484900e-01
1.651200756562772250e+15,1.656699250916485455e-01
1.651200756564788750e+15,1.656699250916487121e-01
1.651200756566805000e+15,1.656699250916488508e-01
1.651200756568821500e+15,1.656699250916490451e-01
1.651200756570838000e+15,1.656699250916492117e-01
1.651200756572854250e+15,1.656699250916493782e-01
1.651200756574870750e+15,1.656699250916495725e-01
1.651200756576887250e+15,1.656699250916497113e-01
1.651200756578903500e+15,1.656699250916497945e-01
1.651200756580920000e+15,1.656699250916497945e-01
1.651200756582936500e+15,1.656699250916497945e-01
1.651200756584952750e+15,1.656699250916497945e-01
1.651200756586969250e+15,1.656699250916497668e-01
1.651200756588985500e+15,1.656699250916497945e-01
1.651200756591002000e+15,1.656699250916497945e-01
1.651200756593018500e+15,1.656699250916497945e-01
1.651200756595034750e+15,1.656699250916497945e-01
1.651200756597051250e+15,1.656699250916497945e-01
1.651200756599067750e+15,1.656699250916497945e-01
1.651200756601084000e+15,1.656699250916497945e-01
1.651200756603100500e+15,1.656699250916497945e-01
1.651200756605117000e+15,1.656699250916497668e-01
1.651200756607133250e+15,1.656699250916497668e-01
1.651200756609149750e+15,1.656699250916497945e-01
1.651200756611166250e+15,1.656699250916497945e-01
1.651200756613182500e+15,1.656699250916497945e-01
1.651200756615199000e+15,1.656699250916497945e-01
1.651200756617215500e+15,1.656699250916497945e-01
1.651200756619231750e+15,1.656699250916497945e-01
1.651200756621248250e+15,1.656699250916497945e-01
1.651200756623264500e+15,1.656699250916497945e-01
1.651200756625281000e+15,1.656699250916496280e-01
1.651200756627297500e+15,1.656699250916494337e-01
1.651200756629313750e+15,1.656699250916492394e-01
1.651200756631330250e+15,1.656699250916490174e-01
1.651200756633346750e+15,1.656699250916488231e-01
1.651200756635363000e+15,1.656699250916486010e-01
1.651200756637379500e+15,1.656699250916484900e-01
1.651200756639396000e+15,1.656699250916486565e-01
1.651200756641412250e+15,1.656699250916487953e-01
1.651200756643428750e+15,1.656699250916489619e-01
1.651200756645445250e+15,1.656699250916491006e-01
1.651200756647461500e+15,1.656699250916492672e-01
1.651200756649478000e+15,1.656699250916494059e-01
1.651200756651494500e+15,1.656699250916495725e-01
1.651200756653510750e+15,1.656699250916497113e-01
1.651200756655527250e+15,1.656699250916498500e-01
1.651200756657543500e+15,1.656699250916500166e-01
1.651200756659560000e+15,1.656699250916501831e-01
1.651200756661576500e+15,1.656699250916501276e-01
1.651200756663592750e+15,1.656699250916499611e-01
1.651200756665609250e+15,1.656699250916497945e-01
1.651200756667625750e+15,1.656699250916496280e-01
1.651200756669642000e+15,1.656699250916494337e-01
1.651200756671658500e+15,1.656699250916492394e-01
1.651200756673675000e+15,1.656699250916490729e-01
1.651200756675691250e+15,1.656699250916489063e-01
1.651200756677707750e+15,1.656699250916487121e-01
1.651200756679724250e+15,1.656699250916485455e-01
1.651200756681740500e+15,1.656699250916484623e-01
1.651200756683757000e+15,1.656699250916484623e-01
1.651200756685773500e+15,1.656699250916484623e-01
1.651200756687789750e+15,1.656699250916484623e-01
1.651200756689806250e+15,1.656699250916484623e-01
1.651200756691822500e+15,1.656699250916484623e-01
1.651200756693839000e+15,1.656699250916484623e-01
1.651200756695855500e+15,1.657448909853804775e-01
1.651200756697871750e+15,1.666925397831053868e-01
1.651200756699888250e+15,1.676403060822311553e-01
1.651200756701904750e+15,1.685880723813569237e-01
1.651200756703921000e+15,1.695357211790818885e-01
1.651200756705937500e+15,1.704834874782076293e-01
1.651200756707954000e+15,1.714312537773333978e-01
1.651200756709970250e+15,1.718058482431917278e-01
1.651200756711986750e+15,1.718058482431917278e-01
1.651200756714003250e+15,1.718058482431918110e-01
1.651200756716019500e+15,1.718058482431918388e-01
1.651200756718036000e+15,1.718058482431918665e-01
1.651200756720052500e+15,1.718058482431918943e-01
1.651200756722068750e+15,1.718058482431919776e-01
1.651200756724085250e+15,1.718058482431920053e-01
1.651200756726101500e+15,1.718058482431920608e-01
1.651200756728118000e+15,1.718058482431920886e-01
1.651200756730134500e+15,1.713413087178614347e-01
1.651200756732150750e+15,1.705009069072305761e-01
1.651200756734167250e+15,1.696604008930274743e-01
1.651200756736183750e+15,1.688198948788243725e-01
1.651200756738200000e+15,1.679794930681935416e-01
1.651200756740216500e+15,1.671389870539903844e-01
1.651200756742233000e+15,1.662984810397872826e-01
1.651200756744249250e+15,1.659675850078258519e-01
1.651200756746265750e+15,1.671485613402766135e-01
1.651200756748282250e+15,1.683295376727274029e-01
1.651200756750298500e+15,1.695103675910531738e-01
1.651200756752315000e+15,1.706913439235039354e-01
1.651200756754331500e+15,1.718427704824946889e-01
1.651200756756347750e+15,1.724986688524604850e-01
1.651200756758364250e+15,1.731546485489445508e-01
1.651200756760380500e+15,1.738105469189103192e-01
1.651200756762397000e+15,1.744665266153943572e-01
1.651200756764413500e+15,1.751225063118784231e-01
1.651200756766429750e+15,1.757784046818442192e-01
1.651200756768446250e+15,1.764343843783282850e-01
1.651200756770462750e+15,1.770903640748123509e-01
1.651200756772479000e+15,1.777462624447781192e-01
1.651200756774495500e+15,1.779417713947343271e-01
1.651200756776512000e+15,1.779417713947341884e-01
1.651200756778528250e+15,1.779417713947340496e-01
1.651200756780544750e+15,1.779417713947338830e-01
1.651200756782561250e+15,1.779417713947337165e-01
1.651200756784577500e+15,1.779417713947335777e-01
1.651200756786594000e+15,1.779417713947336055e-01
1.651200756788610500e+15,1.779417713947336610e-01
1.651200756790626750e+15,1.779417713947337165e-01
1.651200756792643250e+15,1.779417713947337998e-01
1.651200756794659500e+15,1.779417713947338553e-01
1.651200756796676000e+15,1.779417713947339386e-01
1.651200756798692500e+15,1.779417713947339941e-01
1.651200756800708750e+15,1.779417713947340496e-01
1.651200756802725250e+15,1.779417713947341051e-01
1.651200756804741750e+15,1.779417713947341884e-01
1.651200756806758000e+15,1.779417713947342716e-01
1.651200756808774500e+15,1.779417713947343549e-01
1.651200756810791000e+15,1.779417713947344104e-01
1.651200756812807250e+15,1.779417713947344659e-01
1.651200756814823750e+15,1.779417713947345214e-01
1.651200756816840250e+15,1.779417713947345769e-01
1.651200756818856500e+15,1.779417713947346602e-01
1.651200756820873000e+15,1.779417713947347157e-01
1.651200756822889500e+15,1.779417713947347712e-01
1.651200756824905750e+15,1.779417713947348267e-01
1.651200756826922250e+15,1.778015030483260095e-01
1.651200756828938500e+15,1.772847080671531295e-01
1.651200756830955000e+15,1.767678490072472630e-01
1.651200756832971500e+15,1.762509899473413966e-01
1.651200756834987750e+15,1.757341949661685165e-01
1.651200756837004250e+15,1.752173359062626778e-01
1.651200756839020750e+15,1.747004768463568114e-01
1.651200756841037000e+15,1.741836818651839314e-01
1.651200756843053500e+15,1.736668228052780927e-01
1.651200756845070000e+15,1.731499637453722540e-01
1.651200756847086250e+15,1.726331687641993462e-01
1.651200756849102750e+15,1.721163097042935075e-01
1.651200756851119250e+15,1.719991411043836904e-01
1.651200756853135500e+15,1.724831233848898582e-01
1.651200756855152000e+15,1.729671656755981668e-01
1.651200756857168500e+15,1.734512079663065032e-01
1.651200756859184750e+15,1.739351902468126432e-01
1.651200756861201250e+15,1.744192325375209518e-01
1.651200756863217500e+15,1.749032148180270918e-01
1.651200756865234000e+15,1.753872571087354282e-01
1.651200756867250500e+15,1.758712993994437368e-01
1.651200756869266750e+15,1.763552816799498768e-01
1.651200756871283250e+15,1.768393239706581854e-01
1.651200756873299750e+15,1.773233662613665218e-01
1.651200756875316000e+15,1.778073485418726618e-01
1.651200756877332500e+15,1.779417713947349100e-01
1.651200756879349000e+15,1.779417713947348823e-01
1.651200756881365250e+15,1.779417713947348823e-01
1.651200756883381750e+15,1.779417713947348823e-01
1.651200756885398250e+15,1.779417713947348823e-01
1.651200756887414500e+15,1.778706190552849509e-01
1.651200756889431000e+15,1.769538222980914510e-01
1.651200756891447500e+15,1.760370255408979789e-01
1.651200756893463750e+15,1.751203424455885782e-01
1.651200756895480250e+15,1.742035456883950784e-01
1.651200756897496500e+15,1.732868625930857331e-01
1.651200756899513000e+15,1.723700658358922333e-01
1.651200756901529500e+15,1.721812354634537912e-01
1.651200756903545750e+15,1.731572180332152100e-01
1.651200756905562250e+15,1.741333216175543763e-01
1.651200756907578750e+15,1.751094252018935427e-01
1.651200756909595000e+15,1.760854077716549615e-01
1.651200756911611500e+15,1.770615113559941278e-01
1.651200756913628000e+15,1.779417713947348823e-01
1.651200756915644250e+15,1.779417713947348823e-01
1.651200756917660750e+15,1.779417713947348823e-01
1.651200756919677250e+15,1.779417713947348823e-01
1.651200756921693500e+15,1.779417713947348823e-01
1.651200756923710000e+15,1.779417713947348823e-01
1.651200756925726500e+15,1.779417713947348823e-01
1.651200756927742750e+15,1.779417713947348823e-01
1.651200756929759250e+15,1.781746011601824942e-01
1.651200756931775500e+15,1.788374222185428741e-01
1.651200756933792000e+15,1.795003254617833777e-01
1.651200756935808500e+15,1.801632287050238812e-01
1.651200756937824750e+15,1.808260497633842334e-01
1.651200756939841250e+15,1.814889530066247647e-01
1.651200756941857750e+15,1.821518562498652960e-01
1.651200756943874000e+15,1.828146773082256760e-01
1.651200756945890500e+15,1.834775805514661795e-01
1.651200756947907000e+15,1.840071582042999698e-01
1.651200756949923250e+15,1.832625566361810177e-01
1.651200756951939750e+15,1.825178627430071310e-01
1.651200756953956250e+15,1.817731688498332443e-01
1.651200756955972500e+15,1.810285672817142921e-01
1.651200756957989000e+15,1.802838733885404054e-01
1.651200756960005500e+15,1.795391794953664910e-01
1.651200756962021750e+15,1.787945779272475388e-01
1.651200756964038250e+15,1.780498840340736522e-01
1.651200756966054500e+15,1.779417713947348823e-01
1.651200756968071000e+15,1.779417713947349100e-01
1.651200756970087500e+15,1.779417713947348823e-01
1.651200756972103750e+15,1.779417713947348823e-01
1.651200756974120250e+15,1.779417713947348823e-01
1.651200756976136750e+15,1.779417713947348823e-01
1.651200756978153000e+15,1.779417713947348823e-01
1.651200756980169500e+15,1.779417713947349100e-01
1.651200756982186000e+15,1.781254328472042792e-01
1.651200756984202250e+15,1.789906370610861164e-01
1.651200756986218750e+15,1.798559485538537561e-01
1.651200756988235250e+15,1.807212600466213681e-01
1.651200756990251500e+15,1.815864642605031776e-01
1.651200756992268000e+15,1.824517757532708173e-01
1.651200756994284500e+15,1.833170872460384293e-01
1.651200756996300750e+15,1.841541544035533995e-01
1.651200756998317250e+15,1.847866930792389784e-01
1.651200757000333500e+15,1.854191533345581622e-01
1.651200757002350000e+15,1.860516920102437410e-01
1.651200757004366500e+15,1.866842306859293754e-01
1.651200757006382750e+15,1.873166909412485315e-01
1.651200757008399250e+15,1.879492296169341103e-01
1.651200757010415750e+15,1.885817682926197447e-01
1.651200757012432000e+15,1.892142285479388730e-01
1.651200757014448500e+15,1.898467672236244796e-01
1.651200757016465000e+15,1.902136176978195259e-01
1.651200757018481250e+15,1.902136176978195259e-01
1.651200757020497750e+15,1.902136176978195259e-01
1.651200757022514250e+15,1.902136176978195259e-01
1.651200757024530500e+15,1.902136176978195536e-01
1.651200757026547000e+15,1.902136176978195259e-01
1.651200757028563500e+15,1.902136176978195259e-01
1.651200757030579750e+15,1.902136176978195259e-01
1.651200757032596250e+15,1.902136176978195259e-01
1.651200757034612500e+15,1.902136176978195259e-01
1.651200757036629000e+15,1.902136176978195259e-01
1.651200757038645500e+15,1.902136176978195259e-01
1.651200757040661750e+15,1.902136176978195259e-01
1.651200757042678250e+15,1.902136176978195259e-01
1.651200757044694750e+15,1.901923265325915768e-01
1.651200757046711000e+15,1.896797496741933764e-01
1.651200757048727500e+15,1.891671092600781534e-01
1.651200757050744000e+15,1.886544688459628749e-01
1.651200757052760250e+15,1.881418919875647022e-01
1.651200757054776750e+15,1.876292515734494515e-01
1.651200757056793250e+15,1.871166111593342007e-01
1.651200757058809500e+15,1.866040343009360281e-01
1.651200757060826000e+15,1.860913938868207496e-01
1.651200757062842250e+15,1.855788170284226046e-01
1.651200757064858750e+15,1.850661766143073261e-01
1.651200757066875250e+15,1.845535362001920476e-01
1.651200757068891500e+15,1.840776945462767877e-01
1.651200757070908000e+15,1.840776945462767877e-01
1.651200757072924500e+15,1.840776945462767877e-01
1.651200757074940750e+15,1.840776945462767600e-01
1.651200757076957250e+15,1.840776945462767600e-01
1.651200757078973750e+15,1.840776945462767600e-01
1.651200757080990000e+15,1.840776945462767877e-01
1.651200757083006500e+15,1.840776945462767877e-01
1.651200757085023000e+15,1.840776945462767600e-01
1.651200757087039250e+15,1.840776945462767877e-01
1.651200757089055750e+15,1.840776945462767600e-01
1.651200757091072250e+15,1.840776945462768155e-01
1.651200757093088500e+15,1.840776945462767877e-01
1.651200757095105000e+15,1.840776945462767877e-01
1.651200757097121250e+15,1.840776945462767877e-01
1.651200757099137750e+15,1.840776945462767600e-01
1.651200757101154250e+15,1.840776945462767600e-01
1.651200757103170500e+15,1.840776945462767600e-01
1.651200757105187000e+15,1.840776945462767600e-01
1.651200757107203500e+15,1.840776945462767600e-01
1.651200757109219750e+15,1.840776945462767322e-01
1.651200757111236250e+15,1.840776945462767600e-01
1.651200757113252750e+15,1.840776945462767600e-01
1.651200757115269000e+15,1.840776945462767322e-01
1.651200757117285500e+15,1.840776945462767322e-01
1.651200757119302000e+15,1.840776945462767600e-01
1.651200757121318250e+15,1.840776945462767600e-01
1.651200757123334750e+15,1.840776945462767600e-01
1.651200757125351250e+15,1.840776945462767600e-01
1.651200757127367500e+15,1.840776945462767600e-01
1.651200757129384000e+15,1.840776945462767600e-01
1.651200757131400250e+15,1.840776945462767600e-01
1.651200757133416750e+15,1.840776945462767600e-01
1.651200757135433250e+15,1.840776945462767322e-01
1.651200757137449500e+15,1.840776945462767600e-01
1.651200757139466000e+15,1.840776945462767600e-01
1.651200757141482500e+15,1.840776945462767600e-01
1.651200757143498750e+15,1.840776945462767600e-01
1.651200757145515250e+15,1.840776945462767600e-01
1.651200757147531750e+15,1.840776945462767600e-01
1.651200757149548000e+15,1.840776945462767600e-01
1.651200757151564500e+15,1.840776945462767600e-01
1.651200757153581000e+15,1.840776945462767600e-01
1.651200757155597250e+15,1.840776945462767600e-01
1.651200757157613750e+15,1.840776945462767322e-01
1.651200757159630250e+15,1.840776945462767600e-01
1.651200757161646500e+15,1.840776945462767600e-01
1.651200757163663000e+15,1.840776945462767600e-01
1.651200757165679250e+15,1.840776945462767600e-01
1.651200757167695750e+15,1.840776945462767600e-01
1.651200757169712250e+15,1.840776945462767600e-01
1.651200757171728500e+15,1.840776945462767600e-01
1.651200757173745000e+15,1.840776945462767600e-01
1.651200757175761500e+15,1.840776945462767600e-01
1.651200757177777750e+15,1.840776945462767877e-01
1.651200757179794250e+15,1.840776945462767600e-01
1.651200757181810750e+15,1.840776945462767600e-01
1.651200757183827000e+15,1.840776945462767600e-01
1.651200757185843500e+15,1.840776945462767600e-01
1.651200757187860000e+15,1.840776945462767600e-01
1.651200757189876250e+15,1.840776945462767600e-01
1.651200757191892750e+15,1.840776945462767600e-01
1.651200757193909250e+15,1.840776945462767600e-01
1.651200757195925500e+15,1.840776945462767600e-01
1.651200757197942000e+15,1.840776945462768432e-01
1.651200757199958250e+15,1.840776945462768988e-01
1.651200757201974750e+15,1.840776945462769820e-01
1.651200757203991250e+15,1.840776945462770653e-01
1.651200757206007500e+15,1.840776945462771486e-01
1.651200757208024000e+15,1.840776945462772318e-01
1.651200757210040500e+15,1.840776945462773151e-01
1.651200757212056750e+15,1.840776945462773984e-01
1.651200757214073250e+15,1.840776945462774816e-01
1.651200757216089750e+15,1.840776945462775649e-01
1.651200757218106000e+15,1.840776945462776204e-01
1.651200757220122500e+15,1.840776945462776204e-01
1.651200757222139000e+15,1.840776945462776759e-01
1.651200757224155250e+15,1.840776945462776482e-01
1.651200757226171750e+15,1.840776945462776482e-01
1.651200757228188250e+15,1.840776945462776482e-01
1.651200757230204500e+15,1.840776945462776482e-01
1.651200757232221000e+15,1.840776945462776482e-01
1.651200757234237250e+15,1.840776945462776482e-01
1.651200757236253750e+15,1.840776945462776482e-01
1.651200757238270250e+15,1.840776945462776482e-01
1.651200757240286500e+15,1.840776945462776482e-01
1.651200757242303000e+15,1.840776945462776482e-01
1.651200757244319500e+15,1.840776945462774539e-01
1.651200757246335750e+15,1.840776945462772596e-01
1.651200757248352250e+15,1.840776945462770653e-01
1.651200757250368750e+15,1.840776945462768432e-01
1.651200757252385000e+15,1.840776945462768155e-01
1.651200757254401500e+15,1.840776945462768710e-01
1.651200757256418000e+15,1.840776945462769265e-01
1.651200757258434250e+15,1.840776945462770098e-01
1.651200757260450750e+15,1.840776945462770653e-01
1.651200757262467250e+15,1.840776945462771208e-01
1.651200757264483500e+15,1.840776945462772041e-01
1.651200757266500000e+15,1.840776945462772596e-01
1.651200757268516250e+15,1.840776945462773428e-01
1.651200757270532750e+15,1.840776945462773984e-01
1.651200757272549250e+15,1.840776945462774816e-01
1.651200757274565500e+15,1.840776945462775371e-01
1.651200757276582000e+15,1.840776945462775926e-01
1.651200757278598500e+15,1.840776945462776204e-01
1.651200757280614750e+15,1.840776945462776482e-01
1.651200757282631250e+15,1.840776945462776482e-01
1.651200757284647750e+15,1.840776945462776482e-01
1.651200757286664000e+15,1.840776945462776482e-01
1.651200757288680500e+15,1.840776945462776482e-01
1.651200757290697000e+15,1.840776945462776482e-01
1.651200757292713250e+15,1.840776945462776482e-01
1.651200757294729750e+15,1.840776945462776482e-01
1.651200757296746250e+15,1.840776945462776482e-01
1.651200757298762500e+15,1.840776945462776482e-01
1.651200757300779000e+15,1.840776945462776482e-01
1.651200757302795250e+15,1.840776945462776759e-01
1.651200757304811750e+15,1.840776945462776482e-01
1.651200757306828250e+15,1.840776945462776482e-01
1.651200757308844500e+15,1.840776945462776482e-01
1.651200757310861000e+15,1.840776945462776482e-01
1.651200757312877500e+15,1.840776945462776759e-01
1.651200757314893750e+15,1.840776945462776482e-01
1.651200757316910250e+15,1.840776945462776204e-01
1.651200757318926750e+15,1.840776945462776482e-01
1.651200757320943000e+15,1.840776945462776482e-01
1.651200757322959500e+15,1.840776945462776482e-01
1.651200757324976000e+15,1.840776945462776482e-01
1.651200757326992250e+15,1.840776945462776482e-01
1.651200757329008750e+15,1.840776945462776482e-01
1.651200757331025250e+15,1.840776945462776204e-01
1.651200757333041500e+15,1.840776945462776482e-01
1.651200757335058000e+15,1.840776945462776482e-01
1.651200757337074250e+15,1.840776945462776482e-01
1.651200757339090750e+15,1.840776945462776482e-01
1.651200757341107250e+15,1.840776945462776482e-01
1.651200757343123500e+15,1.840776945462776204e-01
1.651200757345140000e+15,1.840776945462776204e-01
1.651200757347156500e+15,1.840776945462776482e-01
1.651200757349172750e+15,1.840776945462776482e-01
1.651200757351189250e+15,1.840776945462776482e-01
1.651200757353205750e+15,1.840776945462776759e-01
1.651200757355222000e+15,1.840776945462776759e-01
1.651200757357238500e+15,1.840776945462776482e-01
1.651200757359255000e+15,1.840776945462776482e-01
1.651200757361271250e+15,1.840776945462776482e-01
1.651200757363287750e+15,1.840776945462776482e-01
1.651200757365304250e+15,1.840776945462776482e-01
1.651200757367320500e+15,1.840776945462776482e-01
1.651200757369337000e+15,1.840776945462776482e-01
1.651200757371353250e+15,1.840776945462776482e-01
1.651200757373369750e+15,1.840776945462776482e-01
1.651200757375386250e+15,1.840776945462776482e-01
1.651200757377402500e+15,1.840776945462776482e-01
1.651200757379419000e+15,1.849793375991341526e-01
1.651200757381435500e+15,1.859184714917400949e-01
1.651200757383451750e+15,1.868574889531666727e-01
1.651200757385468250e+15,1.877966228457726150e-01
1.651200757387484750e+15,1.887357567383785573e-01
1.651200757389501000e+15,1.896747741998051628e-01
1.651200757391517500e+15,1.897788422692329724e-01
1.651200757393534000e+15,1.887588019530677952e-01
1.651200757395550250e+15,1.877388880986328723e-01
1.651200757397566750e+15,1.867188477824677506e-01
1.651200757399583250e+15,1.856988074663025734e-01
1.651200757401599500e+15,1.846788936118676783e-01
1.651200757403616000e+15,1.844440447315586762e-01
1.651200757405632250e+15,1.853361384043520077e-01
1.651200757407648750e+15,1.862283426901240047e-01
1.651200757409665250e+15,1.871205469758960016e-01
1.651200757411681500e+15,1.880126406486893331e-01
1.651200757413698000e+15,1.889048449344613578e-01
1.651200757415714500e+15,1.897970492202333270e-01
1.651200757417730750e+15,1.907877087056658039e-01
1.651200757419747250e+15,1.918648471260613886e-01
1.651200757421763750e+15,1.929419855464569733e-01
1.651200757423780000e+15,1.940189904262599185e-01
1.651200757425796500e+15,1.950961288466555033e-01
1.651200757427813000e+15,1.961732672670510880e-01
1.651200757429829250e+15,1.953635774022220162e-01
1.651200757431845750e+15,1.941845142199191132e-01
1.651200757433862250e+15,1.930054510376161825e-01
1.651200757435878500e+15,1.918265340322513057e-01
1.651200757437895000e+15,1.906474708499483750e-01
1.651200757439911250e+15,1.891550816525300882e-01
1.651200757441927750e+15,1.874799488800558689e-01
1.651200757443944250e+15,1.858048161075816496e-01
1.651200757445960500e+15,1.841298910133584155e-01
1.651200757447977000e+15,1.824547582408841961e-01
1.651200757449993500e+15,1.807796254684099768e-01
1.651200757452009750e+15,1.791047003741867705e-01
1.651200757454026250e+15,1.774295676017125512e-01
1.651200757456042750e+15,1.757544348292383318e-01
1.651200757458059000e+15,1.740795097350150977e-01
1.651200757460075500e+15,1.724043769625408784e-01
1.651200757462092000e+15,1.710407028179633526e-01
1.651200757464108250e+15,1.698503290034444058e-01
1.651200757466124750e+15,1.686598075914283179e-01
1.651200757468141250e+15,1.674692861794122301e-01
1.651200757470157500e+15,1.662789123648932554e-01
1.651200757472174000e+15,1.660593506267190600e-01
1.651200757474190250e+15,1.668564869059906697e-01
1.651200757476206750e+15,1.676537220242305948e-01
1.651200757478223250e+15,1.684509571424704921e-01
1.651200757480239500e+15,1.692480934217421018e-01
1.651200757482256000e+15,1.700453285399819991e-01
1.651200757484272500e+15,1.708425636582219242e-01
1.651200757486288750e+15,1.716396999374935339e-01
1.651200757488305250e+15,1.718058482431919498e-01
1.651200757490321750e+15,1.718058482431923384e-01
1.651200757492338000e+15,1.718058482431926992e-01
1.651200757494354500e+15,1.718058482431930600e-01
1.651200757496371000e+15,1.718058482431934486e-01
1.651200757498387250e+15,1.709939232746298110e-01
1.651200757500403750e+15,1.701309654677469196e-01
1.651200757502420250e+15,1.692680076608640283e-01
1.651200757504436500e+15,1.684051568410635802e-01
1.651200757506453000e+15,1.675421990341806611e-01
1.651200757508469250e+15,1.666793482143802407e-01
1.651200757510485750e+15,1.658163904074973216e-01
1.651200757512502250e+15,1.664196747148051214e-01
1.651200757514518500e+15,1.673225761200229922e-01
1.651200757516535000e+15,1.682255894782979655e-01
1.651200757518551500e+15,1.691286028365728833e-01
1.651200757520567750e+15,1.700315042417907818e-01
1.651200757522584250e+15,1.709345176000656996e-01
1.651200757524600750e+15,1.718058482431916445e-01
1.651200757526617000e+15,1.718058482431916167e-01
1.651200757528633500e+15,1.718058482431915335e-01
1.651200757530650000e+15,1.718058482431914502e-01
1.651200757532666250e+15,1.718058482431913947e-01
1.651200757534682750e+15,1.718058482431913392e-01
1.651200757536699250e+15,1.718058482431912837e-01
1.651200757538715500e+15,1.718058482431912282e-01
1.651200757540732000e+15,1.718058482431912282e-01
1.651200757542748250e+15,1.718058482431912282e-01
1.651200757544764750e+15,1.718058482431912282e-01
1.651200757546781250e+15,1.718058482431912282e-01
1.651200757548797500e+15,1.718058482431912282e-01
1.651200757550814000e+15,1.718058482431912559e-01
1.651200757552830500e+15,1.718058482431912282e-01
1.651200757554846750e+15,1.686687010932463870e-01
1.651200757556863250e+15,1.651142371360255490e-01
1.651200757558879750e+15,1.615597731788047386e-01
1.651200757560896000e+15,1.580057498940308780e-01
1.651200757562912500e+15,1.544512859368100399e-01
1.651200757564929000e+15,1.533980787885634856e-01
1.651200757566945250e+15,1.533980787885637076e-01
1.651200757568961750e+15,1.533980787885638741e-01
1.651200757570978250e+15,1.533980787885640684e-01
1.651200757572994500e+15,1.533980787885642627e-01
1.651200757575011000e+15,1.533980787885644292e-01
1.651200757577027250e+15,1.533980787885645958e-01
1.651200757579043750e+15,1.533980787885647901e-01
1.651200757581060250e+15,1.533980787885649844e-01
1.651200757583076500e+15,1.533980787885651509e-01
1.651200757585093000e+15,1.533980787885653452e-01
1.651200757587109500e+15,1.533980787885655117e-01
1.651200757589125750e+15,1.538190617799453097e-01
1.651200757591142250e+15,1.547044982358693199e-01
1.651200757593158750e+15,1.555899346917933301e-01
1.651200757595175000e+15,1.564752613737952491e-01
1.651200757597191500e+15,1.573606978297192871e-01
1.651200757599208000e+15,1.582461342856433251e-01
1.651200757601224250e+15,1.591314609676451886e-01
1.651200757603240750e+15,1.595340019401065845e-01
1.651200757605257250e+15,1.595340019401065845e-01
1.651200757607273500e+15,1.595340019401065845e-01
1.651200757609290000e+15,1.595340019401065845e-01
1.651200757611306250e+15,1.595340019401065845e-01
1.651200757613322750e+15,1.595340019401065845e-01
1.651200757615339250e+15,1.595340019401065845e-01
1.651200757617355500e+15,1.595340019401065845e-01
1.651200757619372000e+15,1.595340019401065845e-01
1.651200757621388500e+15,1.595340019401065845e-01
1.651200757623404750e+15,1.591457944134113955e-01
1.651200757625421250e+15,1.586999333981296834e-01
1.651200757627437750e+15,1.582540723828479989e-01
1.651200757629454000e+15,1.578082666441613102e-01
1.651200757631470500e+15,1.573624056288795980e-01
1.651200757633487000e+15,1.569165446135978859e-01
1.651200757635503250e+15,1.564707388749111971e-01
1.651200757637519750e+15,1.560248778596294850e-01
1.651200757639536250e+15,1.555790168443478005e-01
1.651200757641552500e+15,1.551332111056611396e-01
1.651200757643569000e+15,1.546873500903794274e-01
1.651200757645585250e+15,1.542415443516927109e-01
1.651200757647601750e+15,1.537956833364110265e-01
1.651200757649618250e+15,1.534864258810463566e-01
1.651200757651634500e+15,1.543025991924525386e-01
1.651200757653651000e+15,1.551188737032773435e-01
1.651200757655667500e+15,1.559351482141021483e-01
1.651200757657683750e+15,1.567513215255083026e-01
1.651200757659700250e+15,1.575675960363331074e-01
1.651200757661716750e+15,1.583838705471579122e-01
1.651200757663733000e+15,1.592000438585640665e-01
1.651200757665749500e+15,1.589175901164007199e-01
1.651200757667766000e+15,1.578743719523194589e-01
1.651200757669782250e+15,1.568312831234928428e-01
1.651200757671798750e+15,1.557880649594115818e-01
1.651200757673815250e+15,1.547448467953302931e-01
1.651200757675831500e+15,1.537017579665036493e-01
1.651200757677848000e+15,1.526585398024223883e-01
1.651200757679864250e+15,1.516154509735957723e-01
1.651200757681880750e+15,1.505722328095144835e-01
1.651200757683897250e+15,1.495290146454332225e-01
1.651200757685913500e+15,1.484859258166066065e-01
1.651200757687930000e+15,1.474427076525253455e-01
1.651200757689946500e+15,1.481964677414132070e-01
1.651200757691962750e+15,1.493261869500972505e-01
1.651200757693979250e+15,1.504560462355585826e-01
1.651200757695995750e+15,1.515859055210198592e-01
1.651200757698012000e+15,1.527156247297039027e-01
1.651200757700028500e+15,1.533980787885642350e-01
1.651200757702045000e+15,1.533980787885640962e-01
1.651200757704061250e+15,1.533980787885640129e-01
1.651200757706077750e+15,1.533980787885639296e-01
1.651200757708094250e+15,1.533980787885638186e-01
1.651200757710110500e+15,1.533980787885637354e-01
1.651200757712127000e+15,1.533980787885636521e-01
1.651200757714143250e+15,1.533980787885635411e-01
1.651200757716159750e+15,1.533980787885634300e-01
1.651200757718176250e+15,1.535859847803275890e-01
1.651200757720192500e+15,1.545618133853361720e-01
1.651200757722209000e+15,1.555377629858320787e-01
1.651200757724225500e+15,1.565137125863279577e-01
1.651200757726241750e+15,1.574895411913365684e-01
1.651200757728258250e+15,1.584654907918324473e-01
1.651200757730274750e+15,1.594414403923283263e-01
1.651200757732291000e+15,1.590753470250312329e-01
1.651200757734307500e+15,1.585685647585932112e-01
1.651200757736324000e+15,1.580617824921551340e-01
1.651200757738340250e+15,1.575550630551574849e-01
1.651200757740356750e+15,1.570482807887194354e-01
1.651200757742373250e+15,1.565414985222813860e-01
1.651200757744389500e+15,1.560347790852837369e-01
1.651200757746406000e+15,1.555279968188456874e-01
1.651200757748422250e+15,1.550212773818480660e-01
1.651200757750438750e+15,1.545144951154100166e-01
1.651200757752455250e+15,1.540077128489719394e-01
1.651200757754471500e+15,1.535009934119743180e-01
1.651200757756488000e+15,1.529853531385483578e-01
1.651200757758504500e+15,1.524674556443000317e-01
1.651200757760520750e+15,1.519496223575267924e-01
1.651200757762537250e+15,1.514317248632784663e-01
1.651200757764553750e+15,1.509138273690301402e-01
1.651200757766570000e+15,1.503959940822569008e-01
1.651200757768586500e+15,1.498780965880086025e-01
1.651200757770603000e+15,1.493601990937602486e-01
1.651200757772619250e+15,1.488423658069870370e-01
1.651200757774635750e+15,1.483244683127386832e-01
1.651200757776652250e+15,1.478065708184903571e-01
1.651200757778668500e+15,1.472887375317171454e-01
1.651200757780685000e+15,1.465758821928616895e-01
1.651200757782701250e+15,1.458525686373016161e-01
1.651200757784717750e+15,1.451291653962418216e-01
1.651200757786734250e+15,1.444057621551820270e-01
1.651200757788750500e+15,1.436824485996219813e-01
1.651200757790767000e+15,1.429590453585621590e-01
1.651200757792783500e+15,1.422356421175023644e-01
1.651200757794799750e+15,1.415123285619423188e-01
1.651200757796816250e+15,1.411262324854778427e-01
1.651200757798832750e+15,1.411262324854778427e-01
1.651200757800849000e+15,1.411262324854778427e-01
1.651200757802865500e+15,1.411262324854778427e-01
1.651200757804882000e+15,1.411262324854778427e-01
1.651200757806898250e+15,1.408559639738732328e-01
1.651200757808914750e+15,1.401947611183673448e-01
1.651200757810931250e+15,1.395335582628614568e-01
1.651200757812947500e+15,1.388724373814264612e-01
1.651200757814964000e+15,1.382112345259205455e-01
1.651200757816980250e+15,1.375501136444855499e-01
1.651200757818996750e+15,1.368889107889796619e-01
1.651200757821013250e+15,1.362277079334737739e-01
1.651200757823029500e+15,1.355665870520387506e-01
1.651200757825046000e+15,1.348706943936806568e-01
1.651200757827062500e+15,1.339394066445394049e-01
1.651200757829078750e+15,1.330082343538347145e-01
1.651200757831095250e+15,1.320769466046934904e-01
1.651200757833111750e+15,1.311456588555522385e-01
1.651200757835128000e+15,1.302144865648475203e-01
1.651200757837144500e+15,1.292831988157062961e-01
1.651200757839161000e+15,1.288543861823924497e-01
1.651200757841177250e+15,1.288543861823927272e-01
1.651200757843193750e+15,1.288543861823930048e-01
1.651200757845210250e+15,1.288543861823932823e-01
1.651200757847226500e+15,1.288543861823935599e-01
1.651200757849243000e+15,1.288543861823938375e-01
1.651200757851259250e+15,1.289671983764059393e-01
1.651200757853275750e+15,1.303033850972572794e-01
1.651200757855292250e+15,1.316395718181086194e-01
1.651200757857308500e+15,1.329755928822873856e-01
1.651200757859325000e+15,1.343117796031387257e-01
1.651200757861341500e+15,1.347377943557912794e-01
1.651200757863357750e+15,1.342248136760095800e-01
1.651200757865374250e+15,1.337117693904399107e-01
1.651200757867390750e+15,1.331987251048702414e-01
1.651200757869407000e+15,1.326857444250885698e-01
1.651200757871423500e+15,1.321727001395189283e-01
1.651200757873440000e+15,1.316596558539492590e-01
1.651200757875456250e+15,1.311466751741675596e-01
1.651200757877472750e+15,1.306336308885978903e-01
1.651200757879489250e+15,1.301205866030282488e-01
1.651200757881505500e+15,1.296076059232465494e-01
1.651200757883522000e+15,1.290945616376768801e-01
1.651200757885538250e+15,1.288543861823939207e-01
1.651200757887554750e+15,1.288543861823936709e-01
1.651200757889571250e+15,1.288543861823934211e-01
1.651200757891587500e+15,1.288543861823931436e-01
1.651200757893604000e+15,1.288543861823928660e-01
1.651200757895620500e+15,1.288543861823925885e-01
1.651200757897636750e+15,1.288543861823923109e-01
1.651200757899653250e+15,1.297566795023171460e-01
1.651200757901669750e+15,1.307032132412316305e-01
1.651200757903686000e+15,1.316496296315546599e-01
1.651200757905702500e+15,1.325961633704691722e-01
1.651200757907719000e+15,1.335426971093836845e-01
1.651200757909735250e+15,1.344891134997067139e-01
1.651200757911751750e+15,1.349903093339372973e-01
1.651200757913768250e+15,1.349903093339372973e-01
1.651200757915784500e+15,1.349903093339372973e-01
1.651200757917801000e+15,1.349903093339372973e-01
1.651200757919817250e+15,1.349903093339373250e-01
1.651200757921833750e+15,1.349903093339372973e-01
1.651200757923850250e+15,1.349903093339372973e-01
1.651200757925866500e+15,1.349903093339373250e-01
1.651200757927883000e+15,1.349903093339372973e-01
1.651200757929899500e+15,1.349903093339373250e-01
1.651200757931915750e+15,1.349903093339372973e-01
1.651200757933932250e+15,1.349903093339372973e-01
1.651200757935948750e+15,1.349903093339373250e-01
1.651200757937965000e+15,1.349903093339373250e-01
1.651200757939981500e+15,1.349903093339373250e-01
1.651200757941998000e+15,1.349903093339372973e-01
1.651200757944014250e+15,1.349903093339372973e-01
1.651200757946030750e+15,1.349903093339372973e-01
1.651200757948047250e+15,1.349903093339372973e-01
1.651200757950063500e+15,1.349903093339372973e-01
1.651200757952080000e+15,1.349903093339372973e-01
1.651200757954096250e+15,1.349903093339371307e-01
1.651200757956112750e+15,1.349903093339369087e-01
1.651200757958129250e+15,1.349903093339366589e-01
1.651200757960145500e+15,1.349903093339364091e-01
1.651200757962162000e+15,1.349903093339361870e-01
1.651200757964178500e+15,1.349903093339359650e-01
1.651200757966194750e+15,1.349903093339357429e-01
1.651200757968211250e+15,1.345757838652208160e-01
1.651200757970227750e+15,1.312086515080679305e-01
1.651200757972244000e+15,1.278419365985169476e-01
1.651200757974260500e+15,1.244748042413640621e-01
1.651200757976277000e+15,1.211076718842111766e-01
1.651200757978293250e+15,1.177409569746602075e-01
1.651200757980309750e+15,1.169484188113161099e-01
1.651200757982326250e+15,1.175061922880815124e-01
1.651200757984342500e+15,1.180638966136596107e-01
1.651200757986359000e+15,1.186216700904250132e-01
1.651200757988375250e+15,1.191793744160031254e-01
1.651200757990391750e+15,1.197371478927685140e-01
1.651200757992408250e+15,1.202949213695339026e-01
1.651200757994424500e+15,1.208526256951120009e-01
1.651200757996441000e+15,1.214103991718774034e-01
1.651200757998457500e+15,1.219681726486428058e-01
1.651200758000473750e+15,1.225258769742209181e-01
1.651200758002490250e+15,1.227184630308526675e-01
1.651200758004506750e+15,1.227184630308526536e-01
1.651200758006523000e+15,1.227184630308526536e-01
1.651200758008539500e+15,1.227184630308526536e-01
1.651200758010556000e+15,1.227184630308526536e-01
1.651200758012572250e+15,1.227184630308526536e-01
1.651200758014588750e+15,1.227184630308526536e-01
1.651200758016605250e+15,1.227184630308526536e-01
1.651200758018621500e+15,1.227184630308526814e-01
1.651200758020638000e+15,1.227184630308526675e-01
1.651200758022654250e+15,1.227184630308526536e-01
1.651200758024670750e+15,1.227184630308526536e-01
1.651200758026687250e+15,1.227184630308526536e-01
1.651200758028703500e+15,1.227184630308526536e-01
1.651200758030720000e+15,1.227184630308526397e-01
1.651200758032736500e+15,1.227184630308526536e-01
1.651200758034752750e+15,1.227184630308526536e-01
1.651200758036769250e+15,1.227184630308526397e-01
1.651200758038785750e+15,1.224485989569262523e-01
1.651200758040802000e+15,1.218135088617361972e-01
1.651200758042818500e+15,1.211783400200990846e-01
1.651200758044835000e+15,1.205431711784620136e-01
1.651200758046851250e+15,1.199080810832719446e-01
1.651200758048867750e+15,1.192729122416348597e-01
1.651200758050884250e+15,1.186377433999977610e-01
1.651200758052900500e+15,1.180026533048076920e-01
1.651200758054917000e+15,1.173674844631706071e-01
1.651200758056933250e+15,1.167323943679805381e-01
1.651200758058949750e+15,1.165825398793077783e-01
1.651200758060966250e+15,1.165825398793079448e-01
1.651200758062982500e+15,1.165825398793080836e-01
1.651200758064999000e+15,1.165825398793082501e-01
1.651200758067015500e+15,1.165825398793084167e-01
1.651200758069031750e+15,1.165825398793085554e-01
1.651200758071048250e+15,1.165825398793087220e-01
1.651200758073064750e+15,1.165825398793088746e-01
1.651200758075081000e+15,1.165825398793090273e-01
1.651200758077097500e+15,1.165825398793091799e-01
1.651200758079114000e+15,1.165825398793093465e-01
1.651200758081130250e+15,1.165825398793094436e-01
1.651200758083146750e+15,1.165825398793094436e-01
1.651200758085163250e+15,1.165825398793094297e-01
1.651200758087179500e+15,1.165825398793094436e-01
1.651200758089196000e+15,1.165825398793094436e-01
1.651200758091212250e+15,1.165825398793094436e-01
1.651200758093228750e+15,1.165825398793094436e-01
1.651200758095245250e+15,1.165825398793094436e-01
1.651200758097261500e+15,1.165825398793094436e-01
1.651200758099278000e+15,1.165825398793094436e-01
1.651200758101294500e+15,1.165825398793094436e-01
1.651200758103310750e+15,1.165825398793094436e-01
1.651200758105327250e+15,1.165825398793094436e-01
1.651200758107343750e+15,1.165825398793094297e-01
1.651200758109360000e+15,1.165825398793094297e-01
1.651200758111376500e+15,1.165825398793093881e-01
1.651200758113393000e+15,1.165825398793091661e-01
1.651200758115409250e+15,1.165825398793089718e-01
1.651200758117425750e+15,1.165825398793087497e-01
1.651200758119442250e+15,1.165983485185043411e-01
1.651200758121458500e+15,1.171455445490363068e-01
1.651200758123475000e+15,1.176928084278051623e-01
1.651200758125491250e+15,1.182400044583371279e-01
1.651200758127507750e+15,1.187872683371059834e-01
1.651200758129524250e+15,1.193345322158748389e-01
1.651200758131540500e+15,1.198817282464068046e-01
1.651200758133557000e+15,1.204289921251756601e-01
1.651200758135573500e+15,1.209762560039445156e-01
1.651200758137589750e+15,1.215234520344764951e-01
1.651200758139606250e+15,1.220707159132453506e-01
1.651200758141622750e+15,1.226179797920142062e-01
1.651200758143639000e+15,1.219155590235816156e-01
1.651200758145655500e+15,1.209319284460248223e-01
1.651200758147672000e+15,1.199482978684680290e-01
1.651200758149688250e+15,1.189647892386644645e-01
1.651200758151704750e+15,1.179811586611076712e-01
1.651200758153721250e+15,1.169975280835508780e-01
1.651200758155737500e+15,1.165825398793076673e-01
1.651200758157754000e+15,1.165825398793076673e-01
1.651200758159770250e+15,1.165825398793076673e-01
1.651200758161786750e+15,1.165825398793076673e-01
1.651200758163803250e+15,1.165825398793076673e-01
1.651200758165819500e+15,1.165825398793077089e-01
1.651200758167836000e+15,1.165825398793077922e-01
1.651200758169852500e+15,1.165825398793078616e-01
1.651200758171868750e+15,1.165825398793079171e-01
1.651200758173885250e+15,1.165825398793080003e-01
1.651200758175901750e+15,1.165825398793080558e-01
1.651200758177918000e+15,1.165825398793081391e-01
1.651200758179934500e+15,1.165825398793082224e-01
1.651200758181951000e+15,1.165825398793082779e-01
1.651200758183967250e+15,1.165825398793083612e-01
1.651200758185983750e+15,1.165825398793084028e-01
1.651200758188000250e+15,1.165825398793084861e-01
1.651200758190016500e+15,1.165825398793085416e-01
1.651200758192033000e+15,1.147523072590907051e-01
1.651200758194049250e+15,1.125491988886344191e-01
1.651200758196065750e+15,1.103458173491303485e-01
1.651200758198082250e+15,1.081424358096262917e-01
1.651200758200098500e+15,1.059393274391700057e-01
1.651200758202115000e+15,1.044360867763370060e-01
1.651200758204131500e+15,1.049168004417896372e-01
1.651200758206147750e+15,1.053974545097136895e-01
1.651200758208164250e+15,1.058781681751663067e-01
1.651200758210180750e+15,1.063588818406189379e-01
1.651200758212197000e+15,1.068395359085430041e-01
1.651200758214213500e+15,1.073202495739956353e-01
1.651200758216230000e+15,1.078009632394482387e-01
1.651200758218246250e+15,1.082816173073722910e-01
1.651200758220262750e+15,1.087623309728249221e-01
1.651200758222279250e+15,1.092430446382775394e-01
1.651200758224295500e+15,1.097236987062015917e-01
1.651200758226312000e+15,1.102044123716542090e-01
1.651200758228328250e+15,1.100684849347571548e-01
1.651200758230344750e+15,1.093061727522000176e-01
1.651200758232361250e+15,1.085438605696428527e-01
1.651200758234377500e+15,1.077816428964066264e-01
1.651200758236394000e+15,1.070193307138494754e-01
1.651200758238410500e+15,1.062570185312923243e-01
1.651200758240426750e+15,1.054948008580560981e-01
1.651200758242443250e+15,1.047324886754989609e-01
1.651200758244459750e+15,1.039928162668115608e-01
1.651200758246476000e+15,1.032812757449101948e-01
1.651200758248492500e+15,1.025696469972776637e-01
1.651200758250509000e+15,1.018580182496451325e-01
1.651200758252525250e+15,1.011464777277437666e-01
1.651200758254541750e+15,1.004348489801112354e-01
1.651200758256558250e+15,9.972322023247870426e-02
1.651200758258574500e+15,9.901167971057733830e-02
1.651200758260591000e+15,9.830005096294480715e-02
1.651200758262607250e+15,9.871995426890711745e-02
1.651200758264623750e+15,9.938172295025100855e-02
1.651200758266640250e+15,1.000434916315949135e-01
1.651200758268656500e+15,1.007051782687184704e-01
1.651200758270673000e+15,1.013669469500623477e-01
1.651200758272689500e+15,1.020287156314062527e-01
1.651200758274705750e+15,1.026904022685298234e-01
1.651200758276722250e+15,1.033521709498737146e-01
1.651200758278738750e+15,1.040139396312176057e-01
1.651200758280755000e+15,1.043106935762238424e-01
1.651200758282771500e+15,1.043106935762237175e-01
1.651200758284788000e+15,1.043106935762236065e-01
1.651200758286804250e+15,1.043106935762234955e-01
1.651200758288820750e+15,1.043106935762233844e-01
1.651200758290837250e+15,1.043106935762232734e-01
1.651200758292853500e+15,1.043106935762231624e-01
1.651200758294870000e+15,1.043106935762230514e-01
1.651200758296886250e+15,1.039785052007208693e-01
1.651200758298902750e+15,1.034856908845905726e-01
1.651200758300919250e+15,1.029928765684602759e-01
1.651200758302935500e+15,1.025001233500632131e-01
1.651200758304952000e+15,1.020073090339329164e-01
1.651200758306968500e+15,1.015144947178026197e-01
1.651200758308984750e+15,1.010217414994055429e-01
1.651200758311001250e+15,1.005289271832752462e-01
1.651200758313017750e+15,1.000361128671449495e-01
1.651200758315034000e+15,9.954335964874787279e-02
1.651200758317050500e+15,9.905054533261757610e-02
1.651200758319067000e+15,9.855773101648729329e-02
1.651200758321083250e+15,9.817477042468158999e-02
1.651200758323099750e+15,9.817477042468158999e-02
1.651200758325116250e+15,9.817477042468158999e-02
1.651200758327132500e+15,9.817477042468160386e-02
1.651200758329149000e+15,9.817477042468160386e-02
1.651200758331165250e+15,9.817477042468158999e-02
1.651200758333181750e+15,9.817477042468158999e-02
1.651200758335198250e+15,9.817477042468158999e-02
1.651200758337214500e+15,9.817477042468158999e-02
1.651200758339231000e+15,9.817477042468158999e-02
1.651200758341247500e+15,9.817477042468158999e-02
1.651200758343263750e+15,9.817477042468158999e-02
1.651200758345280250e+15,9.817477042468158999e-02
1.651200758347296750e+15,9.817477042468158999e-02
1.651200758349313000e+15,9.817477042468158999e-02
1.651200758351329500e+15,9.817477042468158999e-02
1.651200758353346000e+15,9.817477042468158999e-02
1.651200758355362250e+15,9.817477042468158999e-02
1.651200758357378750e+15,9.817477042468157611e-02
1.651200758359395250e+15,9.817477042468158999e-02
1.651200758361411500e+15,9.817477042468158999e-02
1.651200758363428000e+15,9.817477042468158999e-02
1.651200758365444250e+15,9.817477042468160386e-02
1.651200758367460750e+15,9.817477042468158999e-02
1.651200758369477250e+15,9.817477042468158999e-02
1.651200758371493500e+15,9.817477042468158999e-02
1.651200758373510000e+15,9.817477042468157611e-02
1.651200758375526500e+15,9.817477042468158999e-02
1.651200758377542750e+15,9.817477042468158999e-02
1.651200758379559250e+15,9.817477042468158999e-02
1.651200758381575750e+15,9.817477042468158999e-02
1.651200758383592000e+15,9.817477042468158999e-02
1.651200758385608500e+15,9.817477042468158999e-02
1.651200758387625000e+15,9.817477042468158999e-02
1.651200758389641250e+15,9.817477042468158999e-02
1.651200758391657750e+15,9.817477042468158999e-02
1.651200758393674250e+15,9.817477042468158999e-02
1.651200758395690500e+15,9.817477042468158999e-02
1.651200758397707000e+15,9.817477042468158999e-02
1.651200758399723250e+15,9.817477042468158999e-02
1.651200758401739750e+15,9.817477042468158999e-02
1.651200758403756250e+15,9.817477042468160386e-02
1.651200758405772500e+15,9.817477042468158999e-02
1.651200758407789000e+15,9.817477042468158999e-02
1.651200758409805500e+15,9.817477042468158999e-02
1.651200758411821750e+15,9.817477042468158999e-02
1.651200758413838250e+15,9.817477042468158999e-02
1.651200758415854750e+15,9.817477042468160386e-02
1.651200758417871000e+15,9.817477042468160386e-02
1.651200758419887500e+15,9.817477042468158999e-02
1.651200758421904000e+15,9.817477042468158999e-02
1.651200758423920250e+15,9.817477042468158999e-02
1.651200758425936750e+15,9.817477042468158999e-02
1.651200758427953250e+15,9.817477042468158999e-02
1.651200758429969500e+15,9.817477042468158999e-02
1.651200758431986000e+15,9.817477042468158999e-02
1.651200758434002250e+15,9.817477042468158999e-02
1.651200758436018750e+15,9.817477042468158999e-02
1.651200758438035250e+15,9.817477042468158999e-02
1.651200758440051500e+15,9.817477042468158999e-02
1.651200758442068000e+15,9.817477042468158999e-02
1.651200758444084500e+15,9.817477042468158999e-02
1.651200758446100750e+15,9.817477042468158999e-02
1.651200758448117250e+15,9.817477042468160386e-02
1.651200758450133750e+15,9.817477042468158999e-02
1.651200758452150000e+15,9.817477042468158999e-02
1.651200758454166500e+15,9.817477042468158999e-02
1.651200758456183000e+15,9.817477042468158999e-02
1.651200758458199250e+15,9.817477042468158999e-02
1.651200758460215750e+15,9.817477042468158999e-02
1.651200758462232250e+15,9.817477042468158999e-02
1.651200758464248500e+15,9.817477042468160386e-02
1.651200758466265000e+15,9.817477042468158999e-02
1.651200758468281250e+15,9.817477042468158999e-02
1.651200758470297750e+15,9.817477042468158999e-02
1.651200758472314250e+15,9.817477042468158999e-02
1.651200758474330500e+15,9.817477042468158999e-02
1.651200758476347000e+15,9.817477042468158999e-02
1.651200758478363500e+15,9.817477042468160386e-02
1.651200758480379750e+15,9.817477042468158999e-02
1.651200758482396250e+15,9.817477042468158999e-02
1.651200758484412750e+15,9.817477042468158999e-02
1.651200758486429000e+15,9.817477042468158999e-02
1.651200758488445500e+15,9.817477042468158999e-02
1.651200758490462000e+15,9.817477042468158999e-02
1.651200758492478250e+15,9.817477042468160386e-02
1.651200758494494750e+15,9.817477042468160386e-02
1.651200758496511250e+15,9.817477042468157611e-02
1.651200758498527500e+15,9.817477042468158999e-02
1.651200758500544000e+15,9.817477042468158999e-02
1.651200758502560250e+15,9.817477042468158999e-02
1.651200758504576750e+15,9.817477042468158999e-02
1.651200758506593250e+15,9.817477042468154835e-02
1.651200758508609500e+15,9.817477042468146509e-02
1.651200758510626000e+15,9.817477042468138182e-02
1.651200758512642500e+15,9.817477042468129855e-02
1.651200758514658750e+15,9.817477042468122916e-02
1.651200758516675250e+15,9.817477042468111814e-02
1.651200758518691750e+15,9.817477042468103487e-02
1.651200758520708000e+15,9.817477042468095161e-02
1.651200758522724500e+15,9.817477042468086834e-02
1.651200758524741000e+15,9.817477042468078507e-02
1.651200758526757250e+15,9.817477042468070181e-02
1.651200758528773750e+15,9.817477042468085446e-02
1.651200758530790250e+15,9.817477042468103487e-02
1.651200758532806500e+15,9.817477042468118753e-02
1.651200758534823000e+15,9.817477042468135406e-02
1.651200758536839250e+15,9.817477042468152060e-02
1.651200758538855750e+15,9.817477042468150672e-02
1.651200758540872250e+15,9.817477042468138182e-02
1.651200758542888500e+15,9.817477042468125692e-02
1.651200758544905000e+15,9.817477042468114590e-02
1.651200758546921500e+15,9.817477042468103487e-02
1.651200758548937750e+15,9.817477042468089610e-02
1.651200758550954250e+15,9.817477042468078507e-02
1.651200758552970750e+15,9.817477042468070181e-02
1.651200758554987000e+15,9.817477042468070181e-02
1.651200758557003500e+15,9.817477042468070181e-02
1.651200758559020000e+15,9.817477042468070181e-02
1.651200758561036250e+15,9.817477042468070181e-02
1.651200758563052750e+15,9.817477042468070181e-02
1.651200758565069250e+15,9.817477042468070181e-02
1.651200758567085500e+15,9.817477042468070181e-02
1.651200758569102000e+15,9.817477042468070181e-02
1.651200758571118250e+15,9.817477042468074344e-02
1.651200758573134750e+15,9.817477042468088222e-02
1.651200758575151250e+15,9.817477042468103487e-02
1.651200758577167500e+15,9.817477042468117365e-02
1.651200758579184000e+15,9.817477042468131243e-02
1.651200758581200500e+15,9.817477042468146509e-02
1.651200758583216750e+15,9.817477042468161774e-02
1.651200758585233250e+15,9.817477042468175652e-02
1.651200758587249750e+15,9.817477042468189530e-02
1.651200758589266000e+15,9.817477042468203408e-02
1.651200758591282500e+15,9.817477042468217285e-02
1.651200758593299000e+15,9.817477042468232551e-02
1.651200758595315250e+15,9.817477042468246429e-02
1.651200758597331750e+15,9.645995588071058779e-02
1.651200758599348250e+15,9.463783835842402847e-02
1.651200758601364500e+15,9.281594673714443910e-02
1.651200758603381000e+15,9.099382921485787978e-02
1.651200758605397250e+15,8.917193759357830429e-02
1.651200758607413750e+15,8.734982007129174497e-02
1.651200758609430250e+15,8.635253451310449802e-02
1.651200758611446500e+15,8.853562169402896809e-02
1.651200758613463000e+15,9.071897956152268072e-02
1.651200758615479500e+15,9.290233742901640723e-02
1.651200758617495750e+15,9.508542460994089118e-02
1.651200758619512250e+15,9.726878247743460382e-02
1.651200758621528750e+15,9.680117358634601765e-02
1.651200758623545000e+15,9.445362993277886532e-02
1.651200758625561500e+15,9.210579520126332964e-02
1.651200758627578000e+15,8.975796046974778009e-02
1.651200758629594250e+15,8.741041681618060000e-02
1.651200758631610750e+15,8.530072089415172143e-02
1.651200758633627250e+15,8.361822306506752622e-02
1.651200758635643500e+15,8.193593382733334318e-02
1.651200758637660000e+15,8.025343599824916185e-02
1.651200758639676250e+15,7.857114676051497881e-02
1.651200758641692750e+15,7.688864893143078361e-02
1.651200758643709250e+15,7.520615110234660228e-02
1.651200758645725500e+15,7.367375297141103008e-02
1.651200758647742000e+15,7.434343737469566171e-02
1.651200758649758500e+15,7.501312177798029335e-02
1.651200758651774750e+15,7.568272315567563246e-02
1.651200758653791250e+15,7.635240755896025022e-02
1.651200758655807750e+15,7.702209196224489574e-02
1.651200758657824000e+15,7.769169333994022097e-02
1.651200758659840500e+15,7.836137774322485261e-02
1.651200758661857000e+15,7.903106214650948425e-02
1.651200758663873250e+15,7.970066352420482336e-02
1.651200758665889750e+15,7.976700097005452739e-02
1.651200758667906250e+15,7.976700097005438861e-02
1.651200758669922500e+15,7.976700097005426371e-02
1.651200758671939000e+15,7.976700097005415269e-02
1.651200758673955250e+15,7.976700097005402779e-02
1.651200758675971750e+15,7.976700097005390289e-02
1.651200758677988250e+15,7.976700097005379186e-02
1.651200758680004500e+15,7.976700097005380574e-02
1.651200758682021000e+15,7.976700097005395840e-02
1.651200758684037500e+15,7.976700097005409718e-02
1.651200758686053750e+15,7.976700097005423595e-02
1.651200758688070250e+15,7.976700097005437473e-02
1.651200758690086750e+15,7.976700097005452739e-02
1.651200758692103000e+15,7.976700097005462453e-02
1.651200758694119500e+15,7.976700097005462453e-02
1.651200758696136000e+15,7.976700097005462453e-02
1.651200758698152250e+15,7.976700097005462453e-02
1.651200758700168750e+15,7.976700097005462453e-02
1.651200758702185250e+15,7.976700097005462453e-02
1.651200758704201500e+15,7.900517375614488080e-02
1.651200758706218000e+15,7.796401850243497855e-02
1.651200758708234250e+15,7.692299232822588650e-02
1.651200758710250750e+15,7.588183707451597038e-02
1.651200758712267250e+15,7.484068182080604037e-02
1.651200758714283500e+15,7.379965564659696220e-02
1.651200758716300000e+15,7.363107781851047084e-02
1.651200758718316500e+15,7.363107781851041533e-02
1.651200758720332750e+15,7.363107781851033207e-02
1.651200758722349250e+15,7.363107781851027656e-02
1.651200758724365750e+15,7.363107781851020717e-02
1.651200758726382000e+15,7.363107781851013778e-02
1.651200758728398500e+15,7.363107781851006839e-02
1.651200758730415000e+15,7.363107781850999900e-02
1.651200758732431250e+15,7.363107781850994349e-02
1.651200758734447750e+15,7.363107781850987410e-02
1.651200758736464250e+15,7.363107781850980471e-02
1.651200758738480500e+15,7.363107781850974920e-02
1.651200758740497000e+15,7.363107781850966593e-02
1.651200758742513250e+15,7.363107781850969369e-02
1.651200758744529750e+15,7.363107781850979083e-02
1.651200758746546250e+15,7.363107781850988798e-02
1.651200758748562500e+15,7.363107781850999900e-02
1.651200758750579000e+15,7.363107781851011002e-02
1.651200758752595500e+15,7.363107781851020717e-02
1.651200758754611750e+15,7.363107781851031819e-02
1.651200758756628250e+15,7.363107781851041533e-02
1.651200758758644750e+15,7.363107781851052636e-02
1.651200758760661000e+15,7.363107781851052636e-02
1.651200758762677500e+15,7.363107781851052636e-02
1.651200758764694000e+15,7.363107781851052636e-02
1.651200758766710250e+15,7.363107781851052636e-02
1.651200758768726750e+15,7.363107781851052636e-02
1.651200758770743250e+15,7.363107781851052636e-02
1.651200758772759500e+15,7.363107781851052636e-02
1.651200758774776000e+15,7.363107781851052636e-02
1.651200758776792250e+15,7.363107781851052636e-02
1.651200758778808750e+15,7.363107781851052636e-02
1.651200758780825250e+15,7.363107781851052636e-02
1.651200758782841500e+15,7.363107781851052636e-02
1.651200758784858000e+15,7.363107781851052636e-02
1.651200758786874500e+15,7.363107781851052636e-02
1.651200758788890750e+15,7.363107781851052636e-02
1.651200758790907250e+15,7.363107781851052636e-02
1.651200758792923750e+15,7.363107781851052636e-02
1.651200758794940000e+15,7.363107781851052636e-02
1.651200758796956500e+15,7.363107781851052636e-02
1.651200758798973000e+15,7.363107781851052636e-02
1.651200758800989250e+15,7.363107781851052636e-02
1.651200758803005750e+15,7.363107781851052636e-02
1.651200758805022250e+15,7.363107781851052636e-02
1.651200758807038500e+15,7.363107781851052636e-02
1.651200758809055000e+15,7.363107781851051248e-02
1.651200758811071250e+15,7.363107781851051248e-02
1.651200758813087750e+15,7.363107781851052636e-02
1.651200758815104250e+15,7.363107781851052636e-02
1.651200758817120500e+15,7.363107781851052636e-02
1.651200758819137000e+15,7.363107781851052636e-02
1.651200758821153500e+15,7.363107781851052636e-02
1.651200758823169750e+15,7.363107781851052636e-02
1.651200758825186250e+15,7.363107781851052636e-02
1.651200758827202750e+15,7.363107781851052636e-02
1.651200758829219000e+15,7.363107781851052636e-02
1.651200758831235500e+15,7.363107781851052636e-02
1.651200758833252000e+15,7.363107781851038758e-02
1.651200758835268250e+15,7.363107781851022104e-02
1.651200758837284750e+15,7.363107781851008227e-02
1.651200758839301250e+15,7.363107781850992961e-02
1.651200758841317500e+15,7.363107781850977696e-02
1.651200758843334000e+15,7.363107781850963818e-02
1.651200758845350250e+15,7.363107781850963818e-02
1.651200758847366750e+15,7.363107781850963818e-02
1.651200758849383250e+15,7.363107781850963818e-02
1.651200758851399500e+15,7.363107781850963818e-02
1.651200758853416000e+15,7.363107781850963818e-02
1.651200758855432500e+15,7.363107781850973532e-02
1.651200758857448750e+15,7.363107781850991573e-02
1.651200758859465250e+15,7.363107781851008227e-02
1.651200758861481750e+15,7.363107781851026268e-02
1.651200758863498000e+15,7.363107781851044309e-02
1.651200758865514500e+15,7.363107781851048472e-02
1.651200758867531000e+15,7.363107781851040146e-02
1.651200758869547250e+15,7.363107781851033207e-02
1.651200758871563750e+15,7.363107781851023492e-02
1.651200758873580250e+15,7.363107781851016553e-02
1.651200758875596500e+15,7.363107781851008227e-02
1.651200758877613000e+15,7.363107781850999900e-02
1.651200758879629250e+15,7.363107781850991573e-02
1.651200758881645750e+15,7.363107781850983247e-02
1.651200758883662250e+15,7.363107781850974920e-02
1.651200758885678500e+15,7.363107781850967981e-02
1.651200758887695000e+15,7.363107781850963818e-02
1.651200758889711500e+15,7.363107781850963818e-02
1.651200758891727750e+15,7.363107781850963818e-02
1.651200758893744250e+15,7.363107781850963818e-02
1.651200758895760750e+15,7.363107781850963818e-02
1.651200758897777000e+15,7.363107781850963818e-02
1.651200758899793500e+15,7.363107781850962430e-02
1.651200758901810000e+15,7.363107781850970757e-02
1.651200758903826250e+15,7.363107781850986022e-02
1.651200758905842750e+15,7.363107781850999900e-02
1.651200758907859250e+15,7.363107781851013778e-02
1.651200758909875500e+15,7.363107781851027656e-02
1.651200758911892000e+15,7.363107781851041533e-02
1.651200758913908250e+15,7.349952150815178276e-02
1.651200758915924750e+15,7.289967232818925225e-02
1.651200758917941250e+15,7.229982314822673561e-02
1.651200758919957500e+15,7.170004833587888260e-02
1.651200758921974000e+15,7.110019915591636597e-02
1.651200758923990500e+15,7.050034997595384934e-02
1.651200758926006750e+15,6.990057516360601020e-02
1.651200758928023250e+15,6.930072598364347969e-02
1.651200758930039750e+15,6.870087680368097693e-02
1.651200758932056000e+15,6.810110199133312392e-02
1.651200758934072500e+15,6.750125281137059341e-02
1.651200758936089000e+15,6.749515466696731636e-02
1.651200758938105250e+15,6.749515466696731636e-02
1.651200758940121750e+15,6.749515466696731636e-02
1.651200758942138250e+15,6.749515466696731636e-02
1.651200758944154500e+15,6.749515466696731636e-02
1.651200758946171000e+15,6.749515466696748289e-02
1.651200758948187250e+15,6.749515466696776045e-02
1.651200758950203750e+15,6.749515466696802413e-02
1.651200758952220250e+15,6.749515466696828780e-02
1.651200758954236500e+15,6.749515466696856536e-02
1.651200758956253000e+15,6.749515466696882904e-02
1.651200758958269500e+15,6.749515466696907884e-02
1.651200758960285750e+15,6.749515466696894006e-02
1.651200758962302250e+15,6.749515466696878740e-02
1.651200758964318750e+15,6.749515466696863475e-02
1.651200758966335000e+15,6.749515466696848209e-02
1.651200758968351500e+15,6.749515466696834332e-02
1.651200758970368000e+15,6.749515466696817678e-02
1.651200758972384250e+15,6.749515466696803800e-02
1.651200758974400750e+15,6.749515466696788535e-02
1.651200758976417250e+15,6.749515466696773269e-02
1.651200758978433500e+15,6.749515466696758004e-02
1.651200758980450000e+15,6.749515466696744126e-02
1.651200758982466250e+15,6.749515466696731636e-02
1.651200758984482750e+15,6.749515466696731636e-02
1.651200758986499250e+15,6.749515466696731636e-02
1.651200758988515500e+15,6.749515466696731636e-02
1.651200758990532000e+15,6.749515466696731636e-02
1.651200758992548500e+15,6.749515466696730248e-02
1.651200758994564750e+15,6.749515466696731636e-02
1.651200758996581250e+15,6.749515466696731636e-02
1.651200758998597750e+15,6.749515466696731636e-02
1.651200759000614000e+15,6.749515466696731636e-02
1.651200759002630500e+15,6.749515466696731636e-02
1.651200759004647000e+15,6.749515466696731636e-02
1.651200759006663250e+15,6.749515466696731636e-02
1.651200759008679750e+15,6.749515466696731636e-02
1.651200759010696250e+15,6.749515466696731636e-02
1.651200759012712500e+15,6.749515466696731636e-02
1.651200759014729000e+15,6.749515466696731636e-02
1.651200759016745250e+15,6.749515466696731636e-02
1.651200759018761750e+15,6.749515466696731636e-02
1.651200759020778250e+15,6.749515466696731636e-02
1.651200759022794500e+15,6.749515466696731636e-02
1.651200759024811000e+15,6.749515466696731636e-02
1.651200759026827500e+15,6.749515466696731636e-02
1.651200759028843750e+15,6.749515466696731636e-02
1.651200759030860250e+15,6.749515466696731636e-02
1.651200759032876750e+15,6.749515466696731636e-02
1.651200759034893000e+15,6.749515466696733024e-02
1.651200759036909500e+15,6.749515466696731636e-02
1.651200759038926000e+15,6.749515466696731636e-02
1.651200759040942250e+15,6.749515466696731636e-02
1.651200759042958750e+15,6.749515466696731636e-02
1.651200759044975250e+15,6.749515466696731636e-02
1.651200759046991500e+15,6.749515466696731636e-02
1.651200759049008000e+15,6.749515466696733024e-02
1.651200759051024250e+15,6.749515466696731636e-02
1.651200759053040750e+15,6.749515466696733024e-02
1.651200759055057250e+15,6.816126887751065844e-02
1.651200759057073500e+15,6.897119064865975258e-02
1.651200759059090000e+15,6.978121284408303482e-02
1.651200759061106500e+15,7.059123503950631706e-02
1.651200759063122750e+15,7.140115681065539732e-02
1.651200759065139250e+15,7.221117900607867957e-02
1.651200759067155750e+15,7.302120120150194793e-02
1.651200759069172000e+15,7.241647819633711958e-02
1.651200759071188500e+15,6.749832530855344459e-02
1.651200759073205000e+15,6.258017242076976960e-02
1.651200759075221250e+15,5.766262927175225261e-02
1.651200759077237750e+15,5.274447638396857069e-02
1.651200759079254250e+15,4.782632349618490264e-02
1.651200759081270500e+15,4.295146206079802909e-02
1.651200759083287000e+15,4.295146206079802909e-02
1.651200759085303250e+15,4.295146206079802909e-02
1.651200759087319750e+15,4.295146206079802909e-02
1.651200759089336250e+15,4.295146206079802909e-02
1.651200759091352500e+15,4.295146206079802909e-02
1.651200759093369000e+15,4.295146206079802909e-02
1.651200759095385500e+15,4.353410294879458270e-02
1.651200759097401750e+15,4.412339298662906750e-02
1.651200759099418250e+15,4.471275609204418411e-02
1.651200759101434750e+15,4.530211919745931459e-02
1.651200759103451000e+15,4.589140923529379940e-02
1.651200759105467500e+15,4.648077234070892294e-02
1.651200759107484000e+15,4.707013544612403955e-02
1.651200759109500250e+15,4.765942548395853129e-02
1.651200759111516750e+15,4.824878858937366177e-02
1.651200759113533250e+15,4.883815169478877144e-02
1.651200759115549500e+15,4.867901393978449343e-02
1.651200759117566000e+15,4.797125229723279982e-02
1.651200759119582250e+15,4.726357840097947238e-02
1.651200759121598750e+15,4.655581675842777184e-02
1.651200759123615250e+15,4.584805511587608517e-02
1.651200759125631500e+15,4.514038121962275080e-02
1.651200759127648000e+15,4.443261957707105719e-02
1.651200759129664500e+15,4.372485793451936359e-02
1.651200759131680750e+15,4.301718403826602921e-02
1.651200759133697250e+15,4.295146206079662049e-02
1.651200759135713750e+15,4.295146206079702988e-02
1.651200759137730000e+15,4.295146206079744622e-02
1.651200759139746500e+15,4.295146206079785561e-02
1.651200759141763000e+15,4.295146206079826501e-02
1.651200759143779250e+15,4.295146206079867440e-02
1.651200759145795750e+15,4.295146206079891726e-02
1.651200759147812250e+15,4.295146206079891726e-02
1.651200759149828500e+15,4.295146206079891726e-02
1.651200759151845000e+15,4.295146206079891726e-02
1.651200759153861250e+15,4.295146206079891726e-02
1.651200759155877750e+15,4.295146206079891726e-02
1.651200759157894250e+15,4.295146206079891726e-02
1.651200759159910500e+15,4.295146206079891726e-02
1.651200759161927000e+15,4.295146206079891726e-02
1.651200759163943500e+15,4.295146206079891726e-02
1.651200759165959750e+15,4.295146206079891726e-02
1.651200759167976250e+15,4.295146206079891726e-02
1.651200759169992750e+15,4.295146206079891726e-02
1.651200759172009000e+15,4.295146206079891726e-02
1.651200759174025500e+15,4.295146206079891726e-02
1.651200759176042000e+15,4.295146206079891726e-02
1.651200759178058250e+15,4.295146206079891726e-02
1.651200759180074750e+15,4.295146206079891726e-02
1.651200759182091000e+15,4.295146206079891726e-02
1.651200759184107500e+15,4.295146206079891033e-02
1.651200759186124000e+15,4.295146206079891726e-02
1.651200759188140250e+15,4.295146206079891726e-02
1.651200759190156750e+15,4.295146206079891726e-02
1.651200759192173250e+15,4.295146206079891726e-02
1.651200759194189500e+15,4.295146206079891726e-02
1.651200759196206000e+15,4.295146206079891033e-02
1.651200759198222500e+15,4.295146206079891726e-02
1.651200759200238750e+15,4.295146206079891726e-02
1.651200759202255250e+15,4.295146206079891726e-02
1.651200759204271750e+15,4.295146206079891726e-02
1.651200759206288000e+15,4.295146206079888257e-02
1.651200759208304500e+15,4.295146206079860501e-02
1.651200759210321000e+15,4.295146206079832746e-02
1.651200759212337250e+15,4.295146206079805684e-02
1.651200759214353750e+15,4.295146206079777929e-02
1.651200759216370000e+15,4.295146206079749479e-02
1.651200759218386500e+15,4.295146206079721724e-02
1.651200759220403000e+15,4.295146206079713397e-02
1.651200759222419250e+15,4.295146206079714091e-02
1.651200759224435750e+15,4.295146206079714091e-02
1.651200759226452250e+15,4.295146206079714091e-02
1.651200759228468500e+15,4.295146206079714091e-02
1.651200759230485000e+15,4.295146206079714091e-02
1.651200759232501500e+15,4.295146206079714091e-02
1.651200759234517750e+15,4.295146206079714091e-02
1.651200759236534250e+15,4.295146206079714091e-02
1.651200759238550750e+15,4.295146206079714091e-02
1.651200759240567000e+15,4.295146206079713397e-02
1.651200759242583500e+15,4.295146206079714091e-02
1.651200759244600000e+15,4.295146206079714091e-02
1.651200759246616250e+15,4.295146206079714091e-02
1.651200759248632750e+15,4.295146206079714091e-02
1.651200759250649000e+15,4.295146206079714091e-02
1.651200759252665500e+15,4.295146206079714091e-02
1.651200759254682000e+15,4.295146206079714091e-02
1.651200759256698250e+15,4.295146206079714091e-02
1.651200759258714750e+15,4.295146206079714091e-02
1.651200759260731250e+15,4.295146206079714091e-02
1.651200759262747500e+15,4.295146206079714091e-02
1.651200759264764000e+15,4.295146206079714091e-02
1.651200759266780500e+15,4.295146206079714091e-02
1.651200759268796750e+15,4.295146206079714091e-02
1.651200759270813250e+15,4.295146206079714091e-02
1.651200759272829750e+15,4.295146206079713397e-02
1.651200759274846000e+15,4.295146206079714091e-02
1.651200759276862500e+15,4.295146206079714091e-02
1.651200759278879000e+15,4.295146206079714091e-02
1.651200759280895250e+15,4.295146206079714091e-02
1.651200759282911750e+15,4.295146206079714091e-02
1.651200759284928000e+15,4.295146206079714091e-02
1.651200759286944500e+15,4.295146206079714091e-02
1.651200759288961000e+15,4.295146206079714091e-02
1.651200759290977250e+15,4.295146206079714091e-02
1.651200759292993750e+15,4.295146206079714091e-02
1.651200759295010250e+15,4.295146206079714091e-02
1.651200759297026500e+15,4.295146206079714091e-02
1.651200759299043000e+15,4.295146206079714091e-02
1.651200759301059500e+15,4.295146206079714091e-02
1.651200759303075750e+15,4.295146206079714091e-02
1.651200759305092250e+15,4.295146206079714091e-02
1.651200759307108750e+15,4.295146206079714091e-02
1.651200759309125000e+15,4.295146206079714091e-02
1.651200759311141500e+15,4.295146206079714091e-02
1.651200759313158000e+15,4.295146206079714091e-02
1.651200759315174250e+15,4.295146206079714091e-02
1.651200759317190750e+15,4.295146206079714091e-02
1.651200759319207000e+15,4.295146206079714785e-02
1.651200759321223500e+15,4.295146206079714091e-02
1.651200759323240000e+15,4.295146206079714091e-02
1.651200759325256250e+15,4.276825633275398858e-02
1.651200759327272750e+15,4.152122055014127733e-02
1.651200759329289250e+15,4.027418476752857301e-02
1.651200759331305500e+15,3.902730358890577067e-02
1.651200759333322000e+15,3.778026780629306636e-02
1.651200759335338500e+15,3.681553890925570727e-02
1.651200759337354750e+15,3.681553890925570727e-02
1.651200759339371250e+15,3.681553890925570727e-02
1.651200759341387750e+15,3.681553890925570727e-02
1.651200759343404000e+15,3.681553890925570727e-02
1.651200759345420500e+15,3.681553890925570727e-02
1.651200759347437000e+15,3.681553890925570727e-02
1.651200759349453250e+15,3.681553890925571421e-02
1.651200759351469750e+15,3.681553890925570727e-02
1.651200759353486000e+15,3.681553890925570727e-02
1.651200759355502500e+15,3.681553890925570727e-02
1.651200759357519000e+15,3.681553890925570727e-02
1.651200759359535250e+15,3.681553890925570727e-02
1.651200759361551750e+15,3.681553890925570727e-02
1.651200759363568250e+15,3.727498598375385969e-02
1.651200759365584500e+15,3.820204143930240603e-02
1.651200759367601000e+15,3.912921184283056630e-02
1.651200759369617500e+15,4.005638224635872657e-02
1.651200759371633750e+15,4.098343770190727986e-02
1.651200759373650250e+15,4.191060810543543319e-02
1.651200759375666750e+15,4.283777850896359346e-02
1.651200759377683000e+15,4.205328679765467370e-02
1.651200759379699500e+15,4.102944823455302592e-02
1.651200759381716000e+15,4.000560967145139202e-02
1.651200759383732250e+15,3.898189804097597355e-02
1.651200759385748750e+15,3.795805947787433965e-02
1.651200759387765000e+15,3.693434784739892118e-02
1.651200759389781500e+15,3.727617245952627445e-02
1.651200759391798000e+15,3.779727627670471934e-02
1.651200759393814250e+15,3.831831548889715749e-02
1.651200759395830750e+15,3.883941930607560239e-02
1.651200759397847250e+15,3.936052312325405422e-02
1.651200759399863500e+15,3.988156233544649237e-02
1.651200759401880000e+15,4.040266615262493727e-02
1.651200759403896500e+15,4.092376996980338910e-02
1.651200759405912750e+15,4.144480918199582725e-02
1.651200759407929250e+15,4.196591299917427215e-02
1.651200759409945750e+15,4.248701681635272398e-02
1.651200759411962000e+15,4.295146206079800827e-02
1.651200759413978500e+15,4.295146206079784867e-02
1.651200759415995000e+15,4.295146206079768214e-02
1.651200759418011250e+15,4.295146206079751561e-02
1.651200759420027750e+15,4.295146206079734907e-02
1.651200759422044000e+15,4.295146206079717560e-02
1.651200759424060500e+15,4.295146206079714091e-02
1.651200759426077000e+15,4.295146206079714091e-02
1.651200759428093250e+15,4.295146206079714091e-02
1.651200759430109750e+15,4.295146206079714091e-02
1.651200759432126250e+15,4.295146206079714091e-02
1.651200759434142500e+15,4.295146206079714091e-02
1.651200759436159000e+15,4.295146206079714091e-02
1.651200759438175500e+15,4.295146206079714091e-02
1.651200759440191750e+15,4.295146206079723805e-02
1.651200759442208250e+15,4.295146206079739765e-02
1.651200759444224750e+15,4.295146206079755724e-02
1.651200759446241000e+15,4.295146206079771684e-02
1.651200759448257500e+15,4.295146206079786949e-02
1.651200759450274000e+15,4.295146206079802909e-02
1.651200759452290250e+15,4.295146206079794582e-02
1.651200759454306750e+15,4.295146206079786255e-02
1.651200759456323000e+15,4.295146206079777929e-02
1.651200759458339500e+15,4.295146206079769602e-02
1.651200759460356000e+15,4.295146206079759887e-02
1.651200759462372250e+15,4.295146206079751561e-02
1.651200759464388750e+15,4.295146206079743234e-02
1.651200759466405250e+15,4.295146206079734907e-02
1.651200759468421500e+15,4.295146206079726581e-02
1.651200759470438000e+15,4.295146206079718254e-02
1.651200759472454500e+15,4.295146206079714091e-02
1.651200759474470750e+15,4.295146206079714091e-02
1.651200759476487250e+15,4.295146206079714091e-02
1.651200759478503750e+15,4.295146206079714091e-02
1.651200759480520000e+15,4.295146206079714091e-02
1.651200759482536500e+15,4.295146206079714091e-02
1.651200759484553000e+15,4.295146206079714091e-02
1.651200759486569250e+15,4.295146206079714785e-02
1.651200759488585750e+15,4.295146206079714091e-02
1.651200759490602000e+15,4.295146206079714091e-02
1.651200759492618500e+15,4.295146206079714091e-02
1.651200759494635000e+15,4.295146206079714091e-02
1.651200759496651250e+15,4.295146206079714785e-02
1.651200759498667750e+15,4.295146206079714091e-02
1.651200759500684250e+15,4.295146206079714091e-02
1.651200759502700500e+15,4.295146206079714091e-02
1.651200759504717000e+15,4.295146206079714091e-02
1.651200759506733500e+15,4.295146206079714091e-02
1.651200759508749750e+15,4.295146206079714091e-02
1.651200759510766250e+15,4.295146206079714785e-02
1.651200759512782750e+15,4.295146206079714091e-02
1.651200759514799000e+15,4.295146206079714091e-02
1.651200759516815500e+15,4.295146206079714091e-02
1.651200759518832000e+15,4.295146206079714091e-02
1.651200759520848250e+15,4.295146206079714091e-02
1.651200759522864750e+15,4.295146206079714091e-02
1.651200759524881000e+15,4.295146206079714091e-02
1.651200759526897500e+15,4.295146206079714091e-02
1.651200759528914000e+15,4.295146206079714091e-02
1.651200759530930250e+15,4.295146206079714091e-02
1.651200759532946750e+15,4.295146206079714091e-02
1.651200759534963250e+15,4.295146206079714091e-02
1.651200759536979500e+15,4.295146206079714091e-02
1.651200759538996000e+15,4.295146206079714091e-02
1.651200759541012500e+15,4.295146206079714091e-02
1.651200759543028750e+15,4.295146206079713397e-02
1.651200759545045250e+15,4.295146206079713397e-02
1.651200759547061750e+15,4.295146206079714091e-02
1.651200759549078000e+15,4.295146206079714091e-02
1.651200759551094500e+15,4.295146206079714091e-02
1.651200759553111000e+15,4.295146206079714091e-02
1.651200759555127250e+15,4.295146206079713397e-02
1.651200759557143750e+15,4.295146206079716866e-02
1.651200759559160000e+15,4.295146206079725193e-02
1.651200759561176500e+15,4.295146206079734907e-02
1.651200759563193000e+15,4.295146206079743234e-02
1.651200759565209250e+15,4.295146206079751561e-02
1.651200759567225750e+15,4.295146206079761275e-02
1.651200759569242250e+15,4.295146206079769602e-02
1.651200759571258500e+15,4.295146206079778622e-02
1.651200759573275000e+15,4.295146206079786949e-02
1.651200759575291500e+15,4.295146206079795970e-02
1.651200759577307750e+15,4.295146206079798051e-02
1.651200759579324250e+15,4.295146206079782092e-02
1.651200759581340750e+15,4.295146206079766132e-02
1.651200759583357000e+15,4.295146206079750173e-02
1.651200759585373500e+15,4.295146206079734214e-02
1.651200759587390000e+15,4.295146206079718254e-02
1.651200759589406250e+15,4.295146206079714091e-02
1.651200759591422750e+15,4.295146206079714091e-02
1.651200759593439000e+15,4.295146206079714091e-02
1.651200759595455500e+15,4.295146206079714091e-02
1.651200759597472000e+15,4.295146206079714091e-02
1.651200759599488250e+15,4.295146206079714091e-02
1.651200759601504750e+15,4.295146206079714091e-02
1.651200759603521250e+15,4.295146206079714091e-02
1.651200759605537500e+15,4.295146206079714091e-02
1.651200759607554000e+15,4.295146206079714091e-02
1.651200759609570500e+15,4.295146206079714785e-02
1.651200759611586750e+15,4.295146206079714785e-02
1.651200759613603250e+15,4.295146206079714091e-02
1.651200759615619750e+15,4.295146206079714091e-02
1.651200759617636000e+15,4.295146206079714091e-02
1.651200759619652500e+15,4.295146206079714091e-02
1.651200759621669000e+15,4.295146206079714091e-02
1.651200759623685250e+15,4.295146206079714785e-02
1.651200759625701750e+15,4.295146206079714785e-02
1.651200759627718000e+15,4.295146206079714091e-02
1.651200759629734500e+15,4.244159841091160040e-02
1.651200759631751000e+15,4.157797804132387642e-02
1.651200759633767250e+15,4.071446474096124951e-02
1.651200759635783750e+15,3.985084437137352553e-02
1.651200759637800250e+15,3.898722400178580849e-02
1.651200759639816500e+15,3.812371070142317464e-02
1.651200759641833000e+15,3.726009033183545066e-02
1.651200759643849500e+15,3.738184722879769883e-02
1.651200759645865750e+15,3.854875489285138068e-02
1.651200759647882250e+15,3.971580724477414420e-02
1.651200759649898750e+15,4.088285959669690078e-02
1.651200759651915000e+15,4.204976726075058957e-02
1.651200759653931500e+15,4.257089787209567683e-02
1.651200759655948000e+15,4.089716245984203330e-02
1.651200759657964250e+15,3.922363455259857828e-02
1.651200759659980750e+15,3.754989914034493476e-02
1.651200759661997000e+15,3.587637123310147974e-02
1.651200759664013500e+15,3.420263582084783621e-02
1.651200759666030000e+15,3.252890040859418574e-02
1.651200759668046250e+15,3.085537250135073767e-02
1.651200759670062750e+15,3.106069588117747055e-02
1.651200759672079250e+15,3.148648785733224043e-02
1.651200759674095500e+15,3.191222704499505070e-02
1.651200759676112000e+15,3.233801902114982751e-02
1.651200759678128500e+15,3.276381099730459739e-02
1.651200759680144750e+15,3.318955018496740766e-02
1.651200759682161250e+15,3.361534216112217754e-02
1.651200759684177750e+15,3.404113413727694742e-02
1.651200759686194000e+15,3.446687332493975769e-02
1.651200759688210500e+15,3.489266530109453451e-02
1.651200759690227000e+15,3.531845727724930439e-02
1.651200759692243250e+15,3.574419646491211466e-02
1.651200759694259750e+15,3.616998844106688454e-02
1.651200759696276000e+15,3.659572762872969481e-02
1.651200759698292500e+15,3.637170137148677818e-02
1.651200759700309000e+15,3.545422480059240433e-02
1.651200759702325250e+15,3.453686197586352397e-02
1.651200759704341750e+15,3.361938540496915706e-02
1.651200759706358250e+15,3.270190883407478322e-02
1.651200759708374500e+15,3.178454600934590285e-02
1.651200759710391000e+15,3.086706943845153595e-02
1.651200759712407500e+15,3.159331308454869230e-02
1.651200759714423750e+15,3.274148524736057719e-02
1.651200759716440250e+15,3.388979977497876689e-02
1.651200759718456750e+15,3.503811430259695658e-02
1.651200759720473000e+15,3.618628646540884841e-02
1.651200759722489500e+15,3.733460099302703117e-02
1.651200759724506000e+15,3.848291552064522086e-02
1.651200759726522250e+15,3.963108768345711963e-02
1.651200759728538750e+15,4.077940221107530239e-02
1.651200759730555000e+15,4.192757437388718728e-02
1.651200759732571500e+15,4.281846938064689384e-02
1.651200759734588000e+15,4.159110215169237873e-02
1.651200759736604250e+15,4.036388708827579053e-02
1.651200759738620750e+15,3.913651985932127542e-02
1.651200759740637250e+15,3.790915263036676031e-02
1.651200759742653500e+15,3.681553890925393091e-02
1.651200759744670000e+15,3.681553890925393091e-02
1.651200759746686500e+15,3.681553890925393091e-02
1.651200759748702750e+15,3.681553890925393091e-02
1.651200759750719250e+15,3.681553890925393091e-02
1.651200759752735750e+15,3.681553890925393091e-02
1.651200759754752000e+15,3.681553890925393785e-02
1.651200759756768500e+15,3.631413310947922274e-02
1.651200759758785000e+15,3.556155789902467473e-02
1.651200759760801250e+15,3.480907599072861902e-02
1.651200759762817750e+15,3.405650078027406408e-02
1.651200759764834000e+15,3.330401887197801530e-02
1.651200759766850500e+15,3.255144366152346036e-02
1.651200759768867000e+15,3.179886845106890542e-02
1.651200759770883250e+15,3.104638654277285317e-02
1.651200759772899750e+15,3.117101725739539891e-02
1.651200759774916250e+15,3.212957699051324084e-02
1.651200759776932500e+15,3.308801788409064526e-02
1.651200759778949000e+15,3.404657761720848719e-02
1.651200759780965500e+15,3.500513735032632912e-02
1.651200759782981750e+15,3.596357824390374047e-02
1.651200759784998250e+15,3.681553890925481215e-02
1.651200759787014750e+15,3.681553890925476358e-02
1.651200759789031000e+15,3.681553890925470807e-02
1.651200759791047500e+15,3.681553890925465949e-02
1.651200759793064000e+15,3.681553890925461092e-02
1.651200759795080250e+15,3.681553890925455541e-02
1.651200759797096750e+15,3.681553890925450684e-02
1.651200759799113000e+15,3.681553890925445133e-02
1.651200759801129500e+15,3.681553890925440276e-02
1.651200759803146000e+15,3.681553890925434724e-02
1.651200759805162250e+15,3.681553890925429173e-02
1.651200759807178750e+15,3.681553890925424316e-02
1.651200759809195250e+15,3.681553890925418765e-02
1.651200759811211500e+15,3.681553890925413908e-02
1.651200759813228000e+15,3.681553890925408357e-02
1.651200759815244500e+15,3.681553890925403499e-02
1.651200759817260750e+15,3.681553890925397948e-02
1.651200759819277250e+15,3.681553890925394479e-02
1.651200759821293750e+15,3.681553890925418765e-02
1.651200759823310000e+15,3.681553890925443745e-02
1.651200759825326500e+15,3.681553890925468725e-02
1.651200759827343000e+15,3.681553890925493705e-02
1.651200759829359250e+15,3.681553890925517991e-02
1.651200759831375750e+15,3.681553890925542971e-02
1.651200759833392000e+15,3.681553890925567951e-02
1.651200759835408500e+15,3.681553890925561012e-02
1.651200759837425000e+15,3.681553890925550604e-02
1.651200759839441250e+15,3.681553890925539502e-02
1.651200759841457750e+15,3.681553890925529093e-02
1.651200759843474250e+15,3.681553890925518685e-02
1.651200759845490500e+15,3.681553890925508277e-02
1.651200759847507000e+15,3.681553890925497868e-02
1.651200759849523500e+15,3.681553890925487460e-02
1.651200759851539750e+15,3.681553890925476358e-02
1.651200759853556250e+15,3.681553890925466643e-02
1.651200759855572750e+15,3.681553890925455541e-02
1.651200759857589000e+15,3.681553890925445133e-02
1.651200759859605500e+15,3.681553890925434724e-02
1.651200759861622000e+15,3.681553890925425010e-02
1.651200759863638250e+15,3.681553890925413908e-02
1.651200759865654750e+15,3.681553890925403499e-02
1.651200759867671000e+15,3.681553890925393091e-02
1.651200759869687500e+15,3.681553890925393091e-02
1.651200759871704000e+15,3.681553890925393091e-02
1.651200759873720250e+15,3.681553890925393091e-02
1.651200759875736750e+15,3.681553890925393091e-02
1.651200759877753250e+15,3.681553890925393785e-02
1.651200759879769500e+15,3.681553890925393091e-02
1.651200759881786000e+15,3.681553890925393091e-02
1.651200759883802500e+15,3.681553890925393091e-02
1.651200759885818750e+15,3.681553890925393091e-02
1.651200759887835250e+15,3.681553890925393091e-02
1.651200759889851750e+15,3.681553890925393091e-02
1.651200759891868000e+15,3.681553890925393091e-02
1.651200759893884500e+15,3.681553890925393091e-02
1.651200759895901000e+15,3.681553890925393091e-02
1.651200759897917250e+15,3.681553890925393091e-02
1.651200759899933750e+15,3.681553890925393091e-02
1.651200759901950000e+15,3.681553890925393091e-02
1.651200759903966500e+15,3.681553890925393785e-02
1.651200759905983000e+15,3.681553890925383377e-02
1.651200759907999250e+15,3.681553890925370887e-02
1.651200759910015750e+15,3.681553890925358397e-02
1.651200759912032250e+15,3.681553890925345907e-02
1.651200759914048500e+15,3.681553890925334110e-02
1.651200759916065000e+15,3.681553890925322314e-02
1.651200759918081500e+15,3.681553890925310518e-02
1.651200759920097750e+15,3.681553890925357703e-02
1.651200759922114250e+15,3.681553890925452766e-02
1.651200759924130750e+15,3.681553890925547828e-02
1.651200759926147000e+15,3.681553890925643585e-02
1.651200759928163500e+15,3.681553890925738648e-02
1.651200759930180000e+15,3.681553890925717831e-02
1.651200759932196250e+15,3.681553890925684525e-02
1.651200759934212750e+15,3.681553890925651218e-02
1.651200759936229000e+15,3.681553890925617217e-02
1.651200759938245500e+15,3.681553890925583217e-02
1.651200759940262000e+15,3.681553890925549910e-02
1.651200759942278250e+15,3.681553890925516603e-02
1.651200759944294750e+15,3.681553890925483297e-02
1.651200759946311250e+15,3.681553890925449990e-02
1.651200759948327500e+15,3.681553890925415989e-02
1.651200759950344000e+15,3.681553890925391009e-02
1.651200759952360500e+15,3.681553890925382683e-02
1.651200759954376750e+15,3.681553890925375744e-02
1.651200759956393250e+15,3.681553890925368111e-02
1.651200759958409750e+15,3.681553890925361172e-02
1.651200759960426000e+15,3.681553890925353539e-02
1.651200759962442500e+15,3.681553890925345907e-02
1.651200759964459000e+15,3.681553890925338968e-02
1.651200759966475250e+15,3.681553890925331335e-02
1.651200759968491750e+15,3.681553890925323702e-02
1.651200759970508000e+15,3.681553890925316763e-02
1.651200759972524500e+15,3.681553890925309130e-02
1.651200759974541000e+15,3.681553890925304967e-02
1.651200759976557250e+15,3.681553890925304273e-02
1.651200759978573750e+15,3.681553890925304273e-02
1.651200759980590250e+15,3.681553890925304273e-02
1.651200759982606500e+15,3.681553890925304273e-02
1.651200759984623000e+15,3.755683972258073988e-02
1.651200759986639500e+15,3.832146022901310872e-02
1.651200759988655750e+15,3.908598593994506293e-02
1.651200759990672250e+15,3.985060644637743177e-02
1.651200759992688750e+15,4.061522695280980755e-02
1.651200759994705000e+15,4.137975266374176175e-02
1.651200759996721500e+15,4.214437317017412366e-02
1.651200759998738000e+15,4.290899367660649943e-02
1.651200760000754250e+15,4.149863872709220330e-02
1.651200760002770750e+15,3.996017568263060538e-02
1.651200760004787000e+15,3.842190337249140608e-02
1.651200760006803500e+15,3.688344032802980815e-02
1.651200760008820000e+15,3.534497728356821022e-02
1.651200760010836250e+15,3.380670497342901093e-02
1.651200760012852750e+15,3.226824192896741300e-02
1.651200760014869250e+15,3.072977888450581160e-02
1.651200760016885500e+15,3.188949425620633132e-02
1.651200760018902000e+15,3.314031199125243299e-02
1.651200760020918500e+15,3.439112972629855547e-02
1.651200760022934750e+15,3.564179238847892117e-02
1.651200760024951250e+15,3.688492895672546013e-02
1.651200760026967750e+15,3.801108614568427663e-02
1.651200760028984000e+15,3.913710371684132883e-02
1.651200760031000500e+15,4.026326090580013839e-02
1.651200760033017000e+15,4.138941809475894795e-02
1.651200760035033250e+15,4.251543566591600709e-02
1.651200760037049750e+15,4.246315274636464077e-02
1.651200760039066000e+15,4.166642715038946371e-02
1.651200760041082500e+15,4.086960276636766171e-02
1.651200760043099000e+15,4.007277838234586664e-02
1.651200760045115250e+15,3.927605278637068958e-02
1.651200760047131750e+15,3.847922840234888758e-02
1.651200760049148250e+15,3.768240401832709252e-02
1.651200760051164500e+15,3.688567842235191546e-02
1.651200760053181000e+15,3.681553890925304273e-02
1.651200760055197500e+15,3.681553890925304273e-02
1.651200760057213750e+15,3.681553890925304273e-02
1.651200760059230250e+15,3.681553890925304273e-02
1.651200760061246750e+15,3.681553890925304273e-02
1.651200760063263000e+15,3.681553890925304273e-02
1.651200760065279500e+15,3.681553890925304273e-02
1.651200760067296000e+15,3.681553890925304273e-02
1.651200760069312250e+15,3.681553890925304273e-02
1.651200760071328750e+15,3.681553890925304273e-02
1.651200760073345000e+15,3.681553890925304273e-02
1.651200760075361500e+15,3.681553890925304273e-02
1.651200760077378000e+15,3.592201728535066030e-02
1.651200760079394250e+15,3.468807004275258760e-02
1.651200760081410750e+15,3.345396979987644986e-02
1.651200760083427250e+15,3.221986955700031907e-02
1.651200760085443500e+15,3.098592231440224637e-02
1.651200760087460000e+15,3.127969055678209848e-02
1.651200760089476500e+15,3.207787712163597676e-02
1.651200760091492750e+15,3.287596472956388904e-02
1.651200760093509250e+15,3.367415129441776733e-02
1.651200760095525750e+15,3.447233785927164562e-02
1.651200760097542000e+15,3.527042546719955790e-02
1.651200760099558500e+15,3.606861203205344313e-02
1.651200760101575000e+15,3.686679859690732142e-02
1.651200760103591250e+15,3.766488620483522676e-02
1.651200760105607750e+15,3.846307276968910505e-02
1.651200760107624000e+15,3.926116037761701733e-02
1.651200760109640500e+15,4.005934694247089561e-02
1.651200760111657000e+15,4.085753350732477390e-02
1.651200760113673250e+15,4.165562111525268618e-02
1.651200760115689750e+15,4.245380768010656447e-02
1.651200760117706250e+15,4.277484229157365453e-02
1.651200760119722500e+15,4.230581415894692221e-02
1.651200760121739000e+15,4.183672787032109708e-02
1.651200760123755500e+15,4.136764158169527195e-02
1.651200760125771750e+15,4.089861344906853963e-02
1.651200760127788250e+15,4.042952716044272143e-02
1.651200760129804750e+15,3.996044087181689630e-02
1.651200760131821000e+15,3.949141273919015704e-02
1.651200760133837500e+15,3.902232645056433885e-02
1.651200760135854000e+15,3.855324016193851372e-02
1.651200760137870250e+15,3.808421202931178140e-02
1.651200760139886750e+15,3.761512574068596321e-02
1.651200760141903000e+15,3.714609760805922395e-02
1.651200760143919500e+15,3.681553890925570727e-02
1.651200760145936000e+15,3.681553890925570727e-02
1.651200760147952250e+15,3.681553890925570727e-02
1.651200760149968750e+15,3.681553890925570727e-02
1.651200760151985250e+15,3.681553890925570727e-02
1.651200760154001500e+15,3.681553890925570727e-02
1.651200760156018000e+15,3.681553890925570727e-02
1.651200760158034500e+15,3.681553890925571421e-02
1.651200760160050750e+15,3.681553890925570727e-02
1.651200760162067250e+15,3.681553890925570727e-02
1.651200760164083750e+15,3.681553890925570727e-02
1.651200760166100000e+15,3.681553890925570727e-02
1.651200760168116500e+15,3.681553890925570727e-02
1.651200760170133000e+15,3.681553890925570727e-02
1.651200760172149250e+15,3.681553890925570727e-02
1.651200760174165750e+15,3.681553890925570033e-02
1.651200760176182000e+15,3.681553890925570727e-02
1.651200760178198500e+15,3.681553890925570727e-02
1.651200760180215000e+15,3.717684870672106900e-02
1.651200760182231250e+15,3.770976083484069846e-02
1.651200760184247750e+15,3.824273904009958813e-02
1.651200760186264250e+15,3.877571724535847086e-02
1.651200760188280500e+15,3.930862937347810726e-02
1.651200760190297000e+15,3.984160757873698999e-02
1.651200760192313500e+15,4.037458578399588660e-02
1.651200760194329750e+15,4.090749791211550912e-02
1.651200760196346250e+15,4.144047611737439879e-02
1.651200760198362750e+15,4.197345432263328846e-02
1.651200760200379000e+15,4.250636645075291792e-02
1.651200760202395500e+15,4.275583501622157861e-02
1.651200760204412000e+15,4.156942318046694118e-02
1.651200760206428250e+15,4.038315843271574751e-02
1.651200760208444750e+15,3.919674659696111008e-02
1.651200760210461000e+15,3.801048184920991641e-02
1.651200760212477500e+15,3.682407001345528591e-02
1.651200760214494000e+15,3.782566292450001422e-02
1.651200760216510250e+15,3.884297688340926369e-02
1.651200760218526750e+15,3.986041698168106551e-02
1.651200760220543250e+15,4.087785707995285345e-02
1.651200760222559500e+15,4.189517103886210292e-02
1.651200760224576000e+15,4.291261113713390474e-02
1.651200760226592500e+15,4.213399929445448694e-02
1.651200760228608750e+15,4.128418784684511483e-02
1.651200760230625250e+15,4.043427102893845659e-02
1.651200760232641750e+15,3.958435421103180529e-02
1.651200760234658000e+15,3.873454276342243319e-02
1.651200760236674500e+15,3.788462594551578189e-02
1.651200760238691000e+15,3.703470912760912365e-02
1.651200760240707250e+15,3.763871428946611447e-02
1.651200760242723750e+15,3.874810988124292865e-02
1.651200760244740000e+15,3.985736793327368521e-02
1.651200760246756500e+15,4.096676352505050633e-02
1.651200760248773000e+15,4.207615911682732746e-02
1.651200760250789250e+15,4.315965653300684463e-02
1.651200760252805750e+15,4.414689734008282046e-02
1.651200760254822250e+15,4.513413814715880323e-02
1.651200760256838500e+15,4.612125655889545706e-02
1.651200760258855000e+15,4.710849736597143983e-02
1.651200760260871500e+15,4.809573817304742260e-02
1.651200760262887750e+15,4.908285658478407643e-02
1.651200760264904250e+15,4.800243703176057530e-02
1.651200760266920750e+15,4.691248908998086470e-02
1.651200760268937000e+15,4.582267627688225986e-02
1.651200760270953500e+15,4.473272833510254232e-02
1.651200760272970000e+15,4.364278039332282477e-02
1.651200760274986250e+15,4.328953166273170894e-02
1.651200760277002750e+15,4.421420762380225827e-02
1.651200760279019000e+15,4.513876894614717028e-02
1.651200760281035500e+15,4.606344490721772655e-02
1.651200760283052000e+15,4.698812086828826895e-02
1.651200760285068250e+15,4.791268219063318790e-02
1.651200760287084750e+15,4.883735815170374417e-02
1.651200760289101250e+15,4.908738521234034397e-02
1.651200760291117500e+15,4.908738521234035090e-02
1.651200760293134000e+15,4.908738521234034397e-02
1.651200760295150500e+15,4.908738521234034397e-02
1.651200760297166750e+15,4.908738521234035090e-02
1.651200760299183250e+15,4.910047063842352955e-02
1.651200760301199750e+15,4.980884007994659107e-02
1.651200760303216000e+15,5.051712169981809053e-02
1.651200760305232500e+15,5.122549114134115206e-02
1.651200760307249000e+15,5.193386058286421358e-02
1.651200760309265250e+15,5.264214220273570610e-02
1.651200760311281750e+15,5.335051164425876763e-02
1.651200760313298000e+15,5.405879326413026015e-02
1.651200760315314500e+15,5.476716270565332861e-02
1.651200760317331000e+15,5.486052898123959520e-02
1.651200760319347250e+15,5.384179091682132767e-02
1.651200760321363750e+15,5.282292653646203373e-02
1.651200760323380250e+15,5.180406215610273285e-02
1.651200760325396500e+15,5.078532409168447226e-02
1.651200760327413000e+15,4.976645971132517832e-02
1.651200760329429500e+15,4.908738521234035090e-02
1.651200760331445750e+15,4.908738521234035090e-02
1.651200760333462250e+15,4.908738521234035090e-02
1.651200760335478750e+15,4.908738521234035090e-02
1.651200760337495000e+15,4.908738521234035090e-02
1.651200760339511500e+15,4.908738521234035090e-02
1.651200760341528000e+15,4.908738521234035090e-02
1.651200760343544250e+15,4.908738521234035090e-02
1.651200760345560750e+15,4.908738521234035090e-02
1.651200760347577000e+15,4.908738521234035090e-02
1.651200760349593500e+15,4.908738521234035090e-02
1.651200760351610000e+15,4.908738521234035090e-02
1.651200760353626250e+15,4.908738521234035090e-02
1.651200760355642750e+15,4.908738521234035090e-02
1.651200760357659250e+15,5.020290889684896063e-02
1.651200760359675500e+15,5.195426153760463600e-02
1.651200760361692000e+15,5.370583133305848605e-02
1.651200760363708500e+15,5.545740112851232917e-02
1.651200760365724750e+15,5.720875376926801148e-02
1.651200760367741250e+15,5.896032356472186153e-02
1.651200760369757750e+15,6.071189336017571159e-02
1.651200760371774000e+15,6.090465245704330954e-02
1.651200760373790500e+15,6.018344185812241065e-02
1.651200760375807000e+15,5.946223125920151176e-02
1.651200760377823250e+15,5.874111007394277467e-02
1.651200760379839750e+15,5.801989947502187578e-02
1.651200760381856000e+15,5.729877828976313869e-02
1.651200760383872500e+15,5.657756769084223980e-02
1.651200760385889000e+15,5.585635709192134091e-02
1.651200760387905250e+15,5.510023504987539289e-02
1.651200760389921750e+15,5.409240829781176985e-02
1.651200760391938250e+15,5.308458154574814680e-02
1.651200760393954500e+15,5.207687974121143898e-02
1.651200760395971000e+15,5.106905298914782287e-02
1.651200760397987500e+15,5.006122623708419983e-02
1.651200760400003750e+15,4.913379682264703424e-02
1.651200760402020250e+15,5.051518445635085758e-02
1.651200760404036750e+15,5.189657209005468091e-02
1.651200760406053000e+15,5.327778846320385675e-02
1.651200760408069500e+15,5.465917609690768009e-02
1.651200760410086000e+15,5.522330836388263109e-02
1.651200760412102250e+15,5.522330836388256170e-02
1.651200760414118750e+15,5.522330836388249231e-02
1.651200760416135000e+15,5.522330836388242292e-02
1.651200760418151500e+15,5.522330836388235353e-02
1.651200760420168000e+15,5.522330836388228414e-02
1.651200760422184250e+15,5.522330836388221476e-02
1.651200760424200750e+15,5.522330836388213843e-02
1.651200760426217250e+15,5.522330836388207598e-02
1.651200760428233500e+15,5.522330836388199965e-02
1.651200760430250000e+15,5.522330836388193026e-02
1.651200760432266500e+15,5.522330836388186087e-02
1.651200760434282750e+15,5.522330836388179148e-02
1.651200760436299250e+15,5.522330836388193026e-02
1.651200760438315750e+15,5.522330836388209679e-02
1.651200760440332000e+15,5.522330836388224945e-02
1.651200760442348500e+15,5.522330836388241598e-02
1.651200760444365000e+15,5.522330836388257558e-02
1.651200760446381250e+15,5.522330836388272823e-02
1.651200760448397750e+15,5.522330836388288783e-02
1.651200760450414000e+15,5.522330836388304742e-02
1.651200760452430500e+15,5.522330836388320702e-02
1.651200760454447000e+15,5.522330836388336661e-02
1.651200760456463250e+15,5.522330836388352621e-02
1.651200760458479750e+15,5.522330836388345682e-02
1.651200760460496250e+15,5.522330836388333192e-02
1.651200760462512500e+15,5.522330836388318620e-02
1.651200760464529000e+15,5.522330836388306130e-02
1.651200760466545500e+15,5.522330836388292252e-02
1.651200760468561750e+15,5.522330836388279068e-02
1.651200760470578250e+15,5.512538910358151523e-02
1.651200760472594750e+15,5.406523238735454207e-02
1.651200760474611000e+15,5.300520710637628141e-02
1.651200760476627500e+15,5.194505039014930825e-02
1.651200760478644000e+15,5.088489367392232121e-02
1.651200760480660250e+15,4.982486839294407444e-02
1.651200760482676750e+15,4.982594627024564127e-02
1.651200760484693000e+15,5.225221711831334881e-02
1.651200760486709500e+15,5.467878880591584001e-02
1.651200760488726000e+15,5.710536049351833121e-02
1.651200760490742250e+15,5.953163134158602487e-02
1.651200760492758750e+15,6.055232114589261666e-02
1.651200760494775250e+15,5.728334121588350702e-02
1.651200760496791500e+15,5.401476656481438154e-02
1.651200760498808000e+15,5.074578663480527191e-02
1.651200760500824500e+15,4.747680670479615533e-02
1.651200760502840750e+15,4.420823205372703679e-02
1.651200760504857250e+15,4.344486803461666824e-02
1.651200760506873750e+15,4.424644156630126030e-02
1.651200760508890000e+15,4.504791572115325604e-02
1.651200760510906500e+15,4.584948925283784116e-02
1.651200760512923000e+15,4.665106278452242627e-02
1.651200760514939250e+15,4.745253693937442202e-02
1.651200760516955750e+15,4.825411047105902101e-02
1.651200760518972000e+15,4.905558462591100982e-02
1.651200760520988500e+15,4.908738521234042029e-02
1.651200760523005000e+15,4.908738521234049662e-02
1.651200760525021250e+15,4.908738521234057295e-02
1.651200760527037750e+15,4.908738521234064234e-02
1.651200760529054250e+15,4.908738521234071173e-02
1.651200760531070500e+15,4.908738521234078112e-02
1.651200760533087000e+15,4.908738521234085050e-02
1.651200760535103500e+15,4.908738521234091989e-02
1.651200760537119750e+15,4.908738521234099622e-02
1.651200760539136250e+15,4.908738521234107255e-02
1.651200760541152750e+15,4.908738521234114194e-02
1.651200760543169000e+15,4.908738521234121827e-02
1.651200760545185500e+15,4.953005260262920151e-02
1.651200760547202000e+15,5.021432917795742856e-02
1.651200760549218250e+15,5.089852091859990713e-02
1.651200760551234750e+15,5.158279749392814806e-02
1.651200760553251000e+15,5.226698923457061274e-02
1.651200760555267500e+15,5.295126580989884674e-02
1.651200760557284000e+15,5.363554238522707379e-02
1.651200760559300250e+15,5.431973412586954542e-02
1.651200760561316750e+15,5.500401070119778635e-02
1.651200760563333250e+15,5.455798046181803418e-02
1.651200760565349500e+15,5.357898583854518032e-02
1.651200760567366000e+15,5.259986982722232585e-02
1.651200760569382500e+15,5.162075381589947137e-02
1.651200760571398750e+15,5.064175919262663139e-02
1.651200760573415250e+15,4.966264318130376998e-02
1.651200760575431750e+15,4.864810529485925211e-02
1.651200760577448000e+15,4.758324429862090255e-02
1.651200760579464500e+15,4.651825126754109696e-02
1.651200760581481000e+15,4.545325823646130525e-02
1.651200760583497250e+15,4.438839724022294875e-02
1.651200760585513750e+15,4.332340420914315704e-02
1.651200760587530000e+15,4.295146206079802909e-02
1.651200760589546500e+15,4.295146206079802909e-02
1.651200760591563000e+15,4.295146206079802909e-02
1.651200760593579250e+15,4.295146206079802909e-02
1.651200760595595750e+15,4.295146206079802909e-02
1.651200760597612250e+15,4.295146206079802215e-02
1.651200760599628500e+15,4.295146206079802215e-02
1.651200760601645000e+15,4.339086608135725442e-02
1.651200760603661500e+15,4.414624392232715383e-02
1.651200760605677750e+15,4.490152811367630059e-02
1.651200760607694250e+15,4.565690595464619306e-02
1.651200760609710750e+15,4.641228379561608552e-02
1.651200760611727000e+15,4.716756798696523229e-02
1.651200760613743500e+15,4.792294582793512475e-02
1.651200760615760000e+15,4.867832366890502416e-02
1.651200760617776250e+15,4.908738521234123908e-02
1.651200760619792750e+15,4.908738521234124602e-02
1.651200760621809000e+15,4.908738521234124602e-02
1.651200760623825500e+15,4.908738521234124602e-02
1.651200760625842000e+15,4.908738521234123908e-02
1.651200760627858250e+15,4.908738521234123908e-02
1.651200760629874750e+15,4.908738521234124602e-02
1.651200760631891250e+15,4.908738521234124602e-02
1.651200760633907500e+15,4.935282537847482387e-02
1.651200760635924000e+15,4.979174304555836900e-02
1.651200760637940500e+15,5.023066071264190718e-02
1.651200760639956750e+15,5.066952396394724251e-02
1.651200760641973250e+15,5.110844163103078763e-02
1.651200760643989750e+15,5.154735929811432582e-02
1.651200760646006000e+15,5.198622254941966114e-02
1.651200760648022500e+15,5.242514021650319933e-02
1.651200760650039000e+15,5.286405788358673752e-02
1.651200760652055250e+15,5.330292113489207284e-02
1.651200760654071750e+15,5.374183880197562491e-02
1.651200760656088000e+15,5.418070205328094635e-02
1.651200760658104500e+15,5.461961972036448454e-02
1.651200760660121000e+15,5.505853738744803660e-02
1.651200760662137250e+15,5.375491968494394701e-02
1.651200760664153750e+15,5.140351545934798011e-02
1.651200760666170250e+15,4.905211123375201321e-02
1.651200760668186500e+15,4.670099852864025014e-02
1.651200760670203000e+15,4.434959430304427630e-02
1.651200760672219500e+15,4.335582459013189588e-02
1.651200760674235750e+15,4.435312850422290509e-02
1.651200760676252250e+15,4.535055607657977050e-02
1.651200760678268750e+15,4.634798364893663591e-02
1.651200760680285000e+15,4.734528756302764513e-02
1.651200760682301500e+15,4.834271513538450360e-02
1.651200760684318000e+15,4.908738521234123908e-02
1.651200760686334250e+15,4.908738521234124602e-02
1.651200760688350750e+15,4.908738521234123908e-02
1.651200760690367000e+15,4.908738521234123908e-02
1.651200760692383500e+15,4.908738521234123908e-02
1.651200760694400000e+15,4.908738521234124602e-02
1.651200760696416250e+15,4.908738521234123908e-02
1.651200760698432750e+15,4.979928040105737613e-02
1.651200760700449250e+15,5.198843274272124670e-02
1.651200760702465500e+15,5.417731367943325743e-02
1.651200760704482000e+15,5.636646602109712800e-02
1.651200760706498500e+15,5.855561836276099857e-02
1.651200760708514750e+15,6.074449929947301624e-02
1.651200760710531250e+15,6.135923151542498760e-02
1.651200760712547750e+15,6.135923151542499454e-02
1.651200760714564000e+15,6.135923151542498760e-02
1.651200760716580500e+15,6.135923151542499454e-02
1.651200760718597000e+15,6.135923151542499454e-02
1.651200760720613250e+15,6.135923151542499454e-02
1.651200760722629750e+15,6.135923151542499454e-02
1.651200760724646000e+15,6.135923151542498760e-02
1.651200760726662500e+15,6.135923151542498760e-02
1.651200760728679000e+15,6.135923151542498760e-02
1.651200760730695250e+15,6.135923151542499454e-02
1.651200760732711750e+15,6.135923151542499454e-02
1.651200760734728250e+15,6.135923151542498760e-02
1.651200760736744500e+15,6.135923151542500148e-02
1.651200760738761000e+15,6.135923151542499454e-02
1.651200760740777500e+15,6.135923151542499454e-02
1.651200760742793750e+15,6.172877121768104852e-02
1.651200760744810250e+15,6.245382770962881053e-02
1.651200760746826750e+15,6.317888420157657947e-02
1.651200760748843000e+15,6.390385080305918675e-02
1.651200760750859500e+15,6.462890729500694875e-02
1.651200760752876000e+15,6.535396378695472464e-02
1.651200760754892250e+15,6.607893038843734579e-02
1.651200760756908750e+15,6.680398688038510779e-02
1.651200760758925000e+15,6.743114659059075422e-02
1.651200760760941500e+15,6.605803716487899935e-02
1.651200760762958000e+15,6.468492773916723060e-02
1.651200760764974250e+15,6.331198854770116180e-02
1.651200760766990750e+15,6.193887912198940693e-02
1.651200760769007250e+15,6.135923151542499454e-02
1.651200760771023500e+15,6.135923151542500148e-02
1.651200760773040000e+15,6.135923151542500148e-02
1.651200760775056500e+15,6.135923151542499454e-02
1.651200760777072750e+15,6.135923151542500148e-02
1.651200760779089250e+15,6.135923151542500148e-02
1.651200760781105750e+15,6.135923151542500148e-02
1.651200760783122000e+15,6.135923151542500842e-02
1.651200760785138500e+15,6.135923151542499454e-02
1.651200760787155000e+15,6.135923151542499454e-02
1.651200760789171250e+15,6.135923151542499454e-02
1.651200760791187750e+15,6.135923151542500148e-02
1.651200760793204000e+15,6.135923151542503617e-02
1.651200760795220500e+15,6.135923151542516107e-02
1.651200760797237000e+15,6.135923151542527210e-02
1.651200760799253250e+15,6.135923151542538312e-02
1.651200760801269750e+15,6.135923151542549414e-02
1.651200760803286250e+15,6.135923151542561904e-02
1.651200760805302500e+15,6.135923151542572312e-02
1.651200760807319000e+15,6.135923151542584802e-02
1.651200760809335500e+15,6.135923151542595211e-02
1.651200760811351750e+15,6.135923151542604231e-02
1.651200760813368250e+15,6.135923151542613946e-02
1.651200760815384750e+15,6.135923151542624354e-02
1.651200760817401000e+15,6.135923151542632681e-02
1.651200760819417500e+15,6.135923151542642395e-02
1.651200760821434000e+15,6.135923151542652110e-02
1.651200760823450250e+15,6.135923151542662518e-02
1.651200760825466750e+15,6.135923151542670845e-02
1.651200760827483000e+15,6.135923151542672926e-02
1.651200760829499500e+15,6.135923151542663212e-02
1.651200760831516000e+15,6.135923151542653498e-02
1.651200760833532250e+15,6.135923151542643783e-02
1.651200760835548750e+15,6.135923151542634069e-02
1.651200760837565250e+15,6.135923151542623660e-02
1.651200760839581500e+15,6.135923151542614640e-02
1.651200760841598000e+15,6.135923151542604231e-02
1.651200760843614500e+15,6.135923151542594517e-02
1.651200760845630750e+15,6.135923151542593129e-02
1.651200760847647250e+15,6.135923151542609089e-02
1.651200760849663750e+15,6.135923151542625048e-02
1.651200760851680000e+15,6.135923151542641008e-02
1.651200760853696500e+15,6.135923151542656273e-02
1.651200760855713000e+15,6.135923151542672233e-02
1.651200760857729250e+15,6.135923151542677090e-02
1.651200760859745750e+15,6.135923151542677784e-02
1.651200760861762000e+15,6.135923151542677784e-02
1.651200760863778500e+15,6.135923151542677090e-02
1.651200760865795000e+15,6.135923151542677090e-02
1.651200760867811250e+15,6.135923151542677090e-02
1.651200760869827750e+15,6.135923151542677090e-02
1.651200760871844250e+15,6.135923151542678478e-02
1.651200760873860500e+15,6.135923151542677090e-02
1.651200760875877000e+15,6.135923151542677090e-02
1.651200760877893500e+15,6.135923151542672926e-02
1.651200760879909750e+15,6.135923151542665294e-02
1.651200760881926250e+15,6.135923151542656967e-02
1.651200760883942750e+15,6.135923151542647946e-02
1.651200760885959000e+15,6.135923151542639620e-02
1.651200760887975500e+15,6.135923151542631293e-02
1.651200760889992000e+15,6.135923151542622966e-02
1.651200760892008250e+15,6.135923151542614640e-02
1.651200760894024750e+15,6.135923151542607007e-02
1.651200760896041000e+15,6.135923151542598680e-02
1.651200760898057500e+15,6.135923151542590354e-02
1.651200760900074000e+15,6.135923151542598680e-02
1.651200760902090250e+15,6.135923151542613252e-02
1.651200760904106750e+15,6.135923151542629905e-02
1.651200760906123250e+15,6.135923151542645171e-02
1.651200760908139500e+15,6.135923151542659049e-02
1.651200760910156000e+15,6.135923151542675008e-02
1.651200760912172500e+15,6.135923151542677090e-02
1.651200760914188750e+15,6.135923151542677090e-02
1.651200760916205250e+15,6.135923151542677090e-02
1.651200760918221750e+15,6.135923151542677090e-02
1.651200760920238000e+15,6.135923151542676396e-02
1.651200760922254500e+15,6.135923151542677090e-02
1.651200760924271000e+15,6.135923151542677090e-02
1.651200760926287250e+15,6.135923151542677090e-02
1.651200760928303750e+15,6.135923151542677090e-02
1.651200760930320000e+15,6.135923151542677090e-02
1.651200760932336500e+15,6.135923151542677784e-02
1.651200760934353000e+15,6.135923151542677090e-02
1.651200760936369250e+15,6.135923151542677090e-02
1.651200760938385750e+15,6.135923151542677090e-02
1.651200760940402250e+15,6.135923151542677090e-02
1.651200760942418500e+15,6.135923151542677090e-02
1.651200760944435000e+15,6.135923151542677090e-02
1.651200760946451500e+15,6.135923151542677090e-02
1.651200760948467750e+15,6.167871481467083333e-02
1.651200760950484250e+15,6.256396122198880361e-02
1.651200760952500750e+15,6.344920762930678082e-02
1.651200760954517000e+15,6.433434428626430557e-02
1.651200760956533500e+15,6.521959069358228278e-02
1.651200760958550000e+15,6.610483710090025999e-02
1.651200760960566250e+15,6.698997375785778474e-02
1.651200760962582750e+15,6.730193546686465134e-02
1.651200760964599000e+15,6.685194619489377710e-02
1.651200760966615500e+15,6.640190112760088748e-02
1.651200760968632000e+15,6.595185606030799785e-02
1.651200760970648250e+15,6.550186678833712361e-02
1.651200760972664750e+15,6.505182172104423399e-02
1.651200760974681250e+15,6.460177665375134437e-02
1.651200760976697500e+15,6.415178738178047013e-02
1.651200760978714000e+15,6.370174231448758051e-02
1.651200760980730500e+15,6.325169724719470477e-02
1.651200760982746750e+15,6.280170797522381665e-02
1.651200760984763250e+15,6.235166290793093397e-02
1.651200760986779750e+15,6.190161784063804434e-02
1.651200760988796000e+15,6.145162856866717010e-02
1.651200760990812500e+15,6.297953584933890792e-02
1.651200760992829000e+15,6.501843986764396788e-02
1.651200760994845250e+15,6.705709110836181874e-02
1.651200760996861750e+15,6.909599512666686483e-02
1.651200760998878000e+15,7.113464636738472957e-02
1.651200761000894500e+15,7.317355038568977565e-02
1.651200761002911000e+15,7.280924140427637303e-02
1.651200761004927250e+15,7.174976079673185680e-02
1.651200761006943750e+15,7.069014882147409140e-02
1.651200761008960250e+15,6.963053684621629824e-02
1.651200761010976500e+15,6.857105623867179589e-02
1.651200761012993000e+15,6.751144426341401661e-02
1.651200761015009500e+15,6.641587796450623693e-02
1.651200761017025750e+15,6.531988619853343336e-02
1.651200761019042250e+15,6.422375853773537591e-02
1.651200761021058750e+15,6.312763087693729069e-02
1.651200761023075000e+15,6.203163911096450794e-02
1.651200761025091500e+15,6.161736482518871683e-02
1.651200761027108000e+15,6.228513367591399091e-02
1.651200761029124250e+15,6.295281973853480983e-02
1.651200761031140750e+15,6.362058858926009086e-02
1.651200761033157000e+15,6.428827465188088897e-02
1.651200761035173500e+15,6.495604350260615611e-02
1.651200761037190000e+15,6.562381235333142326e-02
1.651200761039206250e+15,6.629149841595222137e-02
1.651200761041222750e+15,6.695926726667750239e-02
1.651200761043239250e+15,6.749515466696819066e-02
1.651200761045255500e+15,6.749515466696820454e-02
1.651200761047272000e+15,6.749515466696820454e-02
1.651200761049288500e+15,6.749515466696820454e-02
1.651200761051304750e+15,6.749515466696820454e-02
1.651200761053321250e+15,6.749515466696820454e-02
1.651200761055337750e+15,6.749515466696820454e-02
1.651200761057354000e+15,6.749515466696820454e-02
1.651200761059370500e+15,6.749515466696820454e-02
1.651200761061387000e+15,6.788627217614683074e-02
1.651200761063403250e+15,6.829678267998931518e-02
1.651200761065419750e+15,6.870734408408026017e-02
1.651200761067436000e+15,6.911785458792273074e-02
1.651200761069452500e+15,6.952841599201367573e-02
1.651200761071469000e+15,6.993897739610460684e-02
1.651200761073485250e+15,7.034948789994710516e-02
1.651200761075501750e+15,7.076004930403803628e-02
1.651200761077518250e+15,7.117061070812898127e-02
1.651200761079534500e+15,7.158112121197145183e-02
1.651200761081551000e+15,7.199168261606239683e-02
1.651200761083567500e+15,7.240224402015332794e-02
1.651200761085583750e+15,7.281275452399582626e-02
1.651200761087600250e+15,7.322331592808675738e-02
1.651200761089616750e+15,7.362584758211446201e-02
1.651200761091633000e+15,7.285890473577506798e-02
1.651200761093649500e+15,7.209186679422843747e-02
1.651200761095666000e+15,7.132482885268179307e-02
1.651200761097682250e+15,7.055788600634241292e-02
1.651200761099698750e+15,6.979084806479578240e-02
1.651200761101715000e+15,6.902390521845638838e-02
1.651200761103731500e+15,6.825686727690975786e-02
1.651200761105748000e+15,6.750375355827166468e-02
1.651200761107764250e+15,6.874214745760072465e-02
1.651200761109780750e+15,6.998069490856019537e-02
1.651200761111797250e+15,7.121924235951965221e-02
1.651200761113813500e+15,7.245763625884871217e-02
1.651200761115830000e+15,7.363107781851054023e-02
1.651200761117846500e+15,7.363107781851083167e-02
1.651200761119862750e+15,7.363107781851113698e-02
1.651200761121879250e+15,7.363107781851142841e-02
1.651200761123895750e+15,7.363107781851171985e-02
1.651200761125912000e+15,7.363107781851201128e-02
1.651200761127928500e+15,7.363107781851230271e-02
1.651200761129945000e+15,7.363107781851196965e-02
1.651200761131961250e+15,7.363107781851163658e-02
1.651200761133977750e+15,7.363107781851130351e-02
1.651200761135994000e+15,7.363107781851095657e-02
1.651200761138010500e+15,7.363107781851062350e-02
1.651200761140027000e+15,7.363107781851051248e-02
1.651200761142043250e+15,7.363107781851052636e-02
1.651200761144059750e+15,7.363107781851052636e-02
1.651200761146076250e+15,7.363107781851052636e-02
1.651200761148092500e+15,7.363107781851051248e-02
1.651200761150109000e+15,7.363107781851052636e-02
1.651200761152125500e+15,7.363107781851052636e-02
1.651200761154141750e+15,7.363107781851052636e-02
1.651200761156158250e+15,7.363107781851052636e-02
1.651200761158174750e+15,7.363107781851052636e-02
1.651200761160191000e+15,7.363107781851052636e-02
1.651200761162207500e+15,7.363107781851052636e-02
1.651200761164224000e+15,7.363107781851052636e-02
1.651200761166240250e+15,7.363107781851062350e-02
1.651200761168256750e+15,7.363107781851094269e-02
1.651200761170273000e+15,7.363107781851126188e-02
1.651200761172289500e+15,7.363107781851159495e-02
1.651200761174306000e+15,7.363107781851191413e-02
1.651200761176322250e+15,7.363107781851224720e-02
1.651200761178338750e+15,7.363107781851215006e-02
1.651200761180355250e+15,7.363107781851195577e-02
1.651200761182371500e+15,7.363107781851177536e-02
1.651200761184388000e+15,7.363107781851158107e-02
1.651200761186404500e+15,7.363107781851138678e-02
1.651200761188420750e+15,7.363107781851120637e-02
1.651200761190437250e+15,7.363107781851102596e-02
1.651200761192453750e+15,7.363107781851083167e-02
1.651200761194470000e+15,7.363107781851065126e-02
1.651200761196486500e+15,7.394540299952712115e-02
1.651200761198503000e+15,7.487683096061453769e-02
1.651200761200519250e+15,7.580814344588231168e-02
1.651200761202535750e+15,7.673957140696971435e-02
1.651200761204552000e+15,7.767088389223750222e-02
1.651200761206568500e+15,7.860231185332490489e-02
1.651200761208585000e+15,7.953373981441232143e-02
1.651200761210601250e+15,7.854511220173480968e-02
1.651200761212617750e+15,7.691471438448860276e-02
1.651200761214634250e+15,7.528431656724238197e-02
1.651200761216650500e+15,7.365412088213320330e-02
1.651200761218667000e+15,7.442595695478640416e-02
1.651200761220683500e+15,7.523223149115298991e-02
1.651200761222699750e+15,7.603840606786964329e-02
1.651200761224716250e+15,7.684468060423621516e-02
1.651200761226732750e+15,7.765095514060278703e-02
1.651200761228749000e+15,7.845712971731944041e-02
1.651200761230765500e+15,7.926340425368601228e-02
1.651200761232782000e+15,7.941984896514119041e-02
1.651200761234798250e+15,7.849521854254783160e-02
1.651200761236814750e+15,7.757047347266091131e-02
1.651200761238831000e+15,7.664584305006756637e-02
1.651200761240847500e+15,7.572109798018065996e-02
1.651200761242864000e+15,7.479635291029373967e-02
1.651200761244880250e+15,7.387172248770039473e-02
1.651200761246896750e+15,7.363107781850969369e-02
1.651200761248913250e+15,7.363107781850977696e-02
1.651200761250929500e+15,7.363107781850984634e-02
1.651200761252946000e+15,7.363107781850992961e-02
1.651200761254962500e+15,7.363107781850999900e-02
1.651200761256978750e+15,7.363107781851008227e-02
1.651200761258995250e+15,7.363107781851015166e-02
1.651200761261011750e+15,7.363107781851023492e-02
1.651200761263028000e+15,7.363107781851030431e-02
1.651200761265044500e+15,7.363107781851038758e-02
1.651200761267061000e+15,7.363107781851045697e-02
1.651200761269077250e+15,7.370718572850679107e-02
1.651200761271093750e+15,7.424900956083675674e-02
1.651200761273110000e+15,7.479076621937147396e-02
1.651200761275126500e+15,7.533259005170142575e-02
1.651200761277143000e+15,7.587441388403139142e-02
1.651200761279159250e+15,7.641617054256610864e-02
1.651200761281175750e+15,7.695799437489606043e-02
1.651200761283192250e+15,7.749981820722602610e-02
1.651200761285208500e+15,7.804157486576074332e-02
1.651200761287225000e+15,7.858339869809070899e-02
1.651200761289241500e+15,7.912522253042066078e-02
1.651200761291257750e+15,7.966697918895539188e-02
1.651200761293274250e+15,7.901711308229379671e-02
1.651200761295290750e+15,7.809745431649306457e-02
1.651200761297307000e+15,7.717790956740019914e-02
1.651200761299323500e+15,7.625825080159943925e-02
1.651200761301340000e+15,7.533859203579869324e-02
1.651200761303356250e+15,7.441904728670581393e-02
1.651200761305372750e+15,7.363107781851226108e-02
1.651200761307389000e+15,7.363107781851205291e-02
1.651200761309405500e+15,7.363107781851184475e-02
1.651200761311422000e+15,7.363107781851163658e-02
1.651200761313438250e+15,7.363107781851141453e-02
1.651200761315454750e+15,7.363107781851120637e-02
1.651200761317471250e+15,7.363107781851098432e-02
1.651200761319487500e+15,7.363107781851077616e-02
1.651200761321504000e+15,7.363107781851056799e-02
1.651200761323520500e+15,7.363107781851052636e-02
1.651200761325536750e+15,7.363107781851052636e-02
1.651200761327553250e+15,7.363107781851052636e-02
1.651200761329569750e+15,7.363107781851052636e-02
1.651200761331586000e+15,7.363107781851052636e-02
1.651200761333602500e+15,7.281537067723696521e-02
1.651200761335618750e+15,7.194031373464970791e-02
1.651200761337635250e+15,7.106514829151155954e-02
1.651200761339651750e+15,7.018998284837343893e-02
1.651200761341668000e+15,6.931492590578615387e-02
1.651200761343684500e+15,6.843976046264801938e-02
1.651200761345701000e+15,6.756459501950988489e-02
1.651200761347717250e+15,6.749515466696731636e-02
1.651200761349733750e+15,6.749515466696731636e-02
1.651200761351750250e+15,6.749515466696731636e-02
1.651200761353766500e+15,6.749515466696731636e-02
1.651200761355783000e+15,6.749515466696731636e-02
1.651200761357799500e+15,6.749515466696731636e-02
1.651200761359815750e+15,6.749515466696731636e-02
1.651200761361832250e+15,6.749515466696730248e-02
1.651200761363848750e+15,6.749515466696731636e-02
1.651200761365865000e+15,6.749515466696731636e-02
1.651200761367881500e+15,6.749515466696731636e-02
1.651200761369897750e+15,6.749515466696730248e-02
1.651200761371914250e+15,6.856742586393239913e-02
1.651200761373930750e+15,6.984063938884341183e-02
1.651200761375947000e+15,7.111369506432160814e-02
1.651200761377963500e+15,7.238690858923260696e-02
1.651200761379980000e+15,7.360590143237362437e-02
1.651200761381996250e+15,7.250238211613997674e-02
1.651200761384012750e+15,7.139872597172081115e-02
1.651200761386029250e+15,7.029506982730163167e-02
1.651200761388045500e+15,6.919155051106798404e-02
1.651200761390062000e+15,6.808789436664881844e-02
1.651200761392078500e+15,6.698423822222965285e-02
1.651200761394094750e+15,6.588071890599600522e-02
1.651200761396111250e+15,6.477706276157682574e-02
1.651200761398127750e+15,6.367340661715767403e-02
1.651200761400144000e+15,6.256988730092401252e-02
1.651200761402160500e+15,6.146623115650484692e-02
1.651200761404176750e+15,6.214339534487640926e-02
1.651200761406193250e+15,6.301186513045115012e-02
1.651200761408209750e+15,6.388033491602589098e-02
1.651200761410226000e+15,6.474869703115856967e-02
1.651200761412242500e+15,6.561716681673331053e-02
1.651200761414259000e+15,6.648563660230805139e-02
1.651200761416275250e+15,6.735399871744073008e-02
1.651200761418291750e+15,6.749515466696810739e-02
1.651200761420308250e+15,6.749515466696799637e-02
1.651200761422324500e+15,6.749515466696787147e-02
1.651200761424341000e+15,6.749515466696776045e-02
1.651200761426357500e+15,6.749515466696764943e-02
1.651200761428373750e+15,6.749515466696752453e-02
1.651200761430390250e+15,6.749515466696742738e-02
1.651200761432406750e+15,6.749515466696734411e-02
1.651200761434423000e+15,6.749515466696748289e-02
1.651200761436439500e+15,6.749515466696762167e-02
1.651200761438455750e+15,6.749515466696776045e-02
1.651200761440472250e+15,6.749515466696789923e-02
1.651200761442488750e+15,6.749515466696803800e-02
1.651200761444505000e+15,6.749515466696816290e-02
1.651200761446521500e+15,6.749515466696816290e-02
1.651200761448538000e+15,6.749515466696812127e-02
1.651200761450554250e+15,6.749515466696807964e-02
1.651200761452570750e+15,6.749515466696805188e-02
1.651200761454587250e+15,6.749515466696799637e-02
1.651200761456603500e+15,6.749515466696795474e-02
1.651200761458620000e+15,6.749515466696792698e-02
1.651200761460636500e+15,6.749515466696787147e-02
1.651200761462652750e+15,6.749515466696782984e-02
1.651200761464669250e+15,6.749515466696778820e-02
1.651200761466685750e+15,6.749515466696774657e-02
1.651200761468702000e+15,6.749515466696770494e-02
1.651200761470718500e+15,6.749515466696764943e-02
1.651200761472734750e+15,6.749515466696762167e-02
1.651200761474751250e+15,6.749515466696756616e-02
1.651200761476767750e+15,6.749515466696753840e-02
1.651200761478784000e+15,6.749515466696749677e-02
1.651200761480800500e+15,6.749515466696744126e-02
1.651200761482817000e+15,6.749515466696739963e-02
1.651200761484833250e+15,6.749515466696737187e-02
1.651200761486849750e+15,6.749515466696731636e-02
1.651200761488866250e+15,6.749515466696731636e-02
1.651200761490882500e+15,6.749515466696731636e-02
1.651200761492899000e+15,6.749515466696731636e-02
1.651200761494915500e+15,6.749515466696731636e-02
1.651200761496931750e+15,6.749515466696731636e-02
1.651200761498948250e+15,6.749515466696731636e-02
1.651200761500964750e+15,6.749515466696731636e-02
1.651200761502981000e+15,6.749515466696731636e-02
1.651200761504997500e+15,6.749515466696731636e-02
1.651200761507013750e+15,6.749515466696731636e-02
1.651200761509030250e+15,6.749515466696741350e-02
1.651200761511046750e+15,6.749515466696753840e-02
1.651200761513063000e+15,6.749515466696767718e-02
1.651200761515079500e+15,6.749515466696778820e-02
1.651200761517096000e+15,6.749515466696791310e-02
1.651200761519112250e+15,6.749515466696805188e-02
1.651200761521128750e+15,6.749515466696817678e-02
1.651200761523145250e+15,6.749515466696806576e-02
1.651200761525161500e+15,6.749515466696787147e-02
1.651200761527178000e+15,6.749515466696767718e-02
1.651200761529194500e+15,6.749515466696749677e-02
1.651200761531210750e+15,6.744369722037486803e-02
1.651200761533227250e+15,6.633688184913565100e-02
1.651200761535243750e+15,6.523006647789642010e-02
1.651200761537260000e+15,6.412338832651477694e-02
1.651200761539276500e+15,6.301657295527554603e-02
1.651200761541292750e+15,6.190989480389390287e-02
1.651200761543309250e+15,6.189990671616514561e-02
1.651200761545325750e+15,6.297592106829019709e-02
1.651200761547342000e+15,6.405180201918141136e-02
1.651200761549358500e+15,6.512781637130646284e-02
1.651200761551375000e+15,6.620383072343151432e-02
1.651200761553391250e+15,6.727971167432272859e-02
1.651200761555407750e+15,6.835572602644779394e-02
1.651200761557424250e+15,6.943174037857283154e-02
1.651200761559440500e+15,7.050762132946405969e-02
1.651200761561457000e+15,7.158363568158912504e-02
1.651200761563473500e+15,7.265965003371416264e-02
1.651200761565489750e+15,7.338320202254920710e-02
1.651200761567506250e+15,7.082973309505097292e-02
1.651200761569522750e+15,6.827626416755275263e-02
1.651200761571539000e+15,6.572311181195228391e-02
1.651200761573555500e+15,6.316964288445404974e-02
1.651200761575571750e+15,6.061649052885360184e-02
1.651200761577588250e+15,5.806302160135536766e-02
1.651200761579604750e+15,5.550955267385712655e-02
1.651200761581621000e+15,5.295640031825667171e-02
1.651200761583637500e+15,5.040293139075843754e-02
1.651200761585654000e+15,4.784946246326020336e-02
1.651200761587670250e+15,4.529631010765974852e-02
1.651200761589686750e+15,4.329742145135902914e-02
1.651200761591703250e+15,4.753188039560456157e-02
1.651200761593719500e+15,5.176581436353664550e-02
1.651200761595736000e+15,5.600027330778217793e-02
1.651200761597752500e+15,6.023473225202771730e-02
1.651200761599768750e+15,6.446866621995979429e-02
1.651200761601785250e+15,6.870312516420533366e-02
1.651200761603801750e+15,7.293758410845085915e-02
1.651200761605818000e+15,7.530735853365365384e-02
1.651200761607834500e+15,7.731223401531697736e-02
1.651200761609850750e+15,7.931686093815537575e-02
1.651200761611867250e+15,8.132173641981868539e-02
1.651200761613883750e+15,8.332661190148198116e-02
1.651200761615900000e+15,8.533123882432039342e-02
1.651200761617916500e+15,8.384691918832114232e-02
1.651200761619933000e+15,8.097079435450299512e-02
1.651200761621949250e+15,7.809502609455463984e-02
1.651200761623965750e+15,7.521890126073649263e-02
1.651200761625982250e+15,7.234277642691833154e-02
1.651200761627998500e+15,6.946700816696999015e-02
1.651200761630015000e+15,6.888998266197646214e-02
1.651200761632031500e+15,7.332637170288205941e-02
1.651200761634047750e+15,7.776221073274859619e-02
1.651200761636064250e+15,8.219859977365419346e-02
1.651200761638080750e+15,8.590292412159604429e-02
1.651200761640097000e+15,8.590292412159604429e-02
1.651200761642113500e+15,8.590292412159605817e-02
1.651200761644129750e+15,8.590292412159605817e-02
1.651200761646146250e+15,8.590292412159605817e-02
1.651200761648162750e+15,8.590292412159604429e-02
1.651200761650179000e+15,8.590292412159605817e-02
1.651200761652195500e+15,8.730495656204917410e-02
1.651200761654212000e+15,8.992637373049953975e-02
1.651200761656228250e+15,9.254746590302026510e-02
1.651200761658244750e+15,9.516888307147061687e-02
1.651200761660261250e+15,9.779030023992096865e-02
1.651200761662277500e+15,1.004113924124416940e-01
1.651200761664294000e+15,1.030328095808920458e-01
1.651200761666310500e+15,1.032841494115750297e-01
1.651200761668326750e+15,1.012814695161001199e-01
1.651200761670343250e+15,9.927854130321719928e-02
1.651200761672359750e+15,9.727561309033427861e-02
1.651200761674376000e+15,9.527293319485935497e-02
1.651200761676392500e+15,9.327000498197646206e-02
1.651200761678408750e+15,9.318619400110358941e-02
1.651200761680425250e+15,9.616479030227936819e-02
1.651200761682441750e+15,9.914338660345517473e-02
1.651200761684458000e+15,1.021216136266367563e-01
1.651200761686474500e+15,1.034721226418082868e-01
1.651200761688491000e+15,1.003084588639801822e-01
1.651200761690507250e+15,9.714518730829167781e-02
1.651200761692523750e+15,9.398152353046355933e-02
1.651200761694540250e+15,9.081785975263545474e-02
1.651200761696556500e+15,8.765458819694696424e-02
1.651200761698573000e+15,8.632635080741031530e-02
1.651200761700589500e+15,8.727506182068195395e-02
1.651200761702605750e+15,8.822365521542976929e-02
1.651200761704622250e+15,8.917236622870139406e-02
1.651200761706638750e+15,9.012107724197303271e-02
1.651200761708655000e+15,9.106967063672083418e-02
1.651200761710671500e+15,9.201838164999245895e-02
1.651200761712687750e+15,9.412585458300296026e-02
1.651200761714704250e+15,9.625914579594849196e-02
1.651200761716720750e+15,9.839243700889405142e-02
1.651200761718737000e+15,1.005254637423934200e-01
1.651200761720753500e+15,1.026587549553389656e-01
1.651200761722770000e+15,1.043106935762239257e-01
1.651200761724786250e+15,1.043106935762240089e-01
1.651200761726802750e+15,1.043106935762240783e-01
1.651200761728819250e+15,1.043106935762241616e-01
1.651200761730835500e+15,1.043106935762242310e-01
1.651200761732852000e+15,1.043106935762243004e-01
1.651200761734868500e+15,1.043106935762243836e-01
1.651200761736884750e+15,1.043106935762244530e-01
1.651200761738901250e+15,1.043106935762245363e-01
1.651200761740917750e+15,1.043106935762246057e-01
1.651200761742934000e+15,1.043106935762246890e-01
1.651200761744950500e+15,1.043106935762247445e-01
1.651200761746966750e+15,1.030123127899519458e-01
1.651200761748983250e+15,1.003263062697988817e-01
1.651200761750999750e+15,9.764029974964581748e-02
1.651200761753016000e+15,9.495462623302861060e-02
1.651200761755032500e+15,9.226861971287553255e-02
1.651200761757049000e+15,9.203884727314003145e-02
1.651200761759065250e+15,9.203884727313987879e-02
1.651200761761081750e+15,9.203884727313974001e-02
1.651200761763098250e+15,9.203884727313960123e-02
1.651200761765114500e+15,9.203884727313946246e-02
1.651200761767131000e+15,9.203884727313932368e-02
1.651200761769147500e+15,9.203884727313917102e-02
1.651200761771163750e+15,9.203884727313901837e-02
1.651200761773180250e+15,9.203884727313887959e-02
1.651200761775196750e+15,9.203884727313874081e-02
1.651200761777213000e+15,9.203884727313860203e-02
1.651200761779229500e+15,9.203884727313846326e-02
1.651200761781245750e+15,9.203884727313851877e-02
1.651200761783262250e+15,9.203884727313879632e-02
1.651200761785278750e+15,9.203884727313906000e-02
1.651200761787295000e+15,9.203884727313932368e-02
1.651200761789311500e+15,9.203884727313960123e-02
1.651200761791328000e+15,9.203884727313989267e-02
1.651200761793344250e+15,9.203884727314015635e-02
1.651200761795360750e+15,9.412912114484475734e-02
1.651200761797377250e+15,9.623374591692931967e-02
1.651200761799393500e+15,9.833810976355240874e-02
1.651200761801410000e+15,1.004427345356369572e-01
1.651200761803426500e+15,1.025473593077215057e-01
1.651200761805442750e+15,1.041199493188024044e-01
1.651200761807459250e+15,1.029427930981680339e-01
1.651200761809475750e+15,1.017656368775336773e-01
1.651200761811492000e+15,1.005886265974176297e-01
1.651200761813508500e+15,9.941147037678324527e-02
1.651200761815524750e+15,9.823446009666718381e-02
1.651200761817541250e+15,9.705730387603284104e-02
1.651200761819557750e+15,9.588014765539847051e-02
1.651200761821574000e+15,9.470313737528242293e-02
1.651200761823590500e+15,9.352598115464805240e-02
1.651200761825607000e+15,9.234882493401369574e-02
1.651200761827623250e+15,9.096592758149316116e-02
1.651200761829639750e+15,8.950924179916643075e-02
1.651200761831656250e+15,8.805255601683970035e-02
1.651200761833672500e+15,8.659605083032033412e-02
1.651200761835689000e+15,8.617651185344366027e-02
1.651200761837705500e+15,8.669845098425793539e-02
1.651200761839721750e+15,8.722032540652636945e-02
1.651200761841738250e+15,8.774226453734064457e-02
1.651200761843754750e+15,8.826420366815493357e-02
1.651200761845771000e+15,8.878607809042335375e-02
1.651200761847787500e+15,8.930801722123762887e-02
1.651200761849803750e+15,8.982989164350607680e-02
1.651200761851820250e+15,9.035183077432033805e-02
1.651200761853836750e+15,9.087376990513461317e-02
1.651200761855853000e+15,9.139564432740306110e-02
1.651200761857869500e+15,9.191758345821733622e-02
1.651200761859886000e+15,9.203884727313749181e-02
1.651200761861902250e+15,9.203884727313747793e-02
1.651200761863918750e+15,9.203884727313749181e-02
1.651200761865935250e+15,9.203884727313749181e-02
1.651200761867951500e+15,9.203884727313749181e-02
1.651200761869968000e+15,9.203884727313749181e-02
1.651200761871984500e+15,9.203884727313749181e-02
1.651200761874000750e+15,9.203884727313747793e-02
1.651200761876017250e+15,9.203884727313749181e-02
1.651200761878033750e+15,9.203884727313749181e-02
1.651200761880050000e+15,9.203884727313749181e-02
1.651200761882066500e+15,9.203884727313749181e-02
1.651200761884082750e+15,9.203884727313749181e-02
1.651200761886099250e+15,9.203884727313749181e-02
1.651200761888115750e+15,9.203884727313749181e-02
1.651200761890132000e+15,9.203884727313749181e-02
1.651200761892148500e+15,9.203884727313749181e-02
1.651200761894165000e+15,9.203884727313749181e-02
1.651200761896181250e+15,9.203884727313749181e-02
1.651200761898197750e+15,9.203884727313749181e-02
1.651200761900214250e+15,9.203884727313749181e-02
1.651200761902230500e+15,9.203884727313757508e-02
1.651200761904247000e+15,9.203884727313786651e-02
1.651200761906263500e+15,9.203884727313815795e-02
1.651200761908279750e+15,9.203884727313846326e-02
1.651200761910296250e+15,9.203884727313876857e-02
1.651200761912312750e+15,9.203884727313904612e-02
1.651200761914329000e+15,9.203884727313935143e-02
1.651200761916345500e+15,9.203884727313964287e-02
1.651200761918361750e+15,9.203884727313994818e-02
1.651200761920378250e+15,9.203884727314005920e-02
1.651200761922394750e+15,9.203884727313971226e-02
1.651200761924411000e+15,9.203884727313936531e-02
1.651200761926427500e+15,9.203884727313904612e-02
1.651200761928444000e+15,9.203884727313868530e-02
1.651200761930460250e+15,9.203884727313835223e-02
1.651200761932476750e+15,9.203884727313800529e-02
1.651200761934493250e+15,9.203884727313765834e-02
1.651200761936509500e+15,9.120431397868429546e-02
1.651200761938526000e+15,8.944310373455574559e-02
1.651200761940542500e+15,8.768189349042719571e-02
1.651200761942558750e+15,8.592090159619253376e-02
1.651200761944575250e+15,8.415969135206397000e-02
1.651200761946591750e+15,8.239848110793540625e-02
1.651200761948608000e+15,8.063748921370074429e-02
1.651200761950624500e+15,7.887627896957219442e-02
1.651200761952640750e+15,7.711528707533751859e-02
1.651200761954657250e+15,7.535407683120895483e-02
1.651200761956673750e+15,7.359723005178842037e-02
1.651200761958690000e+15,7.203733154538330408e-02
1.651200761960706500e+15,7.047723962316834734e-02
1.651200761962723000e+15,6.891714770095337672e-02
1.651200761964739250e+15,6.735724919454824655e-02
1.651200761966755750e+15,6.579715727233328981e-02
1.651200761968772250e+15,6.423706535011833307e-02
1.651200761970788500e+15,6.267716684371321678e-02
1.651200761972805000e+15,6.127177903391541058e-02
1.651200761974821500e+15,6.070836712029209492e-02
1.651200761976837750e+15,6.014502505689363343e-02
1.651200761978854250e+15,5.958161314327032471e-02
1.651200761980870750e+15,5.901820122964700904e-02
1.651200761982887000e+15,5.845485916624854755e-02
1.651200761984903500e+15,5.789144725262523883e-02
1.651200761986919750e+15,5.732810518922677734e-02
1.651200761988936250e+15,5.676469327560346861e-02
1.651200761990952750e+15,5.620128136198015989e-02
1.651200761992969000e+15,5.563793929858169146e-02
1.651200761994985500e+15,5.556851481694264488e-02
1.651200761997002000e+15,5.687576141335926039e-02
1.651200761999018250e+15,5.818284594101857943e-02
1.651200762001034750e+15,5.949009253743520187e-02
1.651200762003051250e+15,6.079733913385181737e-02
1.651200762005067500e+15,6.042804877561481353e-02
1.651200762007084000e+15,5.879452985884316141e-02
1.651200762009100500e+15,5.716101094207151623e-02
1.651200762011116750e+15,5.552769454438202801e-02
1.651200762013133250e+15,5.389417562761037589e-02
1.651200762015149750e+15,5.226065671083872377e-02
1.651200762017166000e+15,5.062734031314923555e-02
1.651200762019182500e+15,4.918832512460312445e-02
1.651200762021198750e+15,5.095040389604566650e-02
1.651200762023215250e+15,5.271270115214678198e-02
1.651200762025231750e+15,5.447499840824791828e-02
1.651200762027248000e+15,5.623707717969046727e-02
1.651200762029264500e+15,5.799937443579158275e-02
1.651200762031281000e+15,5.976167169189270517e-02
1.651200762033297250e+15,6.135923151542499454e-02
1.651200762035313750e+15,6.135923151542499454e-02
1.651200762037330250e+15,6.135923151542499454e-02
1.651200762039346500e+15,6.135923151542499454e-02
1.651200762041363000e+15,6.135923151542499454e-02
1.651200762043379500e+15,6.135923151542499454e-02
1.651200762045395750e+15,6.135923151542498760e-02
1.651200762047412250e+15,6.135923151542499454e-02
1.651200762049428750e+15,6.135923151542499454e-02
1.651200762051445000e+15,6.135923151542499454e-02
1.651200762053461500e+15,6.135923151542499454e-02
1.651200762055477750e+15,6.135923151542499454e-02
1.651200762057494250e+15,6.135923151542499454e-02
1.651200762059510750e+15,6.135923151542499454e-02
1.651200762061527000e+15,6.135923151542499454e-02
1.651200762063543500e+15,6.135923151542499454e-02
1.651200762065560000e+15,6.135923151542499454e-02
1.651200762067576250e+15,6.135923151542499454e-02
1.651200762069592750e+15,6.135923151542498760e-02
1.651200762071609250e+15,6.151244128328945543e-02
1.651200762073625500e+15,6.272742336571508759e-02
1.651200762075642000e+15,6.394255609688001551e-02
1.651200762077658500e+15,6.515768882804494344e-02
1.651200762079674750e+15,6.637267091047058254e-02
1.651200762081691250e+15,6.758780364163549659e-02
1.651200762083707750e+15,6.880293637280043839e-02
1.651200762085724000e+15,7.001791845522606361e-02
1.651200762087740500e+15,7.123305118639099154e-02
1.651200762089756750e+15,7.244803326881661676e-02
1.651200762091773250e+15,7.356938841837554199e-02
1.651200762093789750e+15,7.123330061792487733e-02
1.651200762095806000e+15,6.889750243907111216e-02
1.651200762097822500e+15,6.656141463862046137e-02
1.651200762099839000e+15,6.422532683816981058e-02
1.651200762101855250e+15,6.188952865931603847e-02
1.651200762103871750e+15,6.066115325745376208e-02
1.651200762105888250e+15,5.975807399060598102e-02
1.651200762107904500e+15,5.885510668498641212e-02
1.651200762109921000e+15,5.795202741813863107e-02
1.651200762111937500e+15,5.704894815129084307e-02
1.651200762113953750e+15,5.614598084567128111e-02
1.651200762115970250e+15,5.524290157882349311e-02
1.651200762117986750e+15,5.653404386980774576e-02
1.651200762120003000e+15,5.787368166669930314e-02
1.651200762122019500e+15,5.921348556871138674e-02
1.651200762124035750e+15,6.055312336560295106e-02
1.651200762126052250e+15,6.135923151542499454e-02
1.651200762128068750e+15,6.135923151542499454e-02
1.651200762130085000e+15,6.135923151542499454e-02
1.651200762132101500e+15,6.135923151542500148e-02
1.651200762134118000e+15,6.135923151542499454e-02
1.651200762136134250e+15,6.135923151542499454e-02
1.651200762138150750e+15,6.135923151542499454e-02
1.651200762140167250e+15,6.135923151542498760e-02
1.651200762142183500e+15,6.135923151542499454e-02
1.651200762144200000e+15,6.135923151542499454e-02
1.651200762146216500e+15,6.135923151542499454e-02
1.651200762148232750e+15,6.135923151542499454e-02
1.651200762150249250e+15,6.135923151542499454e-02
1.651200762152265750e+15,6.135923151542498760e-02
1.651200762154282000e+15,6.135923151542499454e-02
1.651200762156298500e+15,6.135923151542499454e-02
1.651200762158314750e+15,6.135923151542499454e-02
1.651200762160331250e+15,6.135923151542499454e-02
1.651200762162347750e+15,6.135923151542499454e-02
1.651200762164364000e+15,6.135923151542499454e-02
1.651200762166380500e+15,6.135923151542499454e-02
1.651200762168397000e+15,6.135923151542499454e-02
1.651200762170413250e+15,6.135923151542499454e-02
1.651200762172429750e+15,6.135923151542499454e-02
1.651200762174446250e+15,6.135923151542499454e-02
1.651200762176462500e+15,6.135923151542499454e-02
1.651200762178479000e+15,6.135923151542499454e-02
1.651200762180495500e+15,6.135923151542499454e-02
1.651200762182511750e+15,6.135923151542500842e-02
1.651200762184528250e+15,6.135923151542500148e-02
1.651200762186544750e+15,6.135923151542499454e-02
1.651200762188561000e+15,6.135923151542500148e-02
1.651200762190577500e+15,6.135923151542500842e-02
1.651200762192593750e+15,6.135923151542500148e-02
1.651200762194610250e+15,6.135923151542499454e-02
1.651200762196626750e+15,6.154112144301011889e-02
1.651200762198643000e+15,6.268093672348727663e-02
1.651200762200659500e+15,6.382089333257948138e-02
1.651200762202676000e+15,6.496084994167171389e-02
1.651200762204692250e+15,6.610066522214885776e-02
1.651200762206708750e+15,6.724062183124106251e-02
1.651200762208725250e+15,6.749515466696814903e-02
1.651200762210741500e+15,6.749515466696806576e-02
1.651200762212758000e+15,6.749515466696799637e-02
1.651200762214774500e+15,6.749515466696792698e-02
1.651200762216790750e+15,6.749515466696784372e-02
1.651200762218807250e+15,6.749515466696776045e-02
1.651200762220823750e+15,6.749515466696769106e-02
1.651200762222840000e+15,6.749515466696762167e-02
1.651200762224856500e+15,6.749515466696753840e-02
1.651200762226872750e+15,6.749515466696746901e-02
1.651200762228889250e+15,6.749515466696739963e-02
1.651200762230905750e+15,6.742487045632238052e-02
1.651200762232922000e+15,6.356880134848949537e-02
1.651200762234938500e+15,5.971225411677465178e-02
1.651200762236955000e+15,5.585570688505982206e-02
1.651200762238971250e+15,5.199963777722692304e-02
1.651200762240987750e+15,4.962203835909301947e-02
1.651200762243004250e+15,5.180558888147633601e-02
1.651200762245020500e+15,5.398886869340561306e-02
1.651200762247037000e+15,5.617241921578893654e-02
1.651200762249053500e+15,5.835596973817225308e-02
1.651200762251069750e+15,6.053924955010152320e-02
1.651200762253086250e+15,6.018630381469184526e-02
1.651200762255102750e+15,5.830803602947969011e-02
1.651200762257119000e+15,5.643000110662621527e-02
1.651200762259135500e+15,5.455173332141406012e-02
1.651200762261151750e+15,5.267369839856059222e-02
1.651200762263168250e+15,5.079543061334843707e-02
1.651200762265184750e+15,4.908738521234035784e-02
1.651200762267201000e+15,4.908738521234043417e-02
1.651200762269217500e+15,4.908738521234051744e-02
1.651200762271234000e+15,4.908738521234060070e-02
1.651200762273250250e+15,4.908738521234069091e-02
1.651200762275266750e+15,4.908738521234076724e-02
1.651200762277283250e+15,4.908738521234085744e-02
1.651200762279299500e+15,4.908738521234093377e-02
1.651200762281316000e+15,4.908738521234101704e-02
1.651200762283332500e+15,4.908738521234110030e-02
1.651200762285348750e+15,4.908738521234119051e-02
1.651200762287365250e+15,4.908738521234124602e-02
1.651200762289381750e+15,4.908738521234123908e-02
1.651200762291398000e+15,4.908738521234123908e-02
1.651200762293414500e+15,4.908738521234123908e-02
1.651200762295430750e+15,4.908738521234124602e-02
1.651200762297447250e+15,4.908738521234123908e-02
1.651200762299463750e+15,4.857196114841400708e-02
1.651200762301480000e+15,4.747660012718259853e-02
1.651200762303496500e+15,4.638110328933355703e-02
1.651200762305513000e+15,4.528560645148451552e-02
1.651200762307529250e+15,4.419024543025311391e-02
1.651200762309545750e+15,4.309474859240407241e-02
1.651200762311562250e+15,4.199925175455503090e-02
1.651200762313578500e+15,4.090389073332362235e-02
1.651200762315595000e+15,3.980839389547458085e-02
1.651200762317611500e+15,3.871289705762554628e-02
1.651200762319627750e+15,3.761753603639413773e-02
1.651200762321644250e+15,3.751979480103831421e-02
1.651200762323660750e+15,4.014845191492934923e-02
1.651200762325677000e+15,4.277678313530267062e-02
1.651200762327693500e+15,4.540544024919369870e-02
1.651200762329709750e+15,4.803377146956701316e-02
1.651200762331726250e+15,4.908738521234042029e-02
1.651200762333742750e+15,4.908738521234053132e-02
1.651200762335759000e+15,4.908738521234064234e-02
1.651200762337775500e+15,4.908738521234075336e-02
1.651200762339792000e+15,4.908738521234086438e-02
1.651200762341808250e+15,4.908738521234098234e-02
1.651200762343824750e+15,4.908738521234109337e-02
1.651200762345841250e+15,4.908738521234120439e-02
1.651200762347857500e+15,4.908738521234111418e-02
1.651200762349874000e+15,4.908738521234094765e-02
1.651200762351890500e+15,4.908738521234076724e-02
1.651200762353906750e+15,4.908738521234059377e-02
1.651200762355923250e+15,4.908738521234042029e-02
1.651200762357939750e+15,4.908738521234035090e-02
1.651200762359956000e+15,4.908738521234035090e-02
1.651200762361972500e+15,4.908738521234035090e-02
1.651200762363988750e+15,4.908738521234035090e-02
1.651200762366005250e+15,4.908738521234035090e-02
1.651200762368021750e+15,4.908738521234035090e-02
1.651200762370038000e+15,4.908738521234035090e-02
1.651200762372054500e+15,4.908738521234035090e-02
1.651200762374071000e+15,4.908738521234035784e-02
1.651200762376087250e+15,4.908738521234035090e-02
1.651200762378103750e+15,4.908738521234035090e-02
1.651200762380120250e+15,4.908738521234035090e-02
1.651200762382136500e+15,4.908738521234044805e-02
1.651200762384153000e+15,4.908738521234060070e-02
1.651200762386169500e+15,4.908738521234075336e-02
1.651200762388185750e+15,4.908738521234090602e-02
1.651200762390202250e+15,4.908738521234105867e-02
1.651200762392218750e+15,4.908738521234121133e-02
1.651200762394235000e+15,4.621955795244720583e-02
1.651200762396251500e+15,4.275046756877815685e-02
1.651200762398267750e+15,3.928180727318047322e-02
1.651200762400284250e+15,3.581271688951142423e-02
1.651200762402300750e+15,3.234362650584236831e-02
1.651200762404317000e+15,3.148818097170255625e-02
1.651200762406333500e+15,3.304249150936791612e-02
1.651200762408350000e+15,3.459680204703327600e-02
1.651200762410366250e+15,3.615091988564858583e-02
1.651200762412382750e+15,3.770523042331394570e-02
1.651200762414399250e+15,3.925954096097930557e-02
1.651200762416415500e+15,4.081365879959462234e-02
1.651200762418432000e+15,4.236796933725998221e-02
1.651200762420448500e+15,4.168613511498578394e-02
1.651200762422464750e+15,3.966055714397176413e-02
1.651200762424481250e+15,3.763472801635873999e-02
1.651200762426497750e+15,3.560889888874571585e-02
1.651200762428514000e+15,3.358332091773169603e-02
1.651200762430530500e+15,3.155749179011867189e-02
1.651200762432546750e+15,2.953191381910465207e-02
1.651200762434563250e+15,2.750608469149162447e-02
1.651200762436579750e+15,2.548025556387860380e-02
1.651200762438596000e+15,2.503898940386790894e-02
1.651200762440612500e+15,2.596036024570894801e-02
1.651200762442629000e+15,2.688173108754998708e-02
1.651200762444645250e+15,2.780298770042476456e-02
1.651200762446661750e+15,2.872435854226580362e-02
1.651200762448678250e+15,2.964572938410683922e-02
1.651200762450694500e+15,3.056698599698161670e-02
1.651200762452711000e+15,3.145614828868869423e-02
1.651200762454727500e+15,3.234082503937428521e-02
1.651200762456743750e+15,3.322539211032386058e-02
1.651200762458760250e+15,3.411006886100945157e-02
1.651200762460776750e+15,3.499474561169504949e-02
1.651200762462793000e+15,3.587931268264461793e-02
1.651200762464809500e+15,3.676398943333020891e-02
1.651200762466825750e+15,3.623834871435967220e-02
1.651200762468842250e+15,3.562536436781081617e-02
1.651200762470858750e+15,3.501238002126196014e-02
1.651200762472875000e+15,3.439947167078879348e-02
1.651200762474891500e+15,3.378648732423993745e-02
1.651200762476908000e+15,3.317350297769108142e-02
1.651200762478924250e+15,3.256059462721791475e-02
1.651200762480940750e+15,3.194761028066905872e-02
1.651200762482957250e+15,3.133462593412020269e-02
1.651200762484973500e+15,3.072171758364704644e-02
1.651200762486990000e+15,2.978951351156750027e-02
1.651200762489006500e+15,2.883376740967644875e-02
1.651200762491022750e+15,2.787813979849974866e-02
1.651200762493039250e+15,2.692239369660869713e-02
1.651200762495055750e+15,2.596664759471764561e-02
1.651200762497072000e+15,2.501101998354094205e-02
1.651200762499088500e+15,2.454369260617185119e-02
1.651200762501104750e+15,2.454369260617164650e-02
1.651200762503121250e+15,2.454369260617144527e-02
1.651200762505137750e+15,2.454369260617124404e-02
1.651200762507154000e+15,2.454369260617104281e-02
1.651200762509170500e+15,2.454369260617083812e-02
1.651200762511187000e+15,2.454369260617063689e-02
1.651200762513203250e+15,2.454369260617043219e-02
1.651200762515219750e+15,2.454369260617023096e-02
1.651200762517236250e+15,2.371232753531986662e-02
1.651200762519252500e+15,2.257377102378857470e-02
1.651200762521269000e+15,2.143507333972020576e-02
1.651200762523285500e+15,2.029637565565184029e-02
1.651200762525301750e+15,1.915781914412054837e-02
1.651200762527318250e+15,1.869475886061062672e-02
1.651200762529334750e+15,1.953560758878506581e-02
1.651200762531351000e+15,2.037635207089848882e-02
1.651200762533367500e+15,2.121720079907293138e-02
1.651200762535383750e+15,2.205794528118635092e-02
1.651200762537400250e+15,2.289879400936079001e-02
1.651200762539416750e+15,2.373964273753523258e-02
1.651200762541433000e+15,2.453030934048495634e-02
1.651200762543449500e+15,2.422363484895947994e-02
1.651200762545466000e+15,2.391696035743400353e-02
1.651200762547482250e+15,2.361032388654967645e-02
1.651200762549498750e+15,2.330364939502420352e-02
1.651200762551515250e+15,2.299697490349872364e-02
1.651200762553531500e+15,2.269033843261440003e-02
1.651200762555548000e+15,2.238366394108892016e-02
1.651200762557564500e+15,2.207698944956344375e-02
1.651200762559580750e+15,2.177035297867912014e-02
1.651200762561597250e+15,2.146367848715364374e-02
1.651200762563613750e+15,2.115700399562816386e-02
1.651200762565630000e+15,2.085036752474384025e-02
1.651200762567646500e+15,2.054369303321836038e-02
1.651200762569662750e+15,2.023705656233403677e-02
1.651200762571679250e+15,1.993038207080856036e-02
1.651200762573695750e+15,1.962370757928308396e-02
1.651200762575712000e+15,1.931707110839875688e-02
1.651200762577728500e+15,1.901039661687328394e-02
1.651200762579745000e+15,1.870372212534780407e-02
1.651200762581761250e+15,1.844399202617283753e-02
1.651200762583777750e+15,1.948374740727257248e-02
1.651200762585794250e+15,2.052350278837231437e-02
1.651200762587810500e+15,2.156312926352348808e-02
1.651200762589827000e+15,2.260288464462322996e-02
1.651200762591843500e+15,2.364264002572297185e-02
1.651200762593859750e+15,2.454369260617017545e-02
1.651200762595876250e+15,2.454369260617017545e-02
1.651200762597892750e+15,2.454369260617017545e-02
1.651200762599909000e+15,2.454369260617017545e-02
1.651200762601925500e+15,2.454369260617017545e-02
1.651200762603941750e+15,2.454369260617017545e-02
1.651200762605958250e+15,2.454369260617017892e-02
1.651200762607974750e+15,2.454369260617032117e-02
1.651200762609991000e+15,2.454369260617075832e-02
1.651200762612007500e+15,2.454369260617119547e-02
1.651200762614024000e+15,2.454369260617163262e-02
1.651200762616040250e+15,2.454369260617195181e-02
1.651200762618056750e+15,2.454369260617195528e-02
1.651200762620073250e+15,2.454369260617195181e-02
1.651200762622089500e+15,2.454369260617195528e-02
1.651200762624106000e+15,2.454369260617195181e-02
1.651200762626122500e+15,2.454369260617195181e-02
1.651200762628138750e+15,2.454369260617195181e-02
1.651200762630155250e+15,2.454369260617195181e-02
1.651200762632171750e+15,2.454369260617195528e-02
1.651200762634188000e+15,2.454369260617195181e-02
1.651200762636204500e+15,2.454369260617195528e-02
1.651200762638220750e+15,2.454369260617195181e-02
1.651200762640237250e+15,2.541393061303492268e-02
1.651200762642253750e+15,2.633161132467784493e-02
1.651200762644270000e+15,2.724917826484647351e-02
1.651200762646286500e+15,2.816685897648939230e-02
1.651200762648303000e+15,2.908453968813231455e-02
1.651200762650319250e+15,3.000210662830094313e-02
1.651200762652335750e+15,3.067961575771249727e-02
1.651200762654352250e+15,3.067961575771249727e-02
1.651200762656368500e+15,3.067961575771249727e-02
1.651200762658385000e+15,3.067961575771249727e-02
1.651200762660401500e+15,3.067961575771249727e-02
1.651200762662417750e+15,3.067961575771249727e-02
1.651200762664434250e+15,3.067961575771249727e-02
1.651200762666450750e+15,3.090393303551455459e-02
1.651200762668467000e+15,3.240278874841726747e-02
1.651200762670483500e+15,3.390183030827756405e-02
1.651200762672499750e+15,3.540068602118027347e-02
1.651200762674516250e+15,3.681553890925570033e-02
1.651200762676532750e+15,3.681553890925570727e-02
1.651200762678549000e+15,3.681553890925570033e-02
1.651200762680565500e+15,3.681553890925570727e-02
1.651200762682582000e+15,3.681553890925570033e-02
1.651200762684598250e+15,3.681553890925570727e-02
1.651200762686614750e+15,3.653876523374360863e-02
1.651200762688631250e+15,3.552723081295495328e-02
1.651200762690647500e+15,3.451582179935954592e-02
1.651200762692664000e+15,3.350428737857089057e-02
1.651200762694680500e+15,3.249275295778222827e-02
1.651200762696696750e+15,3.148134394418682092e-02
1.651200762698713250e+15,3.067961575771249727e-02
1.651200762700729750e+15,3.067961575771250074e-02
1.651200762702746000e+15,3.067961575771249727e-02
1.651200762704762500e+15,3.067961575771250421e-02
1.651200762706778750e+15,3.067961575771249727e-02
1.651200762708795250e+15,3.067961575771250074e-02
1.651200762710811750e+15,3.067961575771249727e-02
1.651200762712828000e+15,3.067961575771249727e-02
1.651200762714844500e+15,3.067961575771249727e-02
1.651200762716861000e+15,3.067961575771249727e-02
1.651200762718877250e+15,3.067961575771249727e-02
1.651200762720893750e+15,3.067961575771249727e-02
1.651200762722910250e+15,3.067961575771249727e-02
1.651200762724926500e+15,3.067961575771249727e-02
1.651200762726943000e+15,3.067961575771249727e-02
1.651200762728959500e+15,3.067961575771249727e-02
1.651200762730975750e+15,3.067961575771249727e-02
1.651200762732992250e+15,3.067961575771249727e-02
1.651200762735008750e+15,3.067961575771249380e-02
1.651200762737025000e+15,3.067961575771249727e-02
1.651200762739041500e+15,3.067961575771249727e-02
1.651200762741057750e+15,3.067961575771249380e-02
1.651200762743074250e+15,3.067961575771249727e-02
1.651200762745090750e+15,3.067961575771249727e-02
1.651200762747107000e+15,3.067961575771249727e-02
1.651200762749123500e+15,3.067961575771249727e-02
1.651200762751140000e+15,3.067961575771249727e-02
1.651200762753156250e+15,3.067961575771249727e-02
1.651200762755172750e+15,3.067961575771249727e-02
1.651200762757189250e+15,3.067961575771249380e-02
1.651200762759205500e+15,3.067961575771249380e-02
1.651200762761222000e+15,3.067961575771249380e-02
1.651200762763238500e+15,3.067961575771249380e-02
1.651200762765254750e+15,3.067961575771249727e-02
1.651200762767271250e+15,3.067961575771249380e-02
1.651200762769287750e+15,3.067961575771249727e-02
1.651200762771304000e+15,3.067961575771249380e-02
1.651200762773320500e+15,3.067961575771249727e-02
1.651200762775336750e+15,3.067961575771249380e-02
1.651200762777353250e+15,3.067961575771249380e-02
1.651200762779369750e+15,3.067961575771250421e-02
1.651200762781386000e+15,3.067961575771250074e-02
1.651200762783402500e+15,3.067961575771249727e-02
1.651200762785419000e+15,3.067961575771250074e-02
1.651200762787435250e+15,3.067961575771249727e-02
1.651200762789451750e+15,3.067961575771250074e-02
1.651200762791468250e+15,3.067961575771249727e-02
1.651200762793484500e+15,3.090024456225397287e-02
1.651200762795501000e+15,3.155692055392613632e-02
1.651200762797517500e+15,3.221359654559829977e-02
1.651200762799533750e+15,3.287019112442746138e-02
1.651200762801550250e+15,3.352686711609961789e-02
1.651200762803566750e+15,3.418354310777178134e-02
1.651200762805583000e+15,3.484013768660093602e-02
1.651200762807599500e+15,3.549681367827309947e-02
1.651200762809615750e+15,3.615340825710226108e-02
1.651200762811632250e+15,3.681008424877441759e-02
1.651200762813648750e+15,3.681553890925570727e-02
1.651200762815665000e+15,3.681553890925570727e-02
1.651200762817681500e+15,3.681553890925570727e-02
1.651200762819698000e+15,3.681553890925570727e-02
1.651200762821714250e+15,3.681553890925570727e-02
1.651200762823730750e+15,3.681553890925570727e-02
1.651200762825747250e+15,3.681553890925570727e-02
1.651200762827763500e+15,3.681553890925570727e-02
1.651200762829780000e+15,3.681553890925570727e-02
1.651200762831796500e+15,3.681553890925570727e-02
1.651200762833812750e+15,3.681553890925570727e-02
1.651200762835829250e+15,3.681553890925570727e-02
1.651200762837845750e+15,3.681553890925570727e-02
1.651200762839862000e+15,3.681553890925570727e-02
1.651200762841878500e+15,3.681553890925570727e-02
1.651200762843894750e+15,3.681553890925570727e-02
1.651200762845911250e+15,3.681553890925570727e-02
1.651200762847927750e+15,3.681553890925570727e-02
1.651200762849944000e+15,3.681553890925570727e-02
1.651200762851960500e+15,3.681553890925570727e-02
1.651200762853977000e+15,3.785142488801268579e-02
1.651200762855993250e+15,4.002932385012818867e-02
1.651200762858009750e+15,4.220749285551239627e-02
1.651200762860026250e+15,4.438566186089659693e-02
1.651200762862042500e+15,4.656356082301209981e-02
1.651200762864059000e+15,4.874172982839630741e-02
1.651200762866075500e+15,4.908738521234023988e-02
1.651200762868091750e+15,4.908738521234023988e-02
1.651200762870108250e+15,4.908738521234023988e-02
1.651200762872124750e+15,4.908738521234023988e-02
1.651200762874141000e+15,4.908738521234023988e-02
1.651200762876157500e+15,4.908738521234023988e-02
1.651200762878173750e+15,4.908738521234023988e-02
1.651200762880190250e+15,4.908738521234023988e-02
1.651200762882206750e+15,4.883412739623953919e-02
1.651200762884223000e+15,4.806827652002949175e-02
1.651200762886239500e+15,4.730233068400839513e-02
1.651200762888256000e+15,4.653638484798729158e-02
1.651200762890272250e+15,4.577053397177725108e-02
1.651200762892288750e+15,4.500458813575615447e-02
1.651200762894305250e+15,4.423864229973505091e-02
1.651200762896321500e+15,4.347279142352501041e-02
1.651200762898338000e+15,4.327966260146191846e-02
1.651200762900354500e+15,4.430732780371149371e-02
1.651200762902370750e+15,4.533486559891888174e-02
1.651200762904387250e+15,4.636253080116845005e-02
1.651200762906403750e+15,4.739019600341802529e-02
1.651200762908420000e+15,4.841773379862542026e-02
1.651200762910436500e+15,4.823229971066231303e-02
1.651200762912452750e+15,4.577811303057957582e-02
1.651200762914469250e+15,4.332362204960655411e-02
1.651200762916485750e+15,4.086913106863353934e-02
1.651200762918502000e+15,3.841494438855079518e-02
1.651200762920518500e+15,3.704818603867920251e-02
1.651200762922535000e+15,3.771599093046919954e-02
1.651200762924551250e+15,3.838371302968644760e-02
1.651200762926567750e+15,3.905151792147644463e-02
1.651200762928584250e+15,3.971932281326644165e-02
1.651200762930600500e+15,4.038704491248368972e-02
1.651200762932617000e+15,4.105484980427369368e-02
1.651200762934633500e+15,4.172265469606369764e-02
1.651200762936649750e+15,4.239037679528093877e-02
1.651200762938666250e+15,4.308464056390198804e-02
1.651200762940682750e+15,4.391801357091248276e-02
1.651200762942699000e+15,4.475128325868085732e-02
1.651200762944715500e+15,4.558465626569135898e-02
1.651200762946731750e+15,4.641792595345972661e-02
1.651200762948748250e+15,4.725129896047022132e-02
1.651200762950764750e+15,4.808467196748072298e-02
1.651200762952781000e+15,4.891794165524909060e-02
1.651200762954797500e+15,5.070008530662282326e-02
1.651200762956814000e+15,5.272436774678519039e-02
1.651200762958830250e+15,5.474839922210251314e-02
1.651200762960846750e+15,5.677268166226487334e-02
1.651200762962863250e+15,5.879696410242724047e-02
1.651200762964879500e+15,6.082099557774454934e-02
1.651200762966896000e+15,6.284527801790691648e-02
1.651200762968912500e+15,6.486956045806928361e-02
1.651200762970928750e+15,6.689359193338660636e-02
1.651200762972945250e+15,6.749515466696820454e-02
1.651200762974961750e+15,6.749515466696820454e-02
1.651200762976978000e+15,6.749515466696820454e-02
1.651200762978994500e+15,6.749515466696820454e-02
1.651200762981010750e+15,6.749515466696820454e-02
1.651200762983027250e+15,6.749515466696820454e-02
1.651200762985043750e+15,6.749515466696820454e-02
1.651200762987060000e+15,6.749515466696820454e-02
1.651200762989076500e+15,6.749515466696820454e-02
1.651200762991093000e+15,6.749515466696820454e-02
1.651200762993109250e+15,6.749515466696820454e-02
1.651200762995125750e+15,6.749515466696820454e-02
1.651200762997142250e+15,6.749515466696820454e-02
1.651200762999158500e+15,6.749515466696820454e-02
1.651200763001175000e+15,6.749515466696820454e-02
1.651200763003191500e+15,6.749515466696820454e-02
1.651200763005207750e+15,6.749515466696820454e-02
1.651200763007224250e+15,6.749515466696820454e-02
1.651200763009240750e+15,6.749515466696820454e-02
1.651200763011257000e+15,6.749515466696820454e-02
1.651200763013273500e+15,6.749515466696820454e-02
1.651200763015289750e+15,6.749515466696820454e-02
1.651200763017306250e+15,6.749515466696820454e-02
1.651200763019322750e+15,6.749515466696820454e-02
1.651200763021339000e+15,6.749515466696820454e-02
1.651200763023355500e+15,6.749515466696820454e-02
1.651200763025372000e+15,6.749515466696820454e-02
1.651200763027388250e+15,6.749515466696820454e-02
1.651200763029404750e+15,6.671180534835276232e-02
1.651200763031421250e+15,6.582024395369323599e-02
1.651200763033437500e+15,6.492879309230850660e-02
1.651200763035454000e+15,6.403723169764896639e-02
1.651200763037470500e+15,6.314567030298942618e-02
1.651200763039486750e+15,6.225421944160469678e-02
1.651200763041503250e+15,6.136265804694515658e-02
1.651200763043519750e+15,6.236836330113578603e-02
1.651200763045536000e+15,6.338126284709101610e-02
1.651200763047552500e+15,6.439428798505442142e-02
1.651200763049568750e+15,6.540718753100964455e-02
1.651200763051585250e+15,6.642021266897306375e-02
1.651200763053601750e+15,6.743323780693646907e-02
1.651200763055618000e+15,6.749515466696820454e-02
1.651200763057634500e+15,6.749515466696820454e-02
1.651200763059651000e+15,6.749515466696820454e-02
1.651200763061667250e+15,6.749515466696820454e-02
1.651200763063683750e+15,6.749515466696820454e-02
1.651200763065700250e+15,6.790245236397694784e-02
1.651200763067716500e+15,6.840929635817161181e-02
1.651200763069733000e+15,6.891620319725086374e-02
1.651200763071749500e+15,6.942311003633010180e-02
1.651200763073765750e+15,6.992995403052476577e-02
1.651200763075782250e+15,7.043686086960401771e-02
1.651200763077798750e+15,7.094376770868325577e-02
1.651200763079815000e+15,7.145061170287791974e-02
1.651200763081831500e+15,7.195751854195715780e-02
1.651200763083847750e+15,7.246436253615182177e-02
1.651200763085864250e+15,7.297126937523105983e-02
1.651200763087880750e+15,7.347817621431031176e-02
1.651200763089897000e+15,7.270081187715478344e-02
1.651200763091913500e+15,7.136850983827405792e-02
1.651200763093930000e+15,7.003620779939333241e-02
1.651200763095946250e+15,6.870407093557322209e-02
1.651200763097962750e+15,6.761318965342788534e-02
1.651200763099979250e+15,6.888771468794425978e-02
1.651200763101995500e+15,7.016208171043059050e-02
1.651200763104012000e+15,7.143660674494697882e-02
1.651200763106028500e+15,7.271113177946336714e-02
1.651200763108044750e+15,7.363107781851054023e-02
1.651200763110061250e+15,7.363107781851052636e-02
1.651200763112077750e+15,7.363107781851054023e-02
1.651200763114094000e+15,7.363107781851052636e-02
1.651200763116110500e+15,7.363107781851052636e-02
1.651200763118126750e+15,7.363107781851052636e-02
1.651200763120143250e+15,7.363107781851054023e-02
1.651200763122159750e+15,7.363107781851052636e-02
1.651200763124176000e+15,7.363107781851052636e-02
1.651200763126192500e+15,7.363107781851052636e-02
1.651200763128209000e+15,7.363107781851052636e-02
1.651200763130225250e+15,7.363107781851051248e-02
1.651200763132241750e+15,7.363107781851052636e-02
1.651200763134258250e+15,7.363107781851052636e-02
1.651200763136274500e+15,7.363107781851054023e-02
1.651200763138291000e+15,7.363107781851055411e-02
1.651200763140307500e+15,7.363107781851058187e-02
1.651200763142323750e+15,7.363107781851060962e-02
1.651200763144340250e+15,7.363107781851062350e-02
1.651200763146356750e+15,7.392504282311669617e-02
1.651200763148373000e+15,7.525175113993137765e-02
1.651200763150389500e+15,7.657862395870723704e-02
1.651200763152405750e+15,7.790533227552193241e-02
1.651200763154422250e+15,7.923220509429779179e-02
1.651200763156438750e+15,7.976700097005286205e-02
1.651200763158455000e+15,7.976700097005284817e-02
1.651200763160471500e+15,7.976700097005284817e-02
1.651200763162488000e+15,7.976700097005286205e-02
1.651200763164504250e+15,7.976700097005284817e-02
1.651200763166520750e+15,7.976700097005284817e-02
1.651200763168537250e+15,7.976700097005284817e-02
1.651200763170553500e+15,7.976700097005284817e-02
1.651200763172570000e+15,7.976700097005284817e-02
1.651200763174586500e+15,7.976700097005284817e-02
1.651200763176602750e+15,7.976700097005284817e-02
1.651200763178619250e+15,7.976700097005284817e-02
1.651200763180635750e+15,7.976700097005284817e-02
1.651200763182652000e+15,7.976700097005284817e-02
1.651200763184668500e+15,7.976700097005284817e-02
1.651200763186684750e+15,7.976700097005284817e-02
1.651200763188701250e+15,7.976700097005284817e-02
1.651200763190717750e+15,7.976700097005286205e-02
1.651200763192734000e+15,7.976700097005284817e-02
1.651200763194750500e+15,7.976700097005284817e-02
1.651200763196767000e+15,7.976700097005284817e-02
1.651200763198783250e+15,7.976700097005284817e-02
1.651200763200799750e+15,7.976700097005284817e-02
1.651200763202816250e+15,7.976700097005284817e-02
1.651200763204832500e+15,7.976700097005283430e-02
1.651200763206849000e+15,7.976700097005284817e-02
1.651200763208865500e+15,7.976700097005283430e-02
1.651200763210881750e+15,7.976700097005284817e-02
1.651200763212898250e+15,7.976700097005284817e-02
1.651200763214914750e+15,7.976700097005283430e-02
1.651200763216931000e+15,7.976700097005284817e-02
1.651200763218947500e+15,7.976700097005284817e-02
1.651200763220963750e+15,8.002314398352750047e-02
1.651200763222980250e+15,8.105462154053519330e-02
1.651200763224996750e+15,8.208609909754291389e-02
1.651200763227013000e+15,8.311744877486340610e-02
1.651200763229029500e+15,8.414892633187112669e-02
1.651200763231046000e+15,8.518040388887883341e-02
1.651200763233062250e+15,8.621175356619933949e-02
1.651200763235078750e+15,8.724323112320704621e-02
1.651200763237095250e+15,8.827470868021475292e-02
1.651200763239111500e+15,8.930605835753525901e-02
1.651200763241128000e+15,9.033753591454296572e-02
1.651200763243144500e+15,9.136901347155068631e-02
1.651200763245160750e+15,9.164436317531678144e-02
1.651200763247177250e+15,9.051882064506243386e-02
1.651200763249193750e+15,8.939327811480810015e-02
1.651200763251210000e+15,8.826787512615184850e-02
1.651200763253226500e+15,8.714233259589751479e-02
1.651200763255242750e+15,8.601692960724126313e-02
1.651200763257259250e+15,8.489138707698692943e-02
1.651200763259275750e+15,8.376584454673258184e-02
1.651200763261292000e+15,8.264044155807633019e-02
1.651200763263308500e+15,8.151489902782198260e-02
1.651200763265325000e+15,8.038935649756766277e-02
1.651200763267341250e+15,8.049862771349769464e-02
1.651200763269357750e+15,8.213560449924699192e-02
1.651200763271374250e+15,8.377258128499627532e-02
1.651200763273390500e+15,8.540935512296651821e-02
1.651200763275407000e+15,8.704633190871580162e-02
1.651200763277423500e+15,8.868330869446508502e-02
1.651200763279439750e+15,9.032008253243534179e-02
1.651200763281456250e+15,9.195705931818462520e-02
1.651200763283472750e+15,9.203884727313837999e-02
1.651200763285489000e+15,9.203884727313837999e-02
1.651200763287505500e+15,9.203884727313837999e-02
1.651200763289521750e+15,9.203884727313837999e-02
1.651200763291538250e+15,9.203884727313837999e-02
1.651200763293554750e+15,9.203884727313837999e-02
1.651200763295571000e+15,9.203884727313837999e-02
1.651200763297587500e+15,9.203884727313837999e-02
1.651200763299604000e+15,9.203884727313837999e-02
1.651200763301620250e+15,9.203884727313837999e-02
1.651200763303636750e+15,9.203884727313837999e-02
1.651200763305653250e+15,9.203884727313837999e-02
1.651200763307669500e+15,9.203884727313837999e-02
1.651200763309686000e+15,9.203884727313837999e-02
1.651200763311702500e+15,9.203884727313837999e-02
1.651200763313718750e+15,9.240357555338608864e-02
1.651200763315735250e+15,9.289826166545570030e-02
1.651200763317751750e+15,9.339294777752531196e-02
1.651200763319768000e+15,9.388757255980170746e-02
1.651200763321784500e+15,9.438225867187130524e-02
1.651200763323800750e+15,9.487688345414771462e-02
1.651200763325817250e+15,9.537156956621731241e-02
1.651200763327833750e+15,9.586625567828693795e-02
1.651200763329850000e+15,9.636088046056331957e-02
1.651200763331866500e+15,9.685556657263293123e-02
1.651200763333883000e+15,9.735025268470254289e-02
1.651200763335899250e+15,9.784487746697893840e-02
1.651200763337915750e+15,9.762284134366186472e-02
1.651200763339932250e+15,9.596602706472708022e-02
1.651200763341948500e+15,9.430941819296795314e-02
1.651200763343965000e+15,9.265260391403314089e-02
1.651200763345981500e+15,9.203884727313839387e-02
1.651200763347997750e+15,9.203884727313840775e-02
1.651200763350014250e+15,9.203884727313843550e-02
1.651200763352030750e+15,9.203884727313843550e-02
1.651200763354047000e+15,9.203884727313846326e-02
1.651200763356063500e+15,9.203884727313846326e-02
1.651200763358079750e+15,9.203884727313849101e-02
1.651200763360096250e+15,9.225081523996259136e-02
1.651200763362112750e+15,9.288853758998241728e-02
1.651200763364129000e+15,9.352618087697844862e-02
1.651200763366145500e+15,9.416390322699830229e-02
1.651200763368162000e+15,9.480162557701812820e-02
1.651200763370178250e+15,9.543926886401415954e-02
1.651200763372194750e+15,9.607699121403399933e-02
1.651200763374211250e+15,9.671471356405383912e-02
1.651200763376227500e+15,9.735235685104987047e-02
1.651200763378244000e+15,9.799007920106969638e-02
1.651200763380260500e+15,9.895110940318146975e-02
1.651200763382276750e+15,1.000438099025896255e-01
1.651200763384293250e+15,1.011366458887304753e-01
1.651200763386309750e+15,1.022294818748713391e-01
1.651200763388326000e+15,1.033221823742794948e-01
1.651200763390342500e+15,1.042443508888125370e-01
1.651200763392358750e+15,1.035494758576792490e-01
1.651200763394375250e+15,1.028545146672116412e-01
1.651200763396391750e+15,1.021595534767440472e-01
1.651200763398408000e+15,1.014646784456107592e-01
1.651200763400424500e+15,1.007697172551431652e-01
1.651200763402441000e+15,1.000747560646755574e-01
1.651200763404457250e+15,9.937988103354226943e-02
1.651200763406473750e+15,9.868491984307467546e-02
1.651200763408490250e+15,9.817477042468158999e-02
1.651200763410506500e+15,9.817477042468157611e-02
1.651200763412523000e+15,9.817477042468158999e-02
1.651200763414539500e+15,9.817477042468157611e-02
1.651200763416555750e+15,9.817477042468158999e-02
1.651200763418572250e+15,9.817477042468157611e-02
1.651200763420588750e+15,9.841908704303183042e-02
1.651200763422605000e+15,9.885940291498597488e-02
1.651200763424621500e+15,9.929977338283248189e-02
1.651200763426637750e+15,9.974008925478662635e-02
1.651200763428654250e+15,1.001804597226331195e-01
1.651200763430670750e+15,1.006208301904796265e-01
1.651200763432687000e+15,1.010611460624337710e-01
1.651200763434703500e+15,1.015015165302802780e-01
1.651200763436720000e+15,1.019418869981267850e-01
1.651200763438736250e+15,1.023822028700809295e-01
1.651200763440752750e+15,1.028225733379274226e-01
1.651200763442769250e+15,1.032629438057739435e-01
1.651200763444785500e+15,1.037032596777280741e-01
1.651200763446802000e+15,1.041436301455745950e-01
1.651200763448818500e+15,1.036060589805032489e-01
1.651200763450834750e+15,1.024708456336235057e-01
1.651200763452851250e+15,1.013354915287342228e-01
1.651200763454867750e+15,1.002001374238449538e-01
1.651200763456884000e+15,9.906492407696521063e-02
1.651200763458900500e+15,9.817477042468158999e-02
1.651200763460916750e+15,9.817477042468158999e-02
1.651200763462933250e+15,9.817477042468158999e-02
1.651200763464949750e+15,9.817477042468157611e-02
1.651200763466966000e+15,9.817477042468158999e-02
1.651200763468982500e+15,9.817477042468158999e-02
1.651200763470999000e+15,9.817477042468158999e-02
1.651200763473015250e+15,9.817477042468158999e-02
1.651200763475031750e+15,9.817477042468160386e-02
1.651200763477048250e+15,9.817477042468158999e-02
1.651200763479064500e+15,9.817477042468158999e-02
1.651200763481081000e+15,9.817477042468160386e-02
1.651200763483097500e+15,9.817477042468158999e-02
1.651200763485113750e+15,9.817477042468158999e-02
1.651200763487130250e+15,9.817477042468158999e-02
1.651200763489146500e+15,9.817477042468158999e-02
1.651200763491163000e+15,9.817477042468157611e-02
1.651200763493179500e+15,9.817477042468157611e-02
1.651200763495195750e+15,9.766586215641502589e-02
1.651200763497212250e+15,9.713380070575552971e-02
1.651200763499228750e+15,9.660173925509601967e-02
1.651200763501245000e+15,9.606974376791913017e-02
1.651200763503261500e+15,9.553768231725963400e-02
1.651200763505278000e+15,9.500562086660013783e-02
1.651200763507294250e+15,9.447362537942323446e-02
1.651200763509310750e+15,9.394156392876373829e-02
1.651200763511327250e+15,9.340950247810424212e-02
1.651200763513343500e+15,9.287750699092733875e-02
1.651200763515360000e+15,9.234544554026784258e-02
1.651200763517376500e+15,9.226323939558109255e-02
1.651200763519392750e+15,9.279270764236267899e-02
1.651200763521409250e+15,9.332224153926788057e-02
1.651200763523425500e+15,9.385170978604946701e-02
1.651200763525442000e+15,9.438124368295465472e-02
1.651200763527458500e+15,9.491077757985982855e-02
1.651200763529474750e+15,9.544024582664144274e-02
1.651200763531491250e+15,9.596977972354664432e-02
1.651200763533507750e+15,9.649931362045181815e-02
1.651200763535524000e+15,9.702878186723340459e-02
1.651200763537540500e+15,9.755831576413860617e-02
1.651200763539557000e+15,9.808784966104379388e-02
1.651200763541573250e+15,9.859489655685300946e-02
1.651200763543589750e+15,9.909760199849292073e-02
1.651200763545606250e+15,9.960030744013284587e-02
1.651200763547622500e+15,1.001029505577656215e-01
1.651200763549639000e+15,1.006056559994055327e-01
1.651200763551655500e+15,1.011083614410454579e-01
1.651200763553671750e+15,1.016110045586782196e-01
1.651200763555688250e+15,1.021137100003181308e-01
1.651200763557704500e+15,1.026163531179509203e-01
1.651200763559721000e+15,1.031190585595908454e-01
1.651200763561737500e+15,1.036217640012307428e-01
1.651200763563753750e+15,1.041244071188635184e-01
1.651200763565770250e+15,1.043106935762230236e-01
1.651200763567786750e+15,1.043106935762230097e-01
1.651200763569803000e+15,1.043106935762230097e-01
1.651200763571819500e+15,1.043106935762230236e-01
1.651200763573836000e+15,1.043106935762230097e-01
1.651200763575852250e+15,1.043106935762230097e-01
1.651200763577868750e+15,1.029562614023081940e-01
1.651200763579885250e+15,1.013077251242341104e-01
1.651200763581901500e+15,9.965939322705241743e-02
1.651200763583918000e+15,9.801085694897831990e-02
1.651200763585934500e+15,9.636232067090422237e-02
1.651200763587950750e+15,9.471398877372252945e-02
1.651200763589967250e+15,9.306545249564844580e-02
1.651200763591983500e+15,9.222813696796025584e-02
1.651200763594000000e+15,9.273004711866147942e-02
1.651200763596016500e+15,9.323195726936273076e-02
1.651200763598032750e+15,9.373380519465474014e-02
1.651200763600049250e+15,9.423571534535599148e-02
1.651200763602065750e+15,9.473762549605721506e-02
1.651200763604082000e+15,9.523947342134925220e-02
1.651200763606098500e+15,9.574138357205047578e-02
1.651200763608115000e+15,9.624329372275171324e-02
1.651200763610131250e+15,9.674514164804373650e-02
1.651200763612147750e+15,9.724705179874497396e-02
1.651200763614164250e+15,9.774896194944622529e-02
1.651200763616180500e+15,9.817477042468158999e-02
1.651200763618197000e+15,9.817477042468158999e-02
1.651200763620213500e+15,9.817477042468158999e-02
1.651200763622229750e+15,9.817477042468158999e-02
1.651200763624246250e+15,9.817477042468158999e-02
1.651200763626262500e+15,9.826522712664327586e-02
1.651200763628279000e+15,9.872067266848023881e-02
1.651200763630295500e+15,9.917611821031720176e-02
1.651200763632311750e+15,9.963150728729652794e-02
1.651200763634328250e+15,1.000869528291335048e-01
1.651200763636344750e+15,1.005423983709704816e-01
1.651200763638361000e+15,1.009977874479498078e-01
1.651200763640377500e+15,1.014532329897867846e-01
1.651200763642394000e+15,1.019086785316237476e-01
1.651200763644410250e+15,1.023640676086030737e-01
1.651200763646426750e+15,1.028195131504400506e-01
1.651200763648443250e+15,1.032749586922770274e-01
1.651200763650459500e+15,1.037303477692563397e-01
1.651200763652476000e+15,1.041857933110933165e-01
1.651200763654492500e+15,1.035949336900224560e-01
1.651200763656508750e+15,1.026088381173858310e-01
1.651200763658525250e+15,1.016226202762343100e-01
1.651200763660541500e+15,1.006365247035976990e-01
1.651200763662558000e+15,9.965030686244619185e-02
1.651200763664574500e+15,9.866408902129467084e-02
1.651200763666590750e+15,9.817477042468072956e-02
1.651200763668607250e+15,9.817477042468075732e-02
1.651200763670623750e+15,9.817477042468079895e-02
1.651200763672640000e+15,9.817477042468084059e-02
1.651200763674656500e+15,9.817477042468086834e-02
1.651200763676673000e+15,9.817477042468090997e-02
1.651200763678689250e+15,9.849068161907818808e-02
1.651200763680705750e+15,9.903690663387099136e-02
1.651200763682722250e+15,9.958313164866379463e-02
1.651200763684738500e+15,1.001292889440151268e-01
1.651200763686755000e+15,1.006755139588079301e-01
1.651200763688771500e+15,1.012217389736007334e-01
1.651200763690787750e+15,1.017678962689520655e-01
1.651200763692804250e+15,1.023141212837448688e-01
1.651200763694820500e+15,1.028602785790962010e-01
1.651200763696837000e+15,1.034065035938890043e-01
1.651200763698853500e+15,1.039527286086817937e-01
1.651200763700869750e+15,1.043106935762238840e-01
1.651200763702886250e+15,1.043106935762238285e-01
1.651200763704902750e+15,1.043106935762237730e-01
1.651200763706919000e+15,1.043106935762237175e-01
1.651200763708935500e+15,1.039643538154251950e-01
1.651200763710952000e+15,1.030684024008644006e-01
1.651200763712968250e+15,1.021725620638407328e-01
1.651200763714984750e+15,1.012766106492799384e-01
1.651200763717001250e+15,1.003806592347191440e-01
1.651200763719017500e+15,9.948481889769547615e-02
1.651200763721034000e+15,9.858886748313466786e-02
1.651200763723050500e+15,9.817477042468152060e-02
1.651200763725066750e+15,9.817477042468136794e-02
1.651200763727083250e+15,9.817477042468122916e-02
1.651200763729099500e+15,9.817477042468109039e-02
1.651200763731116000e+15,9.817477042468095161e-02
1.651200763733132500e+15,9.747472228113890358e-02
1.651200763735148750e+15,9.652837828555287103e-02
1.651200763737165250e+15,9.558191695035175850e-02
1.651200763739181750e+15,9.463545561515063209e-02
1.651200763741198000e+15,9.368911161956458566e-02
1.651200763743214500e+15,9.274265028436348701e-02
1.651200763745231000e+15,9.203884727313903225e-02
1.651200763747247250e+15,9.203884727313904612e-02
1.651200763749263750e+15,9.203884727313904612e-02
1.651200763751280250e+15,9.203884727313903225e-02
1.651200763753296500e+15,9.203884727313903225e-02
1.651200763755313000e+15,9.203884727313904612e-02
1.651200763757329500e+15,9.203884727313903225e-02
1.651200763759345750e+15,9.203884727313904612e-02
1.651200763761362250e+15,9.203884727313904612e-02
1.651200763763378500e+15,9.203884727313904612e-02
1.651200763765395000e+15,9.203884727313903225e-02
1.651200763767411500e+15,9.203884727313904612e-02
1.651200763769427750e+15,9.298006263907410140e-02
1.651200763771444250e+15,9.451843004366011769e-02
1.651200763773460750e+15,9.605679744824617561e-02
1.651200763775477000e+15,9.759497413036698210e-02
1.651200763777493500e+15,9.769342014435981880e-02
1.651200763779510000e+15,9.692092285803359519e-02
1.651200763781526250e+15,9.614852134374884951e-02
1.651200763783542750e+15,9.537602405742262590e-02
1.651200763785559250e+15,9.460352677109643005e-02
1.651200763787575500e+15,9.383112525681165661e-02
1.651200763789592000e+15,9.305862797048544688e-02
1.651200763791608500e+15,9.228613068415925103e-02
1.651200763793624750e+15,9.177099540026883995e-02
1.651200763795641250e+15,9.137696052765061083e-02
1.651200763797657500e+15,9.098297450636794181e-02
1.651200763799674000e+15,9.058893963374969882e-02
1.651200763801690500e+15,9.019490476113148358e-02
1.651200763803706750e+15,8.980091873984880069e-02
1.651200763805723250e+15,8.940688386723055769e-02
1.651200763807739750e+15,8.901284899461234246e-02
1.651200763809756000e+15,8.861886297332965956e-02
1.651200763811772500e+15,8.822482810071143045e-02
1.651200763813789000e+15,8.783079322809320133e-02
1.651200763815805250e+15,8.743680720681053231e-02
1.651200763817821750e+15,8.704277233419230320e-02
1.651200763819838250e+15,8.664873746157406020e-02
1.651200763821854500e+15,8.625475144029140506e-02
1.651200763823871000e+15,8.602105937435772232e-02
1.651200763825887500e+15,8.712392852803323151e-02
1.651200763827903750e+15,8.822666095109212014e-02
1.651200763829920250e+15,8.932953010476762934e-02
1.651200763831936500e+15,9.043226252782651797e-02
1.651200763833953000e+15,9.153513168150202717e-02
1.651200763835969500e+15,9.203884727313858816e-02
1.651200763837985750e+15,9.203884727313854652e-02
1.651200763840002250e+15,9.203884727313851877e-02
1.651200763842018750e+15,9.203884727313846326e-02
1.651200763844035000e+15,9.203884727313843550e-02
1.651200763846051500e+15,9.203884727313840775e-02
1.651200763848068000e+15,9.203884727313837999e-02
1.651200763850084250e+15,9.203884727313837999e-02
1.651200763852100750e+15,9.203884727313837999e-02
1.651200763854117250e+15,9.203884727313837999e-02
1.651200763856133500e+15,9.203884727313837999e-02
1.651200763858150000e+15,9.203884727313837999e-02
1.651200763860166500e+15,9.203884727313837999e-02
1.651200763862182750e+15,9.203884727313837999e-02
1.651200763864199250e+15,9.203884727313837999e-02
1.651200763866215500e+15,9.229074943588970459e-02
1.651200763868232000e+15,9.330768779662654278e-02
1.651200763870248500e+15,9.432462615736338096e-02
1.651200763872264750e+15,9.534143844094167264e-02
1.651200763874281250e+15,9.635837680167852470e-02
1.651200763876297750e+15,9.737531516241534901e-02
1.651200763878314000e+15,9.793753491193660232e-02
1.651200763880330500e+15,9.682759196194017093e-02
1.651200763882347000e+15,9.571764901194376729e-02
1.651200763884363250e+15,9.460784366955334035e-02
1.651200763886379750e+15,9.349790071955690895e-02
1.651200763888396250e+15,9.238795776956051919e-02
1.651200763890412500e+15,9.127815242717007838e-02
1.651200763892429000e+15,9.016820947717366086e-02
1.651200763894445500e+15,8.905826652717725722e-02
1.651200763896461750e+15,8.794846118478683028e-02
1.651200763898478250e+15,8.683851823479041276e-02
1.651200763900494500e+15,8.590292412159605817e-02
1.651200763902511000e+15,8.590292412159607205e-02
1.651200763904527500e+15,8.590292412159605817e-02
1.651200763906543750e+15,8.590292412159605817e-02
1.651200763908560250e+15,8.590292412159605817e-02
1.651200763910576750e+15,8.590292412159607205e-02
1.651200763912593000e+15,8.590292412159605817e-02
1.651200763914609500e+15,8.679579054681177408e-02
1.651200763916626000e+15,8.822985279009931681e-02
1.651200763918642250e+15,8.966373724238221876e-02
1.651200763920658750e+15,9.109779948566976149e-02
1.651200763922675250e+15,9.253186172895730421e-02
1.651200763924691500e+15,9.396574618124022005e-02
1.651200763926708000e+15,9.539980842452774890e-02
1.651200763928724500e+15,9.683387066781529162e-02
1.651200763930740750e+15,9.810422241623305284e-02
1.651200763932757250e+15,9.701619137199420095e-02
1.651200763934773500e+15,9.592829521878488974e-02
1.651200763936790000e+15,9.484026417454605173e-02
1.651200763938806500e+15,9.375223313030719985e-02
1.651200763940822750e+15,9.266433697709787476e-02
1.651200763942839250e+15,9.188893789894629627e-02
1.651200763944855750e+15,9.153630768248807725e-02
1.651200763946872000e+15,9.118372118413257954e-02
1.651200763948888500e+15,9.083109096767437440e-02
1.651200763950905000e+15,9.047846075121616927e-02
1.651200763952921250e+15,9.012587425286067155e-02
1.651200763954937750e+15,8.977324403640246642e-02
1.651200763956954250e+15,8.942061381994426128e-02
1.651200763958970500e+15,8.906802732158877745e-02
1.651200763960987000e+15,8.871539710513055843e-02
1.651200763963003500e+15,8.836276688867236717e-02
1.651200763965019750e+15,8.801018039031685558e-02
1.651200763967036250e+15,8.765755017385865044e-02
1.651200763969052500e+15,8.730496367550316661e-02
1.651200763971069000e+15,8.695233345904496147e-02
1.651200763973085500e+15,8.659970324258674246e-02
1.651200763975101750e+15,8.624711674423124474e-02
1.651200763977118250e+15,8.593862820891659537e-02
1.651200763979134750e+15,8.743080006553563543e-02
1.651200763981151000e+15,8.892278692688358743e-02
1.651200763983167500e+15,9.041495878350264137e-02
1.651200763985184000e+15,9.190713064012168143e-02
1.651200763987200250e+15,9.133652095101367496e-02
1.651200763989216750e+15,9.056609199490625595e-02
1.651200763991233250e+15,8.979566303879885081e-02
1.651200763993249500e+15,8.902532959830711246e-02
1.651200763995266000e+15,8.825490064219970732e-02
1.651200763997282500e+15,8.748447168609228830e-02
1.651200763999298750e+15,8.671413824560054995e-02
1.651200764001315250e+15,8.594370928949313093e-02
1.651200764003331500e+15,8.590292412159596103e-02
1.651200764005348000e+15,8.590292412159586388e-02
1.651200764007364500e+15,8.590292412159576674e-02
1.651200764009380750e+15,8.590292412159566959e-02
1.651200764011397250e+15,8.590292412159555857e-02
1.651200764013413750e+15,8.590292412159546143e-02
1.651200764015430000e+15,8.590292412159536428e-02
1.651200764017446500e+15,8.590292412159526714e-02
1.651200764019463000e+15,8.590292412159515612e-02
1.651200764021479250e+15,8.590292412159505897e-02
1.651200764023495750e+15,8.590292412159496183e-02
1.651200764025512250e+15,8.590292412159514224e-02
1.651200764027528500e+15,8.590292412159536428e-02
1.651200764029545000e+15,8.590292412159558633e-02
1.651200764031561500e+15,8.590292412159580837e-02
1.651200764033577750e+15,8.590292412159603042e-02
1.651200764035594250e+15,8.590292412159587776e-02
1.651200764037610500e+15,8.590292412159566959e-02
1.651200764039627000e+15,8.590292412159544755e-02
1.651200764041643500e+15,8.590292412159523938e-02
1.651200764043659750e+15,8.590292412159503121e-02
1.651200764045676250e+15,8.428817726915845132e-02
1.651200764047692750e+15,8.150812431040653505e-02
1.651200764049709000e+15,7.872841601480345952e-02
1.651200764051725500e+15,7.594836305605154325e-02
1.651200764053742000e+15,7.316831009729961310e-02
1.651200764055758250e+15,7.038860180169655145e-02
1.651200764057774750e+15,6.760854884294462130e-02
1.651200764059791250e+15,6.935104354200621879e-02
1.651200764061807500e+15,7.128561039959767365e-02
1.651200764063824000e+15,7.322041712908716748e-02
1.651200764065840500e+15,7.515522385857667520e-02
1.651200764067856750e+15,7.708979071616813006e-02
1.651200764069873250e+15,7.902459744565762390e-02
1.651200764071889500e+15,7.976700097005262613e-02
1.651200764073906000e+15,7.976700097005261225e-02
1.651200764075922500e+15,7.976700097005262613e-02
1.651200764077938750e+15,7.976700097005262613e-02
1.651200764079955250e+15,7.976700097005262613e-02
1.651200764081971750e+15,7.976700097005262613e-02
1.651200764083988000e+15,7.976700097005262613e-02
1.651200764086004500e+15,7.976700097005262613e-02
1.651200764088021000e+15,7.976700097005262613e-02
1.651200764090037250e+15,7.976700097005262613e-02
1.651200764092053750e+15,7.976700097005262613e-02
1.651200764094070250e+15,7.912203177514628982e-02
1.651200764096086500e+15,7.822658048285512089e-02
1.651200764098103000e+15,7.733101816126544681e-02
1.651200764100119500e+15,7.643545583967577273e-02
1.651200764102135750e+15,7.554000454738460379e-02
1.651200764104152250e+15,7.464444222579492971e-02
1.651200764106168500e+15,7.374899093350374690e-02
1.651200764108185000e+15,7.454897627544007643e-02
1.651200764110201500e+15,7.560605351038962585e-02
1.651200764112217750e+15,7.666299969187587160e-02
1.651200764114234250e+15,7.772007692682540714e-02
1.651200764116250750e+15,7.877715416177495655e-02
1.651200764118267000e+15,7.983410034326121618e-02
1.651200764120283500e+15,8.089117757821075172e-02
1.651200764122300000e+15,8.194825481316028726e-02
1.651200764124316250e+15,8.300520099464654689e-02
1.651200764126332750e+15,8.406227822959608242e-02
1.651200764128349250e+15,8.511935546454564572e-02
1.651200764130365500e+15,8.512328863303952886e-02
1.651200764132382000e+15,8.210864824440503029e-02
1.651200764134398500e+15,7.909400785577053172e-02
1.651200764136414750e+15,7.607974121377483745e-02
1.651200764138431250e+15,7.306510082514033888e-02
1.651200764140447500e+15,7.005083418314464461e-02
1.651200764142464000e+15,6.741151518523774699e-02
1.651200764144480500e+15,6.686213728651276000e-02
1.651200764146496750e+15,6.631282749811490129e-02
1.651200764148513250e+15,6.576344959938991430e-02
1.651200764150529750e+15,6.521407170066492731e-02
1.651200764152546000e+15,6.466476191226708248e-02
1.651200764154562500e+15,6.411538401354209549e-02
1.651200764156579000e+15,6.356600611481710850e-02
1.651200764158595250e+15,6.301669632641926366e-02
1.651200764160611750e+15,6.246731842769426973e-02
1.651200764162628250e+15,6.191794052896928274e-02
1.651200764164644500e+15,6.136863074057143791e-02
1.651200764166661000e+15,6.239964555309857053e-02
1.651200764168677500e+15,6.345816972412125778e-02
1.651200764170693750e+15,6.451656266229358061e-02
1.651200764172710250e+15,6.557508683331626786e-02
1.651200764174726500e+15,6.663347977148859069e-02
1.651200764176743000e+15,6.730489741694058170e-02
1.651200764178759500e+15,6.628182076446119397e-02
1.651200764180775750e+15,6.525887095014845651e-02
1.651200764182792250e+15,6.423579429766905491e-02
1.651200764184808750e+15,6.321271764518963943e-02
1.651200764186825000e+15,6.218976783087691584e-02
1.651200764188841500e+15,6.177919325148351071e-02
1.651200764190858000e+15,6.401068953807644013e-02
1.651200764192874250e+15,6.624190917003426604e-02
1.651200764194890750e+15,6.847340545662719546e-02
1.651200764196907250e+15,7.070490174322011101e-02
1.651200764198923500e+15,7.293612137517795080e-02
1.651200764200940000e+15,7.516761766177088022e-02
1.651200764202956500e+15,7.739911394836378189e-02
1.651200764204972750e+15,7.963033358032162168e-02
1.651200764206989250e+15,8.186182986691456498e-02
1.651200764209005500e+15,8.409304949887239089e-02
1.651200764211022000e+15,8.590292412159625246e-02
1.651200764213038500e+15,8.590292412159616919e-02
1.651200764215054750e+15,8.590292412159605817e-02
1.651200764217071250e+15,8.590292412159597490e-02
1.651200764219087750e+15,8.590292412159589164e-02
1.651200764221104000e+15,8.590292412159578062e-02
1.651200764223120500e+15,8.590292412159569735e-02
1.651200764225137000e+15,8.590292412159560020e-02
1.651200764227153250e+15,8.590292412159551694e-02
1.651200764229169750e+15,8.590292412159541979e-02
1.651200764231186250e+15,8.590292412159532265e-02
1.651200764233202500e+15,8.590292412159522550e-02
1.651200764235219000e+15,8.452300166247860014e-02
1.651200764237235500e+15,8.008502137729743564e-02
1.651200764239251750e+15,7.564759130043327562e-02
1.651200764241268250e+15,7.120961101525212500e-02
1.651200764243284500e+15,6.677218093838799273e-02
1.651200764245301000e+15,6.233420065320682130e-02
1.651200764247317500e+15,6.217509048778950553e-02
1.651200764249333750e+15,6.322051511634250998e-02
1.651200764251350250e+15,6.426606936977197204e-02
1.651200764253366750e+15,6.531162362320142023e-02
1.651200764255383000e+15,6.635704825175443855e-02
1.651200764257399500e+15,6.740260250518388674e-02
1.651200764259416000e+15,6.749515466696776045e-02
1.651200764261432250e+15,6.749515466696777433e-02
1.651200764263448750e+15,6.749515466696776045e-02
1.651200764265465250e+15,6.749515466696776045e-02
1.651200764267481500e+15,6.749515466696776045e-02
1.651200764269498000e+15,6.749515466696776045e-02
1.651200764271514500e+15,6.743715889927302809e-02
1.651200764273530750e+15,6.685102372827310402e-02
1.651200764275547250e+15,6.626481588087256014e-02
1.651200764277563500e+15,6.567868070987263607e-02
1.651200764279580000e+15,6.509247286247209219e-02
1.651200764281596500e+15,6.450626501507154831e-02
1.651200764283612750e+15,6.392012984407162424e-02
1.651200764285629250e+15,6.333392199667108036e-02
1.651200764287645750e+15,6.274771414927053648e-02
1.651200764289662000e+15,6.216157897827061241e-02
1.651200764291678500e+15,6.157537113087006159e-02
1.651200764293695000e+15,6.135923151542632681e-02
1.651200764295711250e+15,6.135923151542632681e-02
1.651200764297727750e+15,6.135923151542632681e-02
1.651200764299744250e+15,6.135923151542632681e-02
1.651200764301760500e+15,6.135923151542632681e-02
1.651200764303777000e+15,6.135923151542632681e-02
1.651200764305793500e+15,6.135923151542631987e-02
1.651200764307809750e+15,6.135923151542621579e-02
1.651200764309826250e+15,6.135923151542610476e-02
1.651200764311842500e+15,6.135923151542600762e-02
1.651200764313859000e+15,6.135923151542589660e-02
1.651200764315875500e+15,6.135923151542579945e-02
1.651200764317891750e+15,6.135923151542568843e-02
1.651200764319908250e+15,6.135923151542576476e-02
1.651200764321924750e+15,6.135923151542592435e-02
1.651200764323941000e+15,6.135923151542607007e-02
1.651200764325957500e+15,6.135923151542623660e-02
1.651200764327974000e+15,6.215746039078588053e-02
1.651200764329990250e+15,6.428352243826762624e-02
1.651200764332006750e+15,6.640984810162631202e-02
1.651200764334023250e+15,6.853617376498499780e-02
1.651200764336039500e+15,7.066223581246675045e-02
1.651200764338056000e+15,7.278856147582543623e-02
1.651200764340072500e+15,7.295418872894343654e-02
1.651200764342088750e+15,7.183322147897322485e-02
1.651200764344105250e+15,7.071211523740350557e-02
1.651200764346121500e+15,6.959114798743329389e-02
1.651200764348138000e+15,6.847004174586357461e-02
1.651200764350154500e+15,6.734893550429385534e-02
1.651200764352170750e+15,6.622796825432362977e-02
1.651200764354187250e+15,6.510686201275392437e-02
1.651200764356203750e+15,6.398575577118419122e-02
1.651200764358220000e+15,6.286478852121397953e-02
1.651200764360236500e+15,6.174368227964426026e-02
1.651200764362253000e+15,6.135923151542623660e-02
1.651200764364269250e+15,6.135923151542609782e-02
1.651200764366285750e+15,6.135923151542597292e-02
1.651200764368302250e+15,6.135923151542583415e-02
1.651200764370318500e+15,6.135923151542570231e-02
1.651200764372335000e+15,6.135923151542557741e-02
1.651200764374351500e+15,6.135923151542544557e-02
1.651200764376367750e+15,6.135923151542530679e-02
1.651200764378384250e+15,6.135923151542521659e-02
1.651200764380400500e+15,6.135923151542523046e-02
1.651200764382417000e+15,6.135923151542521659e-02
1.651200764384433500e+15,6.135923151542521659e-02
1.651200764386449750e+15,6.135923151542522352e-02
1.651200764388466250e+15,6.135923151542527210e-02
1.651200764390482750e+15,6.135923151542534149e-02
1.651200764392499000e+15,6.135923151542541087e-02
1.651200764394515500e+15,6.135923151542549414e-02
1.651200764396532000e+15,6.135923151542556353e-02
1.651200764398548250e+15,6.135923151542563292e-02
1.651200764400564750e+15,6.044456820795719026e-02
1.651200764402581250e+15,5.922289669975372428e-02
1.651200764404597500e+15,5.800137665094875355e-02
1.651200764406614000e+15,5.677970514274529451e-02
1.651200764408630500e+15,5.555803363454182853e-02
1.651200764410646750e+15,5.433651358573686474e-02
1.651200764412663250e+15,5.311484207753340570e-02
1.651200764414679500e+15,5.189332202872842803e-02
1.651200764416696000e+15,5.067165052052496899e-02
1.651200764418712500e+15,4.944997901232150994e-02
1.651200764420728750e+15,4.977692270822751952e-02
1.651200764422745250e+15,5.075766850999385849e-02
1.651200764424761750e+15,5.173841431176020439e-02
1.651200764426778000e+15,5.271903852341970620e-02
1.651200764428794500e+15,5.369978432518605904e-02
1.651200764430811000e+15,5.468053012695239801e-02
1.651200764432827250e+15,5.566115433861190676e-02
1.651200764434843750e+15,5.664190014037824572e-02
1.651200764436860250e+15,5.762264594214458469e-02
1.651200764438876500e+15,5.860327015380410037e-02
1.651200764440893000e+15,5.958401595557043934e-02
1.651200764442909500e+15,6.056476175733678524e-02
1.651200764444925750e+15,6.156387813325834429e-02
1.651200764446942250e+15,6.264204901467049225e-02
1.651200764448958500e+15,6.372008622748835671e-02
1.651200764450975000e+15,6.479825710890049772e-02
1.651200764452991500e+15,6.587642799031265262e-02
1.651200764455007750e+15,6.695446520313051708e-02
1.651200764457024250e+15,6.803263608454265809e-02
1.651200764459040750e+15,6.911080696595479911e-02
1.651200764461057000e+15,7.018884417877266357e-02
1.651200764463073500e+15,7.126701506018481846e-02
1.651200764465090000e+15,7.234518594159695948e-02
1.651200764467106250e+15,7.342322315441482394e-02
1.651200764469122750e+15,7.184163969078083412e-02
1.651200764471139250e+15,6.962483613706128838e-02
1.651200764473155500e+15,6.740830741641314072e-02
1.651200764475172000e+15,6.519150386269362274e-02
1.651200764477188500e+15,6.297470030897409088e-02
1.651200764479204750e+15,6.075817158832593629e-02
1.651200764481221250e+15,5.854136803460641136e-02
1.651200764483237500e+15,5.632483931395824983e-02
1.651200764485254000e+15,5.410803576023873185e-02
1.651200764487270500e+15,5.189123220651920693e-02
1.651200764489286750e+15,4.967470348587105233e-02
1.651200764491303250e+15,4.908738521234033009e-02
1.651200764493319750e+15,4.908738521234028845e-02
1.651200764495336000e+15,4.908738521234025376e-02
1.651200764497352500e+15,4.908738521234021907e-02
1.651200764499369000e+15,4.908738521234018437e-02
1.651200764501385250e+15,4.908738521234014274e-02
1.651200764503401750e+15,4.908738521234012192e-02
1.651200764505418250e+15,4.908738521234008723e-02
1.651200764507434500e+15,4.908738521234005947e-02
1.651200764509451000e+15,4.908738521234003171e-02
1.651200764511467500e+15,4.908738521234000396e-02
1.651200764513483750e+15,4.908738521233997620e-02
1.651200764515500250e+15,4.908738521233994151e-02
1.651200764517516500e+15,4.908738521233991375e-02
1.651200764519533000e+15,4.908738521233995539e-02
1.651200764521549500e+15,4.908738521234004559e-02
1.651200764523565750e+15,4.908738521234012886e-02
1.651200764525582250e+15,4.908738521234022600e-02
1.651200764527598750e+15,4.908738521234030233e-02
1.651200764529615000e+15,4.908738521234039948e-02
1.651200764531631500e+15,4.908738521234049662e-02
1.651200764533648000e+15,4.908738521234059377e-02
1.651200764535664250e+15,4.908738521234069785e-02
1.651200764537680750e+15,4.908738521234079499e-02
1.651200764539697250e+15,4.908738521234089214e-02
1.651200764541713500e+15,4.908738521234098928e-02
1.651200764543730000e+15,4.908738521234109337e-02
1.651200764545746500e+15,4.908738521234119051e-02
1.651200764547762750e+15,4.908738521234128765e-02
1.651200764549779250e+15,4.908738521234138480e-02
1.651200764551795500e+15,4.908738521234142643e-02
1.651200764553812000e+15,4.908738521234129459e-02
1.651200764555828500e+15,4.908738521234116275e-02
1.651200764557844750e+15,4.908738521234103092e-02
1.651200764559861250e+15,4.908738521234090602e-02
1.651200764561877750e+15,4.908738521234076724e-02
1.651200764563894000e+15,4.908738521234064234e-02
1.651200764565910500e+15,4.908738521234051050e-02
1.651200764567927000e+15,4.908738521234037866e-02
1.651200764569943250e+15,4.908738521234033703e-02
1.651200764571959750e+15,4.908738521234032315e-02
1.651200764573976250e+15,4.908738521234029539e-02
1.651200764575992500e+15,4.908738521234028152e-02
1.651200764578009000e+15,4.908738521234025376e-02
1.651200764580025500e+15,4.908738521234023988e-02
1.651200764582041750e+15,4.908738521234021213e-02
1.651200764584058250e+15,4.908738521234019131e-02
1.651200764586074500e+15,4.908738521234017049e-02
1.651200764588091000e+15,4.908738521234015661e-02
1.651200764590107500e+15,4.908738521234012886e-02
1.651200764592123750e+15,4.908738521234011498e-02
1.651200764594140250e+15,4.908738521234009416e-02
1.651200764596156750e+15,4.908738521234007335e-02
1.651200764598173000e+15,4.908738521234005947e-02
1.651200764600189500e+15,4.908738521234003171e-02
1.651200764602206000e+15,4.908738521234001784e-02
1.651200764604222250e+15,4.908738521233999702e-02
1.651200764606238750e+15,4.908738521233997620e-02
1.651200764608255250e+15,4.908738521233996233e-02
1.651200764610271500e+15,4.908738521233994151e-02
1.651200764612288000e+15,4.908738521233992069e-02
1.651200764614304500e+15,4.810135307297482010e-02
1.651200764616320750e+15,4.563321241376332160e-02
1.651200764618337250e+15,4.316476572347193591e-02
1.651200764620353500e+15,4.069662506426043741e-02
1.651200764622370000e+15,3.822817837396905172e-02
1.651200764624386500e+15,3.712946901473625216e-02
1.651200764626402750e+15,3.786333750769502876e-02
1.651200764628419250e+15,3.859729699488727295e-02
1.651200764630435750e+15,3.933125648207952407e-02
1.651200764632452000e+15,4.006512497503829373e-02
1.651200764634468500e+15,4.079908446223053792e-02
1.651200764636485000e+15,4.153304394942278210e-02
1.651200764638501250e+15,4.226691244238155176e-02
1.651200764640517750e+15,4.295146206079802909e-02
1.651200764642534250e+15,4.295146206079798745e-02
1.651200764644550500e+15,4.295146206079793888e-02
1.651200764646567000e+15,4.295146206079789725e-02
1.651200764648583500e+15,4.295146206079786255e-02
1.651200764650599750e+15,4.295146206079780704e-02
1.651200764652616250e+15,4.295146206079777235e-02
1.651200764654632500e+15,4.295146206079772377e-02
1.651200764656649000e+15,4.295146206079768214e-02
1.651200764658665500e+15,4.295146206079764051e-02
1.651200764660681750e+15,4.295146206079759887e-02
1.651200764662698250e+15,4.295146206079758500e-02
1.651200764664714750e+15,4.295146206079758500e-02
1.651200764666731000e+15,4.295146206079757806e-02
1.651200764668747500e+15,4.295146206079758500e-02
1.651200764670764000e+15,4.295146206079758500e-02
1.651200764672780250e+15,4.295146206079757806e-02
1.651200764674796750e+15,4.295146206079758500e-02
1.651200764676813250e+15,4.295146206079758500e-02
1.651200764678829500e+15,4.295146206079758500e-02
1.651200764680846000e+15,4.295146206079758500e-02
1.651200764682862500e+15,4.295146206079758500e-02
1.651200764684878750e+15,4.295146206079758500e-02
1.651200764686895250e+15,4.295146206079758500e-02
1.651200764688911500e+15,4.295146206079758500e-02
1.651200764690928000e+15,4.295146206079758500e-02
1.651200764692944500e+15,4.295146206079758500e-02
1.651200764694960750e+15,4.295146206079758500e-02
1.651200764696977250e+15,4.295146206079758500e-02
1.651200764698993750e+15,4.295146206079757806e-02
1.651200764701010000e+15,4.295146206079758500e-02
1.651200764703026500e+15,4.295146206079758500e-02
1.651200764705043000e+15,4.295146206079758500e-02
1.651200764707059250e+15,4.295146206079758500e-02
1.651200764709075750e+15,4.295146206079758500e-02
1.651200764711092250e+15,4.295146206079758500e-02
1.651200764713108500e+15,4.295146206079758500e-02
1.651200764715125000e+15,4.295146206079757806e-02
1.651200764717141500e+15,4.295146206079757806e-02
1.651200764719157750e+15,4.291993978569562385e-02
1.651200764721174250e+15,4.229522560640231604e-02
1.651200764723190500e+15,4.167058887741638407e-02
1.651200764725207000e+15,4.104587469812306932e-02
1.651200764727223500e+15,4.042116051882976152e-02
1.651200764729239750e+15,3.979652378984382954e-02
1.651200764731256250e+15,3.917180961055051480e-02
1.651200764733272750e+15,3.854709543125720700e-02
1.651200764735289000e+15,3.792245870227127502e-02
1.651200764737305500e+15,3.729774452297796028e-02
1.651200764739322000e+15,3.659756650600413941e-02
1.651200764741338250e+15,3.564216029283703846e-02
1.651200764743354750e+15,3.468663561640730059e-02
1.651200764745371250e+15,3.373111093997756271e-02
1.651200764747387500e+15,3.277570472681046176e-02
1.651200764749404000e+15,3.182018005038072389e-02
1.651200764751420500e+15,3.086465537395098602e-02
1.651200764753436750e+15,3.172570185918256735e-02
1.651200764755453250e+15,3.302321539054672850e-02
1.651200764757469500e+15,3.432056805983162845e-02
1.651200764759486000e+15,3.561808159119578959e-02
1.651200764761502500e+15,3.675316076790775821e-02
1.651200764763518750e+15,3.594435094479720566e-02
1.651200764765535250e+15,3.513544083528577500e-02
1.651200764767551750e+15,3.432653072577433739e-02
1.651200764769568000e+15,3.351772090266379178e-02
1.651200764771584500e+15,3.270881079315235418e-02
1.651200764773601000e+15,3.189990068364091658e-02
1.651200764775617250e+15,3.109109086053037097e-02
1.651200764777633750e+15,3.098630357238303309e-02
1.651200764779650250e+15,3.161051349242566949e-02
1.651200764781666500e+15,3.223464602467757123e-02
1.651200764783683000e+15,3.285885594472020416e-02
1.651200764785699500e+15,3.348306586476283708e-02
1.651200764787715750e+15,3.410719839701473882e-02
1.651200764789732250e+15,3.473140831705737175e-02
1.651200764791748500e+15,3.535554084930928043e-02
1.651200764793765000e+15,3.597975076935191335e-02
1.651200764795781500e+15,3.660396068939454628e-02
1.651200764797797750e+15,3.681553890925527012e-02
1.651200764799814250e+15,3.681553890925526318e-02
1.651200764801830750e+15,3.681553890925526318e-02
1.651200764803847000e+15,3.681553890925526318e-02
1.651200764805863500e+15,3.681553890925526318e-02
1.651200764807880000e+15,3.681553890925526318e-02
1.651200764809896250e+15,3.681553890925526318e-02
1.651200764811912750e+15,3.681553890925526318e-02
1.651200764813929250e+15,3.681553890925526318e-02
1.651200764815945500e+15,3.681553890925526318e-02
1.651200764817962000e+15,3.681553890925526318e-02
1.651200764819978500e+15,3.681553890925526318e-02
1.651200764821994750e+15,3.681553890925526318e-02
1.651200764824011250e+15,3.681553890925526318e-02
1.651200764826027500e+15,3.681553890925526318e-02
1.651200764828044000e+15,3.681553890925526318e-02
1.651200764830060500e+15,3.681553890925526318e-02
1.651200764832076750e+15,3.681553890925526318e-02
1.651200764834093250e+15,3.681553890925525624e-02
1.651200764836109750e+15,3.681553890925526318e-02
1.651200764838126000e+15,3.681553890925526318e-02
1.651200764840142500e+15,3.681553890925526318e-02
1.651200764842159000e+15,3.681553890925526318e-02
1.651200764844175250e+15,3.681553890925526318e-02
1.651200764846191750e+15,3.681553890925526318e-02
1.651200764848208250e+15,3.681553890925526318e-02
1.651200764850224500e+15,3.681553890925525624e-02
1.651200764852241000e+15,3.681553890925526318e-02
1.651200764854257500e+15,3.681553890925525624e-02
1.651200764856273750e+15,3.681553890925526318e-02
1.651200764858290250e+15,3.681553890925526318e-02
1.651200764860306500e+15,3.681553890925526318e-02
1.651200764862323000e+15,3.681553890925526318e-02
1.651200764864339500e+15,3.681553890925526318e-02
1.651200764866355750e+15,3.681553890925526318e-02
1.651200764868372250e+15,3.681553890925526318e-02
1.651200764870388750e+15,3.681553890925526318e-02
1.651200764872405000e+15,3.681553890925526318e-02
1.651200764874421500e+15,3.681553890925527012e-02
1.651200764876438000e+15,3.681553890925526318e-02
1.651200764878454250e+15,3.681553890925526318e-02
1.651200764880470750e+15,3.681553890925526318e-02
1.651200764882487250e+15,3.681553890925526318e-02
1.651200764884503500e+15,3.681553890925526318e-02
1.651200764886520000e+15,3.681553890925526318e-02
1.651200764888536500e+15,3.681553890925526318e-02
1.651200764890552750e+15,3.681553890925527012e-02
1.651200764892569250e+15,3.681553890925527012e-02
1.651200764894585500e+15,3.681553890925526318e-02
1.651200764896602000e+15,3.681553890925526318e-02
1.651200764898618500e+15,3.681553890925526318e-02
1.651200764900634750e+15,3.681553890925526318e-02
1.651200764902651250e+15,3.681553890925526318e-02
1.651200764904667750e+15,3.681553890925526318e-02
1.651200764906684000e+15,3.681553890925526318e-02
1.651200764908700500e+15,3.681553890925526318e-02
1.651200764910717000e+15,3.681553890925526318e-02
1.651200764912733250e+15,3.681553890925525624e-02
1.651200764914749750e+15,3.681553890925526318e-02
1.651200764916766250e+15,3.681553890925525624e-02
1.651200764918782500e+15,3.681553890925526318e-02
1.651200764920799000e+15,3.681553890925525624e-02
1.651200764922815500e+15,3.681553890925526318e-02
1.651200764924831750e+15,3.681553890925526318e-02
1.651200764926848250e+15,3.681553890925526318e-02
1.651200764928864500e+15,3.681553890925525624e-02
1.651200764930881000e+15,3.681553890925526318e-02
1.651200764932897500e+15,3.681553890925526318e-02
1.651200764934913750e+15,3.681553890925526318e-02
1.651200764936930250e+15,3.681553890925525624e-02
1.651200764938946750e+15,3.681553890925531175e-02
1.651200764940963000e+15,3.681553890925538808e-02
1.651200764942979500e+15,3.681553890925547134e-02
1.651200764944996000e+15,3.681553890925555461e-02
1.651200764947012250e+15,3.681553890925562400e-02
1.651200764949028750e+15,3.681553890925570727e-02
1.651200764951045250e+15,3.681553890925565869e-02
1.651200764953061500e+15,3.681553890925561012e-02
1.651200764955078000e+15,3.681553890925556849e-02
1.651200764957094500e+15,3.681553890925551992e-02
1.651200764959110750e+15,3.681553890925547134e-02
1.651200764961127250e+15,3.681553890925542971e-02
1.651200764963143500e+15,3.681553890925538114e-02
1.651200764965160000e+15,3.681553890925533257e-02
1.651200764967176500e+15,3.681553890925528399e-02
1.651200764969192750e+15,3.681553890925526318e-02
1.651200764971209250e+15,3.681553890925526318e-02
1.651200764973225750e+15,3.681553890925526318e-02
1.651200764975242000e+15,3.681553890925526318e-02
1.651200764977258500e+15,3.681553890925526318e-02
1.651200764979275000e+15,3.681553890925526318e-02
1.651200764981291250e+15,3.681553890925526318e-02
1.651200764983307750e+15,3.681553890925526318e-02
1.651200764985324250e+15,3.681553890925526318e-02
1.651200764987340500e+15,3.681553890925527012e-02
1.651200764989357000e+15,3.681553890925526318e-02
1.651200764991373500e+15,3.681553890925526318e-02
1.651200764993389750e+15,3.681553890925526318e-02
1.651200764995406250e+15,3.681553890925526318e-02
1.651200764997422500e+15,3.681553890925526318e-02
1.651200764999439000e+15,3.681553890925526318e-02
1.651200765001455500e+15,3.681553890925526318e-02
1.651200765003471750e+15,3.681553890925526318e-02
1.651200765005488250e+15,3.681553890925526318e-02
1.651200765007504750e+15,3.681553890925526318e-02
1.651200765009521000e+15,3.681553890925526318e-02
1.651200765011537500e+15,3.681553890925526318e-02
1.651200765013554000e+15,3.681553890925526318e-02
1.651200765015570250e+15,3.681553890925526318e-02
1.651200765017586750e+15,3.681553890925526318e-02
1.651200765019603250e+15,3.681553890925526318e-02
1.651200765021619500e+15,3.681553890925526318e-02
1.651200765023636000e+15,3.681553890925526318e-02
1.651200765025652500e+15,3.681553890925526318e-02
1.651200765027668750e+15,3.681553890925526318e-02
1.651200765029685250e+15,3.681553890925526318e-02
1.651200765031701500e+15,3.681553890925526318e-02
1.651200765033718000e+15,3.681553890925526318e-02
1.651200765035734500e+15,3.681553890925526318e-02
1.651200765037750750e+15,3.681553890925526318e-02
1.651200765039767250e+15,3.681553890925526318e-02
1.651200765041783750e+15,3.681553890925526318e-02
1.651200765043800000e+15,3.681553890925526318e-02
1.651200765045816500e+15,3.681553890925526318e-02
1.651200765047833000e+15,3.681553890925526318e-02
1.651200765049849250e+15,3.681553890925525624e-02
1.651200765051865750e+15,3.681553890925526318e-02
1.651200765053882250e+15,3.681553890925526318e-02
1.651200765055898500e+15,3.681553890925526318e-02
1.651200765057915000e+15,3.681553890925526318e-02
1.651200765059931500e+15,3.681553890925526318e-02
1.651200765061947750e+15,3.681553890925527706e-02
1.651200765063964250e+15,3.681553890925531869e-02
1.651200765065980500e+15,3.681553890925536032e-02
1.651200765067997000e+15,3.681553890925539502e-02
1.651200765070013500e+15,3.681553890925544359e-02
1.651200765072029750e+15,3.681553890925548522e-02
1.651200765074046250e+15,3.681553890925552686e-02
1.651200765076062750e+15,3.681553890925556849e-02
1.651200765078079000e+15,3.681553890925561012e-02
1.651200765080095500e+15,3.681553890925565176e-02
1.651200765082112000e+15,3.681553890925569339e-02
1.651200765084128250e+15,3.681553890925558931e-02
1.651200765086144750e+15,3.681553890925540196e-02
1.651200765088161250e+15,3.681553890925520767e-02
1.651200765090177500e+15,3.681553890925501338e-02
1.651200765092194000e+15,3.681553890925482603e-02
1.651200765094210500e+15,3.681553890925488154e-02
1.651200765096226750e+15,3.681553890925495093e-02
1.651200765098243250e+15,3.681553890925501338e-02
1.651200765100259500e+15,3.681553890925508277e-02
1.651200765102276000e+15,3.681553890925515216e-02
1.651200765104292500e+15,3.681553890925522154e-02
1.651200765106308750e+15,3.629223135500208447e-02
1.651200765108325250e+15,3.505331185614496414e-02
1.651200765110341750e+15,3.381439235728785075e-02
1.651200765112358000e+15,3.257562645618661268e-02
1.651200765114374500e+15,3.133670695732949929e-02
1.651200765116391000e+15,3.093665898625850424e-02
1.651200765118407250e+15,3.148392763415278073e-02
1.651200765120423750e+15,3.203126413928797378e-02
1.651200765122440250e+15,3.257860064442315295e-02
1.651200765124456500e+15,3.312586929231743638e-02
1.651200765126473000e+15,3.367320579745261555e-02
1.651200765128489500e+15,3.422054230258780166e-02
1.651200765130505750e+15,3.476781095048208509e-02
1.651200765132522250e+15,3.531514745561727120e-02
1.651200765134538500e+15,3.586241610351154768e-02
1.651200765136555000e+15,3.640975260864673380e-02
1.651200765138571500e+15,3.681553890925527706e-02
1.651200765140587750e+15,3.681553890925534644e-02
1.651200765142604250e+15,3.681553890925541583e-02
1.651200765144620750e+15,3.681553890925547134e-02
1.651200765146637000e+15,3.681553890925554073e-02
1.651200765148653500e+15,3.681553890925561012e-02
1.651200765150670000e+15,3.681553890925567257e-02
1.651200765152686250e+15,3.681553890925570727e-02
1.651200765154702750e+15,3.681553890925570727e-02
1.651200765156719250e+15,3.681553890925570727e-02
1.651200765158735500e+15,3.681553890925570727e-02
1.651200765160752000e+15,3.681553890925570727e-02
1.651200765162768500e+15,3.681553890925570727e-02
1.651200765164784750e+15,3.681553890925570727e-02
1.651200765166801250e+15,3.681553890925570727e-02
1.651200765168817500e+15,3.681553890925570727e-02
1.651200765170834000e+15,3.681553890925570727e-02
1.651200765172850500e+15,3.632479052447067785e-02
1.651200765174866750e+15,3.517491088377012326e-02
1.651200765176883250e+15,3.402488866654872213e-02
1.651200765178899750e+15,3.287486644932731406e-02
1.651200765180916000e+15,3.172498680862677334e-02
1.651200765182932500e+15,3.067961575771338545e-02
1.651200765184949000e+15,3.067961575771338545e-02
1.651200765186965250e+15,3.067961575771338545e-02
1.651200765188981750e+15,3.067961575771338198e-02
1.651200765190998250e+15,3.067961575771338545e-02
1.651200765193014500e+15,3.067961575771338198e-02
1.651200765195031000e+15,3.067961575771338545e-02
1.651200765197047500e+15,3.067961575771338545e-02
1.651200765199063750e+15,3.067961575771338545e-02
1.651200765201080250e+15,3.067961575771338198e-02
1.651200765203096500e+15,3.067961575771338545e-02
1.651200765205113000e+15,3.067961575771338545e-02
1.651200765207129500e+15,3.067961575771338545e-02
1.651200765209145750e+15,3.067961575771338545e-02
1.651200765211162250e+15,3.067961575771338545e-02
1.651200765213178750e+15,3.067961575771338892e-02
1.651200765215195000e+15,3.067961575771338892e-02
1.651200765217211500e+15,3.067961575771338892e-02
1.651200765219228000e+15,3.067961575771338545e-02
1.651200765221244250e+15,3.067961575771338892e-02
1.651200765223260750e+15,3.067961575771338545e-02
1.651200765225277250e+15,3.067961575771338545e-02
1.651200765227293500e+15,3.067961575771338545e-02
1.651200765229310000e+15,3.067961575771338892e-02
1.651200765231326500e+15,3.067961575771338892e-02
1.651200765233342750e+15,3.067961575771334728e-02
1.651200765235359250e+15,3.067961575771330565e-02
1.651200765237375500e+15,3.067961575771326402e-02
1.651200765239392000e+15,3.067961575771321892e-02
1.651200765241408500e+15,3.067961575771317728e-02
1.651200765243424750e+15,3.067961575771313218e-02
1.651200765245441250e+15,3.067961575771308708e-02
1.651200765247457750e+15,3.067961575771305238e-02
1.651200765249474000e+15,3.067961575771300381e-02
1.651200765251490500e+15,3.067961575771296218e-02
1.651200765253507000e+15,3.102503102739282564e-02
1.651200765255523250e+15,3.170448813714118325e-02
1.651200765257539750e+15,3.238402949451629070e-02
1.651200765259556250e+15,3.306357085189140510e-02
1.651200765261572500e+15,3.374302796163975576e-02
1.651200765263589000e+15,3.442256931901486322e-02
1.651200765265605500e+15,3.510211067638997762e-02
1.651200765267621750e+15,3.578156778613833522e-02
1.651200765269638250e+15,3.646110914351344268e-02
1.651200765271654500e+15,3.657117117122356265e-02
1.651200765273671000e+15,3.606026651208221745e-02
1.651200765275687500e+15,3.554936185294087225e-02
1.651200765277703750e+15,3.503852053432260361e-02
1.651200765279720250e+15,3.452761587518125841e-02
1.651200765281736750e+15,3.401671121603991321e-02
1.651200765283753000e+15,3.350586989742164457e-02
1.651200765285769500e+15,3.299496523828029937e-02
1.651200765287786000e+15,3.248406057913895417e-02
1.651200765289802250e+15,3.197321926052068553e-02
1.651200765291818750e+15,3.146231460137934033e-02
1.651200765293835250e+15,3.095140994223799860e-02
1.651200765295851500e+15,3.067961575771338198e-02
1.651200765297868000e+15,3.067961575771338545e-02
1.651200765299884500e+15,3.067961575771338545e-02
1.651200765301900750e+15,3.067961575771338545e-02
1.651200765303917250e+15,3.067961575771338545e-02
1.651200765305933500e+15,3.067961575771338198e-02
1.651200765307950000e+15,3.067961575771338545e-02
1.651200765309966500e+15,3.067961575771338545e-02
1.651200765311982750e+15,3.067961575771338198e-02
1.651200765313999250e+15,3.067961575771338545e-02
1.651200765316015750e+15,3.067961575771338545e-02
1.651200765318032000e+15,3.067961575771338545e-02
1.651200765320048500e+15,3.067961575771338545e-02
1.651200765322065000e+15,3.067961575771338545e-02
1.651200765324081250e+15,3.067961575771338545e-02
1.651200765326097750e+15,3.067961575771338545e-02
1.651200765328114250e+15,3.067961575771338892e-02
1.651200765330130500e+15,3.067961575771338545e-02
1.651200765332147000e+15,3.067961575771338545e-02
1.651200765334163500e+15,3.067961575771338545e-02
1.651200765336179750e+15,3.067961575771338545e-02
1.651200765338196250e+15,3.067961575771338545e-02
1.651200765340212500e+15,3.067961575771338545e-02
1.651200765342229000e+15,3.067961575771338545e-02
1.651200765344245500e+15,3.067961575771338198e-02
1.651200765346261750e+15,3.067961575771338545e-02
1.651200765348278250e+15,3.067961575771338545e-02
1.651200765350294750e+15,3.067961575771338198e-02
1.651200765352311000e+15,3.067961575771337851e-02
1.651200765354327500e+15,3.067961575771333688e-02
1.651200765356344000e+15,3.067961575771330218e-02
1.651200765358360250e+15,3.067961575771326055e-02
1.651200765360376750e+15,3.067961575771322585e-02
1.651200765362393250e+15,3.067961575771318422e-02
1.651200765364409500e+15,3.067961575771314953e-02
1.651200765366426000e+15,3.067961575771311483e-02
1.651200765368442500e+15,3.067961575771308014e-02
1.651200765370458750e+15,3.067961575771304197e-02
1.651200765372475250e+15,3.067961575771300034e-02
1.651200765374491500e+15,3.067961575771296218e-02
1.651200765376508000e+15,3.067961575771298299e-02
1.651200765378524500e+15,3.067961575771308014e-02
1.651200765380540750e+15,3.067961575771317034e-02
1.651200765382557250e+15,3.067961575771326402e-02
1.651200765384573750e+15,3.067961575771335769e-02
1.651200765386590000e+15,3.067961575771338198e-02
1.651200765388606500e+15,3.067961575771338198e-02
1.651200765390623000e+15,3.067961575771338198e-02
1.651200765392639250e+15,3.067961575771338545e-02
1.651200765394655750e+15,3.067961575771338545e-02
1.651200765396672250e+15,3.067961575771338545e-02
1.651200765398688500e+15,3.067961575771338545e-02
1.651200765400705000e+15,3.067961575771338545e-02
1.651200765402721500e+15,3.067961575771338198e-02
1.651200765404737750e+15,3.067961575771338545e-02
1.651200765406754250e+15,3.067961575771338545e-02
1.651200765408770500e+15,3.067961575771338198e-02
1.651200765410787000e+15,3.067961575771338545e-02
1.651200765412803500e+15,3.067961575771338545e-02
1.651200765414819750e+15,3.067961575771338545e-02
1.651200765416836250e+15,3.067961575771338545e-02
1.651200765418852750e+15,3.067961575771338892e-02
1.651200765420869000e+15,3.067961575771338545e-02
1.651200765422885500e+15,3.067961575771336810e-02
1.651200765424902000e+15,3.067961575771327443e-02
1.651200765426918250e+15,3.067961575771318422e-02
1.651200765428934750e+15,3.067961575771309402e-02
1.651200765430951250e+15,3.067961575771300381e-02
1.651200765432967500e+15,3.067961575771292054e-02
1.651200765434984000e+15,3.067961575771285115e-02
1.651200765437000500e+15,3.067961575771277830e-02
1.651200765439016750e+15,3.067961575771270891e-02
1.651200765441033250e+15,3.067961575771264299e-02
1.651200765443049500e+15,3.067961575771257707e-02
1.651200765445066000e+15,3.067961575771250768e-02
1.651200765447082500e+15,3.067961575771255972e-02
1.651200765449098750e+15,3.067961575771263605e-02
1.651200765451115250e+15,3.067961575771271238e-02
1.651200765453131750e+15,3.067961575771278870e-02
1.651200765455148000e+15,3.067961575771286503e-02
1.651200765457164500e+15,3.067961575771294483e-02
1.651200765459181000e+15,3.067961575771301769e-02
1.651200765461197250e+15,3.067961575771309402e-02
1.651200765463213750e+15,3.067961575771317034e-02
1.651200765465230250e+15,3.067961575771325014e-02
1.651200765467246500e+15,3.067961575771332647e-02
1.651200765469263000e+15,3.067961575771338545e-02
1.651200765471279500e+15,3.067961575771338198e-02
1.651200765473295750e+15,3.067961575771338545e-02
1.651200765475312250e+15,3.067961575771338545e-02
1.651200765477328500e+15,3.067961575771338545e-02
1.651200765479345000e+15,3.067961575771338198e-02
1.651200765481361500e+15,3.067961575771338198e-02
1.651200765483377750e+15,3.067961575771338545e-02
1.651200765485394250e+15,3.067961575771338545e-02
1.651200765487410750e+15,3.067961575771338545e-02
1.651200765489427000e+15,3.067961575771338545e-02
1.651200765491443500e+15,3.067961575771338198e-02
1.651200765493460000e+15,3.067961575771338545e-02
1.651200765495476250e+15,3.067961575771338545e-02
1.651200765497492750e+15,3.067961575771338545e-02
1.651200765499509250e+15,3.067961575771338545e-02
1.651200765501525500e+15,3.067961575771338545e-02
1.651200765503542000e+15,3.067961575771338545e-02
1.651200765505558500e+15,3.067961575771338545e-02
1.651200765507574750e+15,3.067961575771338198e-02
1.651200765509591250e+15,3.067961575771338545e-02
1.651200765511607500e+15,3.067961575771338545e-02
1.651200765513624000e+15,3.067961575771338545e-02
1.651200765515640500e+15,3.067961575771338545e-02
1.651200765517656750e+15,3.067961575771338892e-02
1.651200765519673250e+15,3.067961575771338545e-02
1.651200765521689750e+15,3.067961575771338545e-02
1.651200765523706000e+15,3.067961575771338545e-02
1.651200765525722500e+15,3.067961575771335075e-02
1.651200765527739000e+15,3.067961575771328830e-02
1.651200765529755250e+15,3.067961575771321892e-02
1.651200765531771750e+15,3.067961575771314953e-02
1.651200765533788250e+15,3.067961575771309055e-02
1.651200765535804500e+15,3.067961575771302116e-02
1.651200765537821000e+15,3.067961575771295524e-02
1.651200765539837500e+15,3.120319965588692554e-02
1.651200765541853750e+15,3.188494071800723750e-02
1.651200765543870250e+15,3.256676631094739677e-02
1.651200765545886500e+15,3.324850737306769832e-02
1.651200765547903000e+15,3.393033296600786453e-02
1.651200765549919500e+15,3.461215855894802379e-02
1.651200765551935750e+15,3.529389962106833228e-02
1.651200765553952250e+15,3.597572521400849155e-02
1.651200765555968750e+15,3.665755080694865081e-02
1.651200765557985000e+15,3.681553890925527012e-02
1.651200765560001500e+15,3.681553890925526318e-02
1.651200765562018000e+15,3.681553890925526318e-02
1.651200765564034250e+15,3.681553890925526318e-02
1.651200765566050750e+15,3.681553890925526318e-02
1.651200765568067250e+15,3.681553890925527012e-02
1.651200765570083500e+15,3.681553890925529787e-02
1.651200765572100000e+15,3.681553890925540196e-02
1.651200765574116500e+15,3.681553890925549910e-02
1.651200765576132750e+15,3.681553890925559624e-02
1.651200765578149250e+15,3.681553890925569339e-02
1.651200765580165500e+15,3.681553890925566563e-02
1.651200765582182000e+15,3.681553890925561012e-02
1.651200765584198500e+15,3.681553890925555461e-02
1.651200765586214750e+15,3.681553890925549910e-02
1.651200765588231250e+15,3.681553890925545053e-02
1.651200765590247750e+15,3.681553890925539502e-02
1.651200765592264000e+15,3.681553890925533951e-02
1.651200765594280500e+15,3.681553890925528399e-02
1.651200765596297000e+15,3.681553890925526318e-02
1.651200765598313250e+15,3.681553890925526318e-02
1.651200765600329750e+15,3.681553890925526318e-02
1.651200765602346250e+15,3.681553890925526318e-02
1.651200765604362500e+15,3.681553890925526318e-02
1.651200765606379000e+15,3.681553890925526318e-02
1.651200765608395250e+15,3.681553890925526318e-02
1.651200765610411750e+15,3.681553890925526318e-02
1.651200765612428250e+15,3.681553890925526318e-02
1.651200765614444500e+15,3.681553890925526318e-02
1.651200765616461000e+15,3.681553890925525624e-02
1.651200765618477500e+15,3.681553890925525624e-02
1.651200765620493750e+15,3.681553890925526318e-02
1.651200765622510250e+15,3.681553890925526318e-02
1.651200765624526750e+15,3.681553890925526318e-02
1.651200765626543000e+15,3.681553890925527012e-02
1.651200765628559500e+15,3.681553890925538808e-02
1.651200765630576000e+15,3.681553890925551298e-02
1.651200765632592250e+15,3.681553890925563788e-02
1.651200765634608750e+15,3.681553890925570033e-02
1.651200765636625250e+15,3.681553890925570727e-02
1.651200765638641500e+15,3.681553890925570727e-02
1.651200765640658000e+15,3.681553890925570727e-02
1.651200765642674250e+15,3.681553890925570727e-02
1.651200765644690750e+15,3.681553890925570033e-02
1.651200765646707250e+15,3.681553890925570727e-02
1.651200765648723500e+15,3.681553890925570727e-02
1.651200765650740000e+15,3.681553890925571421e-02
1.651200765652756500e+15,3.681553890925570727e-02
1.651200765654772750e+15,3.681553890925570727e-02
1.651200765656789250e+15,3.681553890925570727e-02
1.651200765658805750e+15,3.681553890925570727e-02
1.651200765660822000e+15,3.681553890925570727e-02
1.651200765662838500e+15,3.681553890925570727e-02
1.651200765664855000e+15,3.681553890925570727e-02
1.651200765666871250e+15,3.681553890925570727e-02
1.651200765668887750e+15,3.681553890925570727e-02
1.651200765670904250e+15,3.681553890925570727e-02
1.651200765672920500e+15,3.681553890925570727e-02
1.651200765674937000e+15,3.681553890925570727e-02
1.651200765676953250e+15,3.681553890925570727e-02
1.651200765678969750e+15,3.681553890925570727e-02
1.651200765680986250e+15,3.681553890925570727e-02
1.651200765683002500e+15,3.763399804634103701e-02
1.651200765685019000e+15,3.870396423754528248e-02
1.651200765687035500e+15,3.977393042874954876e-02
1.651200765689051750e+15,4.084376396855394359e-02
1.651200765691068250e+15,4.191373015975819599e-02
1.651200765693084750e+15,4.295146206079847317e-02
1.651200765695101000e+15,4.295146206079847317e-02
1.651200765697117500e+15,4.295146206079848011e-02
1.651200765699134000e+15,4.295146206079847317e-02
1.651200765701150250e+15,4.295146206079847317e-02
1.651200765703166750e+15,4.295146206079847317e-02
1.651200765705183250e+15,4.295146206079847317e-02
1.651200765707199500e+15,4.348074053970152342e-02
1.651200765709216000e+15,4.449095355693576809e-02
1.651200765711232250e+15,4.550104133080065671e-02
1.651200765713248750e+15,4.651125434803490832e-02
1.651200765715265250e+15,4.752146736526915993e-02
1.651200765717281500e+15,4.853155513913405550e-02
1.651200765719298000e+15,4.808616504530845159e-02
1.651200765721314500e+15,4.586018878641019009e-02
1.651200765723330750e+15,4.363448849778950311e-02
1.651200765725347250e+15,4.140851223889123467e-02
1.651200765727363750e+15,3.918253597999298010e-02
1.651200765729380000e+15,3.695683569137228619e-02
1.651200765731396500e+15,3.960372246837164795e-02
1.651200765733413000e+15,4.258088537383004218e-02
1.651200765735429250e+15,4.555767917900260811e-02
1.651200765737445750e+15,4.853484208446100928e-02
1.651200765739462250e+15,4.952129641225469503e-02
1.651200765741478500e+15,5.005402495956978032e-02
1.651200765743495000e+15,5.058681956126145907e-02
1.651200765745511250e+15,5.111954810857653742e-02
1.651200765747527750e+15,5.165234271026822310e-02
1.651200765749544250e+15,5.218513731195990879e-02
1.651200765751560500e+15,5.271786585927498714e-02
1.651200765753577000e+15,5.325066046096667283e-02
1.651200765755593500e+15,5.378345506265836545e-02
1.651200765757609750e+15,5.431618360997344380e-02
1.651200765759626250e+15,5.484897821166512949e-02
1.651200765761642750e+15,5.481024068960523021e-02
1.651200765763659000e+15,5.342158258495845191e-02
1.651200765765675500e+15,5.203275229703770155e-02
1.651200765767692000e+15,5.064392200911695119e-02
1.651200765769708250e+15,4.925526390447017983e-02
1.651200765771724750e+15,4.816400170071880038e-02
1.651200765773741250e+15,4.711365458398832085e-02
1.651200765775757500e+15,4.606343768633999747e-02
1.651200765777774000e+15,4.501309056960951793e-02
1.651200765779790250e+15,4.396287367196119455e-02
1.651200765781806750e+15,4.299458138537950308e-02
1.651200765783823250e+15,4.415779366657587857e-02
1.651200765785839500e+15,4.532086173598437462e-02
1.651200765787856000e+15,4.648407401718075704e-02
1.651200765789872500e+15,4.764728629837715335e-02
1.651200765791888750e+15,4.881035436778563552e-02
1.651200765793905250e+15,4.908738521234049662e-02
1.651200765795921750e+15,4.908738521234069785e-02
1.651200765797938000e+15,4.908738521234089214e-02
1.651200765799954500e+15,4.908738521234107949e-02
1.651200765801971000e+15,4.908738521234124602e-02
1.651200765803987250e+15,4.908738521234123908e-02
1.651200765806003750e+15,4.908738521234123908e-02
1.651200765808020250e+15,4.908738521234123908e-02
1.651200765810036500e+15,4.908738521234123908e-02
1.651200765812053000e+15,4.908738521234123908e-02
1.651200765814069250e+15,4.908738521234124602e-02
1.651200765816085750e+15,4.908738521234123908e-02
1.651200765818102250e+15,4.942847081485648303e-02
1.651200765820118500e+15,5.006274690069585642e-02
1.651200765822135000e+15,5.069710163205116277e-02
1.651200765824151500e+15,5.133145636340645523e-02
1.651200765826167750e+15,5.196573244924584251e-02
1.651200765828184250e+15,5.260008718060114885e-02
1.651200765830200750e+15,5.323444191195644132e-02
1.651200765832217000e+15,5.386871799779582859e-02
1.651200765834233500e+15,5.450307272915112800e-02
1.651200765836250000e+15,5.513742746050642046e-02
1.651200765838266250e+15,5.522330836388341518e-02
1.651200765840282750e+15,5.522330836388324171e-02
1.651200765842299250e+15,5.522330836388307518e-02
1.651200765844315500e+15,5.522330836388289477e-02
1.651200765846332000e+15,5.522330836388272129e-02
1.651200765848348250e+15,5.522330836388267272e-02
1.651200765850364750e+15,5.522330836388267272e-02
1.651200765852381250e+15,5.522330836388267272e-02
1.651200765854397500e+15,5.522330836388267272e-02
1.651200765856414000e+15,5.522330836388267272e-02
1.651200765858430500e+15,5.522330836388267272e-02
1.651200765860446750e+15,5.522330836388267272e-02
1.651200765862463250e+15,5.522330836388267272e-02
1.651200765864479750e+15,5.522330836388267272e-02
1.651200765866496000e+15,5.522330836388267272e-02
1.651200765868512500e+15,5.522330836388267966e-02
1.651200765870529000e+15,5.522330836388272823e-02
1.651200765872545250e+15,5.522330836388279068e-02
1.651200765874561750e+15,5.522330836388284619e-02
1.651200765876578250e+15,5.522330836388290171e-02
1.651200765878594500e+15,5.522330836388295722e-02
1.651200765880611000e+15,5.522330836388300579e-02
1.651200765882627250e+15,5.522330836388306130e-02
1.651200765884643750e+15,5.522330836388311681e-02
1.651200765886660250e+15,5.522330836388301967e-02
1.651200765888676500e+15,5.522330836388292252e-02
1.651200765890693000e+15,5.522330836388282538e-02
1.651200765892709500e+15,5.522330836388272823e-02
1.651200765894725750e+15,5.522330836388267272e-02
1.651200765896742250e+15,5.522330836388267272e-02
1.651200765898758750e+15,5.522330836388267272e-02
1.651200765900775000e+15,5.522330836388266578e-02
1.651200765902791500e+15,5.522330836388267272e-02
1.651200765904808000e+15,5.522330836388267272e-02
1.651200765906824250e+15,5.522330836388267272e-02
1.651200765908840750e+15,5.522330836388267272e-02
1.651200765910857250e+15,5.522330836388267272e-02
1.651200765912873500e+15,5.522330836388267272e-02
1.651200765914890000e+15,5.522330836388266578e-02
1.651200765916906250e+15,5.522330836388267272e-02
1.651200765918922750e+15,5.522330836388267272e-02
1.651200765920939250e+15,5.522330836388267272e-02
1.651200765922955500e+15,5.522330836388267272e-02
1.651200765924972000e+15,5.522330836388267272e-02
1.651200765926988500e+15,5.522330836388267272e-02
1.651200765929004750e+15,5.522330836388267272e-02
1.651200765931021250e+15,5.522330836388267272e-02
1.651200765933037750e+15,5.522330836388267272e-02
1.651200765935054000e+15,5.522330836388267966e-02
1.651200765937070500e+15,5.522330836388267272e-02
1.651200765939087000e+15,5.522330836388267272e-02
1.651200765941103250e+15,5.522330836388267966e-02
1.651200765943119750e+15,5.522330836388267272e-02
1.651200765945136250e+15,5.522330836388267272e-02
1.651200765947152500e+15,5.522330836388267272e-02
1.651200765949169000e+15,5.522330836388267272e-02
1.651200765951185250e+15,5.522330836388267272e-02
1.651200765953201750e+15,5.522330836388267272e-02
1.651200765955218250e+15,5.522330836388267272e-02
1.651200765957234500e+15,5.522330836388267272e-02
1.651200765959251000e+15,5.522330836388267272e-02
1.651200765961267500e+15,5.522330836388267272e-02
1.651200765963283750e+15,5.522330836388266578e-02
1.651200765965300250e+15,5.522330836388267272e-02
1.651200765967316750e+15,5.522330836388266578e-02
1.651200765969333000e+15,5.522330836388266578e-02
1.651200765971349500e+15,5.522330836388267272e-02
1.651200765973366000e+15,5.522330836388267272e-02
1.651200765975382250e+15,5.522330836388268660e-02
1.651200765977398750e+15,5.522330836388267272e-02
1.651200765979415250e+15,5.522330836388267966e-02
1.651200765981431500e+15,5.522330836388267272e-02
1.651200765983448000e+15,5.522330836388268660e-02
1.651200765985464250e+15,5.522330836388267272e-02
1.651200765987480750e+15,5.522330836388273517e-02
1.651200765989497250e+15,5.522330836388281844e-02
1.651200765991513500e+15,5.522330836388289477e-02
1.651200765993530000e+15,5.522330836388297803e-02
1.651200765995546500e+15,5.522330836388305436e-02
1.651200765997562750e+15,5.522330836388308906e-02
1.651200765999579250e+15,5.522330836388300579e-02
1.651200766001595750e+15,5.522330836388291558e-02
1.651200766003612000e+15,5.522330836388282538e-02
1.651200766005628500e+15,5.522330836388273517e-02
1.651200766007645000e+15,5.522330836388268660e-02
1.651200766009661250e+15,5.522330836388274905e-02
1.651200766011677750e+15,5.522330836388281844e-02
1.651200766013694250e+15,5.522330836388288783e-02
1.651200766015710500e+15,5.522330836388295028e-02
1.651200766017727000e+15,5.522330836388301967e-02
1.651200766019743250e+15,5.522330836388308906e-02
1.651200766021759750e+15,5.522330836388308906e-02
1.651200766023776250e+15,5.522330836388303354e-02
1.651200766025792500e+15,5.522330836388299885e-02
1.651200766027809000e+15,5.522330836388295028e-02
1.651200766029825500e+15,5.522330836388289477e-02
1.651200766031841750e+15,5.522330836388285313e-02
1.651200766033858250e+15,5.522330836388279762e-02
1.651200766035874750e+15,5.522330836388275599e-02
1.651200766037891000e+15,5.522330836388270048e-02
1.651200766039907500e+15,5.522330836388266578e-02
1.651200766041924000e+15,5.522330836388267272e-02
1.651200766043940250e+15,5.522330836388267272e-02
1.651200766045956750e+15,5.522330836388267272e-02
1.651200766047973250e+15,5.522330836388266578e-02
1.651200766049989500e+15,5.522330836388266578e-02
1.651200766052006000e+15,5.522330836388267272e-02
1.651200766054022250e+15,5.522330836388267272e-02
1.651200766056038750e+15,5.522330836388267272e-02
1.651200766058055250e+15,5.522330836388267272e-02
1.651200766060071500e+15,5.522330836388270742e-02
1.651200766062088000e+15,5.522330836388275599e-02
1.651200766064104500e+15,5.522330836388282538e-02
1.651200766066120750e+15,5.522330836388289477e-02
1.651200766068137250e+15,5.522330836388295028e-02
1.651200766070153750e+15,5.522330836388301273e-02
1.651200766072170000e+15,5.522330836388307518e-02
1.651200766074186500e+15,5.522330836388308212e-02
1.651200766076203000e+15,5.522330836388296416e-02
1.651200766078219250e+15,5.522330836388285313e-02
1.651200766080235750e+15,5.522330836388274211e-02
1.651200766082252250e+15,5.522330836388272129e-02
1.651200766084268500e+15,5.522330836388283232e-02
1.651200766086285000e+15,5.522330836388295028e-02
1.651200766088301250e+15,5.522330836388306130e-02
1.651200766090317750e+15,5.522330836388317232e-02
1.651200766092334250e+15,5.522330836388329722e-02
1.651200766094350500e+15,5.522330836388340131e-02
1.651200766096367000e+15,5.522330836388351233e-02
1.651200766098383500e+15,5.522330836388355396e-02
1.651200766100399750e+15,5.522330836388355396e-02
1.651200766102416250e+15,5.522330836388356090e-02
1.651200766104432750e+15,5.522330836388356090e-02
1.651200766106449000e+15,5.522330836388356090e-02
1.651200766108465500e+15,5.530201118680623529e-02
1.651200766110482000e+15,5.595110829283310439e-02
1.651200766112498250e+15,5.660012492562590397e-02
1.651200766114514750e+15,5.724922203165277307e-02
1.651200766116531250e+15,5.789831913767964217e-02
1.651200766118547500e+15,5.854733577047243481e-02
1.651200766120564000e+15,5.919643287649931085e-02
1.651200766122580250e+15,5.984544950929210350e-02
1.651200766124596750e+15,6.049454661531897953e-02
1.651200766126613250e+15,6.114364372134584863e-02
1.651200766128629500e+15,6.135923151542550108e-02
1.651200766130646000e+15,6.135923151542559129e-02
1.651200766132662500e+15,6.135923151542567455e-02
1.651200766134678750e+15,6.135923151542576476e-02
1.651200766136695250e+15,6.135923151542585496e-02
1.651200766138711750e+15,6.135923151542588966e-02
1.651200766140728000e+15,6.135923151542588966e-02
1.651200766142744500e+15,6.135923151542589660e-02
1.651200766144761000e+15,6.135923151542588272e-02
1.651200766146777250e+15,6.135923151542588272e-02
1.651200766148793750e+15,6.135923151542588272e-02
1.651200766150810250e+15,6.135923151542588966e-02
1.651200766152826500e+15,6.135923151542587578e-02
1.651200766154843000e+15,6.135923151542588272e-02
1.651200766156859250e+15,6.135923151542588272e-02
1.651200766158875750e+15,6.135923151542587578e-02
1.651200766160892250e+15,6.135923151542588272e-02
1.651200766162908500e+15,6.135923151542588272e-02
1.651200766164925000e+15,6.135923151542588272e-02
1.651200766166941500e+15,6.135923151542588272e-02
1.651200766168957750e+15,6.135923151542588272e-02
1.651200766170974250e+15,6.135923151542587578e-02
1.651200766172990750e+15,6.135923151542587578e-02
1.651200766175007000e+15,6.135923151542581333e-02
1.651200766177023500e+15,6.135923151542568843e-02
1.651200766179040000e+15,6.135923151542556353e-02
1.651200766181056250e+15,6.135923151542543863e-02
1.651200766183072750e+15,6.135923151542564680e-02
1.651200766185089250e+15,6.135923151542585496e-02
1.651200766187105500e+15,6.135923151542606313e-02
1.651200766189122000e+15,6.135923151542627824e-02
1.651200766191138250e+15,6.135923151542647946e-02
1.651200766193154750e+15,6.135923151542669457e-02
1.651200766195171250e+15,6.135923151542677090e-02
1.651200766197187500e+15,6.135923151542677090e-02
1.651200766199204000e+15,6.135923151542677090e-02
1.651200766201220500e+15,6.135923151542677090e-02
1.651200766203236750e+15,6.135923151542677090e-02
1.651200766205253250e+15,6.135923151542677784e-02
1.651200766207269750e+15,6.135923151542677784e-02
1.651200766209286000e+15,6.135923151542677090e-02
1.651200766211302500e+15,6.135923151542677090e-02
1.651200766213319000e+15,6.135923151542677090e-02
1.651200766215335250e+15,6.135923151542677784e-02
1.651200766217351750e+15,6.135923151542677784e-02
1.651200766219368250e+15,6.135923151542677784e-02
1.651200766221384500e+15,6.135923151542677090e-02
1.651200766223401000e+15,6.135923151542678478e-02
1.651200766225417250e+15,6.135923151542677090e-02
1.651200766227433750e+15,6.135923151542677090e-02
1.651200766229450250e+15,6.135923151542677784e-02
1.651200766231466500e+15,6.202651921706464622e-02
1.651200766233483000e+15,6.419857030722250779e-02
1.651200766235499500e+15,6.637062139738035549e-02
1.651200766237515750e+15,6.854240320275142850e-02
1.651200766239532250e+15,7.071445429290927620e-02
1.651200766241548750e+15,7.288650538306712390e-02
1.651200766243565000e+15,7.363107781851063738e-02
1.651200766245581500e+15,7.363107781851081779e-02
1.651200766247598000e+15,7.363107781851099820e-02
1.651200766249614250e+15,7.363107781851117861e-02
1.651200766251630750e+15,7.363107781851134515e-02
1.651200766253647250e+15,7.363107781851131739e-02
1.651200766255663500e+15,7.363107781851119249e-02
1.651200766257680000e+15,7.363107781851103983e-02
1.651200766259696250e+15,7.363107781851088718e-02
1.651200766261712750e+15,7.363107781851074840e-02
1.651200766263729250e+15,7.363107781851059574e-02
1.651200766265745500e+15,7.363107781851059574e-02
1.651200766267762000e+15,7.363107781851074840e-02
1.651200766269778500e+15,7.363107781851088718e-02
1.651200766271794750e+15,7.363107781851103983e-02
1.651200766273811250e+15,7.363107781851117861e-02
1.651200766275827750e+15,7.363107781851133127e-02
1.651200766277844000e+15,7.363107781851141453e-02
1.651200766279860500e+15,7.363107781851141453e-02
1.651200766281877000e+15,7.363107781851141453e-02
1.651200766283893250e+15,7.363107781851141453e-02
1.651200766285909750e+15,7.363107781851141453e-02
1.651200766287926250e+15,7.363107781851141453e-02
1.651200766289942500e+15,7.363107781851141453e-02
1.651200766291959000e+15,7.363107781851141453e-02
1.651200766293975250e+15,7.363107781851141453e-02
1.651200766295991750e+15,7.363107781851141453e-02
1.651200766298008250e+15,7.363107781851141453e-02
1.651200766300024500e+15,7.363107781851141453e-02
1.651200766302041000e+15,7.363107781851141453e-02
1.651200766304057500e+15,7.363107781851141453e-02
1.651200766306073750e+15,7.363107781851141453e-02
1.651200766308090250e+15,7.363107781851141453e-02
1.651200766310106750e+15,7.363107781851141453e-02
1.651200766312123000e+15,7.363107781851141453e-02
1.651200766314139500e+15,7.363107781851141453e-02
1.651200766316156000e+15,7.363107781851141453e-02
1.651200766318172250e+15,7.363107781851141453e-02
1.651200766320188750e+15,7.363107781851141453e-02
1.651200766322205250e+15,7.363107781851141453e-02
1.651200766324221500e+15,7.363107781851141453e-02
1.651200766326238000e+15,7.363107781851141453e-02
1.651200766328254250e+15,7.363107781851142841e-02
1.651200766330270750e+15,7.363107781851141453e-02
1.651200766332287250e+15,7.363107781851141453e-02
1.651200766334303500e+15,7.363107781851141453e-02
1.651200766336320000e+15,7.363107781851141453e-02
1.651200766338336500e+15,7.363107781851141453e-02
1.651200766340352750e+15,7.363107781851141453e-02
1.651200766342369250e+15,7.363107781851141453e-02
1.651200766344385750e+15,7.363107781851141453e-02
1.651200766346402000e+15,7.363107781851141453e-02
1.651200766348418500e+15,7.363107781851141453e-02
1.651200766350435000e+15,7.363107781851141453e-02
1.651200766352451250e+15,7.363107781851141453e-02
1.651200766354467750e+15,7.363107781851141453e-02
1.651200766356484250e+15,7.363107781851140066e-02
1.651200766358500500e+15,7.363107781851131739e-02
1.651200766360517000e+15,7.363107781851123412e-02
1.651200766362533250e+15,7.363107781851113698e-02
1.651200766364549750e+15,7.363107781851105371e-02
1.651200766366566250e+15,7.363107781851098432e-02
1.651200766368582500e+15,7.363107781851088718e-02
1.651200766370599000e+15,7.363107781851081779e-02
1.651200766372615500e+15,7.363107781851072065e-02
1.651200766374631750e+15,7.363107781851065126e-02
1.651200766376648250e+15,7.363107781851055411e-02
1.651200766378664750e+15,7.363107781851052636e-02
1.651200766380681000e+15,7.363107781851052636e-02
1.651200766382697500e+15,7.363107781851052636e-02
1.651200766384714000e+15,7.363107781851052636e-02
1.651200766386730250e+15,7.363107781851052636e-02
1.651200766388746750e+15,7.363107781851052636e-02
1.651200766390763250e+15,7.363107781851052636e-02
1.651200766392779500e+15,7.414547609845810461e-02
1.651200766394796000e+15,7.542686477234854248e-02
1.651200766396812250e+15,7.670809458327418340e-02
1.651200766398828750e+15,7.798948325716462127e-02
1.651200766400845250e+15,7.927087193105504526e-02
1.651200766402861500e+15,7.976700097005329226e-02
1.651200766404878000e+15,7.976700097005329226e-02
1.651200766406894500e+15,7.976700097005329226e-02
1.651200766408910750e+15,7.976700097005329226e-02
1.651200766410927250e+15,7.976700097005329226e-02
1.651200766412943750e+15,7.976700097005329226e-02
1.651200766414960000e+15,7.976700097005329226e-02
1.651200766416976500e+15,7.976700097005329226e-02
1.651200766418993000e+15,7.976700097005327839e-02
1.651200766421009250e+15,7.976700097005329226e-02
1.651200766423025750e+15,7.976700097005329226e-02
1.651200766425042250e+15,7.976700097005325063e-02
1.651200766427058500e+15,7.976700097005319512e-02
1.651200766429075000e+15,7.976700097005312573e-02
1.651200766431091250e+15,7.976700097005305634e-02
1.651200766433107750e+15,7.976700097005300083e-02
1.651200766435124250e+15,7.976700097005293144e-02
1.651200766437140500e+15,7.976700097005287593e-02
1.651200766439157000e+15,7.901638367046145972e-02
1.651200766441173500e+15,7.764783051980499173e-02
1.651200766443189750e+15,7.627944703852004849e-02
1.651200766445206250e+15,7.491089388786358050e-02
1.651200766447222750e+15,7.363107781851052636e-02
1.651200766449239000e+15,7.363107781851051248e-02
1.651200766451255500e+15,7.363107781851052636e-02
1.651200766453272000e+15,7.363107781851052636e-02
1.651200766455288250e+15,7.363107781851052636e-02
1.651200766457304750e+15,7.363107781851051248e-02
1.651200766459321250e+15,7.363107781851051248e-02
1.651200766461337500e+15,7.399404850369152575e-02
1.651200766463354000e+15,7.482910884215983327e-02
1.651200766465370250e+15,7.566406565219542524e-02
1.651200766467386750e+15,7.649912599066374663e-02
1.651200766469403250e+15,7.733418632913206803e-02
1.651200766471419500e+15,7.816914313916764612e-02
1.651200766473436000e+15,7.900420347763596751e-02
1.651200766475452500e+15,7.976700097005284817e-02
1.651200766477468750e+15,7.976700097005284817e-02
1.651200766479485250e+15,7.976700097005284817e-02
1.651200766481501750e+15,7.976700097005284817e-02
1.651200766483518000e+15,7.976700097005284817e-02
1.651200766485534500e+15,7.837947193285974001e-02
1.651200766487551000e+15,7.604492683190028357e-02
1.651200766489567250e+15,7.371067116127816288e-02
1.651200766491583750e+15,7.137612606031872031e-02
1.651200766493600250e+15,6.904158095935926387e-02
1.651200766495616500e+15,6.825801128606472090e-02
1.651200766497633000e+15,7.051855555117578223e-02
1.651200766499649250e+15,7.277881956036509614e-02
1.651200766501665750e+15,7.503936382547618522e-02
1.651200766503682250e+15,7.729990809058727430e-02
1.651200766505698500e+15,7.956017209977657434e-02
1.651200766507715000e+15,7.976700097005334777e-02
1.651200766509731500e+15,7.976700097005343104e-02
1.651200766511747750e+15,7.976700097005350043e-02
1.651200766513764250e+15,7.976700097005356982e-02
1.651200766515780750e+15,7.976700097005362533e-02
1.651200766517797000e+15,7.976700097005370860e-02
1.651200766519813500e+15,8.249628353054223873e-02
1.651200766521830000e+15,8.619121356291892244e-02
1.651200766523846250e+15,8.988568550825962178e-02
1.651200766525862750e+15,9.358061554063629162e-02
1.651200766527879250e+15,9.727554557301297533e-02
1.651200766529895500e+15,1.013488466429511292e-01
1.651200766531912000e+15,1.055445363801791742e-01
1.651200766533928250e+15,1.097397059475910819e-01
1.651200766535944750e+15,1.139353956848191268e-01
1.651200766537961250e+15,1.181310854220471995e-01
1.651200766539977500e+15,1.223262549894590795e-01
1.651200766541994000e+15,1.216424396692799698e-01
1.651200766544010500e+15,1.204554587564743706e-01
1.651200766546026750e+15,1.192686250022247929e-01
1.651200766548043250e+15,1.180816440894192076e-01
1.651200766550059750e+15,1.168946631766135946e-01
1.651200766552076000e+15,1.157078294223640030e-01
1.651200766554092500e+15,1.145208485095584178e-01
1.651200766556109000e+15,1.133338675967528186e-01
1.651200766558125250e+15,1.121470338425032409e-01
1.651200766560141750e+15,1.109600529296976279e-01
1.651200766562158250e+15,1.117981793758537484e-01
1.651200766564174500e+15,1.141797290277711402e-01
1.651200766566191000e+15,1.165615739741277246e-01
1.651200766568207250e+15,1.189431236260451163e-01
1.651200766570223750e+15,1.213249685724016730e-01
1.651200766572240250e+15,1.237068135187582296e-01
1.651200766574256500e+15,1.260883631706756214e-01
1.651200766576273000e+15,1.284702081170321919e-01
1.651200766578289500e+15,1.308520530633887624e-01
1.651200766580305750e+15,1.332336027153061542e-01
1.651200766582322250e+15,1.344132436159530819e-01
1.651200766584338750e+15,1.322145605355291298e-01
1.651200766586355000e+15,1.300161500416512905e-01
1.651200766588371500e+15,1.278174669612273662e-01
1.651200766590388000e+15,1.256187838808034696e-01
1.651200766592404250e+15,1.234203733869256164e-01
1.651200766594420750e+15,1.227184630308517099e-01
1.651200766596437250e+15,1.227184630308516544e-01
1.651200766598453500e+15,1.227184630308515711e-01
1.651200766600470000e+15,1.227184630308515156e-01
1.651200766602486250e+15,1.227184630308514324e-01
1.651200766604502750e+15,1.227184630308513491e-01
1.651200766606519250e+15,1.227184630308513352e-01
1.651200766608535500e+15,1.227184630308513213e-01
1.651200766610552000e+15,1.227184630308513352e-01
1.651200766612568500e+15,1.227184630308513213e-01
1.651200766614584750e+15,1.227184630308513213e-01
1.651200766616601250e+15,1.227184630308513213e-01
1.651200766618617750e+15,1.227184630308513213e-01
1.651200766620634000e+15,1.227184630308513213e-01
1.651200766622650500e+15,1.227184630308513213e-01
1.651200766624667000e+15,1.227184630308513213e-01
1.651200766626683250e+15,1.227184630308513213e-01
1.651200766628699750e+15,1.227184630308513213e-01
1.651200766630716250e+15,1.227184630308513213e-01
1.651200766632732500e+15,1.227184630308513213e-01
1.651200766634749000e+15,1.227184630308513213e-01
1.651200766636765250e+15,1.227184630308513213e-01
1.651200766638781750e+15,1.227184630308513213e-01
1.651200766640798250e+15,1.227184630308513213e-01
1.651200766642814500e+15,1.227184630308513352e-01
1.651200766644831000e+15,1.227184630308513352e-01
1.651200766646847500e+15,1.227184630308513213e-01
1.651200766648863750e+15,1.227184630308513213e-01
1.651200766650880250e+15,1.227184630308513213e-01
1.651200766652896750e+15,1.227184630308513213e-01
1.651200766654913000e+15,1.227184630308513213e-01
1.651200766656929500e+15,1.227184630308513213e-01
1.651200766658946000e+15,1.227184630308513213e-01
1.651200766660962250e+15,1.227184630308513075e-01
1.651200766662978750e+15,1.227184630308513213e-01
1.651200766664995250e+15,1.227184630308513213e-01
1.651200766667011500e+15,1.227184630308513075e-01
1.651200766669028000e+15,1.227184630308513213e-01
1.651200766671044250e+15,1.227184630308513352e-01
1.651200766673060750e+15,1.227184630308513630e-01
1.651200766675077250e+15,1.227184630308514046e-01
1.651200766677093500e+15,1.227184630308514601e-01
1.651200766679110000e+15,1.227184630308515156e-01
1.651200766681126500e+15,1.227184630308515434e-01
1.651200766683142750e+15,1.227184630308515989e-01
1.651200766685159250e+15,1.227184630308516267e-01
1.651200766687175750e+15,1.227184630308516683e-01
1.651200766689192000e+15,1.227184630308517238e-01
1.651200766691208500e+15,1.227184630308517654e-01
1.651200766693225000e+15,1.227184630308517654e-01
1.651200766695241250e+15,1.227184630308517654e-01
1.651200766697257750e+15,1.227184630308517654e-01
1.651200766699274250e+15,1.227184630308517654e-01
1.651200766701290500e+15,1.227184630308517654e-01
1.651200766703307000e+15,1.227184630308517654e-01
1.651200766705323250e+15,1.227184630308517654e-01
1.651200766707339750e+15,1.227184630308517516e-01
1.651200766709356250e+15,1.227184630308516683e-01
1.651200766711372500e+15,1.227184630308515850e-01
1.651200766713389000e+15,1.227184630308515018e-01
1.651200766715405500e+15,1.227184630308514324e-01
1.651200766717421750e+15,1.227184630308513630e-01
1.651200766719438250e+15,1.227184630308513213e-01
1.651200766721454750e+15,1.227184630308513213e-01
1.651200766723471000e+15,1.227184630308513213e-01
1.651200766725487500e+15,1.227184630308513213e-01
1.651200766727504000e+15,1.227184630308513213e-01
1.651200766729520250e+15,1.227184630308513213e-01
1.651200766731536750e+15,1.227184630308513213e-01
1.651200766733553250e+15,1.227184630308513213e-01
1.651200766735569500e+15,1.227184630308513213e-01
1.651200766737586000e+15,1.227184630308513213e-01
1.651200766739602250e+15,1.227184630308513352e-01
1.651200766741618750e+15,1.227184630308513213e-01
1.651200766743635250e+15,1.227184630308513213e-01
1.651200766745651500e+15,1.227184630308513213e-01
1.651200766747668000e+15,1.227184630308513213e-01
1.651200766749684500e+15,1.227184630308513352e-01
1.651200766751700750e+15,1.227184630308513491e-01
1.651200766753717250e+15,1.227184630308514324e-01
1.651200766755733750e+15,1.227184630308515156e-01
1.651200766757750000e+15,1.227184630308515989e-01
1.651200766759766500e+15,1.227184630308516822e-01
1.651200766761783000e+15,1.227184630308517793e-01
1.651200766763799250e+15,1.227184630308517793e-01
1.651200766765815750e+15,1.227184630308517793e-01
1.651200766767832250e+15,1.227184630308517793e-01
1.651200766769848500e+15,1.227184630308517654e-01
1.651200766771865000e+15,1.227184630308517654e-01
1.651200766773881250e+15,1.227184630308517654e-01
1.651200766775897750e+15,1.227184630308517654e-01
1.651200766777914250e+15,1.227184630308517654e-01
1.651200766779930500e+15,1.227184630308517654e-01
1.651200766781947000e+15,1.225663626340202927e-01
1.651200766783963500e+15,1.207407051922901597e-01
1.651200766785979750e+15,1.189152740904362571e-01
1.651200766787996250e+15,1.170896166487061241e-01
1.651200766790012750e+15,1.152639592069759911e-01
1.651200766792029000e+15,1.134385281051220884e-01
1.651200766794045500e+15,1.116128706633919554e-01
1.651200766796062000e+15,1.097872132216618224e-01
1.651200766798078250e+15,1.079617821198079336e-01
1.651200766800094750e+15,1.061361246780778006e-01
1.651200766802111250e+15,1.043106935762239118e-01
1.651200766804127500e+15,1.043106935762239118e-01
1.651200766806144000e+15,1.043106935762239118e-01
1.651200766808160250e+15,1.043106935762239118e-01
1.651200766810176750e+15,1.043106935762239257e-01
1.651200766812193250e+15,1.043106935762239118e-01
1.651200766814209500e+15,1.043106935762239118e-01
1.651200766816226000e+15,1.043106935762238979e-01
1.651200766818242500e+15,1.043106935762239118e-01
1.651200766820258750e+15,1.043106935762239118e-01
1.651200766822275250e+15,1.043106935762239118e-01
1.651200766824291750e+15,1.043106935762239118e-01
1.651200766826308000e+15,1.043106935762239118e-01
1.651200766828324500e+15,1.043106935762239118e-01
1.651200766830341000e+15,1.043106935762239118e-01
1.651200766832357250e+15,1.043106935762239118e-01
1.651200766834373750e+15,1.043106935762239118e-01
1.651200766836390250e+15,1.043106935762239118e-01
1.651200766838406500e+15,1.043106935762239118e-01
1.651200766840423000e+15,1.043106935762239118e-01
1.651200766842439250e+15,1.043106935762239257e-01
1.651200766844455750e+15,1.043106935762239118e-01
1.651200766846472250e+15,1.043106935762239257e-01
1.651200766848488500e+15,1.043106935762239257e-01
1.651200766850505000e+15,1.043106935762239118e-01
1.651200766852521500e+15,1.043106935762239118e-01
1.651200766854537750e+15,1.043106935762238979e-01
1.651200766856554250e+15,1.043106935762239118e-01
1.651200766858570750e+15,1.043106935762239118e-01
1.651200766860587000e+15,1.043106935762238979e-01
1.651200766862603500e+15,1.043106935762239118e-01
1.651200766864620000e+15,1.043106935762239118e-01
1.651200766866636250e+15,1.043106935762239118e-01
1.651200766868652750e+15,1.043106935762239118e-01
1.651200766870669250e+15,1.043106935762238979e-01
1.651200766872685500e+15,1.043106935762238979e-01
1.651200766874702000e+15,1.043106935762239118e-01
1.651200766876718250e+15,1.043106935762238979e-01
1.651200766878734750e+15,1.043106935762239118e-01
1.651200766880751250e+15,1.043106935762239118e-01
1.651200766882767500e+15,1.043106935762238979e-01
1.651200766884784000e+15,1.039549639813271004e-01
1.651200766886800500e+15,1.028462642470003297e-01
1.651200766888816750e+15,1.017377019661491466e-01
1.651200766890833250e+15,1.006290022318223759e-01
1.651200766892849750e+15,9.952030249749560520e-02
1.651200766894866000e+15,9.841174021664442217e-02
1.651200766896882500e+15,9.919517174173247964e-02
1.651200766898899000e+15,1.004929574596983843e-01
1.651200766900915250e+15,1.017905822818400974e-01
1.651200766902931750e+15,1.030883679998059882e-01
1.651200766904948250e+15,1.043106935762239257e-01
1.651200766906964500e+15,1.043106935762239118e-01
1.651200766908981000e+15,1.043106935762239257e-01
1.651200766910997250e+15,1.043106935762239118e-01
1.651200766913013750e+15,1.043106935762239118e-01
1.651200766915030250e+15,1.043106935762239257e-01
1.651200766917046500e+15,1.043106935762239257e-01
1.651200766919063000e+15,1.043106935762238285e-01
1.651200766921079500e+15,1.043106935762237591e-01
1.651200766923095750e+15,1.043106935762236898e-01
1.651200766925112250e+15,1.043106935762235926e-01
1.651200766927128750e+15,1.043106935762235232e-01
1.651200766929145000e+15,1.043106935762234816e-01
1.651200766931161500e+15,1.043106935762235510e-01
1.651200766933178000e+15,1.043106935762236204e-01
1.651200766935194250e+15,1.043106935762236898e-01
1.651200766937210750e+15,1.043106935762237591e-01
1.651200766939227250e+15,1.043106935762238424e-01
1.651200766941243500e+15,1.043900645083839646e-01
1.651200766943260000e+15,1.054465099519533156e-01
1.651200766945276250e+15,1.065028244203870822e-01
1.651200766947292750e+15,1.075592698639564332e-01
1.651200766949309250e+15,1.086157153075257842e-01
1.651200766951325500e+15,1.096720297759595508e-01
1.651200766953342000e+15,1.106209842882733968e-01
1.651200766955358500e+15,1.112745385369045825e-01
1.651200766957374750e+15,1.119280117597177271e-01
1.651200766959391250e+15,1.125815660083489267e-01
1.651200766961407750e+15,1.132351202569801402e-01
1.651200766963424000e+15,1.138885934797932709e-01
1.651200766965440500e+15,1.145421477284244705e-01
1.651200766967457000e+15,1.151957019770556839e-01
1.651200766969473250e+15,1.158491751998688007e-01
1.651200766971489750e+15,1.165027294485000003e-01
1.651200766973506250e+15,1.165825398793084999e-01
1.651200766975522500e+15,1.165825398793084305e-01
1.651200766977539000e+15,1.165825398793083889e-01
1.651200766979555250e+15,1.165825398793083056e-01
1.651200766981571750e+15,1.165825398793082501e-01
1.651200766983588250e+15,1.165825398793081946e-01
1.651200766985604500e+15,1.165825398793081391e-01
1.651200766987621000e+15,1.158787038868065167e-01
1.651200766989637500e+15,1.145742137407776140e-01
1.651200766991653750e+15,1.132698853217690427e-01
1.651200766993670250e+15,1.119653951757401261e-01
1.651200766995686750e+15,1.106609050297112234e-01
1.651200766997703000e+15,1.104466167277661642e-01
1.651200766999719500e+15,1.104466167277660393e-01
1.651200767001736000e+15,1.104466167277659422e-01
1.651200767003752250e+15,1.104466167277658450e-01
1.651200767005768750e+15,1.108302731249040801e-01
1.651200767007785250e+15,1.118704655616494376e-01
1.651200767009801500e+15,1.129105290382612925e-01
1.651200767011818000e+15,1.139507214750066499e-01
1.651200767013834250e+15,1.149907849516185188e-01
1.651200767015850750e+15,1.160309773883638762e-01
1.651200767017867250e+15,1.165825398793085416e-01
1.651200767019883500e+15,1.165825398793084999e-01
1.651200767021900000e+15,1.165825398793084444e-01
1.651200767023916500e+15,1.165825398793084167e-01
1.651200767025932750e+15,1.165825398793083612e-01
1.651200767027949250e+15,1.165825398793083195e-01
1.651200767029965750e+15,1.165825398793082779e-01
1.651200767031982000e+15,1.165825398793082501e-01
1.651200767033998500e+15,1.165825398793081946e-01
1.651200767036015000e+15,1.165825398793081391e-01
1.651200767038031250e+15,1.170378837627097518e-01
1.651200767040047750e+15,1.188660588565463305e-01
1.651200767042064250e+15,1.206942339503829231e-01
1.651200767044080500e+15,1.225221823922118397e-01
1.651200767046097000e+15,1.243503574860484184e-01
1.651200767048113250e+15,1.261783059278773211e-01
1.651200767050129750e+15,1.280064810217139137e-01
1.651200767052146250e+15,1.281008120220567814e-01
1.651200767054162500e+15,1.266955922294286663e-01
1.651200767056179000e+15,1.252901982000004244e-01
1.651200767058195500e+15,1.238848041705722242e-01
1.651200767060211750e+15,1.229927132310453530e-01
1.651200767062228250e+15,1.246062085736919511e-01
1.651200767064244750e+15,1.262197039163385492e-01
1.651200767066261000e+15,1.278329992223694311e-01
1.651200767068277500e+15,1.294464945650160292e-01
1.651200767070294000e+15,1.310599899076626551e-01
1.651200767072310250e+15,1.326732852136935092e-01
1.651200767074326750e+15,1.342867805563401351e-01
1.651200767076343250e+15,1.344523754298277141e-01
1.651200767078359500e+15,1.334986631993082817e-01
1.651200767080376000e+15,1.325448327155674677e-01
1.651200767082392250e+15,1.315911204850480354e-01
1.651200767084408750e+15,1.306372900013071936e-01
1.651200767086425250e+15,1.296834595175663796e-01
1.651200767088441500e+15,1.287025297204385521e-01
1.651200767090458000e+15,1.275404099651004097e-01
1.651200767092474500e+15,1.263782902097622673e-01
1.651200767094490750e+15,1.252163145307637337e-01
1.651200767096507250e+15,1.240541947754256052e-01
1.651200767098523750e+15,1.228920750200874767e-01
1.651200767100540000e+15,1.236738498577513445e-01
1.651200767102556500e+15,1.247971953600514883e-01
1.651200767104573000e+15,1.259205408623516598e-01
1.651200767106589250e+15,1.270437470954350612e-01
1.651200767108605750e+15,1.281670925977352327e-01
1.651200767110622250e+15,1.292904381000353764e-01
1.651200767112638500e+15,1.304136443331187778e-01
1.651200767114655000e+15,1.315369898354189493e-01
1.651200767116671250e+15,1.326601960685023507e-01
1.651200767118687750e+15,1.337835415708024944e-01
1.651200767120704250e+15,1.349068870731026659e-01
1.651200767122720500e+15,1.339599269171697082e-01
1.651200767124737000e+15,1.328467385199512130e-01
1.651200767126753500e+15,1.317335501227327454e-01
1.651200767128769750e+15,1.306204997354817043e-01
1.651200767130786250e+15,1.295073113382632368e-01
1.651200767132802750e+15,1.288543861823940873e-01
1.651200767134819000e+15,1.288543861823940873e-01
1.651200767136835500e+15,1.288543861823940873e-01
1.651200767138852000e+15,1.288543861823940873e-01
1.651200767140868250e+15,1.288543861823940873e-01
1.651200767142884750e+15,1.288543861823940873e-01
1.651200767144901250e+15,1.288543861823940873e-01
1.651200767146917500e+15,1.288543861823940873e-01
1.651200767148934000e+15,1.288543861823940873e-01
1.651200767150950250e+15,1.288543861823940873e-01
1.651200767152966750e+15,1.288543861823940873e-01
1.651200767154983250e+15,1.288543861823940873e-01
1.651200767156999500e+15,1.288543861823940873e-01
1.651200767159016000e+15,1.288543861823940873e-01
1.651200767161032500e+15,1.288543861823940873e-01
1.651200767163048750e+15,1.288543861823940873e-01
1.651200767165065250e+15,1.288543861823940873e-01
1.651200767167081750e+15,1.288543861823940595e-01
1.651200767169098000e+15,1.288543861823940873e-01
1.651200767171114500e+15,1.288543861823940873e-01
1.651200767173131000e+15,1.288543861823940873e-01
1.651200767175147250e+15,1.288543861823940873e-01
1.651200767177163750e+15,1.288543861823940873e-01
1.651200767179180250e+15,1.288543861823939485e-01
1.651200767181196500e+15,1.288543861823937264e-01
1.651200767183213000e+15,1.288543861823935321e-01
1.651200767185229250e+15,1.288543861823933101e-01
1.651200767187245750e+15,1.284416655676076102e-01
1.651200767189262250e+15,1.275288592942704635e-01
1.651200767191278500e+15,1.266161661880884359e-01
1.651200767193295000e+15,1.257033599147512892e-01
1.651200767195311500e+15,1.247905536414141148e-01
1.651200767197327750e+15,1.238778605352321149e-01
1.651200767199344250e+15,1.229650542618949682e-01
1.651200767201360750e+15,1.241284942430115612e-01
1.651200767203377000e+15,1.260601914956149261e-01
1.651200767205393500e+15,1.279921282643066149e-01
1.651200767207410000e+15,1.299240650329983038e-01
1.651200767209426250e+15,1.318557622856016409e-01
1.651200767211442750e+15,1.337876990542933298e-01
1.651200767213459250e+15,1.357644821190713280e-01
1.651200767215475500e+15,1.378149594629508590e-01
1.651200767217492000e+15,1.398656910507664053e-01
1.651200767219508250e+15,1.419161683946459640e-01
1.651200767221524750e+15,1.439668999824614826e-01
1.651200767223541250e+15,1.460176315702770289e-01
1.651200767225557500e+15,1.472621556370210527e-01
1.651200767227574000e+15,1.472621556370210527e-01
1.651200767229590500e+15,1.472621556370210527e-01
1.651200767231606750e+15,1.472621556370210527e-01
1.651200767233623250e+15,1.472621556370210527e-01
1.651200767235639750e+15,1.472621556370210527e-01
1.651200767237656000e+15,1.472621556370210527e-01
1.651200767239672500e+15,1.472621556370210527e-01
1.651200767241689000e+15,1.472621556370210805e-01
1.651200767243705250e+15,1.472621556370210527e-01
1.651200767245721750e+15,1.472621556370210527e-01
1.651200767247738250e+15,1.472621556370210527e-01
1.651200767249754500e+15,1.472621556370210527e-01
1.651200767251771000e+15,1.472621556370210527e-01
1.651200767253787250e+15,1.472621556370210527e-01
1.651200767255803750e+15,1.472621556370210527e-01
1.651200767257820250e+15,1.472621556370210805e-01
1.651200767259836500e+15,1.481540213673775142e-01
1.651200767261853000e+15,1.492940830125526752e-01
1.651200767263869500e+15,1.504341446577278640e-01
1.651200767265885750e+15,1.515740649612658530e-01
1.651200767267902250e+15,1.527141266064410141e-01
1.651200767269918750e+15,1.533980787885638186e-01
1.651200767271935000e+15,1.533980787885638186e-01
1.651200767273951500e+15,1.533980787885638186e-01
1.651200767275968000e+15,1.533980787885638186e-01
1.651200767277984250e+15,1.533980787885638186e-01
1.651200767280000750e+15,1.533980787885638186e-01
1.651200767282017250e+15,1.533980787885638186e-01
1.651200767284033500e+15,1.533980787885638186e-01
1.651200767286050000e+15,1.523494427791925454e-01
1.651200767288066250e+15,1.512618335436499428e-01
1.651200767290082750e+15,1.501740894526534253e-01
1.651200767292099250e+15,1.490863453616569356e-01
1.651200767294115500e+15,1.479987361261143053e-01
1.651200767296132000e+15,1.472621556370214690e-01
1.651200767298148500e+15,1.472621556370214968e-01
1.651200767300164750e+15,1.472621556370214968e-01
1.651200767302181250e+15,1.472621556370214968e-01
1.651200767304197750e+15,1.472621556370214968e-01
1.651200767306214000e+15,1.472621556370214968e-01
1.651200767308230500e+15,1.472621556370214968e-01
1.651200767310247000e+15,1.472621556370214968e-01
1.651200767312263250e+15,1.472621556370214968e-01
1.651200767314279750e+15,1.472621556370214968e-01
1.651200767316296250e+15,1.472621556370214968e-01
1.651200767318312500e+15,1.472621556370214968e-01
1.651200767320329000e+15,1.472621556370214968e-01
1.651200767322345250e+15,1.472621556370214968e-01
1.651200767324361750e+15,1.472621556370214968e-01
1.651200767326378250e+15,1.472621556370214968e-01
1.651200767328394500e+15,1.472621556370214968e-01
1.651200767330411000e+15,1.472621556370214968e-01
1.651200767332427500e+15,1.472621556370214968e-01
1.651200767334443750e+15,1.472621556370214968e-01
1.651200767336460250e+15,1.472621556370214968e-01
1.651200767338476750e+15,1.472621556370214968e-01
1.651200767340493000e+15,1.472621556370214968e-01
1.651200767342509500e+15,1.472621556370214968e-01
1.651200767344526000e+15,1.472621556370214135e-01
1.651200767346542250e+15,1.472621556370213858e-01
1.651200767348558750e+15,1.472621556370213025e-01
1.651200767350575250e+15,1.472621556370212192e-01
1.651200767352591500e+15,1.472621556370211637e-01
1.651200767354608000e+15,1.472621556370211082e-01
1.651200767356624250e+15,1.472621556370210527e-01
1.651200767358640750e+15,1.477328465979326488e-01
1.651200767360657250e+15,1.483866425839345804e-01
1.651200767362673500e+15,1.490403575141484582e-01
1.651200767364690000e+15,1.496941535001503898e-01
1.651200767366706500e+15,1.503479494861522658e-01
1.651200767368722750e+15,1.510016644163661992e-01
1.651200767370739250e+15,1.516554604023680752e-01
1.651200767372755750e+15,1.523092563883699790e-01
1.651200767374772000e+15,1.529629713185838846e-01
1.651200767376788500e+15,1.533980787885638186e-01
1.651200767378805000e+15,1.533980787885638186e-01
1.651200767380821250e+15,1.533980787885638186e-01
1.651200767382837750e+15,1.533980787885638186e-01
1.651200767384854250e+15,1.533980787885638186e-01
1.651200767386870500e+15,1.533980787885638186e-01
1.651200767388887000e+15,1.533980787885638186e-01
1.651200767390903250e+15,1.533980787885637909e-01
1.651200767392919750e+15,1.533980787885638186e-01
1.651200767394936250e+15,1.533980787885638186e-01
1.651200767396952500e+15,1.533980787885638186e-01
1.651200767398969000e+15,1.533980787885638186e-01
1.651200767400985500e+15,1.533980787885638186e-01
1.651200767403001750e+15,1.528688930143116409e-01
1.651200767405018250e+15,1.520264986083281755e-01
1.651200767407034750e+15,1.511841042023447379e-01
1.651200767409051000e+15,1.503418142340510744e-01
1.651200767411067500e+15,1.494994198280675812e-01
1.651200767413084000e+15,1.486570254220841159e-01
1.651200767415100250e+15,1.478147354537904523e-01
1.651200767417116750e+15,1.476743363861265645e-01
1.651200767419133250e+15,1.488724084301919770e-01
1.651200767421149500e+15,1.500703319406541114e-01
1.651200767423166000e+15,1.512684039847195239e-01
1.651200767425182250e+15,1.524663274951816583e-01
1.651200767427198750e+15,1.536643995392470707e-01
1.651200767429215250e+15,1.548624715833124832e-01
1.651200767431231500e+15,1.560603950937746176e-01
1.651200767433248000e+15,1.572584671378400023e-01
1.651200767435264500e+15,1.584565391819054148e-01
1.651200767437280750e+15,1.595340019401066123e-01
1.651200767439297250e+15,1.595340019401066123e-01
1.651200767441313750e+15,1.595340019401065845e-01
1.651200767443330000e+15,1.595340019401065845e-01
1.651200767445346500e+15,1.595340019401065845e-01
1.651200767447363000e+15,1.595340019401065845e-01
1.651200767449379250e+15,1.595340019401065845e-01
1.651200767451395750e+15,1.595340019401066123e-01
1.651200767453412250e+15,1.595340019401066123e-01
1.651200767455428500e+15,1.595340019401066678e-01
1.651200767457445000e+15,1.595340019401067511e-01
1.651200767459461250e+15,1.595340019401068066e-01
1.651200767461477750e+15,1.595340019401069176e-01
1.651200767463494250e+15,1.595340019401069731e-01
1.651200767465510500e+15,1.595340019401070286e-01
1.651200767467527000e+15,1.595340019401071119e-01
1.651200767469543500e+15,1.595340019401071951e-01
1.651200767471559750e+15,1.595340019401072507e-01
1.651200767473576250e+15,1.595340019401073062e-01
1.651200767475592750e+15,1.595340019401073894e-01
1.651200767477609000e+15,1.595340019401074450e-01
1.651200767479625500e+15,1.595340019401073617e-01
1.651200767481642000e+15,1.595340019401073062e-01
1.651200767483658250e+15,1.595340019401072507e-01
1.651200767485674750e+15,1.595340019401071396e-01
1.651200767487691250e+15,1.595340019401070841e-01
1.651200767489707500e+15,1.595340019401070286e-01
1.651200767491724000e+15,1.595340019401069453e-01
1.651200767493740250e+15,1.595340019401068621e-01
1.651200767495756750e+15,1.595340019401067788e-01
1.651200767497773250e+15,1.595340019401067233e-01
1.651200767499789500e+15,1.595340019401066400e-01
1.651200767501806000e+15,1.595340019401065845e-01
1.651200767503822500e+15,1.607576701053070878e-01
1.651200767505838750e+15,1.620015425217857796e-01
1.651200767507855250e+15,1.632455691691902799e-01
1.651200767509871750e+15,1.644895958165947802e-01
1.651200767511888000e+15,1.656699250916489063e-01
1.651200767513904500e+15,1.656699250916489063e-01
1.651200767515921000e+15,1.656699250916489063e-01
1.651200767517937250e+15,1.656699250916489063e-01
1.651200767519953750e+15,1.656699250916489063e-01
1.651200767521970250e+15,1.656699250916489063e-01
1.651200767523986500e+15,1.656699250916489063e-01
1.651200767526003000e+15,1.656699250916489063e-01
1.651200767528019250e+15,1.656699250916490451e-01
1.651200767530035750e+15,1.656699250916491839e-01
1.651200767532052250e+15,1.656699250916493227e-01
1.651200767534068500e+15,1.656699250916494615e-01
1.651200767536085000e+15,1.656699250916496002e-01
1.651200767538101500e+15,1.656699250916497390e-01
1.651200767540117750e+15,1.656699250916497945e-01
1.651200767542134250e+15,1.656699250916497945e-01
1.651200767544150750e+15,1.656699250916497945e-01
1.651200767546167000e+15,1.656699250916497945e-01
1.651200767548183500e+15,1.656699250916497945e-01
1.651200767550200000e+15,1.656699250916497945e-01
1.651200767552216250e+15,1.656699250916497945e-01
1.651200767554232750e+15,1.656699250916497945e-01
1.651200767556249250e+15,1.656699250916497945e-01
1.651200767558265500e+15,1.656699250916497945e-01
1.651200767560282000e+15,1.656699250916497668e-01
1.651200767562298250e+15,1.656699250916497945e-01
1.651200767564314750e+15,1.656699250916497945e-01
1.651200767566331250e+15,1.656699250916497945e-01
1.651200767568347500e+15,1.656699250916497945e-01
1.651200767570364000e+15,1.656699250916497945e-01
1.651200767572380500e+15,1.656080764660250726e-01
1.651200767574396750e+15,1.648311151487923121e-01
1.651200767576413250e+15,1.640540574941364571e-01
1.651200767578429750e+15,1.632769998394806021e-01
1.651200767580446000e+15,1.625000385222478416e-01
1.651200767582462500e+15,1.617229808675920144e-01
1.651200767584479000e+15,1.609459232129361594e-01
1.651200767586495250e+15,1.601689618957033989e-01
1.651200767588511750e+15,1.599156857562564482e-01
1.651200767590528250e+15,1.620029140010413038e-01
1.651200767592544500e+15,1.640898834771372661e-01
1.651200767594561000e+15,1.661771117219221217e-01
1.651200767596577250e+15,1.682640811980180562e-01
1.651200767598593750e+15,1.703513094428029118e-01
1.651200767600610250e+15,1.718058482431916723e-01
1.651200767602626500e+15,1.718058482431916723e-01
1.651200767604643000e+15,1.718058482431916723e-01
1.651200767606659500e+15,1.718058482431916723e-01
1.651200767608675750e+15,1.718058482431916445e-01
1.651200767610692250e+15,1.718058482431916723e-01
1.651200767612708750e+15,1.718058482431917000e-01
1.651200767614725000e+15,1.718058482431916723e-01
1.651200767616741500e+15,1.718058482431916723e-01
1.651200767618758000e+15,1.718058482431916723e-01
1.651200767620774250e+15,1.718058482431916723e-01
1.651200767622790750e+15,1.718058482431916723e-01
1.651200767624807250e+15,1.718058482431916723e-01
1.651200767626823500e+15,1.718058482431916723e-01
1.651200767628840000e+15,1.718058482431916723e-01
1.651200767630856250e+15,1.718058482431916723e-01
1.651200767632872750e+15,1.718058482431916723e-01
1.651200767634889250e+15,1.718058482431916723e-01
1.651200767636905500e+15,1.718058482431916723e-01
1.651200767638922000e+15,1.718058482431916723e-01
1.651200767640938500e+15,1.718058482431916445e-01
1.651200767642954750e+15,1.718058482431916723e-01
1.651200767644971250e+15,1.718058482431916723e-01
1.651200767646987750e+15,1.718058482431916723e-01
1.651200767649004000e+15,1.718058482431916445e-01
1.651200767651020500e+15,1.718058482431916445e-01
1.651200767653037000e+15,1.718058482431916723e-01
1.651200767655053250e+15,1.718058482431916723e-01
1.651200767657069750e+15,1.718058482431916723e-01
1.651200767659086250e+15,1.718058482431916445e-01
1.651200767661102500e+15,1.718058482431916723e-01
1.651200767663119000e+15,1.718058482431916723e-01
1.651200767665135250e+15,1.718058482431916723e-01
1.651200767667151750e+15,1.718058482431916723e-01
1.651200767669168250e+15,1.718058482431916723e-01
1.651200767671184500e+15,1.718058482431916445e-01
1.651200767673201000e+15,1.718058482431916445e-01
1.651200767675217500e+15,1.718058482431916723e-01
1.651200767677233750e+15,1.718058482431916445e-01
1.651200767679250250e+15,1.718058482431916723e-01
1.651200767681266750e+15,1.718058482431916723e-01
1.651200767683283000e+15,1.718058482431916723e-01
1.651200767685299500e+15,1.718058482431916723e-01
1.651200767687316000e+15,1.718058482431916723e-01
1.651200767689332250e+15,1.718058482431916723e-01
1.651200767691348750e+15,1.718058482431916723e-01
1.651200767693365250e+15,1.718058482431916723e-01
1.651200767695381500e+15,1.718058482431916723e-01
1.651200767697398000e+15,1.718058482431916445e-01
1.651200767699414250e+15,1.718058482431916723e-01
1.651200767701430750e+15,1.718058482431916723e-01
1.651200767703447250e+15,1.718058482431916723e-01
1.651200767705463500e+15,1.718058482431916723e-01
1.651200767707480000e+15,1.718058482431916723e-01
1.651200767709496500e+15,1.718058482431916723e-01
1.651200767711512750e+15,1.718058482431916723e-01
1.651200767713529250e+15,1.718058482431917833e-01
1.651200767715545750e+15,1.718058482431918943e-01
1.651200767717562000e+15,1.718058482431919776e-01
1.651200767719578500e+15,1.718058482431920886e-01
1.651200767721595000e+15,1.718058482431921163e-01
1.651200767723611250e+15,1.718058482431921163e-01
1.651200767725627750e+15,1.718058482431921163e-01
1.651200767727644250e+15,1.718058482431921163e-01
1.651200767729660500e+15,1.718058482431921163e-01
1.651200767731677000e+15,1.718058482431920886e-01
1.651200767733693250e+15,1.718058482431921163e-01
1.651200767735709750e+15,1.718058482431921163e-01
1.651200767737726250e+15,1.718058482431921163e-01
1.651200767739742500e+15,1.718058482431921163e-01
1.651200767741759000e+15,1.718058482431921163e-01
1.651200767743775500e+15,1.718058482431921163e-01
1.651200767745791750e+15,1.718058482431921163e-01
1.651200767747808250e+15,1.718058482431920886e-01
1.651200767749824750e+15,1.718058482431921163e-01
1.651200767751841000e+15,1.718058482431921163e-01
1.651200767753857500e+15,1.718058482431921163e-01
1.651200767755874000e+15,1.718058482431921163e-01
1.651200767757890250e+15,1.718058482431921163e-01
1.651200767759906750e+15,1.718058482431921163e-01
1.651200767761923000e+15,1.718058482431920886e-01
1.651200767763939500e+15,1.718058482431921163e-01
1.651200767765956000e+15,1.718058482431920886e-01
1.651200767767972250e+15,1.718058482431921163e-01
1.651200767769988750e+15,1.718058482431921163e-01
1.651200767772005250e+15,1.718058482431921163e-01
1.651200767774021500e+15,1.718058482431921163e-01
1.651200767776038000e+15,1.718058482431921163e-01
1.651200767778054500e+15,1.718058482431921163e-01
1.651200767780070750e+15,1.718058482431921163e-01
1.651200767782087250e+15,1.718058482431921163e-01
1.651200767784103750e+15,1.718058482431921163e-01
1.651200767786120000e+15,1.718058482431921163e-01
1.651200767788136500e+15,1.718058482431921163e-01
1.651200767790153000e+15,1.718058482431921163e-01
1.651200767792169250e+15,1.718058482431921163e-01
1.651200767794185750e+15,1.718058482431921163e-01
1.651200767796202000e+15,1.718058482431921163e-01
1.651200767798218500e+15,1.718058482431921163e-01
1.651200767800235000e+15,1.718058482431921163e-01
1.651200767802251250e+15,1.718058482431921163e-01
1.651200767804267750e+15,1.718058482431921163e-01
1.651200767806284250e+15,1.718058482431921163e-01
1.651200767808300500e+15,1.718058482431921163e-01
1.651200767810317000e+15,1.718058482431921163e-01
1.651200767812333500e+15,1.718058482431921163e-01
1.651200767814349750e+15,1.718058482431921163e-01
1.651200767816366250e+15,1.718058482431921441e-01
1.651200767818382750e+15,1.718058482431921163e-01
1.651200767820399000e+15,1.718058482431921163e-01
1.651200767822415500e+15,1.718058482431921163e-01
1.651200767824432000e+15,1.718058482431921163e-01
1.651200767826448250e+15,1.718058482431921163e-01
1.651200767828464750e+15,1.726650620437575057e-01
1.651200767830481000e+15,1.735726664054549895e-01
1.651200767832497500e+15,1.744803833033411467e-01
1.651200767834514000e+15,1.753881002012273038e-01
1.651200767836530250e+15,1.762957045629247321e-01
1.651200767838546750e+15,1.772034214608108615e-01
1.651200767840563250e+15,1.777436217864808154e-01
1.651200767842579500e+15,1.766817768758038032e-01
1.651200767844596000e+15,1.756198003042575007e-01
1.651200767846612500e+15,1.745578237327111704e-01
1.651200767848628750e+15,1.734959788220341581e-01
1.651200767850645250e+15,1.724340022504878278e-01
1.651200767852661750e+15,1.718058482431921163e-01
1.651200767854678000e+15,1.718058482431920053e-01
1.651200767856694500e+15,1.718058482431919498e-01
1.651200767858711000e+15,1.718058482431918943e-01
1.651200767860727250e+15,1.718058482431918388e-01
1.651200767862743750e+15,1.718058482431917555e-01
1.651200767864760000e+15,1.718058482431916445e-01
1.651200767866776500e+15,1.718058482431917278e-01
1.651200767868793000e+15,1.718058482431918110e-01
1.651200767870809250e+15,1.718058482431918943e-01
1.651200767872825750e+15,1.718058482431919498e-01
1.651200767874842250e+15,1.718058482431920331e-01
1.651200767876858500e+15,1.719888686485441243e-01
1.651200767878875000e+15,1.749295909385227554e-01
1.651200767880891500e+15,1.778703132285013866e-01
1.651200767882907750e+15,1.808106709359992292e-01
1.651200767884924250e+15,1.837513932259778604e-01
1.651200767886940750e+15,1.840776945462768432e-01
1.651200767888957000e+15,1.840776945462769265e-01
1.651200767890973500e+15,1.840776945462770375e-01
1.651200767892990000e+15,1.840776945462771208e-01
1.651200767895006250e+15,1.840776945462772041e-01
1.651200767897022750e+15,1.840776945462772041e-01
1.651200767899039000e+15,1.840776945462772041e-01
1.651200767901055500e+15,1.840776945462771763e-01
1.651200767903072000e+15,1.840776945462772041e-01
1.651200767905088250e+15,1.840776945462772041e-01
1.651200767907104750e+15,1.840776945462772041e-01
1.651200767909121250e+15,1.840776945462772041e-01
1.651200767911137500e+15,1.840776945462771763e-01
1.651200767913154000e+15,1.843537106287825578e-01
1.651200767915170500e+15,1.850178949132361139e-01
1.651200767917186750e+15,1.856819968539896171e-01
1.651200767919203250e+15,1.863461811384431732e-01
1.651200767921219750e+15,1.870103654228967016e-01
1.651200767923236000e+15,1.876744673636502325e-01
1.651200767925252500e+15,1.883386516481037887e-01
1.651200767927269000e+15,1.890028359325573171e-01
1.651200767929285250e+15,1.896669378733108202e-01
1.651200767931301750e+15,1.903038518618127839e-01
1.651200767933318000e+15,1.908138298103802533e-01
1.651200767935334500e+15,1.913238709924193481e-01
1.651200767937351000e+15,1.918339121744583875e-01
1.651200767939367250e+15,1.923438901230258846e-01
1.651200767941383750e+15,1.928539313050649517e-01
1.651200767943400250e+15,1.933639724871040189e-01
1.651200767945416500e+15,1.938739504356714882e-01
1.651200767947433000e+15,1.943839916177105831e-01
1.651200767949449500e+15,1.948940327997496502e-01
1.651200767951465750e+15,1.954040107483170918e-01
1.651200767953482250e+15,1.959140519303561867e-01
1.651200767955498750e+15,1.962247779251820312e-01
1.651200767957515000e+15,1.953713317983678532e-01
1.651200767959531500e+15,1.945177798505832167e-01
1.651200767961548000e+15,1.936642279027986080e-01
1.651200767963564250e+15,1.928107817759844578e-01
1.651200767965580750e+15,1.919572298281998213e-01
1.651200767967597000e+15,1.911037837013856433e-01
1.651200767969613500e+15,1.902502317536010346e-01
1.651200767971630000e+15,1.895638326946657848e-01
1.651200767973646250e+15,1.888850093720706169e-01
1.651200767975662750e+15,1.882061018804335739e-01
1.651200767977679250e+15,1.875271943887965309e-01
1.651200767979695500e+15,1.868483710662013353e-01
1.651200767981712000e+15,1.861694635745643200e-01
1.651200767983728500e+15,1.854905560829272770e-01
1.651200767985744750e+15,1.848117327603320814e-01
1.651200767987761250e+15,1.841328252686950384e-01
1.651200767989777750e+15,1.840776945462771763e-01
1.651200767991794000e+15,1.840776945462771486e-01
1.651200767993810500e+15,1.840776945462770930e-01
1.651200767995827000e+15,1.840776945462770375e-01
1.651200767997843250e+15,1.840776945462770098e-01
1.651200767999859750e+15,1.840776945462769820e-01
1.651200768001876000e+15,1.840776945462769265e-01
1.651200768003892500e+15,1.840776945462769265e-01
1.651200768005909000e+15,1.840776945462768710e-01
1.651200768007925250e+15,1.840776945462768155e-01
1.651200768009941750e+15,1.840776945462768155e-01
1.651200768011958250e+15,1.840776945462767600e-01
1.651200768013974500e+15,1.854265567170406692e-01
1.651200768015991000e+15,1.870167236666725463e-01
1.651200768018007500e+15,1.886068906163045067e-01
1.651200768020023750e+15,1.901968604215092395e-01
1.651200768022040250e+15,1.917870273711411722e-01
1.651200768024056750e+15,1.933771943207730770e-01
1.651200768026073000e+15,1.949671641259778376e-01
1.651200768028089500e+15,1.963495408493622918e-01
1.651200768030106000e+15,1.963495408493622918e-01
1.651200768032122250e+15,1.963495408493622918e-01
1.651200768034138750e+15,1.963495408493622918e-01
1.651200768036155000e+15,1.963495408493622918e-01
1.651200768038171500e+15,1.963495408493622918e-01
1.651200768040188000e+15,1.963495408493622918e-01
1.651200768042204250e+15,1.963495408493622918e-01
1.651200768044220750e+15,1.963495408493622918e-01
1.651200768046237250e+15,1.963495408493622918e-01
1.651200768048253500e+15,1.963495408493622918e-01
1.651200768050270000e+15,1.963495408493622918e-01
1.651200768052286500e+15,1.963495408493622918e-01
1.651200768054302750e+15,1.963495408493622918e-01
1.651200768056319250e+15,1.963495408493622918e-01
1.651200768058335750e+15,1.963495408493622918e-01
1.651200768060352000e+15,1.963495408493622918e-01
1.651200768062368500e+15,1.963495408493622918e-01
1.651200768064385000e+15,1.963495408493622918e-01
1.651200768066401250e+15,1.963495408493622918e-01
1.651200768068417750e+15,1.963495408493622918e-01
1.651200768070434000e+15,1.963495408493622918e-01
1.651200768072450500e+15,1.963495408493622918e-01
1.651200768074467000e+15,1.957456114053127416e-01
1.651200768076483250e+15,1.949058371007852952e-01
1.651200768078499750e+15,1.940659586704915618e-01
1.651200768080516250e+15,1.932260802401978839e-01
1.651200768082532500e+15,1.923863059356703542e-01
1.651200768084549000e+15,1.915464275053766763e-01
1.651200768086565500e+15,1.907065490750829428e-01
1.651200768088581750e+15,1.911659408744935951e-01
1.651200768090598250e+15,1.934719867295090767e-01
1.651200768092614750e+15,1.957780325845245584e-01
1.651200768094631000e+15,1.980837925424590584e-01
1.651200768096647500e+15,2.003898383974745401e-01
1.651200768098664000e+15,2.024854640009041695e-01
1.651200768100680250e+15,2.024854640009042805e-01
1.651200768102696750e+15,2.024854640009043361e-01
1.651200768104713000e+15,2.024854640009043916e-01
1.651200768106729500e+15,2.024854640009044748e-01
1.651200768108746000e+15,2.024854640009045581e-01
1.651200768110762250e+15,2.024854640009045581e-01
1.651200768112778750e+15,2.024854640009044748e-01
1.651200768114795250e+15,2.024854640009043916e-01
1.651200768116811500e+15,2.024854640009043083e-01
1.651200768118828000e+15,2.024854640009042250e-01
1.651200768120844500e+15,2.024854640009041695e-01
1.651200768122860750e+15,2.024854640009041695e-01
1.651200768124877250e+15,2.024854640009041695e-01
1.651200768126893750e+15,2.024854640009041418e-01
1.651200768128910000e+15,2.024854640009041695e-01
1.651200768130926500e+15,2.024854640009041695e-01
1.651200768132943000e+15,2.024854640009041695e-01
1.651200768134959250e+15,2.024854640009041695e-01
1.651200768136975750e+15,2.024854640009041695e-01
1.651200768138992000e+15,2.024854640009041418e-01
1.651200768141008500e+15,2.024854640009041973e-01
1.651200768143025000e+15,2.024854640009042528e-01
1.651200768145041250e+15,2.024854640009042805e-01
1.651200768147057750e+15,2.024854640009043361e-01
1.651200768149074250e+15,2.024854640009043361e-01
1.651200768151090500e+15,2.024854640009043916e-01
1.651200768153107000e+15,2.024854640009044471e-01
1.651200768155123500e+15,2.024854640009044471e-01
1.651200768157139750e+15,2.024854640009045026e-01
1.651200768159156250e+15,2.024854640009045581e-01
1.651200768161172750e+15,2.024854640009045581e-01
1.651200768163189000e+15,2.023078917939406252e-01
1.651200768165205500e+15,2.014770928256276461e-01
1.651200768167222000e+15,2.006462938573146670e-01
1.651200768169238250e+15,1.998155978891217321e-01
1.651200768171254750e+15,1.989847989208087808e-01
1.651200768173271000e+15,1.981541029526158737e-01
1.651200768175287500e+15,1.973233039843028669e-01
1.651200768177304000e+15,1.964925050159898878e-01
1.651200768179320250e+15,1.984340813440631512e-01
1.651200768181336750e+15,2.009522637059408534e-01
1.651200768183353250e+15,2.034704460678185556e-01
1.651200768185369500e+15,2.059883162325276129e-01
1.651200768187386000e+15,2.085064985944052873e-01
1.651200768189402500e+15,2.086213871524478514e-01
1.651200768191418750e+15,2.086213871524478236e-01
1.651200768193435250e+15,2.086213871524478514e-01
1.651200768195451750e+15,2.086213871524478236e-01
1.651200768197468000e+15,2.086213871524478236e-01
1.651200768199484500e+15,2.086213871524478236e-01
1.651200768201501000e+15,2.086213871524478236e-01
1.651200768203517250e+15,2.086213871524478236e-01
1.651200768205533750e+15,2.086213871524478236e-01
1.651200768207550000e+15,2.086213871524478514e-01
1.651200768209566500e+15,2.086213871524478236e-01
1.651200768211583000e+15,2.089390202023145016e-01
1.651200768213599250e+15,2.104459087594760525e-01
1.651200768215615750e+15,2.119529841596081154e-01
1.651200768217632250e+15,2.134600595597401507e-01
1.651200768219648500e+15,2.146297296773259089e-01
1.651200768221665000e+15,2.137125591473169328e-01
1.651200768223681500e+15,2.127953886173079567e-01
1.651200768225697750e+15,2.118783317955224288e-01
1.651200768227714250e+15,2.109611612655134527e-01
1.651200768229730750e+15,2.100439907355044489e-01
1.651200768231747000e+15,2.091269339137189209e-01
1.651200768233763500e+15,2.082097633837099449e-01
1.651200768235780000e+15,2.072925928537009410e-01
1.651200768237796250e+15,2.063755360319154131e-01
1.651200768239812750e+15,2.054583655019064370e-01
1.651200768241829000e+15,2.045413086801208813e-01
1.651200768243845500e+15,2.036241381501119052e-01
1.651200768245862000e+15,2.027069676201029569e-01
1.651200768247878250e+15,2.035339427404423140e-01
1.651200768249894750e+15,2.049164880262220878e-01
1.651200768251911250e+15,2.062990333120018338e-01
1.651200768253927500e+15,2.076814071937045370e-01
1.651200768255944000e+15,2.090639524794842830e-01
1.651200768257960500e+15,2.104464977652640290e-01
1.651200768259976750e+15,2.118288716469667321e-01
1.651200768261993250e+15,2.132114169327464781e-01
1.651200768264009750e+15,2.145939622185262796e-01
1.651200768266026000e+15,2.152005766522525343e-01
1.651200768268042500e+15,2.157033025191096853e-01
1.651200768270059000e+15,2.162060283859668086e-01
1.651200768272075250e+15,2.167086919262845024e-01
1.651200768274091750e+15,2.172114177931416257e-01
1.651200768276108000e+15,2.177140813334593750e-01
1.651200768278124500e+15,2.182168072003164982e-01
1.651200768280141000e+15,2.187195330671736493e-01
1.651200768282157250e+15,2.192221966074913708e-01
1.651200768284173750e+15,2.197249224743484941e-01
1.651200768286190250e+15,2.202276483412056451e-01
1.651200768288206500e+15,2.207303118815233667e-01
1.651200768290223000e+15,2.200648595197613744e-01
1.651200768292239500e+15,2.188393158356203572e-01
1.651200768294255750e+15,2.176139240909392980e-01
1.651200768296272250e+15,2.163883804067982808e-01
1.651200768298288750e+15,2.151628367226572358e-01
1.651200768300305000e+15,2.147573103039897291e-01
1.651200768302321500e+15,2.147573103039897846e-01
1.651200768304338000e+15,2.147573103039898679e-01
1.651200768306354250e+15,2.147573103039899234e-01
1.651200768308370750e+15,2.147573103039900067e-01
1.651200768310387000e+15,2.147573103039900622e-01
1.651200768312403500e+15,2.147573103039901177e-01
1.651200768314420000e+15,2.147573103039901177e-01
1.651200768316436250e+15,2.147573103039900344e-01
1.651200768318452750e+15,2.147573103039899789e-01
1.651200768320469250e+15,2.147573103039899234e-01
1.651200768322485500e+15,2.147573103039898956e-01
1.651200768324502000e+15,2.147573103039898124e-01
1.651200768326518500e+15,2.147573103039898124e-01
1.651200768328534750e+15,2.147573103039897291e-01
1.651200768330551250e+15,2.147573103039897291e-01
1.651200768332567750e+15,2.147573103039897013e-01
1.651200768334584000e+15,2.147573103039897013e-01
1.651200768336600500e+15,2.147573103039897013e-01
1.651200768338617000e+15,2.147573103039897013e-01
1.651200768340633250e+15,2.147573103039897013e-01
1.651200768342649750e+15,2.147573103039897013e-01
1.651200768344666000e+15,2.147573103039897013e-01
1.651200768346682500e+15,2.147573103039897013e-01
1.651200768348699000e+15,2.147573103039897013e-01
1.651200768350715250e+15,2.147573103039897013e-01
1.651200768352731750e+15,2.147573103039897013e-01
1.651200768354748250e+15,2.147573103039897013e-01
1.651200768356764500e+15,2.147573103039897291e-01
1.651200768358781000e+15,2.147573103039897013e-01
1.651200768360797500e+15,2.147573103039897013e-01
1.651200768362813750e+15,2.147573103039897291e-01
1.651200768364830250e+15,2.147573103039897013e-01
1.651200768366846750e+15,2.147573103039897013e-01
1.651200768368863000e+15,2.147573103039897013e-01
1.651200768370879500e+15,2.147573103039897013e-01
1.651200768372896000e+15,2.147573103039897013e-01
1.651200768374912250e+15,2.147573103039896458e-01
1.651200768376928750e+15,2.147573103039895626e-01
1.651200768378945000e+15,2.147573103039894793e-01
1.651200768380961500e+15,2.147573103039894238e-01
1.651200768382978000e+15,2.147573103039893405e-01
1.651200768384994250e+15,2.147573103039892572e-01
1.651200768387010750e+15,2.147573103039892572e-01
1.651200768389027250e+15,2.147573103039892572e-01
1.651200768391043500e+15,2.147573103039892572e-01
1.651200768393060000e+15,2.147573103039892572e-01
1.651200768395076500e+15,2.147573103039892572e-01
1.651200768397092750e+15,2.147573103039892572e-01
1.651200768399109250e+15,2.147573103039892572e-01
1.651200768401125750e+15,2.147573103039892295e-01
1.651200768403142000e+15,2.147573103039892572e-01
1.651200768405158500e+15,2.147573103039892017e-01
1.651200768407175000e+15,2.147573103039892017e-01
1.651200768409191250e+15,2.147573103039891462e-01
1.651200768411207750e+15,2.147573103039890907e-01
1.651200768413224000e+15,2.147573103039890352e-01
1.651200768415240500e+15,2.147573103039890352e-01
1.651200768417257000e+15,2.147573103039889797e-01
1.651200768419273250e+15,2.147573103039889242e-01
1.651200768421289750e+15,2.147573103039888964e-01
1.651200768423306250e+15,2.147573103039888687e-01
1.651200768425322500e+15,2.147573103039888132e-01
1.651200768427339000e+15,2.147573103039888132e-01
1.651200768429355500e+15,2.147573103039888132e-01
1.651200768431371750e+15,2.147573103039888132e-01
1.651200768433388250e+15,2.147573103039888132e-01
1.651200768435404750e+15,2.147573103039888132e-01
1.651200768437421000e+15,2.147573103039888132e-01
1.651200768439437500e+15,2.147573103039888132e-01
1.651200768441454000e+15,2.147573103039888132e-01
1.651200768443470250e+15,2.147573103039888687e-01
1.651200768445486750e+15,2.147573103039889797e-01
1.651200768447503000e+15,2.147573103039890352e-01
1.651200768449519500e+15,2.147573103039891185e-01
1.651200768451536000e+15,2.147573103039892017e-01
1.651200768453552250e+15,2.147573103039892572e-01
1.651200768455568750e+15,2.147573103039892572e-01
1.651200768457585250e+15,2.147573103039892572e-01
1.651200768459601500e+15,2.147573103039892572e-01
1.651200768461618000e+15,2.147573103039892572e-01
1.651200768463634500e+15,2.147573103039892572e-01
1.651200768465650750e+15,2.147573103039892572e-01
1.651200768467667250e+15,2.147573103039892295e-01
1.651200768469683750e+15,2.147573103039892017e-01
1.651200768471700000e+15,2.147573103039891462e-01
1.651200768473716500e+15,2.147573103039890907e-01
1.651200768475733000e+15,2.147573103039890352e-01
1.651200768477749250e+15,2.147573103039889797e-01
1.651200768479765750e+15,2.147573103039889242e-01
1.651200768481782000e+15,2.147573103039888964e-01
1.651200768483798500e+15,2.147573103039888409e-01
1.651200768485815000e+15,2.147573103039888132e-01
1.651200768487831250e+15,2.147573103039887854e-01
1.651200768489847750e+15,2.147573103039888132e-01
1.651200768491864250e+15,2.147573103039888132e-01
1.651200768493880500e+15,2.147573103039888132e-01
1.651200768495897000e+15,2.147573103039888132e-01
1.651200768497913500e+15,2.147573103039888132e-01
1.651200768499929750e+15,2.140599669170678565e-01
1.651200768501946250e+15,2.128859381633829706e-01
1.651200768503962750e+15,2.117119094096980847e-01
1.651200768505979000e+15,2.105380262087969412e-01
1.651200768507995500e+15,2.093639974551120275e-01
1.651200768510012000e+15,2.088334246031433306e-01
1.651200768512028250e+15,2.094103753588350547e-01
1.651200768514044750e+15,2.099873976521282049e-01
1.651200768516061000e+15,2.105643484078199013e-01
1.651200768518077500e+15,2.111413707011130514e-01
1.651200768520094000e+15,2.117183929944062015e-01
1.651200768522110250e+15,2.122953437500979257e-01
1.651200768524126750e+15,2.128723660433910481e-01
1.651200768526143250e+15,2.134493883366841982e-01
1.651200768528159500e+15,2.140263390923759224e-01
1.651200768530176000e+15,2.146033613856690725e-01
1.651200768532192500e+15,2.141145469215632036e-01
1.651200768534208750e+15,2.132380019977785091e-01
1.651200768536225250e+15,2.123613483889443265e-01
1.651200768538241750e+15,2.114846947801102273e-01
1.651200768540258000e+15,2.106081498563255328e-01
1.651200768542274500e+15,2.097314962474913780e-01
1.651200768544291000e+15,2.088548426386572232e-01
1.651200768546307250e+15,2.086213871524466301e-01
1.651200768548323750e+15,2.086213871524467967e-01
1.651200768550340000e+15,2.086213871524469632e-01
1.651200768552356500e+15,2.086213871524471575e-01
1.651200768554373000e+15,2.086213871524473240e-01
1.651200768556389250e+15,2.086213871524473795e-01
1.651200768558405750e+15,2.086213871524473795e-01
1.651200768560422250e+15,2.086213871524473518e-01
1.651200768562438500e+15,2.086213871524473795e-01
1.651200768564455000e+15,2.086213871524473795e-01
1.651200768566471500e+15,2.086213871524473518e-01
1.651200768568487750e+15,2.086213871524473518e-01
1.651200768570504250e+15,2.086213871524474073e-01
1.651200768572520750e+15,2.086213871524473795e-01
1.651200768574537000e+15,2.086213871524474073e-01
1.651200768576553500e+15,2.086213871524473795e-01
1.651200768578570000e+15,2.086213871524473795e-01
1.651200768580586250e+15,2.086213871524473795e-01
1.651200768582602750e+15,2.086213871524473795e-01
1.651200768584619000e+15,2.086213871524473795e-01
1.651200768586635500e+15,2.086213871524473795e-01
1.651200768588652000e+15,2.086213871524473795e-01
1.651200768590668250e+15,2.086213871524473795e-01
1.651200768592684750e+15,2.086213871524473795e-01
1.651200768594701250e+15,2.086213871524473795e-01
1.651200768596717500e+15,2.086213871524473795e-01
1.651200768598734000e+15,2.086213871524473518e-01
1.651200768600750500e+15,2.086213871524473795e-01
1.651200768602766750e+15,2.086213871524472130e-01
1.651200768604783250e+15,2.086213871524470187e-01
1.651200768606799750e+15,2.086213871524468522e-01
1.651200768608816000e+15,2.086213871524466579e-01
1.651200768610832500e+15,2.086213871524464913e-01
1.651200768612849000e+15,2.086213871524466579e-01
1.651200768614865250e+15,2.086213871524467689e-01
1.651200768616881750e+15,2.086213871524469632e-01
1.651200768618898000e+15,2.086213871524471020e-01
1.651200768620914500e+15,2.086213871524472407e-01
1.651200768622931000e+15,2.086213871524473518e-01
1.651200768624947250e+15,2.086213871524472407e-01
1.651200768626963750e+15,2.086213871524471297e-01
1.651200768628980250e+15,2.086213871524470465e-01
1.651200768630996500e+15,2.086213871524469077e-01
1.651200768633013000e+15,2.086213871524468244e-01
1.651200768635029500e+15,2.086213871524467134e-01
1.651200768637045750e+15,2.086213871524465746e-01
1.651200768639062250e+15,2.086213871524464913e-01
1.651200768641078750e+15,2.086213871524466579e-01
1.651200768643095000e+15,2.086213871524468244e-01
1.651200768645111500e+15,2.086213871524469909e-01
1.651200768647128000e+15,2.086213871524471575e-01
1.651200768649144250e+15,2.086213871524473240e-01
1.651200768651160750e+15,2.086213871524473795e-01
1.651200768653177000e+15,2.086213871524473518e-01
1.651200768655193500e+15,2.086213871524473795e-01
1.651200768657210000e+15,2.086213871524473795e-01
1.651200768659226250e+15,2.086213871524473795e-01
1.651200768661242750e+15,2.086213871524473518e-01
1.651200768663259250e+15,2.086213871524473795e-01
1.651200768665275500e+15,2.086213871524473795e-01
1.651200768667292000e+15,2.086213871524473795e-01
1.651200768669308500e+15,2.086213871524473795e-01
1.651200768671324750e+15,2.086213871524473795e-01
1.651200768673341250e+15,2.086213871524473795e-01
1.651200768675357750e+15,2.086213871524474073e-01
1.651200768677374000e+15,2.086213871524474073e-01
1.651200768679390500e+15,2.086213871524473795e-01
1.651200768681407000e+15,2.086213871524474073e-01
1.651200768683423250e+15,2.086213871524473795e-01
1.651200768685439750e+15,2.086213871524474073e-01
1.651200768687456000e+15,2.086213871524473795e-01
1.651200768689472500e+15,2.086213871524473795e-01
1.651200768691489000e+15,2.086213871524473795e-01
1.651200768693505250e+15,2.086213871524473795e-01
1.651200768695521750e+15,2.086213871524473795e-01
1.651200768697538250e+15,2.086213871524473518e-01
1.651200768699554500e+15,2.086213871524473795e-01
1.651200768701571000e+15,2.086213871524473795e-01
1.651200768703587500e+15,2.086213871524473795e-01
1.651200768705603750e+15,2.086213871524473795e-01
1.651200768707620250e+15,2.086213871524473795e-01
1.651200768709636750e+15,2.086213871524473795e-01
1.651200768711653000e+15,2.086213871524473795e-01
1.651200768713669500e+15,2.086213871524473795e-01
1.651200768715686000e+15,2.086213871524473795e-01
1.651200768717702250e+15,2.086213871524473795e-01
1.651200768719718750e+15,2.086213871524473795e-01
1.651200768721735000e+15,2.086213871524473518e-01
1.651200768723751500e+15,2.086213871524473518e-01
1.651200768725768000e+15,2.086213871524473795e-01
1.651200768727784250e+15,2.086213871524473518e-01
1.651200768729800750e+15,2.086213871524473240e-01
1.651200768731817250e+15,2.086213871524472407e-01
1.651200768733833500e+15,2.086213871524471852e-01
1.651200768735850000e+15,2.086213871524471297e-01
1.651200768737866500e+15,2.086213871524470742e-01
1.651200768739882750e+15,2.086213871524469909e-01
1.651200768741899250e+15,2.086213871524469354e-01
1.651200768743915750e+15,2.086213871524469909e-01
1.651200768745932000e+15,2.086213871524470187e-01
1.651200768747948500e+15,2.086213871524470187e-01
1.651200768749965000e+15,2.086213871524471020e-01
1.651200768751981250e+15,2.086213871524471020e-01
1.651200768753997750e+15,2.086213871524471575e-01
1.651200768756014000e+15,2.086213871524471575e-01
1.651200768758030500e+15,2.086213871524472130e-01
1.651200768760047000e+15,2.086213871524472407e-01
1.651200768762063250e+15,2.086213871524472963e-01
1.651200768764079750e+15,2.086213871524472963e-01
1.651200768766096250e+15,2.086213871524473518e-01
1.651200768768112500e+15,2.086213871524474073e-01
1.651200768770129000e+15,2.086213871524473795e-01
1.651200768772145500e+15,2.086213871524474073e-01
1.651200768774161750e+15,2.086213871524473795e-01
1.651200768776178250e+15,2.086213871524473795e-01
1.651200768778194750e+15,2.086213871524473795e-01
1.651200768780211000e+15,2.081299161005336351e-01
1.651200768782227500e+15,2.075155011121988802e-01
1.651200768784244000e+15,2.069010861238640975e-01
1.651200768786260250e+15,2.062867473089719239e-01
1.651200768788276750e+15,2.056723323206371412e-01
1.651200768790293000e+15,2.050579935057449954e-01
1.651200768792309500e+15,2.044435785174101849e-01
1.651200768794326000e+15,2.038291635290754300e-01
1.651200768796342250e+15,2.032148247141832564e-01
1.651200768798358750e+15,2.026004097258484737e-01
1.651200768800375250e+15,2.031486785615116419e-01
1.651200768802391500e+15,2.039644213449942622e-01
1.651200768804408000e+15,2.047802652745132901e-01
1.651200768806424500e+15,2.055961092040323179e-01
1.651200768808440750e+15,2.064118519875149660e-01
1.651200768810457250e+15,2.072276959170339938e-01
1.651200768812473750e+15,2.080435398465529939e-01
1.651200768814490000e+15,2.088592826300356142e-01
1.651200768816506500e+15,2.096751265595546698e-01
1.651200768818523000e+15,2.104909704890737254e-01
1.651200768820539250e+15,2.113067132725563180e-01
1.651200768822555750e+15,2.121225572020753458e-01
1.651200768824572000e+15,2.129382999855579661e-01
1.651200768826588500e+15,2.137541439150770217e-01
1.651200768828605000e+15,2.145699878445960496e-01
1.651200768830621250e+15,2.140058024475685328e-01
1.651200768832637750e+15,2.130301606690568617e-01
1.651200768834654250e+15,2.120545188905451628e-01
1.651200768836670500e+15,2.110789980693578705e-01
1.651200768838687000e+15,2.101033562908461994e-01
1.651200768840703500e+15,2.091277145123345560e-01
1.651200768842719750e+15,2.086213871524473795e-01
1.651200768844736250e+15,2.086213871524473240e-01
1.651200768846752750e+15,2.086213871524473240e-01
1.651200768848769000e+15,2.086213871524472685e-01
1.651200768850785500e+15,2.086213871524472407e-01
1.651200768852802000e+15,2.086213871524472130e-01
1.651200768854818250e+15,2.086213871524471575e-01
1.651200768856834750e+15,2.086213871524471575e-01
1.651200768858851000e+15,2.086213871524471020e-01
1.651200768860867500e+15,2.086213871524470465e-01
1.651200768862884000e+15,2.086213871524470465e-01
1.651200768864900250e+15,2.086213871524470187e-01
1.651200768866916750e+15,2.086213871524469632e-01
1.651200768868933250e+15,2.086213871524469354e-01
1.651200768870949500e+15,2.086213871524469077e-01
1.651200768872966000e+15,2.086213871524469354e-01
1.651200768874982500e+15,2.086213871524469077e-01
1.651200768876998750e+15,2.086213871524469354e-01
1.651200768879015250e+15,2.086213871524469354e-01
1.651200768881031750e+15,2.086213871524469354e-01
1.651200768883048000e+15,2.086213871524469354e-01
1.651200768885064500e+15,2.086213871524469354e-01
1.651200768887081000e+15,2.086213871524469354e-01
1.651200768889097250e+15,2.086213871524469077e-01
1.651200768891113750e+15,2.090997294782877269e-01
1.651200768893130000e+15,2.098930321428787160e-01
1.651200768895146500e+15,2.106864331710983085e-01
1.651200768897163000e+15,2.114798341993178732e-01
1.651200768899179250e+15,2.122731368639088345e-01
1.651200768901195750e+15,2.130665378921284270e-01
1.651200768903212250e+15,2.138599389203479639e-01
1.651200768905228500e+15,2.146532415849389530e-01
1.651200768907245000e+15,2.147573103039888132e-01
1.651200768909261500e+15,2.147573103039888132e-01
1.651200768911277750e+15,2.147573103039888132e-01
1.651200768913294250e+15,2.147573103039888409e-01
1.651200768915310750e+15,2.147573103039888132e-01
1.651200768917327000e+15,2.147573103039888132e-01
1.651200768919343500e+15,2.147573103039888132e-01
1.651200768921360000e+15,2.147573103039888132e-01
1.651200768923376250e+15,2.147573103039887854e-01
1.651200768925392750e+15,2.147573103039888132e-01
1.651200768927409000e+15,2.147573103039888687e-01
1.651200768929425500e+15,2.147573103039889242e-01
1.651200768931442000e+15,2.147573103039890074e-01
1.651200768933458250e+15,2.147573103039890907e-01
1.651200768935474750e+15,2.147573103039891462e-01
1.651200768937491250e+15,2.147573103039892295e-01
1.651200768939507500e+15,2.143133857746278292e-01
1.651200768941524000e+15,2.131752118223617098e-01
1.651200768943540500e+15,2.120370378700955905e-01
1.651200768945556750e+15,2.108990050254357373e-01
1.651200768947573250e+15,2.097608310731695902e-01
1.651200768949589750e+15,2.086226571209034708e-01
1.651200768951606000e+15,2.086213871524469632e-01
1.651200768953622500e+15,2.086213871524469354e-01
1.651200768955639000e+15,2.086213871524469632e-01
1.651200768957655250e+15,2.086213871524469632e-01
1.651200768959671750e+15,2.086213871524469632e-01
1.651200768961688000e+15,2.086213871524469632e-01
1.651200768963704500e+15,2.086213871524469632e-01
1.651200768965721000e+15,2.086213871524469632e-01
1.651200768967737250e+15,2.086213871524469354e-01
1.651200768969753750e+15,2.086213871524469909e-01
1.651200768971770250e+15,2.086213871524469354e-01
1.651200768973786500e+15,2.086213871524469354e-01
1.651200768975803000e+15,2.086213871524469354e-01
1.651200768977819500e+15,2.086213871524469354e-01
1.651200768979835750e+15,2.086213871524469354e-01
1.651200768981852250e+15,2.086213871524469354e-01
1.651200768983868750e+15,2.086213871524469632e-01
1.651200768985885000e+15,2.086213871524469632e-01
1.651200768987901500e+15,2.086213871524469909e-01
1.651200768989918000e+15,2.086213871524470742e-01
1.651200768991934250e+15,2.086213871524471575e-01
1.651200768993950750e+15,2.086213871524472130e-01
1.651200768995967000e+15,2.086213871524472685e-01
1.651200768997983500e+15,2.086213871524473240e-01
1.651200769000000000e+15,2.086213871524473795e-01
1.651200769002016250e+15,2.079637841277572896e-01
1.651200769004032750e+15,2.071703322209285103e-01
1.651200769006049250e+15,2.063768803140997310e-01
1.651200769008065500e+15,2.055835267772073705e-01
1.651200769010082000e+15,2.047900748703785911e-01
1.651200769012098500e+15,2.039966229635498396e-01
1.651200769014114750e+15,2.032032694266574513e-01
1.651200769016131250e+15,2.024854640009037254e-01
1.651200769018147750e+15,2.024854640009037254e-01
1.651200769020164000e+15,2.024854640009037254e-01
1.651200769022180500e+15,2.024854640009037254e-01
1.651200769024197000e+15,2.024854640009037254e-01
1.651200769026213250e+15,2.024854640009037254e-01
1.651200769028229750e+15,2.024854640009036977e-01
1.651200769030246000e+15,2.024854640009037254e-01
1.651200769032262500e+15,2.021309227880319359e-01
1.651200769034279000e+15,2.016107828420472814e-01
1.651200769036295250e+15,2.010907073815505763e-01
1.651200769038311750e+15,2.005705674355659218e-01
1.651200769040328250e+15,2.000504274895812395e-01
1.651200769042344500e+15,1.995303520290845345e-01
1.651200769044361000e+15,1.990102120830998800e-01
1.651200769046377500e+15,1.984900721371151699e-01
1.651200769048393750e+15,1.979699966766185204e-01
1.651200769050410250e+15,1.974498567306338104e-01
1.651200769052426750e+15,1.969297167846491559e-01
1.651200769054443000e+15,1.964096413241524508e-01
1.651200769056459500e+15,1.957207171442092719e-01
1.651200769058476000e+15,1.950097426550356783e-01
1.651200769060492250e+15,1.942988563104801614e-01
1.651200769062508750e+15,1.935878818213065677e-01
1.651200769064525000e+15,1.928769954767510231e-01
1.651200769066541500e+15,1.921660209875774572e-01
1.651200769068558000e+15,1.914550464984038913e-01
1.651200769070574250e+15,1.907441601538483467e-01
1.651200769072590750e+15,1.904320869577367514e-01
1.651200769074607250e+15,1.912929433575897842e-01
1.651200769076623500e+15,1.921536930308869184e-01
1.651200769078640000e+15,1.930145494307399512e-01
1.651200769080656500e+15,1.938754058305929839e-01
1.651200769082672750e+15,1.947361555038901459e-01
1.651200769084689250e+15,1.955970119037431787e-01
1.651200769086705750e+15,1.963495408493622918e-01
1.651200769088722000e+15,1.963495408493622918e-01
1.651200769090738500e+15,1.963495408493622918e-01
1.651200769092755000e+15,1.963495408493622918e-01
1.651200769094771250e+15,1.963495408493622918e-01
1.651200769096787750e+15,1.963495408493622363e-01
1.651200769098804000e+15,1.963495408493621808e-01
1.651200769100820500e+15,1.963495408493620975e-01
1.651200769102837000e+15,1.963495408493620420e-01
1.651200769104853250e+15,1.963495408493619587e-01
1.651200769106869750e+15,1.963495408493619032e-01
1.651200769108886250e+15,1.963495408493618199e-01
1.651200769110902500e+15,1.963495408493617367e-01
1.651200769112919000e+15,1.963495408493616812e-01
1.651200769114935500e+15,1.963495408493616257e-01
1.651200769116951750e+15,1.963495408493615424e-01
1.651200769118968250e+15,1.963495408493614314e-01
1.651200769120984750e+15,1.963495408493614314e-01
1.651200769123001000e+15,1.963495408493614314e-01
1.651200769125017500e+15,1.963495408493615146e-01
1.651200769127034000e+15,1.963495408493615424e-01
1.651200769129050250e+15,1.963495408493615979e-01
1.651200769131066750e+15,1.963495408493616257e-01
1.651200769133083000e+15,1.963495408493616812e-01
1.651200769135099500e+15,1.963495408493617089e-01
1.651200769137116000e+15,1.963495408493617644e-01
1.651200769139132250e+15,1.963495408493617922e-01
1.651200769141148750e+15,1.963495408493618199e-01
1.651200769143165250e+15,1.963495408493618477e-01
1.651200769145181500e+15,1.963495408493618477e-01
1.651200769147198000e+15,1.963495408493618199e-01
1.651200769149214500e+15,1.963495408493618477e-01
1.651200769151230750e+15,1.963495408493618199e-01
1.651200769153247250e+15,1.963495408493618199e-01
1.651200769155263750e+15,1.963495408493618199e-01
1.651200769157280000e+15,1.963495408493618199e-01
1.651200769159296500e+15,1.963495408493618477e-01
1.651200769161313000e+15,1.963495408493618477e-01
1.651200769163329250e+15,1.963495408493618477e-01
1.651200769165345750e+15,1.963495408493618199e-01
1.651200769167362000e+15,1.963495408493618477e-01
1.651200769169378500e+15,1.963495408493618477e-01
1.651200769171395000e+15,1.963495408493618199e-01
1.651200769173411250e+15,1.963495408493619032e-01
1.651200769175427750e+15,1.963495408493619310e-01
1.651200769177444250e+15,1.963495408493619865e-01
1.651200769179460500e+15,1.963495408493620142e-01
1.651200769181477000e+15,1.963495408493620697e-01
1.651200769183493500e+15,1.963495408493620975e-01
1.651200769185509750e+15,1.963495408493621253e-01
1.651200769187526250e+15,1.963495408493621808e-01
1.651200769189542750e+15,1.963495408493622363e-01
1.651200769191559000e+15,1.963495408493622918e-01
1.651200769193575500e+15,1.963495408493622918e-01
1.651200769195592000e+15,1.963495408493622363e-01
1.651200769197608250e+15,1.963495408493622085e-01
1.651200769199624750e+15,1.963495408493621808e-01
1.651200769201641000e+15,1.963495408493621253e-01
1.651200769203657500e+15,1.963495408493620697e-01
1.651200769205674000e+15,1.963495408493620697e-01
1.651200769207690250e+15,1.963495408493620142e-01
1.651200769209706750e+15,1.963495408493619865e-01
1.651200769211723250e+15,1.963495408493619310e-01
1.651200769213739500e+15,1.963495408493619032e-01
1.651200769215756000e+15,1.963495408493618755e-01
1.651200769217772500e+15,1.963495408493618477e-01
1.651200769219788750e+15,1.963495408493618477e-01
1.651200769221805250e+15,1.963495408493618477e-01
1.651200769223821750e+15,1.963495408493618477e-01
1.651200769225838000e+15,1.963495408493618755e-01
1.651200769227854500e+15,1.963495408493618477e-01
1.651200769229871000e+15,1.963495408493618477e-01
1.651200769231887250e+15,1.963495408493618477e-01
1.651200769233903750e+15,1.963495408493618755e-01
1.651200769235920000e+15,1.963495408493618477e-01
1.651200769237936500e+15,1.963495408493618755e-01
1.651200769239953000e+15,1.963495408493618755e-01
1.651200769241969250e+15,1.963495408493618477e-01
1.651200769243985750e+15,1.963495408493618477e-01
1.651200769246002250e+15,1.963495408493618477e-01
1.651200769248018500e+15,1.963495408493618477e-01
1.651200769250035000e+15,1.963495408493618199e-01
1.651200769252051500e+15,1.963495408493618477e-01
1.651200769254067750e+15,1.963495408493618477e-01
1.651200769256084250e+15,1.963495408493618477e-01
1.651200769258100750e+15,1.963495408493618199e-01
1.651200769260117000e+15,1.963495408493618199e-01
1.651200769262133500e+15,1.963495408493618477e-01
1.651200769264150000e+15,1.963495408493618477e-01
1.651200769266166250e+15,1.963495408493618477e-01
1.651200769268182750e+15,1.963495408493618477e-01
1.651200769270199000e+15,1.963495408493618755e-01
1.651200769272215500e+15,1.963495408493619310e-01
1.651200769274232000e+15,1.963495408493620142e-01
1.651200769276248250e+15,1.963495408493620697e-01
1.651200769278264750e+15,1.963495408493621253e-01
1.651200769280281250e+15,1.963495408493622085e-01
1.651200769282297500e+15,1.963495408493622363e-01
1.651200769284314000e+15,1.963495408493622363e-01
1.651200769286330500e+15,1.963495408493621808e-01
1.651200769288346750e+15,1.963495408493621253e-01
1.651200769290363250e+15,1.963495408493620142e-01
1.651200769292379750e+15,1.963495408493619865e-01
1.651200769294396000e+15,1.963495408493619032e-01
1.651200769296412500e+15,1.963495408493618477e-01
1.651200769298429000e+15,1.963495408493618199e-01
1.651200769300445250e+15,1.963495408493618477e-01
1.651200769302461750e+15,1.963495408493618199e-01
1.651200769304478000e+15,1.963495408493618477e-01
1.651200769306494500e+15,1.963495408493618477e-01
1.651200769308511000e+15,1.963495408493618477e-01
1.651200769310527250e+15,1.963495408493618477e-01
1.651200769312543750e+15,1.963495408493618477e-01
1.651200769314560250e+15,1.963495408493618477e-01
1.651200769316576500e+15,1.963495408493618755e-01
1.651200769318593000e+15,1.963495408493618477e-01
1.651200769320609500e+15,1.963495408493618477e-01
1.651200769322625750e+15,1.963495408493618477e-01
1.651200769324642250e+15,1.963495408493618477e-01
1.651200769326658750e+15,1.963495408493618477e-01
1.651200769328675000e+15,1.963495408493618477e-01
1.651200769330691500e+15,1.963495408493618477e-01
1.651200769332708000e+15,1.963495408493618477e-01
1.651200769334724250e+15,1.963495408493618199e-01
1.651200769336740750e+15,1.963495408493618477e-01
1.651200769338757000e+15,1.963495408493618199e-01
1.651200769340773500e+15,1.963495408493618477e-01
1.651200769342790000e+15,1.963495408493618477e-01
1.651200769344806250e+15,1.963495408493618477e-01
1.651200769346822750e+15,1.963495408493618477e-01
1.651200769348839250e+15,1.963495408493618477e-01
1.651200769350855500e+15,1.963495408493618477e-01
1.651200769352872000e+15,1.963495408493618477e-01
1.651200769354888500e+15,1.963495408493618755e-01
1.651200769356904750e+15,1.963495408493618477e-01
1.651200769358921250e+15,1.963495408493618755e-01
1.651200769360937750e+15,1.963495408493618477e-01
1.651200769362954000e+15,1.963495408493619032e-01
1.651200769364970500e+15,1.963495408493618755e-01
1.651200769366987000e+15,1.963495408493618477e-01
1.651200769369003250e+15,1.963495408493618477e-01
1.651200769371019750e+15,1.963495408493618477e-01
1.651200769373036000e+15,1.963495408493618477e-01
1.651200769375052500e+15,1.963495408493618199e-01
1.651200769377069000e+15,1.963495408493618477e-01
1.651200769379085250e+15,1.963495408493618477e-01
1.651200769381101750e+15,1.963495408493618477e-01
1.651200769383118250e+15,1.963495408493618477e-01
1.651200769385134500e+15,1.963495408493618477e-01
1.651200769387151000e+15,1.963495408493618477e-01
1.651200769389167500e+15,1.963495408493618477e-01
1.651200769391183750e+15,1.963495408493618199e-01
1.651200769393200250e+15,1.963495408493618477e-01
1.651200769395216750e+15,1.963495408493618477e-01
1.651200769397233000e+15,1.963495408493618477e-01
1.651200769399249500e+15,1.963495408493618477e-01
1.651200769401266000e+15,1.963495408493618199e-01
1.651200769403282250e+15,1.963495408493618477e-01
1.651200769405298750e+15,1.963495408493618477e-01
1.651200769407315000e+15,1.963495408493618477e-01
1.651200769409331500e+15,1.963495408493618477e-01
1.651200769411348000e+15,1.963495408493618477e-01
1.651200769413364250e+15,1.963495408493618477e-01
1.651200769415380750e+15,1.963495408493618477e-01
1.651200769417397250e+15,1.963495408493618477e-01
1.651200769419413500e+15,1.963495408493618477e-01
1.651200769421430000e+15,1.963495408493618477e-01
1.651200769423446500e+15,1.963495408493618199e-01
1.651200769425462750e+15,1.963495408493618477e-01
1.651200769427479250e+15,1.963495408493618477e-01
1.651200769429495750e+15,1.963495408493618477e-01
1.651200769431512000e+15,1.963495408493618477e-01
1.651200769433528500e+15,1.963495408493618477e-01
1.651200769435545000e+15,1.963495408493618477e-01
1.651200769437561250e+15,1.963495408493618477e-01
1.651200769439577750e+15,1.963495408493618477e-01
1.651200769441594000e+15,1.963495408493618477e-01
1.651200769443610500e+15,1.963495408493618477e-01
1.651200769445627000e+15,1.963495408493618477e-01
1.651200769447643250e+15,1.963495408493618477e-01
1.651200769449659750e+15,1.963495408493618477e-01
1.651200769451676250e+15,1.963495408493618477e-01
1.651200769453692500e+15,1.963495408493618477e-01
1.651200769455709000e+15,1.963495408493618477e-01
1.651200769457725500e+15,1.963495408493618477e-01
1.651200769459741750e+15,1.963495408493618477e-01
1.651200769461758250e+15,1.963495408493618477e-01
1.651200769463774750e+15,1.963495408493618477e-01
1.651200769465791000e+15,1.963495408493618477e-01
1.651200769467807500e+15,1.963495408493618477e-01
1.651200769469824000e+15,1.963495408493618477e-01
1.651200769471840250e+15,1.963495408493618477e-01
1.651200769473856750e+15,1.963495408493618199e-01
1.651200769475873000e+15,1.963495408493618755e-01
1.651200769477889500e+15,1.963495408493619032e-01
1.651200769479906000e+15,1.963495408493619587e-01
1.651200769481922250e+15,1.963495408493619587e-01
1.651200769483938750e+15,1.963495408493620142e-01
1.651200769485955250e+15,1.963495408493620142e-01
1.651200769487971500e+15,1.963495408493620697e-01
1.651200769489988000e+15,1.963495408493621253e-01
1.651200769492004500e+15,1.963495408493621530e-01
1.651200769494020750e+15,1.963495408493621808e-01
1.651200769496037250e+15,1.963495408493622085e-01
1.651200769498053750e+15,1.963495408493622363e-01
1.651200769500070000e+15,1.963495408493622918e-01
1.651200769502086500e+15,1.963495408493622085e-01
1.651200769504103000e+15,1.963495408493621253e-01
1.651200769506119250e+15,1.963495408493620697e-01
1.651200769508135750e+15,1.963495408493620142e-01
1.651200769510152000e+15,1.963495408493619587e-01
1.651200769512168500e+15,1.963495408493618755e-01
1.651200769514185000e+15,1.963495408493618755e-01
1.651200769516201250e+15,1.963495408493618477e-01
1.651200769518217750e+15,1.963495408493618477e-01
1.651200769520234250e+15,1.963495408493618477e-01
1.651200769522250500e+15,1.963495408493618477e-01
1.651200769524267000e+15,1.963495408493618477e-01
1.651200769526283500e+15,1.963495408493618199e-01
1.651200769528299750e+15,1.963495408493618477e-01
1.651200769530316250e+15,1.963495408493618477e-01
1.651200769532332750e+15,1.963495408493618477e-01
1.651200769534349000e+15,1.963495408493618477e-01
1.651200769536365500e+15,1.963495408493618199e-01
1.651200769538382000e+15,1.963495408493618199e-01
1.651200769540398250e+15,1.963495408493618477e-01
1.651200769542414750e+15,1.963495408493618477e-01
1.651200769544431000e+15,1.963495408493618477e-01
1.651200769546447500e+15,1.963495408493618477e-01
1.651200769548464000e+15,1.963495408493618199e-01
1.651200769550480250e+15,1.963495408493618199e-01
1.651200769552496750e+15,1.963495408493618477e-01
1.651200769554513250e+15,1.963495408493618755e-01
1.651200769556529500e+15,1.963495408493618477e-01
1.651200769558546000e+15,1.963495408493618755e-01
1.651200769560562500e+15,1.963495408493618477e-01
1.651200769562578750e+15,1.963495408493618755e-01
1.651200769564595250e+15,1.963495408493619310e-01
1.651200769566611750e+15,1.963495408493619587e-01
1.651200769568628000e+15,1.963495408493619865e-01
1.651200769570644500e+15,1.963495408493620142e-01
1.651200769572661000e+15,1.963495408493620697e-01
1.651200769574677250e+15,1.963495408493621253e-01
1.651200769576693750e+15,1.963495408493621530e-01
1.651200769578710000e+15,1.963495408493621808e-01
1.651200769580726500e+15,1.963495408493622363e-01
1.651200769582743000e+15,1.963495408493622918e-01
1.651200769584759250e+15,1.963495408493622918e-01
1.651200769586775750e+15,1.963495408493622918e-01
1.651200769588792250e+15,1.963495408493622918e-01
1.651200769590808500e+15,1.963495408493623196e-01
1.651200769592825000e+15,1.963495408493622918e-01
1.651200769594841500e+15,1.963495408493623196e-01
1.651200769596857750e+15,1.963495408493622918e-01
1.651200769598874250e+15,1.963495408493622918e-01
1.651200769600890750e+15,1.963495408493622918e-01
1.651200769602907000e+15,1.963495408493622918e-01
1.651200769604923500e+15,1.963495408493622918e-01
1.651200769606940000e+15,1.963495408493622918e-01
1.651200769608956250e+15,1.963495408493622918e-01
1.651200769610972750e+15,1.963495408493622918e-01
1.651200769612989000e+15,1.963495408493622918e-01
1.651200769615005500e+15,1.963495408493622918e-01
1.651200769617022000e+15,1.963495408493622918e-01
1.651200769619038250e+15,1.963495408493622918e-01
1.651200769621054750e+15,1.963495408493622918e-01
1.651200769623071250e+15,1.963495408493622918e-01
1.651200769625087500e+15,1.963495408493622918e-01
1.651200769627104000e+15,1.963495408493622918e-01
1.651200769629120500e+15,1.963495408493622918e-01
1.651200769631136750e+15,1.963495408493622640e-01
1.651200769633153250e+15,1.963495408493622640e-01
1.651200769635169750e+15,1.963495408493622640e-01
1.651200769637186000e+15,1.963495408493622918e-01
1.651200769639202500e+15,1.963495408493622918e-01
1.651200769641219000e+15,1.963495408493622918e-01
1.651200769643235250e+15,1.963495408493622918e-01
1.651200769645251750e+15,1.963495408493622640e-01
1.651200769647268000e+15,1.963495408493622918e-01
1.651200769649284500e+15,1.963495408493622918e-01
1.651200769651301000e+15,1.963495408493622640e-01
1.651200769653317250e+15,1.963495408493622918e-01
1.651200769655333750e+15,1.963495408493622918e-01
1.651200769657350250e+15,1.963495408493622918e-01
1.651200769659366500e+15,1.963495408493622918e-01
1.651200769661383000e+15,1.963495408493622640e-01
1.651200769663399500e+15,1.963495408493622640e-01
1.651200769665415750e+15,1.963495408493622918e-01
1.651200769667432250e+15,1.963495408493622918e-01
1.651200769669448750e+15,1.963495408493622918e-01
1.651200769671465000e+15,1.963495408493622918e-01
1.651200769673481500e+15,1.963495408493622918e-01
1.651200769675498000e+15,1.963495408493622918e-01
1.651200769677514250e+15,1.963495408493622640e-01
1.651200769679530750e+15,1.963495408493622640e-01
1.651200769681547000e+15,1.963495408493622918e-01
1.651200769683563500e+15,1.963495408493622918e-01
1.651200769685580000e+15,1.963495408493622918e-01
1.651200769687596250e+15,1.963495408493622918e-01
1.651200769689612750e+15,1.963495408493622918e-01
1.651200769691629250e+15,1.963495408493622918e-01
1.651200769693645500e+15,1.963495408493622918e-01
1.651200769695662000e+15,1.963495408493622918e-01
1.651200769697678500e+15,1.963495408493622918e-01
1.651200769699694750e+15,1.963495408493622918e-01
1.651200769701711250e+15,1.963495408493622918e-01
1.651200769703727750e+15,1.963495408493622918e-01
1.651200769705744000e+15,1.963495408493622363e-01
1.651200769707760500e+15,1.963495408493621808e-01
1.651200769709777000e+15,1.963495408493620975e-01
1.651200769711793250e+15,1.963495408493620142e-01
1.651200769713809750e+15,1.963495408493619587e-01
1.651200769715826000e+15,1.963495408493619032e-01
1.651200769717842500e+15,1.963495408493618199e-01
1.651200769719859000e+15,1.963495408493618199e-01
1.651200769721875250e+15,1.963495408493618199e-01
1.651200769723891750e+15,1.963495408493618477e-01
1.651200769725908250e+15,1.963495408493618477e-01
1.651200769727924500e+15,1.963495408493618199e-01
1.651200769729941000e+15,1.963495408493619032e-01
1.651200769731957500e+15,1.963495408493619032e-01
1.651200769733973750e+15,1.963495408493619587e-01
1.651200769735990250e+15,1.963495408493619865e-01
1.651200769738006750e+15,1.963495408493620420e-01
1.651200769740023000e+15,1.963495408493620697e-01
1.651200769742039500e+15,1.963495408493621253e-01
1.651200769744056000e+15,1.963495408493621808e-01
1.651200769746072250e+15,1.963495408493622363e-01
1.651200769748088750e+15,1.963495408493622918e-01
1.651200769750105000e+15,1.963495408493622918e-01
1.651200769752121500e+15,1.963495408493622918e-01
1.651200769754138000e+15,1.963495408493623196e-01
1.651200769756154250e+15,1.963495408493623196e-01
1.651200769758170750e+15,1.963495408493622918e-01
1.651200769760187250e+15,1.963495408493622918e-01
1.651200769762203500e+15,1.963495408493622918e-01
1.651200769764220000e+15,1.963495408493622918e-01
1.651200769766236500e+15,1.963495408493622918e-01
1.651200769768252750e+15,1.963495408493622918e-01
1.651200769770269250e+15,1.963495408493622918e-01
1.651200769772285750e+15,1.963495408493622918e-01
1.651200769774302000e+15,1.963495408493623196e-01
1.651200769776318500e+15,1.963495408493622918e-01
1.651200769778335000e+15,1.963495408493622918e-01
1.651200769780351250e+15,1.963495408493622640e-01
1.651200769782367750e+15,1.963495408493622918e-01
1.651200769784384000e+15,1.963495408493622640e-01
1.651200769786400500e+15,1.963495408493622918e-01
1.651200769788417000e+15,1.963495408493622918e-01
1.651200769790433250e+15,1.963495408493622918e-01
1.651200769792449750e+15,1.963495408493622640e-01
1.651200769794466250e+15,1.968031956286604156e-01
1.651200769796482500e+15,1.973207689480888372e-01
1.651200769798499000e+15,1.978384064427583522e-01
1.651200769800515500e+15,1.983560439374278395e-01
1.651200769802531750e+15,1.988736172568562610e-01
1.651200769804548250e+15,1.993912547515257483e-01
1.651200769806564750e+15,1.999088922461952356e-01
1.651200769808581000e+15,2.004264655656236571e-01
1.651200769810597500e+15,2.009441030602931721e-01
1.651200769812614000e+15,2.014617405549626594e-01
1.651200769814630250e+15,2.019793138743910810e-01
1.651200769816646750e+15,2.024637630160763813e-01
1.651200769818663000e+15,2.014860063532851187e-01
1.651200769820679500e+15,2.005081284559417087e-01
1.651200769822696000e+15,1.995302505585982988e-01
1.651200769824712250e+15,1.985524938958070362e-01
1.651200769826728750e+15,1.975746159984636263e-01
1.651200769828745250e+15,1.965967381011202442e-01
1.651200769830761500e+15,1.970732367882798430e-01
1.651200769832778000e+15,1.980419277015410817e-01
1.651200769834794500e+15,1.990106186148023482e-01
1.651200769836810750e+15,1.999791894324879082e-01
1.651200769838827250e+15,2.009478803457491747e-01
1.651200769840843750e+15,2.019165712590104411e-01
1.651200769842860000e+15,2.020277317259935035e-01
1.651200769844876500e+15,2.009183361342167795e-01
1.651200769846893000e+15,1.998089405424400278e-01
1.651200769848909250e+15,1.986996824904093684e-01
1.651200769850925750e+15,1.975902868986326166e-01
1.651200769852942000e+15,1.964810288466019295e-01
1.651200769854958500e+15,1.963495408493618477e-01
1.651200769856975000e+15,1.963495408493618477e-01
1.651200769858991250e+15,1.963495408493618477e-01
1.651200769861007750e+15,1.963495408493618477e-01
1.651200769863024250e+15,1.963495408493618477e-01
1.651200769865040500e+15,1.963495408493618477e-01
1.651200769867057000e+15,1.963495408493618477e-01
1.651200769869073500e+15,1.963495408493618477e-01
1.651200769871089750e+15,1.963495408493618477e-01
1.651200769873106250e+15,1.963495408493618477e-01
1.651200769875122750e+15,1.959551410412905537e-01
1.651200769877139000e+15,1.948987363743709678e-01
1.651200769879155500e+15,1.938422007211318410e-01
1.651200769881172000e+15,1.927856650678926864e-01
1.651200769883188250e+15,1.917292604009731005e-01
1.651200769885204750e+15,1.906727247477340292e-01
1.651200769887221000e+15,1.902136176978204141e-01
1.651200769889237500e+15,1.902136176978204141e-01
1.651200769891254000e+15,1.902136176978204141e-01
1.651200769893270250e+15,1.902136176978204141e-01
1.651200769895286750e+15,1.902136176978204418e-01
1.651200769897303250e+15,1.902136176978204141e-01
1.651200769899319500e+15,1.902136176978204141e-01
1.651200769901336000e+15,1.902136176978203308e-01
1.651200769903352500e+15,1.902136176978202753e-01
1.651200769905368750e+15,1.902136176978202475e-01
1.651200769907385250e+15,1.902136176978201920e-01
1.651200769909401750e+15,1.902136176978200810e-01
1.651200769911418000e+15,1.902136176978200532e-01
1.651200769913434500e+15,1.902136176978199977e-01
1.651200769915450750e+15,1.893564461468486559e-01
1.651200769917467250e+15,1.882382275264160021e-01
1.651200769919483750e+15,1.871200089059834037e-01
1.651200769921500000e+15,1.860019289191511271e-01
1.651200769923516500e+15,1.848837102987185288e-01
1.651200769925533000e+15,1.843757810709396594e-01
1.651200769927549250e+15,1.854433067465197094e-01
1.651200769929565750e+15,1.865109647873416376e-01
1.651200769931582250e+15,1.875786228281635104e-01
1.651200769933598500e+15,1.886461485037435604e-01
1.651200769935615000e+15,1.897138065445654886e-01
1.651200769937631500e+15,1.902136176978190818e-01
1.651200769939647750e+15,1.902136176978190818e-01
1.651200769941664250e+15,1.902136176978190818e-01
1.651200769943680750e+15,1.902136176978190818e-01
1.651200769945697000e+15,1.902136176978190818e-01
1.651200769947713500e+15,1.902136176978190540e-01
1.651200769949729750e+15,1.902136176978190818e-01
1.651200769951746250e+15,1.902136176978190818e-01
1.651200769953762750e+15,1.902136176978190818e-01
1.651200769955779000e+15,1.902136176978190818e-01
1.651200769957795500e+15,1.902136176978190818e-01
1.651200769959812000e+15,1.902136176978190818e-01
1.651200769961828250e+15,1.902136176978190818e-01
1.651200769963844750e+15,1.902136176978190818e-01
1.651200769965861250e+15,1.902136176978190818e-01
1.651200769967877500e+15,1.902136176978190818e-01
1.651200769969894000e+15,1.902136176978190818e-01
1.651200769971910500e+15,1.902136176978190818e-01
1.651200769973926750e+15,1.902136176978190818e-01
1.651200769975943250e+15,1.902136176978191096e-01
1.651200769977959750e+15,1.902136176978191096e-01
1.651200769979976000e+15,1.902136176978190818e-01
1.651200769981992500e+15,1.902136176978192206e-01
1.651200769984008750e+15,1.902136176978194149e-01
1.651200769986025250e+15,1.902136176978196369e-01
1.651200769988041750e+15,1.902136176978198034e-01
1.651200769990058000e+15,1.902136176978200255e-01
1.651200769992074500e+15,1.902136176978201920e-01
1.651200769994091000e+15,1.902136176978203863e-01
1.651200769996107250e+15,1.902136176978201920e-01
1.651200769998123750e+15,1.902136176978199422e-01
1.651200770000140250e+15,1.902136176978196647e-01
1.651200770002156500e+15,1.902136176978194426e-01
1.651200770004173000e+15,1.902136176978191651e-01
1.651200770006189500e+15,1.905560404160469290e-01
1.651200770008205750e+15,1.910635081158829074e-01
1.651200770010222250e+15,1.915710387379383484e-01
1.651200770012238750e+15,1.920785693599937893e-01
1.651200770014255000e+15,1.925860370598297955e-01
1.651200770016271500e+15,1.930935676818852365e-01
1.651200770018287750e+15,1.936010353817212148e-01
1.651200770020304250e+15,1.941085660037766836e-01
1.651200770022320750e+15,1.946160966258320968e-01
1.651200770024337000e+15,1.951235643256681029e-01
1.651200770026353500e+15,1.956310949477235162e-01
1.651200770028370000e+15,1.961386255697789571e-01
1.651200770030386250e+15,1.947936059621783733e-01
1.651200770032402750e+15,1.921307222787418389e-01
1.651200770034419250e+15,1.894678385953053323e-01
1.651200770036435500e+15,1.868052850487003647e-01
1.651200770038452000e+15,1.841424013652638858e-01
1.651200770040468500e+15,1.850615123932863593e-01
1.651200770042484750e+15,1.860697069213849975e-01
1.651200770044501250e+15,1.870780264581045904e-01
1.651200770046517750e+15,1.880863459948241556e-01
1.651200770048534000e+15,1.890945405229227938e-01
1.651200770050550500e+15,1.901028600596423868e-01
1.651200770052566750e+15,1.882829641080171479e-01
1.651200770054583250e+15,1.861137689756390268e-01
1.651200770056599750e+15,1.839445738432609612e-01
1.651200770058616000e+15,1.817756476415960387e-01
1.651200770060632500e+15,1.796064525092179454e-01
1.651200770062649000e+15,1.783624640280326579e-01
1.651200770064665250e+15,1.801710387015650339e-01
1.651200770066681750e+15,1.819798376249019412e-01
1.651200770068698250e+15,1.837886365482387929e-01
1.651200770070714500e+15,1.855972112217711967e-01
1.651200770072731000e+15,1.874060101451080484e-01
1.651200770074747500e+15,1.892148090684449557e-01
1.651200770076763750e+15,1.891647245667741062e-01
1.651200770078780250e+15,1.868217802314044995e-01
1.651200770080796750e+15,1.844788358960348651e-01
1.651200770082813000e+15,1.821361820323160741e-01
1.651200770084829500e+15,1.797932376969464674e-01
1.651200770086845750e+15,1.781590939074949309e-01
1.651200770088862250e+15,1.791957132971636057e-01
1.651200770090878750e+15,1.802323326868322528e-01
1.651200770092895000e+15,1.812688235593437336e-01
1.651200770094911500e+15,1.823054429490124084e-01
1.651200770096928000e+15,1.833420623386810555e-01
1.651200770098944250e+15,1.840776945462763159e-01
1.651200770100960750e+15,1.840776945462763159e-01
1.651200770102977250e+15,1.840776945462762881e-01
1.651200770104993500e+15,1.840776945462763159e-01
1.651200770107010000e+15,1.840776945462763159e-01
1.651200770109026500e+15,1.840776945462763159e-01
1.651200770111042750e+15,1.840776945462762881e-01
1.651200770113059250e+15,1.840776945462763159e-01
1.651200770115075750e+15,1.840776945462763159e-01
1.651200770117092000e+15,1.840776945462763159e-01
1.651200770119108500e+15,1.840776945462763159e-01
1.651200770121124750e+15,1.840776945462763159e-01
1.651200770123141250e+15,1.840776945462763436e-01
1.651200770125157750e+15,1.840776945462763159e-01
1.651200770127174000e+15,1.840776945462763159e-01
1.651200770129190500e+15,1.840776945462763159e-01
1.651200770131207000e+15,1.840776945462763159e-01
1.651200770133223250e+15,1.840776945462763159e-01
1.651200770135239750e+15,1.840776945462763159e-01
1.651200770137256250e+15,1.840776945462763159e-01
1.651200770139272500e+15,1.840776945462763159e-01
1.651200770141289000e+15,1.840776945462763159e-01
1.651200770143305500e+15,1.840776945462763436e-01
1.651200770145321750e+15,1.840776945462763159e-01
1.651200770147338250e+15,1.840776945462763159e-01
1.651200770149354750e+15,1.840776945462763159e-01
1.651200770151371000e+15,1.840776945462763159e-01
1.651200770153387500e+15,1.840776945462763159e-01
1.651200770155403750e+15,1.840776945462763159e-01
1.651200770157420250e+15,1.840776945462763159e-01
1.651200770159436750e+15,1.840776945462762881e-01
1.651200770161453000e+15,1.840776945462762881e-01
1.651200770163469500e+15,1.840776945462763159e-01
1.651200770165486000e+15,1.840776945462763159e-01
1.651200770167502250e+15,1.840776945462763159e-01
1.651200770169518750e+15,1.840776945462763159e-01
1.651200770171535250e+15,1.840776945462763159e-01
1.651200770173551500e+15,1.840776945462763159e-01
1.651200770175568000e+15,1.840776945462763159e-01
1.651200770177584500e+15,1.840776945462763159e-01
1.651200770179600750e+15,1.840776945462763159e-01
1.651200770181617250e+15,1.840776945462763159e-01
1.651200770183633750e+15,1.840776945462763159e-01
1.651200770185650000e+15,1.840776945462762881e-01
1.651200770187666500e+15,1.840776945462763159e-01
1.651200770189682750e+15,1.840776945462763159e-01
1.651200770191699250e+15,1.840776945462762881e-01
1.651200770193715750e+15,1.840776945462763159e-01
1.651200770195732000e+15,1.840776945462763436e-01
1.651200770197748500e+15,1.840776945462763436e-01
1.651200770199765000e+15,1.840776945462763436e-01
1.651200770201781250e+15,1.840776945462763159e-01
1.651200770203797750e+15,1.840776945462763436e-01
1.651200770205814250e+15,1.840776945462763436e-01
1.651200770207830500e+15,1.840776945462763159e-01
1.651200770209847000e+15,1.840776945462763436e-01
1.651200770211863500e+15,1.840776945462763436e-01
1.651200770213879750e+15,1.840776945462764269e-01
1.651200770215896250e+15,1.840776945462764824e-01
1.651200770217912750e+15,1.840776945462764824e-01
1.651200770219929000e+15,1.840776945462765379e-01
1.651200770221945500e+15,1.840776945462765657e-01
1.651200770223961750e+15,1.840776945462766212e-01
1.651200770225978250e+15,1.840776945462766767e-01
1.651200770227994750e+15,1.840776945462767045e-01
1.651200770230011000e+15,1.840776945462767600e-01
1.651200770232027500e+15,1.840776945462767877e-01
1.651200770234044000e+15,1.840776945462767877e-01
1.651200770236060250e+15,1.840776945462767600e-01
1.651200770238076750e+15,1.840776945462767600e-01
1.651200770240093250e+15,1.840776945462767600e-01
1.651200770242109500e+15,1.840776945462767600e-01
1.651200770244126000e+15,1.840776945462767877e-01
1.651200770246142500e+15,1.840776945462767600e-01
1.651200770248158750e+15,1.840776945462767600e-01
1.651200770250175250e+15,1.840776945462767877e-01
1.651200770252191750e+15,1.832742816934792851e-01
1.651200770254208000e+15,1.824605777304236787e-01
1.651200770256224500e+15,1.816467728741302801e-01
1.651200770258240750e+15,1.808330689110747014e-01
1.651200770260257250e+15,1.800192640547812750e-01
1.651200770262273750e+15,1.792054591984878487e-01
1.651200770264290000e+15,1.783917552354322700e-01
1.651200770266306500e+15,1.779417713947344382e-01
1.651200770268323000e+15,1.779417713947344382e-01
1.651200770270339250e+15,1.779417713947344659e-01
1.651200770272355750e+15,1.779417713947344659e-01
1.651200770274372250e+15,1.779417713947344659e-01
1.651200770276388500e+15,1.779417713947344382e-01
1.651200770278405000e+15,1.779417713947344382e-01
1.651200770280421500e+15,1.779417713947344382e-01
1.651200770282437750e+15,1.779417713947344382e-01
1.651200770284454250e+15,1.779417713947344382e-01
1.651200770286470750e+15,1.779417713947344382e-01
1.651200770288487000e+15,1.779417713947344382e-01
1.651200770290503500e+15,1.779417713947344382e-01
1.651200770292519750e+15,1.789071949488311719e-01
1.651200770294536250e+15,1.800545511279006694e-01
1.651200770296552750e+15,1.812019073069701114e-01
1.651200770298569000e+15,1.823491212400466521e-01
1.651200770300585500e+15,1.834964774191161219e-01
1.651200770302602000e+15,1.846438335981855916e-01
1.651200770304618250e+15,1.857910475312620768e-01
1.651200770306634750e+15,1.869384037103315743e-01
1.651200770308651250e+15,1.880857598894010163e-01
1.651200770310667500e+15,1.892329738224775570e-01
1.651200770312684000e+15,1.891017899406131353e-01
1.651200770314700500e+15,1.814499105126071155e-01
1.651200770316716750e+15,1.737989797430970207e-01
1.651200770318733250e+15,1.661471003150909453e-01
1.651200770320749750e+15,1.584952208870848978e-01
1.651200770322766000e+15,1.508442901175747752e-01
1.651200770324782500e+15,1.431924106895687554e-01
1.651200770326798750e+15,1.415918925122030825e-01
1.651200770328815250e+15,1.422299108195864137e-01
1.651200770330831750e+15,1.428679291269697726e-01
1.651200770332848000e+15,1.435058683346373265e-01
1.651200770334864500e+15,1.441438866420206577e-01
1.651200770336881000e+15,1.447819049494040167e-01
1.651200770338897250e+15,1.454198441570715705e-01
1.651200770340913750e+15,1.460578624644549017e-01
1.651200770342930250e+15,1.466958807718382607e-01
1.651200770344946500e+15,1.473228609132420652e-01
1.651200770346963000e+15,1.478633120810191048e-01
1.651200770348979500e+15,1.484037632487961167e-01
1.651200770350995750e+15,1.489441474129569731e-01
1.651200770353012250e+15,1.494845985807339850e-01
1.651200770355028750e+15,1.500250497485109968e-01
1.651200770357045000e+15,1.505654339126718533e-01
1.651200770359061500e+15,1.511058850804488651e-01
1.651200770361077750e+15,1.516462692446097771e-01
1.651200770363094250e+15,1.521867204123867612e-01
1.651200770365110750e+15,1.527271715801637730e-01
1.651200770367127000e+15,1.532675557443246572e-01
1.651200770369143500e+15,1.526234919232377640e-01
1.651200770371160000e+15,1.516022729536861680e-01
1.651200770373176250e+15,1.505811805919909929e-01
1.651200770375192750e+15,1.495599616224393968e-01
1.651200770377209250e+15,1.485387426528878285e-01
1.651200770379225500e+15,1.475176502911926257e-01
1.651200770381242000e+15,1.472621556370204976e-01
1.651200770383258500e+15,1.472621556370209139e-01
1.651200770385274750e+15,1.472621556370213303e-01
1.651200770387291250e+15,1.472621556370217466e-01
1.651200770389307750e+15,1.472621556370221629e-01
1.651200770391324000e+15,1.472621556370225793e-01
1.651200770393340500e+15,1.470035382328644946e-01
1.651200770395356750e+15,1.464079501790275795e-01
1.651200770397373250e+15,1.458122882767028672e-01
1.651200770399389750e+15,1.452166263743781549e-01
1.651200770401406000e+15,1.446210383205412398e-01
1.651200770403422500e+15,1.440253764182165552e-01
1.651200770405439000e+15,1.434297145158918152e-01
1.651200770407455250e+15,1.428341264620549000e-01
1.651200770409471750e+15,1.422384645597301878e-01
1.651200770411488250e+15,1.416428026574055032e-01
1.651200770413504500e+15,1.412242943472924173e-01
1.651200770415521000e+15,1.419635158214880843e-01
1.651200770417537500e+15,1.427027372956837237e-01
1.651200770419553750e+15,1.434418671232795539e-01
1.651200770421570250e+15,1.441810885974752210e-01
1.651200770423586750e+15,1.449203100716708881e-01
1.651200770425603000e+15,1.456594398992667183e-01
1.651200770427619500e+15,1.463986613734623854e-01
1.651200770429635750e+15,1.471377912010581879e-01
1.651200770431652250e+15,1.481675376292735935e-01
1.651200770433668750e+15,1.492560472655087567e-01
1.651200770435685000e+15,1.503444219513798696e-01
1.651200770437701500e+15,1.514329315876150328e-01
1.651200770439718000e+15,1.525214412238501960e-01
1.651200770441734250e+15,1.533980787885642627e-01
1.651200770443750750e+15,1.533980787885641517e-01
1.651200770445767250e+15,1.533980787885640684e-01
1.651200770447783500e+15,1.533980787885639852e-01
1.651200770449800000e+15,1.533980787885638741e-01
1.651200770451816500e+15,1.533980787885638186e-01
1.651200770453832750e+15,1.533980787885637076e-01
1.651200770455849250e+15,1.533980787885636243e-01
1.651200770457865750e+15,1.533980787885635411e-01
1.651200770459882000e+15,1.533980787885634578e-01
1.651200770461898500e+15,1.532389175525381286e-01
1.651200770463914750e+15,1.522499842948004112e-01
1.651200770465931250e+15,1.512609284166959722e-01
1.651200770467947750e+15,1.502718725385914778e-01
1.651200770469964000e+15,1.492829392808537603e-01
1.651200770471980500e+15,1.482938834027492936e-01
1.651200770473997000e+15,1.473048275246448269e-01
1.651200770476013250e+15,1.472621556370204698e-01
1.651200770478029750e+15,1.472621556370208029e-01
1.651200770480046250e+15,1.472621556370211082e-01
1.651200770482062500e+15,1.472621556370214413e-01
1.651200770484079000e+15,1.472621556370217466e-01
1.651200770486095500e+15,1.472621556370218576e-01
1.651200770488111750e+15,1.472621556370217466e-01
1.651200770490128250e+15,1.472621556370216356e-01
1.651200770492144750e+15,1.472621556370215246e-01
1.651200770494161000e+15,1.472621556370214135e-01
1.651200770496177500e+15,1.472621556370212748e-01
1.651200770498193750e+15,1.472621556370211637e-01
1.651200770500210250e+15,1.472621556370210250e-01
1.651200770502226750e+15,1.472621556370208862e-01
1.651200770504243000e+15,1.472621556370207752e-01
1.651200770506259500e+15,1.472621556370206364e-01
1.651200770508276000e+15,1.472621556370205254e-01
1.651200770510292250e+15,1.472621556370203866e-01
1.651200770512308750e+15,1.472621556370202756e-01
1.651200770514325250e+15,1.472237284525389212e-01
1.651200770516341500e+15,1.466790619449094835e-01
1.651200770518358000e+15,1.461343279026851572e-01
1.651200770520374500e+15,1.455895938604608308e-01
1.651200770522390750e+15,1.450449273528313654e-01
1.651200770524407250e+15,1.445001933106070391e-01
1.651200770526423750e+15,1.439554592683827128e-01
1.651200770528440000e+15,1.434107927607532473e-01
1.651200770530456500e+15,1.428660587185289488e-01
1.651200770532472750e+15,1.423213922108995111e-01
1.651200770534489250e+15,1.417766581686751570e-01
1.651200770536505750e+15,1.412319241264508585e-01
1.651200770538522000e+15,1.419495233054981209e-01
1.651200770540538500e+15,1.429711638830791220e-01
1.651200770542555000e+15,1.439928044606600954e-01
1.651200770544571250e+15,1.450143183781149314e-01
1.651200770546587750e+15,1.460359589556959048e-01
1.651200770548604250e+15,1.470575995332769059e-01
1.651200770550620500e+15,1.458842326397551958e-01
1.651200770552637000e+15,1.441610811830204009e-01
1.651200770554653500e+15,1.424379297262855781e-01
1.651200770556669750e+15,1.407149919010232397e-01
1.651200770558686250e+15,1.389918404442884448e-01
1.651200770560702750e+15,1.372686889875536498e-01
1.651200770562719000e+15,1.355457511622912836e-01
1.651200770564735500e+15,1.357331762593003421e-01
1.651200770566751750e+15,1.368292651274049809e-01
1.651200770568768250e+15,1.379254899023748537e-01
1.651200770570784750e+15,1.390217146773447543e-01
1.651200770572801000e+15,1.401178035454494208e-01
1.651200770574817500e+15,1.410796695877729601e-01
1.651200770576834000e+15,1.404982820755520667e-01
1.651200770578850250e+15,1.399169666421201941e-01
1.651200770580866750e+15,1.393355791298993007e-01
1.651200770582883250e+15,1.387541916176784074e-01
1.651200770584899500e+15,1.381728761842465070e-01
1.651200770586916000e+15,1.375914886720256414e-01
1.651200770588932500e+15,1.370101011598047203e-01
1.651200770590948750e+15,1.364287857263728476e-01
1.651200770592965250e+15,1.358473982141519543e-01
1.651200770594981750e+15,1.352660107019310609e-01
1.651200770596998000e+15,1.343605573451065460e-01
1.651200770599014500e+15,1.331625433022052274e-01
1.651200770601030750e+15,1.319646777857163000e-01
1.651200770603047250e+15,1.307666637428149814e-01
1.651200770605063750e+15,1.295686496999136350e-01
1.651200770607080000e+15,1.288543861823940873e-01
1.651200770609096500e+15,1.288543861823940873e-01
1.651200770611113000e+15,1.288543861823940873e-01
1.651200770613129250e+15,1.288543861823940873e-01
1.651200770615145750e+15,1.288543861823940873e-01
1.651200770617162250e+15,1.288543861823940873e-01
1.651200770619178500e+15,1.288543861823940873e-01
1.651200770621195000e+15,1.288543861823940873e-01
1.651200770623211500e+15,1.301406044756763802e-01
1.651200770625227750e+15,1.315833514207837285e-01
1.651200770627244250e+15,1.330262772557788686e-01
1.651200770629260750e+15,1.344692030907740088e-01
1.651200770631277000e+15,1.343714315720572483e-01
1.651200770633293500e+15,1.334025130884955446e-01
1.651200770635309750e+15,1.324337147287229788e-01
1.651200770637326250e+15,1.314647962451612473e-01
1.651200770639342750e+15,1.304958777615995158e-01
1.651200770641359000e+15,1.295270794018269778e-01
1.651200770643375500e+15,1.288543861823940595e-01
1.651200770645392000e+15,1.288543861823938930e-01
1.651200770647408250e+15,1.288543861823937542e-01
1.651200770649424750e+15,1.288543861823935877e-01
1.651200770651441250e+15,1.288543861823934489e-01
1.651200770653457500e+15,1.288543861823932823e-01
1.651200770655474000e+15,1.288543861823931436e-01
1.651200770657490500e+15,1.288543861823929770e-01
1.651200770659506750e+15,1.288543861823928660e-01
1.651200770661523250e+15,1.288543861823926995e-01
1.651200770663539750e+15,1.288543861823925329e-01
1.651200770665556000e+15,1.288543861823923942e-01
1.651200770667572500e+15,1.288543861823923109e-01
1.651200770669588750e+15,1.288543861823923109e-01
1.651200770671605250e+15,1.288543861823923109e-01
1.651200770673621750e+15,1.288543861823923109e-01
1.651200770675638000e+15,1.288543861823923109e-01
1.651200770677654500e+15,1.288543861823923109e-01
1.651200770679671000e+15,1.288543861823923109e-01
1.651200770681687250e+15,1.288543861823923387e-01
1.651200770683703750e+15,1.288543861823923109e-01
1.651200770685720250e+15,1.288543861823923109e-01
1.651200770687736500e+15,1.288543861823923109e-01
1.651200770689753000e+15,1.288543861823923109e-01
1.651200770691769500e+15,1.288543861823923109e-01
1.651200770693785750e+15,1.295035602690731702e-01
1.651200770695802250e+15,1.305091754377245838e-01
1.651200770697818750e+15,1.315147906063759975e-01
1.651200770699835000e+15,1.325202811016863991e-01
1.651200770701851500e+15,1.335258962703377850e-01
1.651200770703867750e+15,1.345313867656481588e-01
1.651200770705884250e+15,1.347166739196128671e-01
1.651200770707900750e+15,1.342133345235065056e-01
1.651200770709917000e+15,1.337100575300031458e-01
1.651200770711933500e+15,1.332067181338967843e-01
1.651200770713950000e+15,1.327033787377904228e-01
1.651200770715966250e+15,1.322001017442870907e-01
1.651200770717982750e+15,1.316967623481807015e-01
1.651200770719999250e+15,1.311934229520743123e-01
1.651200770722015500e+15,1.306901459585709802e-01
1.651200770724032000e+15,1.301868065624646187e-01
1.651200770726048500e+15,1.296834671663582572e-01
1.651200770728064750e+15,1.291801901728548974e-01
1.651200770730081250e+15,1.288543861823922831e-01
1.651200770732097750e+15,1.288543861823923109e-01
1.651200770734114000e+15,1.288543861823923109e-01
1.651200770736130500e+15,1.288543861823923109e-01
1.651200770738146750e+15,1.288543861823923109e-01
1.651200770740163250e+15,1.288543861823923109e-01
1.651200770742179750e+15,1.288543861823923109e-01
1.651200770744196000e+15,1.288543861823923109e-01
1.651200770746212500e+15,1.288543861823923109e-01
1.651200770748229000e+15,1.288543861823923109e-01
1.651200770750245250e+15,1.288543861823922831e-01
1.651200770752261750e+15,1.280836632461489766e-01
1.651200770754278250e+15,1.270716737941322561e-01
1.651200770756294500e+15,1.260598098057222893e-01
1.651200770758311000e+15,1.250478203537055411e-01
1.651200770760327500e+15,1.240358309016888483e-01
1.651200770762343750e+15,1.230239669132788816e-01
1.651200770764360250e+15,1.220119774612621610e-01
1.651200770766376750e+15,1.209999880092454405e-01
1.651200770768393000e+15,1.199881240208354738e-01
1.651200770770409500e+15,1.189761345688187394e-01
1.651200770772425750e+15,1.179642705804087727e-01
1.651200770774442250e+15,1.169522811283920521e-01
1.651200770776458750e+15,1.165825398793101236e-01
1.651200770778475000e+15,1.165825398793097767e-01
1.651200770780491500e+15,1.165825398793094436e-01
1.651200770782508000e+15,1.165825398793091244e-01
1.651200770784524250e+15,1.165825398793087775e-01
1.651200770786540750e+15,1.164027306530416306e-01
1.651200770788557250e+15,1.157879187755218725e-01
1.651200770790573500e+15,1.151731831206499468e-01
1.651200770792590000e+15,1.145583712431302026e-01
1.651200770794606500e+15,1.139435593656104445e-01
1.651200770796622750e+15,1.133288237107385188e-01
1.651200770798639250e+15,1.127140118332187746e-01
1.651200770800655750e+15,1.120991999556990165e-01
1.651200770802672000e+15,1.114844643008271186e-01
1.651200770804688500e+15,1.108696524233073466e-01
1.651200770806704750e+15,1.107244677671276184e-01
1.651200770808721250e+15,1.116155796889919949e-01
1.651200770810737750e+15,1.125066916108563853e-01
1.651200770812754000e+15,1.133976930551703066e-01
1.651200770814770500e+15,1.142888049770346970e-01
1.651200770816787000e+15,1.151799168988990735e-01
1.651200770818803250e+15,1.160709183432130087e-01
1.651200770820819750e+15,1.165825398793094991e-01
1.651200770822836250e+15,1.165825398793096379e-01
1.651200770824852500e+15,1.165825398793098044e-01
1.651200770826869000e+15,1.165825398793099293e-01
1.651200770828885500e+15,1.165825398793100820e-01
1.651200770830901750e+15,1.165825398793102208e-01
1.651200770832918250e+15,1.165825398793103040e-01
1.651200770834934750e+15,1.165825398793102347e-01
1.651200770836951000e+15,1.165825398793101375e-01
1.651200770838967500e+15,1.165825398793100542e-01
1.651200770840983750e+15,1.165825398793099987e-01
1.651200770843000250e+15,1.165825398793099016e-01
1.651200770845016750e+15,1.165825398793098044e-01
1.651200770847033000e+15,1.165825398793097351e-01
1.651200770849049500e+15,1.165825398793096379e-01
1.651200770851066000e+15,1.165825398793095685e-01
1.651200770853082250e+15,1.165825398793094714e-01
1.651200770855098750e+15,1.165825398793093604e-01
1.651200770857115250e+15,1.165825398793092077e-01
1.651200770859131500e+15,1.165825398793090550e-01
1.651200770861148000e+15,1.165825398793089163e-01
1.651200770863164500e+15,1.165825398793087775e-01
1.651200770865180750e+15,1.165825398793086387e-01
1.651200770867197250e+15,1.165825398793084861e-01
1.651200770869213750e+15,1.165825398793083612e-01
1.651200770871230000e+15,1.165825398793082085e-01
1.651200770873246500e+15,1.165825398793080558e-01
1.651200770875262750e+15,1.165825398793079171e-01
1.651200770877279250e+15,1.165825398793077644e-01
1.651200770879295750e+15,1.162867476391685195e-01
1.651200770881312000e+15,1.152873490565450992e-01
1.651200770883328500e+15,1.142878265559325035e-01
1.651200770885345000e+15,1.132883040553198939e-01
1.651200770887361250e+15,1.122889054726964875e-01
1.651200770889377750e+15,1.112893829720838917e-01
1.651200770891394250e+15,1.104466167277662475e-01
1.651200770893410500e+15,1.104466167277662336e-01
1.651200770895427000e+15,1.104466167277662336e-01
1.651200770897443500e+15,1.104466167277662336e-01
1.651200770899459750e+15,1.104466167277662475e-01
1.651200770901476250e+15,1.104466167277662336e-01
1.651200770903492750e+15,1.104466167277662336e-01
1.651200770905509000e+15,1.115680269688382048e-01
1.651200770907525500e+15,1.128391476833528889e-01
1.651200770909541750e+15,1.141101108078955428e-01
1.651200770911558250e+15,1.153812315224102270e-01
1.651200770913574750e+15,1.166523522369249249e-01
1.651200770915591000e+15,1.179233153614675650e-01
1.651200770917607500e+15,1.191944360759822491e-01
1.651200770919624000e+15,1.204655567904969471e-01
1.651200770921640250e+15,1.217365199150395871e-01
1.651200770923656750e+15,1.225041938106515294e-01
1.651200770925673250e+15,1.215623433855097940e-01
1.651200770927689500e+15,1.206206097283354789e-01
1.651200770929706000e+15,1.196787593031937574e-01
1.651200770931722500e+15,1.187369088780520221e-01
1.651200770933738750e+15,1.177951752208777070e-01
1.651200770935755250e+15,1.168533247957359855e-01
1.651200770937771750e+15,1.159114743705942641e-01
1.651200770939788000e+15,1.149697407134199351e-01
1.651200770941804500e+15,1.140278902882782136e-01
1.651200770943820750e+15,1.130861566311038846e-01
1.651200770945837250e+15,1.121443062059621770e-01
1.651200770947853750e+15,1.112024557808204417e-01
1.651200770949870000e+15,1.104466167277653732e-01
1.651200770951886500e+15,1.104466167277654703e-01
1.651200770953903000e+15,1.104466167277655397e-01
1.651200770955919250e+15,1.104466167277656230e-01
1.651200770957935750e+15,1.104466167277657201e-01
1.651200770959952250e+15,1.104466167277658173e-01
1.651200770961968500e+15,1.104466167277659006e-01
1.651200770963985000e+15,1.104466167277659838e-01
1.651200770966001500e+15,1.104466167277660671e-01
1.651200770968017750e+15,1.104466167277661504e-01
1.651200770970034250e+15,1.104466167277662336e-01
1.651200770972050750e+15,1.104466167277662336e-01
1.651200770974067000e+15,1.104466167277662336e-01
1.651200770976083500e+15,1.104466167277662336e-01
1.651200770978099750e+15,1.104466167277662336e-01
1.651200770980116250e+15,1.104466167277662336e-01
1.651200770982132750e+15,1.104466167277662336e-01
1.651200770984149000e+15,1.104466167277662336e-01
1.651200770986165500e+15,1.104466167277662336e-01
1.651200770988182000e+15,1.104466167277662336e-01
1.651200770990198250e+15,1.104466167277662475e-01
1.651200770992214750e+15,1.104466167277662336e-01
1.651200770994231250e+15,1.104466167277662336e-01
1.651200770996247500e+15,1.104466167277662475e-01
1.651200770998264000e+15,1.104466167277662336e-01
1.651200771000280500e+15,1.104466167277662336e-01
1.651200771002296750e+15,1.104466167277661504e-01
1.651200771004313250e+15,1.104466167277659561e-01
1.651200771006329750e+15,1.104466167277657618e-01
1.651200771008346000e+15,1.104466167277655814e-01
1.651200771010362500e+15,1.104466167277653871e-01
1.651200771012378750e+15,1.104466167277654287e-01
1.651200771014395250e+15,1.104466167277655259e-01
1.651200771016411750e+15,1.104466167277656230e-01
1.651200771018428000e+15,1.104466167277657340e-01
1.651200771020444500e+15,1.104466167277658450e-01
1.651200771022461000e+15,1.104466167277659283e-01
1.651200771024477250e+15,1.104466167277660393e-01
1.651200771026493750e+15,1.104466167277661365e-01
1.651200771028510250e+15,1.104466167277662336e-01
1.651200771030526500e+15,1.104466167277662336e-01
1.651200771032543000e+15,1.104466167277662336e-01
1.651200771034559500e+15,1.104466167277662336e-01
1.651200771036575750e+15,1.104466167277662336e-01
1.651200771038592250e+15,1.104466167277662336e-01
1.651200771040608750e+15,1.104466167277662336e-01
1.651200771042625000e+15,1.104466167277662336e-01
1.651200771044641500e+15,1.104466167277662336e-01
1.651200771046657750e+15,1.104466167277662336e-01
1.651200771048674250e+15,1.104466167277662336e-01
1.651200771050690750e+15,1.104466167277662336e-01
1.651200771052707000e+15,1.104466167277662336e-01
1.651200771054723500e+15,1.104466167277662336e-01
1.651200771056740000e+15,1.104466167277662336e-01
1.651200771058756250e+15,1.104466167277662336e-01
1.651200771060772750e+15,1.104466167277662475e-01
1.651200771062789250e+15,1.104466167277662336e-01
1.651200771064805500e+15,1.104466167277663724e-01
1.651200771066822000e+15,1.104466167277665528e-01
1.651200771068838500e+15,1.104466167277667332e-01
1.651200771070854750e+15,1.104466167277669136e-01
1.651200771072871250e+15,1.104466167277670802e-01
1.651200771074887750e+15,1.104466167277670663e-01
1.651200771076904000e+15,1.104466167277669969e-01
1.651200771078920500e+15,1.104466167277668998e-01
1.651200771080936750e+15,1.104466167277668442e-01
1.651200771082953250e+15,1.104466167277667471e-01
1.651200771084969750e+15,1.104466167277666777e-01
1.651200771086986000e+15,1.104466167277665944e-01
1.651200771089002500e+15,1.104466167277665112e-01
1.651200771091019000e+15,1.104466167277664557e-01
1.651200771093035250e+15,1.104466167277663724e-01
1.651200771095051750e+15,1.104466167277662891e-01
1.651200771097068250e+15,1.104466167277662336e-01
1.651200771099084500e+15,1.104466167277662336e-01
1.651200771101101000e+15,1.104466167277662059e-01
1.651200771103117500e+15,1.104466167277662336e-01
1.651200771105133750e+15,1.104466167277662197e-01
1.651200771107150250e+15,1.104466167277662197e-01
1.651200771109166750e+15,1.104466167277662336e-01
1.651200771111183000e+15,1.104466167277662197e-01
1.651200771113199500e+15,1.104466167277662197e-01
1.651200771115215750e+15,1.104466167277662336e-01
1.651200771117232250e+15,1.104466167277662336e-01
1.651200771119248750e+15,1.104466167277662336e-01
1.651200771121265000e+15,1.104466167277662197e-01
1.651200771123281500e+15,1.104466167277662197e-01
1.651200771125298000e+15,1.104466167277662336e-01
1.651200771127314250e+15,1.104466167277662336e-01
1.651200771129330750e+15,1.104466167277662336e-01
1.651200771131347250e+15,1.104466167277662336e-01
1.651200771133363500e+15,1.104466167277662336e-01
1.651200771135380000e+15,1.104466167277662336e-01
1.651200771137396500e+15,1.104466167277662336e-01
1.651200771139412750e+15,1.101924766887432683e-01
1.651200771141429250e+15,1.097536212927339994e-01
1.651200771143445750e+15,1.093147658967247443e-01
1.651200771145462000e+15,1.088759649087735204e-01
1.651200771147478500e+15,1.084371095127642515e-01
1.651200771149494750e+15,1.079983085248130137e-01
1.651200771151511250e+15,1.075594531288037448e-01
1.651200771153527750e+15,1.071205977327945036e-01
1.651200771155544000e+15,1.066817967448432519e-01
1.651200771157560500e+15,1.062429413488339969e-01
1.651200771159577000e+15,1.058040859528247279e-01
1.651200771161593250e+15,1.053652849648735040e-01
1.651200771163609750e+15,1.049264295688642351e-01
1.651200771165626250e+15,1.044875741728549801e-01
1.651200771167642500e+15,1.052406247577981624e-01
1.651200771169659000e+15,1.067987520761566889e-01
1.651200771171675500e+15,1.083568793945152153e-01
1.651200771173691750e+15,1.099148135406299714e-01
1.651200771175708250e+15,1.096808154662171492e-01
1.651200771177724750e+15,1.085182043283186154e-01
1.651200771179741000e+15,1.073557373276799454e-01
1.651200771181757500e+15,1.061931261897814116e-01
1.651200771183773750e+15,1.050306591891427277e-01
1.651200771185790250e+15,1.038680480512441939e-01
1.651200771187806750e+15,1.027054369133456602e-01
1.651200771189823000e+15,1.015429699127069763e-01
1.651200771191839500e+15,1.003803587748084425e-01
1.651200771193856000e+15,9.921774763690992260e-02
1.651200771195872250e+15,9.822834149525017100e-02
1.651200771197888750e+15,9.874957702625888900e-02
1.651200771199905250e+15,9.927081255726762088e-02
1.651200771201921500e+15,9.979198346696080413e-02
1.651200771203938000e+15,1.003132189979695499e-01
1.651200771205954500e+15,1.008344545289782679e-01
1.651200771207970750e+15,1.013556254386714650e-01
1.651200771209987250e+15,1.018768609696802108e-01
1.651200771212003750e+15,1.023980965006889149e-01
1.651200771214020000e+15,1.029192674103821259e-01
1.651200771216036500e+15,1.034405029413908439e-01
1.651200771218052750e+15,1.039616738510840410e-01
1.651200771220069250e+15,1.039089187556130889e-01
1.651200771222085750e+15,1.026928903492165257e-01
1.651200771224102000e+15,1.014770127026025370e-01
1.651200771226118500e+15,1.002609842962059877e-01
1.651200771228135000e+15,9.904495588980941068e-02
1.651200771230151250e+15,9.847872980479061011e-02
1.651200771232167750e+15,9.954795630281040864e-02
1.651200771234184250e+15,1.006171828008302072e-01
1.651200771236200500e+15,1.016862767391552291e-01
1.651200771238217000e+15,1.027555032371750277e-01
1.651200771240233500e+15,1.038247297351948262e-01
1.651200771242249750e+15,1.043106935762239118e-01
1.651200771244266250e+15,1.043106935762239118e-01
1.651200771246282750e+15,1.043106935762239118e-01
1.651200771248299000e+15,1.043106935762239118e-01
1.651200771250315500e+15,1.043106935762238979e-01
1.651200771252331750e+15,1.043106935762239118e-01
1.651200771254348250e+15,1.043106935762239118e-01
1.651200771256364750e+15,1.043106935762239118e-01
1.651200771258381000e+15,1.043106935762238285e-01
1.651200771260397500e+15,1.043106935762236620e-01
1.651200771262414000e+15,1.043106935762235232e-01
1.651200771264430250e+15,1.043106935762233706e-01
1.651200771266446750e+15,1.043106935762232179e-01
1.651200771268463250e+15,1.043106935762230791e-01
1.651200771270479500e+15,1.043106935762229265e-01
1.651200771272496000e+15,1.043106935762227738e-01
1.651200771274512500e+15,1.043106935762226212e-01
1.651200771276528750e+15,1.043106935762224685e-01
1.651200771278545250e+15,1.043106935762223297e-01
1.651200771280561750e+15,1.043106935762221771e-01
1.651200771282578000e+15,1.043106935762223852e-01
1.651200771284594500e+15,1.043106935762227044e-01
1.651200771286610750e+15,1.043106935762230375e-01
1.651200771288627250e+15,1.043106935762233567e-01
1.651200771290643750e+15,1.043106935762236898e-01
1.651200771292660000e+15,1.040672443318146762e-01
1.651200771294676500e+15,1.032251939006805369e-01
1.651200771296693000e+15,1.023831434695463977e-01
1.651200771298709250e+15,1.015411974334570339e-01
1.651200771300725750e+15,1.006991470023228807e-01
1.651200771302742250e+15,9.985709657118874150e-02
1.651200771304758500e+15,9.901515053509937769e-02
1.651200771306775000e+15,9.817699459256616634e-02
1.651200771308791500e+15,9.929825322737190207e-02
1.651200771310807750e+15,1.004193728516848960e-01
1.651200771312824250e+15,1.015406314864906456e-01
1.651200771314840750e+15,1.026618901212963952e-01
1.651200771316857000e+15,1.037830097456093614e-01
1.651200771318873500e+15,1.038504238858089929e-01
1.651200771320889750e+15,1.029810854658600172e-01
1.651200771322906250e+15,1.021116392544144796e-01
1.651200771324922750e+15,1.012421930429689421e-01
1.651200771326939000e+15,1.003728546230199803e-01
1.651200771328955500e+15,9.950340841157444272e-02
1.651200771330972000e+15,9.863396220012889126e-02
1.651200771332988250e+15,9.865147712983543538e-02
1.651200771335004750e+15,9.966202017419049930e-02
1.651200771337021250e+15,1.006725632185455493e-01
1.651200771339037500e+15,1.016829809786154171e-01
1.651200771341054000e+15,1.026935240229704671e-01
1.651200771343070500e+15,1.037040670673255172e-01
1.651200771345086750e+15,1.033175195948339425e-01
1.651200771347103250e+15,1.008319653491360213e-01
1.651200771349119750e+15,9.834641110343811388e-02
1.651200771351136000e+15,9.586116500976669952e-02
1.651200771353152500e+15,9.337561076406877825e-02
1.651200771355168750e+15,9.162872199362338821e-02
1.651200771357185250e+15,9.074112593658691106e-02
1.651200771359201750e+15,8.985352987955042003e-02
1.651200771361218000e+15,8.896604386417733545e-02
1.651200771363234500e+15,8.807844780714083055e-02
1.651200771365251000e+15,8.719085175010433952e-02
1.651200771367267250e+15,8.630336573473126882e-02
1.651200771369283750e+15,8.644515766902174936e-02
1.651200771371300250e+15,8.743310792733274828e-02
1.651200771373316500e+15,8.842093570234862976e-02
1.651200771375333000e+15,8.940888596065962868e-02
1.651200771377349500e+15,9.039683621897059984e-02
1.651200771379365750e+15,9.138466399398649520e-02
1.651200771381382250e+15,9.203884727313837999e-02
1.651200771383398750e+15,9.203884727313836611e-02
1.651200771385415000e+15,9.203884727313837999e-02
1.651200771387431500e+15,9.203884727313837999e-02
1.651200771389447750e+15,9.203884727313837999e-02
1.651200771391464250e+15,9.203884727313837999e-02
1.651200771393480750e+15,9.203884727313837999e-02
1.651200771395497000e+15,9.203884727313837999e-02
1.651200771397513500e+15,9.203884727313837999e-02
1.651200771399530000e+15,9.203884727313837999e-02
1.651200771401546250e+15,9.203884727313837999e-02
1.651200771403562750e+15,9.203884727313837999e-02
1.651200771405579250e+15,9.203884727313837999e-02
1.651200771407595500e+15,9.203884727313836611e-02
1.651200771409612000e+15,9.203884727313837999e-02
1.651200771411628500e+15,9.203884727313836611e-02
1.651200771413644750e+15,9.203884727313836611e-02
1.651200771415661250e+15,9.203884727313837999e-02
1.651200771417677750e+15,9.203884727313837999e-02
1.651200771419694000e+15,9.203884727313836611e-02
1.651200771421710500e+15,9.203884727313837999e-02
1.651200771423726750e+15,9.203884727313837999e-02
1.651200771425743250e+15,9.203884727313837999e-02
1.651200771427759750e+15,9.203884727313837999e-02
1.651200771429776000e+15,9.203884727313837999e-02
1.651200771431792500e+15,9.203884727313839387e-02
1.651200771433809000e+15,9.203884727313837999e-02
1.651200771435825250e+15,9.203884727313828285e-02
1.651200771437841750e+15,9.203884727313811631e-02
1.651200771439858250e+15,9.203884727313796366e-02
1.651200771441874500e+15,9.203884727313779712e-02
1.651200771443891000e+15,9.203884727313763059e-02
1.651200771445907500e+15,9.220585671727594967e-02
1.651200771447923750e+15,9.297729495723973392e-02
1.651200771449940250e+15,9.374882884980610676e-02
1.651200771451956750e+15,9.452036274237246571e-02
1.651200771453973000e+15,9.529180098233624996e-02
1.651200771455989500e+15,9.606333487490260892e-02
1.651200771458005750e+15,9.683477311486637928e-02
1.651200771460022250e+15,9.760630700743275212e-02
1.651200771462038750e+15,9.791403053575502280e-02
1.651200771464055000e+15,9.692351371795687731e-02
1.651200771466071500e+15,9.593287408344230993e-02
1.651200771468088000e+15,9.494223444892775643e-02
1.651200771470104250e+15,9.395171763112959706e-02
1.651200771472120750e+15,9.296107799661504356e-02
1.651200771474137250e+15,9.203884727313750569e-02
1.651200771476153500e+15,9.203884727313749181e-02
1.651200771478170000e+15,9.203884727313750569e-02
1.651200771480186500e+15,9.203884727313749181e-02
1.651200771482202750e+15,9.203884727313749181e-02
1.651200771484219250e+15,9.203884727313749181e-02
1.651200771486235750e+15,9.203884727313749181e-02
1.651200771488252000e+15,9.203884727313749181e-02
1.651200771490268500e+15,9.203884727313749181e-02
1.651200771492284750e+15,9.203884727313749181e-02
1.651200771494301250e+15,9.203884727313749181e-02
1.651200771496317750e+15,9.203884727313749181e-02
1.651200771498334000e+15,9.203884727313749181e-02
1.651200771500350500e+15,9.203884727313749181e-02
1.651200771502367000e+15,9.203884727313749181e-02
1.651200771504383250e+15,9.203884727313749181e-02
1.651200771506399750e+15,9.203884727313749181e-02
1.651200771508416250e+15,9.203884727313749181e-02
1.651200771510432500e+15,9.129432557734448728e-02
1.651200771512449000e+15,8.910420449847274160e-02
1.651200771514465500e+15,8.691408341960099593e-02
1.651200771516481750e+15,8.472423386578240012e-02
1.651200771518498250e+15,8.253411278691064057e-02
1.651200771520514750e+15,8.034399170803888102e-02
1.651200771522531000e+15,7.976700097005205714e-02
1.651200771524547500e+15,7.976700097005219592e-02
1.651200771526563750e+15,7.976700097005232082e-02
1.651200771528580250e+15,7.976700097005245960e-02
1.651200771530596750e+15,7.976700097005259837e-02
1.651200771532613000e+15,7.976700097005272327e-02
1.651200771534629500e+15,7.997829857236302131e-02
1.651200771536646000e+15,8.131607444381816485e-02
1.651200771538662250e+15,8.265368446158234683e-02
1.651200771540678750e+15,8.399146033303747649e-02
1.651200771542695250e+15,8.532923620449263391e-02
1.651200771544711500e+15,8.590292412159680757e-02
1.651200771546728000e+15,8.590292412159654389e-02
1.651200771548744500e+15,8.590292412159628022e-02
1.651200771550760750e+15,8.590292412159604429e-02
1.651200771552777250e+15,8.590292412159579449e-02
1.651200771554793750e+15,8.590292412159553082e-02
1.651200771556810000e+15,8.590292412159529489e-02
1.651200771558826500e+15,8.590292412159516999e-02
1.651200771560842750e+15,8.590292412159516999e-02
1.651200771562859250e+15,8.590292412159516999e-02
1.651200771564875750e+15,8.590292412159516999e-02
1.651200771566892000e+15,8.590292412159518387e-02
1.651200771568908500e+15,8.590292412159518387e-02
1.651200771570925000e+15,8.590292412159547530e-02
1.651200771572941250e+15,8.590292412159583613e-02
1.651200771574957750e+15,8.590292412159616919e-02
1.651200771576974250e+15,8.590292412159651614e-02
1.651200771578990500e+15,8.590292412159687696e-02
1.651200771581007000e+15,8.590292412159694635e-02
1.651200771583023500e+15,8.590292412159694635e-02
1.651200771585039750e+15,8.590292412159694635e-02
1.651200771587056250e+15,8.590292412159694635e-02
1.651200771589072750e+15,8.590292412159694635e-02
1.651200771591089000e+15,8.590292412159696023e-02
1.651200771593105500e+15,8.590292412159694635e-02
1.651200771595121750e+15,8.590292412159694635e-02
1.651200771597138250e+15,8.590292412159696023e-02
1.651200771599154750e+15,8.590292412159694635e-02
1.651200771601171000e+15,8.590292412159694635e-02
1.651200771603187500e+15,8.590292412159696023e-02
1.651200771605204000e+15,8.590292412159694635e-02
1.651200771607220250e+15,8.590292412159694635e-02
1.651200771609236750e+15,8.590292412159694635e-02
1.651200771611253250e+15,8.590292412159694635e-02
1.651200771613269500e+15,8.590292412159694635e-02
1.651200771615286000e+15,8.590292412159693247e-02
1.651200771617302500e+15,8.590292412159694635e-02
1.651200771619318750e+15,8.590292412159693247e-02
1.651200771621335250e+15,8.590292412159693247e-02
1.651200771623351750e+15,8.590292412159693247e-02
1.651200771625368000e+15,8.590292412159694635e-02
1.651200771627384500e+15,8.590292412159694635e-02
1.651200771629400750e+15,8.590292412159693247e-02
1.651200771631417250e+15,8.590292412159694635e-02
1.651200771633433750e+15,8.590292412159693247e-02
1.651200771635450000e+15,8.590292412159694635e-02
1.651200771637466500e+15,8.590292412159694635e-02
1.651200771639483000e+15,8.590292412159694635e-02
1.651200771641499250e+15,8.590292412159694635e-02
1.651200771643515750e+15,8.590292412159694635e-02
1.651200771645532250e+15,8.590292412159694635e-02
1.651200771647548500e+15,8.590292412159694635e-02
1.651200771649565000e+15,8.590292412159696023e-02
1.651200771651581500e+15,8.590292412159694635e-02
1.651200771653597750e+15,8.590292412159694635e-02
1.651200771655614250e+15,8.590292412159694635e-02
1.651200771657630750e+15,8.590292412159693247e-02
1.651200771659647000e+15,8.590292412159694635e-02
1.651200771661663500e+15,8.590292412159694635e-02
1.651200771663679750e+15,8.590292412159694635e-02
1.651200771665696250e+15,8.590292412159693247e-02
1.651200771667712750e+15,8.590292412159694635e-02
1.651200771669729000e+15,8.590292412159696023e-02
1.651200771671745500e+15,8.590292412159694635e-02
1.651200771673762000e+15,8.590292412159694635e-02
1.651200771675778250e+15,8.590292412159694635e-02
1.651200771677794750e+15,8.590292412159694635e-02
1.651200771679811250e+15,8.590292412159694635e-02
1.651200771681827500e+15,8.590292412159694635e-02
1.651200771683844000e+15,8.590292412159694635e-02
1.651200771685860500e+15,8.536913268514428887e-02
1.651200771687876750e+15,8.478532092287270616e-02
1.651200771689893250e+15,8.420143677228589252e-02
1.651200771691909750e+15,8.361755262169907887e-02
1.651200771693926000e+15,8.303374085942749616e-02
1.651200771695942500e+15,8.244985670884068252e-02
1.651200771697958750e+15,8.186604494656909980e-02
1.651200771699975250e+15,8.128216079598228616e-02
1.651200771701991750e+15,8.069827664539547252e-02
1.651200771704008000e+15,8.011446488312387593e-02
1.651200771706024500e+15,7.998239139366745964e-02
1.651200771708041000e+15,8.051433847170205715e-02
1.651200771710057250e+15,8.104621960043366380e-02
1.651200771712073750e+15,8.157816667846828906e-02
1.651200771714090250e+15,8.211011375650290045e-02
1.651200771716106500e+15,8.264199488523450710e-02
1.651200771718123000e+15,8.317394196326910460e-02
1.651200771720139500e+15,8.370588904130372987e-02
1.651200771722155750e+15,8.423777017003533651e-02
1.651200771724172250e+15,8.476971724806994790e-02
1.651200771726188750e+15,8.530166432610457317e-02
1.651200771728205000e+15,8.583354545483617981e-02
1.651200771730221500e+15,8.676284589639150779e-02
1.651200771732237750e+15,8.775162107656231392e-02
1.651200771734254250e+15,8.874051885749942303e-02
1.651200771736270750e+15,8.972941663843653215e-02
1.651200771738287000e+15,9.071819181860735215e-02
1.651200771740303500e+15,9.170708959954444739e-02
1.651200771742320000e+15,9.028666037424359914e-02
1.651200771744336250e+15,8.765020751237913299e-02
1.651200771746352750e+15,8.501342774997383556e-02
1.651200771748369250e+15,8.237664798756853812e-02
1.651200771750385500e+15,7.978068902975213317e-02
1.651200771752402000e+15,8.112712670700182593e-02
1.651200771754418500e+15,8.247356438425150482e-02
1.651200771756434750e+15,8.381983513394387908e-02
1.651200771758451250e+15,8.516627281119357185e-02
1.651200771760467750e+15,8.651271048844325073e-02
1.651200771762484000e+15,8.785898123813562499e-02
1.651200771764500500e+15,8.920541891538531776e-02
1.651200771766516750e+15,9.055168966507769202e-02
1.651200771768533250e+15,9.189812734232737090e-02
1.651200771770549750e+15,9.203884727313837999e-02
1.651200771772566000e+15,9.203884727313836611e-02
1.651200771774582500e+15,9.203884727313837999e-02
1.651200771776599000e+15,9.203884727313836611e-02
1.651200771778615250e+15,9.203884727313837999e-02
1.651200771780631750e+15,9.195798433789764692e-02
1.651200771782648250e+15,9.070125902835682319e-02
1.651200771784664500e+15,8.944468952408621276e-02
1.651200771786681000e+15,8.818796421454538903e-02
1.651200771788697500e+15,8.693123890500456530e-02
1.651200771790713750e+15,8.567466940073395487e-02
1.651200771792730250e+15,8.441794409119313114e-02
1.651200771794746750e+15,8.316121878165230741e-02
1.651200771796763000e+15,8.190464927738168310e-02
1.651200771798779500e+15,8.064792396784085937e-02
1.651200771800795750e+15,8.032336466762388105e-02
1.651200771802812250e+15,8.218467930246153852e-02
1.651200771804828750e+15,8.404599393729919599e-02
1.651200771806845000e+15,8.590707781158206380e-02
1.651200771808861500e+15,8.776839244641972126e-02
1.651200771810878000e+15,8.962970708125736485e-02
1.651200771812894250e+15,9.149079095554024654e-02
1.651200771814910750e+15,9.203884727313747793e-02
1.651200771816927250e+15,9.203884727313747793e-02
1.651200771818943500e+15,9.203884727313747793e-02
1.651200771820960000e+15,9.203884727313747793e-02
1.651200771822976500e+15,9.203884727313747793e-02
1.651200771824992750e+15,9.203884727313749181e-02
1.651200771827009250e+15,9.203884727313749181e-02
1.651200771829025750e+15,9.203884727313749181e-02
1.651200771831042000e+15,9.203884727313749181e-02
1.651200771833058500e+15,9.203884727313749181e-02
1.651200771835074750e+15,9.203884727313749181e-02
1.651200771837091250e+15,9.203884727313749181e-02
1.651200771839107750e+15,9.203884727313749181e-02
1.651200771841124000e+15,9.203884727313749181e-02
1.651200771843140500e+15,9.203884727313749181e-02
1.651200771845157000e+15,9.203884727313749181e-02
1.651200771847173250e+15,9.203884727313749181e-02
1.651200771849189750e+15,9.203884727313749181e-02
1.651200771851206250e+15,9.203884727313749181e-02
1.651200771853222500e+15,9.203884727313749181e-02
1.651200771855239000e+15,9.203884727313749181e-02
1.651200771857255500e+15,9.203884727313747793e-02
1.651200771859271750e+15,9.203884727313749181e-02
1.651200771861288250e+15,9.203884727313749181e-02
1.651200771863304750e+15,9.203884727313749181e-02
1.651200771865321000e+15,9.203884727313749181e-02
1.651200771867337500e+15,9.203884727313749181e-02
1.651200771869353750e+15,9.203884727313749181e-02
1.651200771871370250e+15,9.203884727313749181e-02
1.651200771873386750e+15,9.203884727313750569e-02
1.651200771875403000e+15,9.203884727313749181e-02
1.651200771877419500e+15,9.203884727313749181e-02
1.651200771879436000e+15,9.203884727313749181e-02
1.651200771881452250e+15,9.203884727313747793e-02
1.651200771883468750e+15,9.203884727313747793e-02
1.651200771885485250e+15,9.203884727313747793e-02
1.651200771887501500e+15,9.203884727313749181e-02
1.651200771889518000e+15,9.203884727313746406e-02
1.651200771891534500e+15,9.203884727313749181e-02
1.651200771893550750e+15,9.203884727313749181e-02
1.651200771895567250e+15,9.203884727313747793e-02
1.651200771897583750e+15,9.203884727313747793e-02
1.651200771899600000e+15,9.203884727313747793e-02
1.651200771901616500e+15,9.203884727313747793e-02
1.651200771903632750e+15,9.203884727313749181e-02
1.651200771905649250e+15,9.203884727313750569e-02
1.651200771907665750e+15,9.203884727313749181e-02
1.651200771909682000e+15,9.203884727313749181e-02
1.651200771911698500e+15,9.203884727313749181e-02
1.651200771913715000e+15,9.203884727313750569e-02
1.651200771915731250e+15,9.203884727313750569e-02
1.651200771917747750e+15,9.203884727313749181e-02
1.651200771919764250e+15,9.203884727313750569e-02
1.651200771921780500e+15,9.203884727313749181e-02
1.651200771923797000e+15,9.203884727313750569e-02
1.651200771925813500e+15,9.203884727313749181e-02
1.651200771927829750e+15,9.203884727313749181e-02
1.651200771929846250e+15,9.203884727313749181e-02
1.651200771931862750e+15,9.203884727313749181e-02
1.651200771933879000e+15,9.203884727313749181e-02
1.651200771935895500e+15,9.203884727313749181e-02
1.651200771937911750e+15,9.203884727313749181e-02
1.651200771939928250e+15,9.203884727313750569e-02
1.651200771941944750e+15,9.203884727313749181e-02
1.651200771943961000e+15,9.203884727313749181e-02
1.651200771945977500e+15,9.203884727313749181e-02
1.651200771947994000e+15,9.203884727313749181e-02
1.651200771950010250e+15,9.203884727313749181e-02
1.651200771952026750e+15,9.203884727313749181e-02
1.651200771954043250e+15,9.203884727313749181e-02
1.651200771956059500e+15,9.203884727313749181e-02
1.651200771958076000e+15,9.203884727313749181e-02
1.651200771960092500e+15,9.203884727313749181e-02
1.651200771962108750e+15,9.203884727313749181e-02
1.651200771964125250e+15,9.203884727313749181e-02
1.651200771966141750e+15,9.203884727313749181e-02
1.651200771968158000e+15,9.203884727313750569e-02
1.651200771970174500e+15,9.203884727313750569e-02
1.651200771972190750e+15,9.203884727313749181e-02
1.651200771974207250e+15,9.203884727313749181e-02
1.651200771976223750e+15,9.203884727313749181e-02
1.651200771978240000e+15,9.203884727313749181e-02
1.651200771980256500e+15,9.203884727313749181e-02
1.651200771982273000e+15,9.203884727313749181e-02
1.651200771984289250e+15,9.203884727313749181e-02
1.651200771986305750e+15,9.203884727313749181e-02
1.651200771988322250e+15,9.203884727313749181e-02
1.651200771990338500e+15,9.203884727313750569e-02
1.651200771992355000e+15,9.203884727313749181e-02
1.651200771994371500e+15,9.203884727313749181e-02
1.651200771996387750e+15,9.203884727313749181e-02
1.651200771998404250e+15,9.203884727313749181e-02
1.651200772000420750e+15,9.203884727313749181e-02
1.651200772002437000e+15,9.203884727313749181e-02
1.651200772004453500e+15,9.203884727313749181e-02
1.651200772006469750e+15,9.203884727313750569e-02
1.651200772008486250e+15,9.203884727313749181e-02
1.651200772010502750e+15,9.203884727313749181e-02
1.651200772012519000e+15,9.203884727313749181e-02
1.651200772014535500e+15,9.203884727313749181e-02
1.651200772016552000e+15,9.203884727313749181e-02
1.651200772018568250e+15,9.203884727313749181e-02
1.651200772020584750e+15,9.203884727313750569e-02
1.651200772022601250e+15,9.203884727313750569e-02
1.651200772024617500e+15,9.203884727313750569e-02
1.651200772026634000e+15,9.203884727313749181e-02
1.651200772028650500e+15,9.203884727313749181e-02
1.651200772030666750e+15,9.203884727313749181e-02
1.651200772032683250e+15,9.203884727313750569e-02
1.651200772034699500e+15,9.203884727313749181e-02
1.651200772036716000e+15,9.203884727313747793e-02
1.651200772038732500e+15,9.203884727313749181e-02
1.651200772040748750e+15,9.203884727313749181e-02
1.651200772042765250e+15,9.203884727313749181e-02
1.651200772044781750e+15,9.203884727313749181e-02
1.651200772046798000e+15,9.203884727313749181e-02
1.651200772048814500e+15,9.203884727313747793e-02
1.651200772050831000e+15,9.203884727313749181e-02
1.651200772052847250e+15,9.203884727313749181e-02
1.651200772054863750e+15,9.203884727313749181e-02
1.651200772056880250e+15,9.203884727313747793e-02
1.651200772058896500e+15,9.203884727313750569e-02
1.651200772060913000e+15,9.203884727313750569e-02
1.651200772062929500e+15,9.203884727313749181e-02
1.651200772064945750e+15,9.203884727313749181e-02
1.651200772066962250e+15,9.203884727313749181e-02
1.651200772068978500e+15,9.203884727313750569e-02
1.651200772070995000e+15,9.203884727313749181e-02
1.651200772073011500e+15,9.203884727313785263e-02
1.651200772075027750e+15,9.203884727313825509e-02
1.651200772077044250e+15,9.203884727313867142e-02
1.651200772079060750e+15,9.203884727313908776e-02
1.651200772081077000e+15,9.203884727313922653e-02
1.651200772083093500e+15,9.203884727313915715e-02
1.651200772085110000e+15,9.203884727313910163e-02
1.651200772087126250e+15,9.203884727313901837e-02
1.651200772089142750e+15,9.203884727313894898e-02
1.651200772091159250e+15,9.203884727313887959e-02
1.651200772093175500e+15,9.203884727313881020e-02
1.651200772095192000e+15,9.203884727313874081e-02
1.651200772097208500e+15,9.203884727313865755e-02
1.651200772099224750e+15,9.203884727313858816e-02
1.651200772101241250e+15,9.203884727313853265e-02
1.651200772103257500e+15,9.203884727313844938e-02
1.651200772105274000e+15,9.203884727313837999e-02
1.651200772107290500e+15,9.203884727313837999e-02
1.651200772109306750e+15,9.203884727313837999e-02
1.651200772111323250e+15,9.203884727313837999e-02
1.651200772113339750e+15,9.203884727313839387e-02
1.651200772115356000e+15,9.203884727313837999e-02
1.651200772117372500e+15,9.203884727313837999e-02
1.651200772119389000e+15,9.203884727313837999e-02
1.651200772121405250e+15,9.203884727313839387e-02
1.651200772123421750e+15,9.203884727313837999e-02
1.651200772125438250e+15,9.203884727313837999e-02
1.651200772127454500e+15,9.203884727313837999e-02
1.651200772129471000e+15,9.203884727313837999e-02
1.651200772131487500e+15,9.203884727313836611e-02
1.651200772133503750e+15,9.203884727313837999e-02
1.651200772135520250e+15,9.203884727313837999e-02
1.651200772137536500e+15,9.203884727313837999e-02
1.651200772139553000e+15,9.203884727313836611e-02
1.651200772141569500e+15,9.203884727313836611e-02
1.651200772143585750e+15,9.203884727313839387e-02
1.651200772145602250e+15,9.203884727313837999e-02
1.651200772147618750e+15,9.203884727313837999e-02
1.651200772149635000e+15,9.203884727313837999e-02
1.651200772151651500e+15,9.203884727313846326e-02
1.651200772153668000e+15,9.203884727313862979e-02
1.651200772155684250e+15,9.203884727313878245e-02
1.651200772157700750e+15,9.203884727313893510e-02
1.651200772159717250e+15,9.203884727313910163e-02
1.651200772161733500e+15,9.203884727313926817e-02
1.651200772163750000e+15,9.203884727313940695e-02
1.651200772165766500e+15,9.203884727313953185e-02
1.651200772167782750e+15,9.203884727313967062e-02
1.651200772169799250e+15,9.203884727313980940e-02
1.651200772171815500e+15,9.203884727313996206e-02
1.651200772173832000e+15,9.203884727314008696e-02
1.651200772175848500e+15,9.203884727314015635e-02
1.651200772177864750e+15,9.203884727314015635e-02
1.651200772179881250e+15,9.203884727314015635e-02
1.651200772181897750e+15,9.203884727314015635e-02
1.651200772183914000e+15,9.203884727314015635e-02
1.651200772185930500e+15,9.203884727314014247e-02
1.651200772187947000e+15,9.203884727314014247e-02
1.651200772189963250e+15,9.225146975047326947e-02
1.651200772191979750e+15,9.288268539352406705e-02
1.651200772193996250e+15,9.351390103657485076e-02
1.651200772196012500e+15,9.414503842328506011e-02
1.651200772198029000e+15,9.477625406633584382e-02
1.651200772200045500e+15,9.540746970938662752e-02
1.651200772202061750e+15,9.603860709609685076e-02
1.651200772204078250e+15,9.666982273914763446e-02
1.651200772206094500e+15,9.730096012585787157e-02
1.651200772208111000e+15,9.793217576890864140e-02
1.651200772210127500e+15,9.752887008614945230e-02
1.651200772212143750e+15,9.647989984244133288e-02
1.651200772214160250e+15,9.543079953422684003e-02
1.651200772216176750e+15,9.438169922601238881e-02
1.651200772218193000e+15,9.333272898230425552e-02
1.651200772220209500e+15,9.228362867408979042e-02
1.651200772222226000e+15,9.203884727314004532e-02
1.651200772224242250e+15,9.203884727313987879e-02
1.651200772226258750e+15,9.203884727313969838e-02
1.651200772228275250e+15,9.203884727313954572e-02
1.651200772230291500e+15,9.203884727313937919e-02
1.651200772232308000e+15,9.203884727313921266e-02
1.651200772234324500e+15,9.203884727313904612e-02
1.651200772236340750e+15,9.203884727313889347e-02
1.651200772238357250e+15,9.203884727313872693e-02
1.651200772240373500e+15,9.203884727313857428e-02
1.651200772242390000e+15,9.203884727313839387e-02
1.651200772244406500e+15,9.203884727313860203e-02
1.651200772246422750e+15,9.203884727313890735e-02
1.651200772248439250e+15,9.203884727313918490e-02
1.651200772250455750e+15,9.203884727313946246e-02
1.651200772252472000e+15,9.203884727313974001e-02
1.651200772254488500e+15,9.203884727314004532e-02
1.651200772256505000e+15,9.262925088533559281e-02
1.651200772258521250e+15,9.370653711437543221e-02
1.651200772260537750e+15,9.478395691889315855e-02
1.651200772262554250e+15,9.586137672341088489e-02
1.651200772264570500e+15,9.693866295245072429e-02
1.651200772266587000e+15,9.801608275696843675e-02
1.651200772268603500e+15,9.817477042468070181e-02
1.651200772270619750e+15,9.817477042468070181e-02
1.651200772272636250e+15,9.817477042468070181e-02
1.651200772274652500e+15,9.817477042468070181e-02
1.651200772276669000e+15,9.817477042468070181e-02
1.651200772278685500e+15,9.817477042468068793e-02
1.651200772280701750e+15,9.817477042468068793e-02
1.651200772282718250e+15,9.762277825110005081e-02
1.651200772284734750e+15,9.649302213029274655e-02
1.651200772286751000e+15,9.536340607347265630e-02
1.651200772288767500e+15,9.423364995266536592e-02
1.651200772290784000e+15,9.310389383185807555e-02
1.651200772292800250e+15,9.208771164179789526e-02
1.651200772294816750e+15,9.294267909861669841e-02
1.651200772296833250e+15,9.379764655543548768e-02
1.651200772298849500e+15,9.465250801579297435e-02
1.651200772300866000e+15,9.550747547261176362e-02
1.651200772302882500e+15,9.636244292943053902e-02
1.651200772304898750e+15,9.721730438978805344e-02
1.651200772306915250e+15,9.807227184660682884e-02
1.651200772308931500e+15,9.817477042468075732e-02
1.651200772310948000e+15,9.817477042468082671e-02
1.651200772312964500e+15,9.817477042468089610e-02
1.651200772314980750e+15,9.817477042468095161e-02
1.651200772316997250e+15,9.817477042468104875e-02
1.651200772319013750e+15,9.817477042468111814e-02
1.651200772321030000e+15,9.817477042468117365e-02
1.651200772323046500e+15,9.817477042468125692e-02
1.651200772325063000e+15,9.817477042468132631e-02
1.651200772327079250e+15,9.817477042468138182e-02
1.651200772329095750e+15,9.817477042468146509e-02
1.651200772331112250e+15,9.817477042468153448e-02
1.651200772333128500e+15,9.802292579955074192e-02
1.651200772335145000e+15,9.743465550833771416e-02
1.651200772337161500e+15,9.684638521712471415e-02
1.651200772339177750e+15,9.625818785800829835e-02
1.651200772341194250e+15,9.566991756679528447e-02
1.651200772343210500e+15,9.508172020767886867e-02
1.651200772345227000e+15,9.449344991646586867e-02
1.651200772347243500e+15,9.390517962525285478e-02
1.651200772349259750e+15,9.331698226613643898e-02
1.651200772351276250e+15,9.272871197492342510e-02
1.651200772353292750e+15,9.214044168371042509e-02
1.651200772355309000e+15,9.203884727313986491e-02
1.651200772357325500e+15,9.203884727313953185e-02
1.651200772359342000e+15,9.203884727313919878e-02
1.651200772361358250e+15,9.203884727313886571e-02
1.651200772363374750e+15,9.203884727313853265e-02
1.651200772365391250e+15,9.203884727313821346e-02
1.651200772367407500e+15,9.203884727313785263e-02
1.651200772369424000e+15,9.203884727313753344e-02
1.651200772371440500e+15,9.251707141591343497e-02
1.651200772373456750e+15,9.308309397410069463e-02
1.651200772375473250e+15,9.364918671487422464e-02
1.651200772377489500e+15,9.421520927306148430e-02
1.651200772379506000e+15,9.478130201383500042e-02
1.651200772381522500e+15,9.534739475460853042e-02
1.651200772383538750e+15,9.591341731279579008e-02
1.651200772385555250e+15,9.647951005356930620e-02
1.651200772387571750e+15,9.704560279434283621e-02
1.651200772389588000e+15,9.761162535253010974e-02
1.651200772391604500e+15,9.817477042468068793e-02
1.651200772393621000e+15,9.817477042468070181e-02
1.651200772395637250e+15,9.817477042468070181e-02
1.651200772397653750e+15,9.817477042468070181e-02
1.651200772399670250e+15,9.817477042468070181e-02
1.651200772401686500e+15,9.817477042468068793e-02
1.651200772403703000e+15,9.846679136755384643e-02
1.651200772405719500e+15,9.963748765245183936e-02
1.651200772407735750e+15,1.008080387977161874e-01
1.651200772409752250e+15,1.019787350826142081e-01
1.651200772411768500e+15,1.031492862278785561e-01
1.651200772413785000e+15,1.043061185834271987e-01
1.651200772415801500e+15,1.037295265225164770e-01
1.651200772417817750e+15,1.031530059458681953e-01
1.651200772419834250e+15,1.025764138849574736e-01
1.651200772421850750e+15,1.019998218240467519e-01
1.651200772423867000e+15,1.014233012473984563e-01
1.651200772425883500e+15,1.008467091864877346e-01
1.651200772427900000e+15,1.002701171255770130e-01
1.651200772429916250e+15,9.969359654892873124e-02
1.651200772431932750e+15,9.911700448801799568e-02
1.651200772433949250e+15,9.854041242710727400e-02
1.651200772435965500e+15,9.817477042468242265e-02
1.651200772437982000e+15,9.817477042468229775e-02
1.651200772439998500e+15,9.817477042468215898e-02
1.651200772442014750e+15,9.817477042468203408e-02
1.651200772444031250e+15,9.817477042468189530e-02
1.651200772446047500e+15,9.817477042468178428e-02
1.651200772448064000e+15,9.817477042468164550e-02
1.651200772450080500e+15,9.817477042468156223e-02
1.651200772452096750e+15,9.817477042468149284e-02
1.651200772454113250e+15,9.817477042468143733e-02
1.651200772456129750e+15,9.817477042468136794e-02
1.651200772458146000e+15,9.817477042468131243e-02
1.651200772460162500e+15,9.817477042468122916e-02
1.651200772462179000e+15,9.817477042468117365e-02
1.651200772464195250e+15,9.817477042468110426e-02
1.651200772466211750e+15,9.817477042468104875e-02
1.651200772468228250e+15,9.817477042468097936e-02
1.651200772470244500e+15,9.817477042468090997e-02
1.651200772472261000e+15,9.817477042468084059e-02
1.651200772474277500e+15,9.817477042468078507e-02
1.651200772476293750e+15,9.817477042468072956e-02
1.651200772478310250e+15,9.727632973449346077e-02
1.651200772480326500e+15,9.627287811195361922e-02
1.651200772482343000e+15,9.526930206887782027e-02
1.651200772484359500e+15,9.426572602580202132e-02
1.651200772486375750e+15,9.326227440326217977e-02
1.651200772488392250e+15,9.225869836018639469e-02
1.651200772490408750e+15,9.203884727314014247e-02
1.651200772492425000e+15,9.203884727314015635e-02
1.651200772494441500e+15,9.203884727314015635e-02
1.651200772496458000e+15,9.203884727314015635e-02
1.651200772498474250e+15,9.203884727314015635e-02
1.651200772500490750e+15,9.295820151851605373e-02
1.651200772502507250e+15,9.395130602410090015e-02
1.651200772504523500e+15,9.494428740738154737e-02
1.651200772506540000e+15,9.593739191296637991e-02
1.651200772508556500e+15,9.693049641855122633e-02
1.651200772510572750e+15,9.792347780183187356e-02
1.651200772512589250e+15,9.774395728679752260e-02
1.651200772514605500e+15,9.716727546820368155e-02
1.651200772516622000e+15,9.659052214535460146e-02
1.651200772518638500e+15,9.601376882250550748e-02
1.651200772520654750e+15,9.543708700391165256e-02
1.651200772522671250e+15,9.486033368106255859e-02
1.651200772524687750e+15,9.428358035821349237e-02
1.651200772526704000e+15,9.370689853961963744e-02
1.651200772528720500e+15,9.313014521677054347e-02
1.651200772530737000e+15,9.255339189392147725e-02
1.651200772532753250e+15,9.203884727314014247e-02
1.651200772534769750e+15,9.203884727314014247e-02
1.651200772536786250e+15,9.203884727314015635e-02
1.651200772538802500e+15,9.203884727314015635e-02
1.651200772540819000e+15,9.203884727314015635e-02
1.651200772542835500e+15,9.203884727314015635e-02
1.651200772544851750e+15,9.203884727314015635e-02
1.651200772546868250e+15,9.203884727314015635e-02
1.651200772548884500e+15,9.203884727314015635e-02
1.651200772550901000e+15,9.203884727314015635e-02
1.651200772552917500e+15,9.203884727314015635e-02
1.651200772554933750e+15,9.203884727314015635e-02
1.651200772556950250e+15,9.203884727314015635e-02
1.651200772558966750e+15,9.203884727314015635e-02
1.651200772560983000e+15,9.203884727314015635e-02
1.651200772562999500e+15,9.203884727314015635e-02
1.651200772565016000e+15,9.203884727314015635e-02
1.651200772567032250e+15,9.238358868430336657e-02
1.651200772569048750e+15,9.350800608116645318e-02
1.651200772571065250e+15,9.463242347802955368e-02
1.651200772573081500e+15,9.575670147278542155e-02
1.651200772575098000e+15,9.688111886964850816e-02
1.651200772577114500e+15,9.800553626651160866e-02
1.651200772579130750e+15,9.740822758166092776e-02
1.651200772581147250e+15,9.650574114584170582e-02
1.651200772583163500e+15,9.560336659775317547e-02
1.651200772585180000e+15,9.470088016193396740e-02
1.651200772587196500e+15,9.379839372611474546e-02
1.651200772589212750e+15,9.289601917802622899e-02
1.651200772591229250e+15,9.199552656892889813e-02
1.651200772593245750e+15,9.113274928456331636e-02
1.651200772595262000e+15,9.027007896489948335e-02
1.651200772597278500e+15,8.940730168053390159e-02
1.651200772599295000e+15,8.854452439616830595e-02
1.651200772601311250e+15,8.768185407650447294e-02
1.651200772603327750e+15,8.681907679213887730e-02
1.651200772605344250e+15,8.595629950777329553e-02
1.651200772607360500e+15,8.590292412159696023e-02
1.651200772609377000e+15,8.590292412159696023e-02
1.651200772611393500e+15,8.590292412159694635e-02
1.651200772613409750e+15,8.590292412159696023e-02
1.651200772615426250e+15,8.590292412159694635e-02
1.651200772617442500e+15,8.590292412159694635e-02
1.651200772619459000e+15,8.590292412159696023e-02
1.651200772621475500e+15,8.616582632507596706e-02
1.651200772623491750e+15,8.683049913731993863e-02
1.651200772625508250e+15,8.749525436404777257e-02
1.651200772627524750e+15,8.816000959077560650e-02
1.651200772629541000e+15,8.882468240301957807e-02
1.651200772631557500e+15,8.948943762974741201e-02
1.651200772633574000e+15,9.015419285647524594e-02
1.651200772635590250e+15,9.081886566871921751e-02
1.651200772637606750e+15,9.148362089544705145e-02
1.651200772639623250e+15,9.203884727313929592e-02
1.651200772641639500e+15,9.203884727313936531e-02
1.651200772643656000e+15,9.203884727313944858e-02
1.651200772645672500e+15,9.203884727313953185e-02
1.651200772647688750e+15,9.203884727313960123e-02
1.651200772649705250e+15,9.203884727313968450e-02
1.651200772651721500e+15,9.203884727313974001e-02
1.651200772653738000e+15,9.203884727313982328e-02
1.651200772655754500e+15,9.203884727313990655e-02
1.651200772657770750e+15,9.203884727313998981e-02
1.651200772659787250e+15,9.203884727314005920e-02
1.651200772661803750e+15,9.203884727314014247e-02
1.651200772663820000e+15,9.123467108751311117e-02
1.651200772665836500e+15,9.015574808131425477e-02
1.651200772667853000e+15,8.907682507511538450e-02
1.651200772669869250e+15,8.799803583075709035e-02
1.651200772671885750e+15,8.691911282455823395e-02
1.651200772673902250e+15,8.603698486687105795e-02
1.651200772675918500e+15,8.834231516674941054e-02
1.651200772677935000e+15,9.064793131043433205e-02
1.651200772679951500e+15,9.295354745411923969e-02
1.651200772681967750e+15,9.525887775399759227e-02
1.651200772683984250e+15,9.756449389768252767e-02
1.651200772686000500e+15,9.744029274424791109e-02
1.651200772688017000e+15,9.644125446931182954e-02
1.651200772690033500e+15,9.544221619437576187e-02
1.651200772692049750e+15,9.444330177739591881e-02
1.651200772694066250e+15,9.344426350245982338e-02
1.651200772696082750e+15,9.244522522752375571e-02
1.651200772698099000e+15,9.203884727313926817e-02
1.651200772700115500e+15,9.203884727313926817e-02
1.651200772702132000e+15,9.203884727313926817e-02
1.651200772704148250e+15,9.203884727313926817e-02
1.651200772706164750e+15,9.203884727313928205e-02
1.651200772708181250e+15,9.203884727313928205e-02
1.651200772710197500e+15,9.203884727313925429e-02
1.651200772712214000e+15,9.203884727313918490e-02
1.651200772714230500e+15,9.203884727313911551e-02
1.651200772716246750e+15,9.203884727313903225e-02
1.651200772718263250e+15,9.203884727313896286e-02
1.651200772720279500e+15,9.203884727313887959e-02
1.651200772722296000e+15,9.203884727313881020e-02
1.651200772724312500e+15,9.203884727313872693e-02
1.651200772726328750e+15,9.203884727313867142e-02
1.651200772728345250e+15,9.203884727313857428e-02
1.651200772730361750e+15,9.203884727313851877e-02
1.651200772732378000e+15,9.203884727313843550e-02
1.651200772734394500e+15,9.186403252838634681e-02
1.651200772736411000e+15,9.126400881299492895e-02
1.651200772738427250e+15,9.066405948685656024e-02
1.651200772740443750e+15,9.006403577146512851e-02
1.651200772742460250e+15,8.946401205607368290e-02
1.651200772744476500e+15,8.886406272993532807e-02
1.651200772746493000e+15,8.826403901454388246e-02
1.651200772748509500e+15,8.766401529915243684e-02
1.651200772750525750e+15,8.706406597301408201e-02
1.651200772752542250e+15,8.646404225762263640e-02
1.651200772754558500e+15,8.620591834022210687e-02
1.651200772756575000e+15,9.088781751157240518e-02
1.651200772758591500e+15,9.556971668292268962e-02
1.651200772760607750e+15,1.002510354055782815e-01
1.651200772762624250e+15,1.049329345769285937e-01
1.651200772764640750e+15,1.096148337482788782e-01
1.651200772766657000e+15,1.104466167277661226e-01
1.651200772768673500e+15,1.104466167277659838e-01
1.651200772770690000e+15,1.104466167277658450e-01
1.651200772772706250e+15,1.104466167277657063e-01
1.651200772774722750e+15,1.104466167277655675e-01
1.651200772776739250e+15,1.104466167277654287e-01
1.651200772778755500e+15,1.117660555943037065e-01
1.651200772780772000e+15,1.156701619396809655e-01
1.651200772782788500e+15,1.195742682850582245e-01
1.651200772784804750e+15,1.234778906103083662e-01
1.651200772786821250e+15,1.273819969556856113e-01
1.651200772788837500e+15,1.312856192809357669e-01
1.651200772790854000e+15,1.347804993631160908e-01
1.651200772792870500e+15,1.306729090120208880e-01
1.651200772794886750e+15,1.265658279084277416e-01
1.651200772796903250e+15,1.224582375573325388e-01
1.651200772798919750e+15,1.183506472062373777e-01
1.651200772800936000e+15,1.142435661026441895e-01
1.651200772802952500e+15,1.101987854536574107e-01
1.651200772804969000e+15,1.069217247045396446e-01
1.651200772806985250e+15,1.036450702361990661e-01
1.651200772809001750e+15,1.003680094870813000e-01
1.651200772811018250e+15,9.709094873796350611e-02
1.651200772813034500e+15,9.381429426962296925e-02
1.651200772815051000e+15,9.334902898443674102e-02
1.651200772817067500e+15,9.620831623642066288e-02
1.651200772819083750e+15,9.906724900201084594e-02
1.651200772821100250e+15,1.019265362539947678e-01
1.651200772823116500e+15,1.047854690195849370e-01
1.651200772825133000e+15,1.076447562715688588e-01
1.651200772827149500e+15,1.105275541572423165e-01
1.651200772829165750e+15,1.145569391494140055e-01
1.651200772831182250e+15,1.185868237553479032e-01
1.651200772833198750e+15,1.226167083612818010e-01
1.651200772835215000e+15,1.266460933534534761e-01
1.651200772837231500e+15,1.288543861823931991e-01
1.651200772839248000e+15,1.288543861823931991e-01
1.651200772841264250e+15,1.288543861823932268e-01
1.651200772843280750e+15,1.288543861823931991e-01
1.651200772845297250e+15,1.288543861823931991e-01
1.651200772847313500e+15,1.288543861823931991e-01
1.651200772849330000e+15,1.288543861823931991e-01
1.651200772851346500e+15,1.288543861823931991e-01
1.651200772853362750e+15,1.288543861823931991e-01
1.651200772855379250e+15,1.288543861823932268e-01
1.651200772857395500e+15,1.288543861823931991e-01
1.651200772859412000e+15,1.288543861823931991e-01
1.651200772861428500e+15,1.288543861823931991e-01
1.651200772863444750e+15,1.288543861823931991e-01
1.651200772865461250e+15,1.288543861823931991e-01
1.651200772867477750e+15,1.288543861823931991e-01
1.651200772869494000e+15,1.288543861823931991e-01
1.651200772871510500e+15,1.288543861823931991e-01
1.651200772873527000e+15,1.288543861823931991e-01
1.651200772875543250e+15,1.288543861823931991e-01
1.651200772877559750e+15,1.295864872357468389e-01
1.651200772879576250e+15,1.311327368027409568e-01
1.651200772881592500e+15,1.326787946700614951e-01
1.651200772883609000e+15,1.342250442370556129e-01
1.651200772885625500e+15,1.349903093339364091e-01
1.651200772887641750e+15,1.349903093339364091e-01
1.651200772889658250e+15,1.349903093339364091e-01
1.651200772891674500e+15,1.349903093339364091e-01
1.651200772893691000e+15,1.349903093339364091e-01
1.651200772895707500e+15,1.349903093339364091e-01
1.651200772897723750e+15,1.349903093339364091e-01
1.651200772899740250e+15,1.353518623945239585e-01
1.651200772901756750e+15,1.358641207796809913e-01
1.651200772903773000e+15,1.363763156564838375e-01
1.651200772905789500e+15,1.368885740416408703e-01
1.651200772907806000e+15,1.374008324267979031e-01
1.651200772909822250e+15,1.379130273036007492e-01
1.651200772911838750e+15,1.384252856887577821e-01
1.651200772913855250e+15,1.389375440739148149e-01
1.651200772915871500e+15,1.394497389507176610e-01
1.651200772917888000e+15,1.399619973358746938e-01
1.651200772919904500e+15,1.404742557210317544e-01
1.651200772921920750e+15,1.409864505978345728e-01
1.651200772923937250e+15,1.411262324854778427e-01
1.651200772925953500e+15,1.411262324854778705e-01
1.651200772927970000e+15,1.411262324854778427e-01
1.651200772929986500e+15,1.411262324854778427e-01
1.651200772932002750e+15,1.411262324854778427e-01
1.651200772934019250e+15,1.411262324854778427e-01
1.651200772936035750e+15,1.411262324854778427e-01
1.651200772938052000e+15,1.399256125479308999e-01
1.651200772940068500e+15,1.386126786520179843e-01
1.651200772942085000e+15,1.372997447561050688e-01
1.651200772944101250e+15,1.359869736340448554e-01
1.651200772946117750e+15,1.352109418508407879e-01
1.651200772948134250e+15,1.361268563548813093e-01
1.651200772950150500e+15,1.370426573064169873e-01
1.651200772952167000e+15,1.379585718104575087e-01
1.651200772954183500e+15,1.388744863144980024e-01
1.651200772956199750e+15,1.397902872660336804e-01
1.651200772958216250e+15,1.407062017700742018e-01
1.651200772960232500e+15,1.416523822317193593e-01
1.651200772962249000e+15,1.426244215934198145e-01
1.651200772964265500e+15,1.435964609551202698e-01
1.651200772966281750e+15,1.445683798061138392e-01
1.651200772968298250e+15,1.455404191678142944e-01
1.651200772970314750e+15,1.465124585295147774e-01
1.651200772972331000e+15,1.470048175208574226e-01
1.651200772974347500e+15,1.458791725940847550e-01
1.651200772976364000e+15,1.447535276673120874e-01
1.651200772978380250e+15,1.436280222948323471e-01
1.651200772980396750e+15,1.425023773680597072e-01
1.651200772982413250e+15,1.413767324412870674e-01
1.651200772984429500e+15,1.411262324854780925e-01
1.651200772986446000e+15,1.411262324854783978e-01
1.651200772988462500e+15,1.411262324854787309e-01
1.651200772990478750e+15,1.411262324854790084e-01
1.651200772992495250e+15,1.411262324854793138e-01
1.651200772994511500e+15,1.411262324854796191e-01
1.651200772996528000e+15,1.411262324854795913e-01
1.651200772998544500e+15,1.411262324854796191e-01
1.651200773000560750e+15,1.411262324854796191e-01
1.651200773002577250e+15,1.411262324854796191e-01
1.651200773004593750e+15,1.411262324854796191e-01
1.651200773006610000e+15,1.411262324854796191e-01
1.651200773008626500e+15,1.411262324854796191e-01
1.651200773010643000e+15,1.411262324854796191e-01
1.651200773012659250e+15,1.411262324854796191e-01
1.651200773014675750e+15,1.411262324854796191e-01
1.651200773016692250e+15,1.411262324854796191e-01
1.651200773018708500e+15,1.411262324854795913e-01
1.651200773020725000e+15,1.411262324854796191e-01
1.651200773022741500e+15,1.411262324854796191e-01
1.651200773024757750e+15,1.411262324854796191e-01
1.651200773026774250e+15,1.411262324854796191e-01
1.651200773028790500e+15,1.411262324854796191e-01
1.651200773030807000e+15,1.411262324854796191e-01
1.651200773032823500e+15,1.411262324854796191e-01
1.651200773034839750e+15,1.411262324854795913e-01
1.651200773036856250e+15,1.412606684953702507e-01
1.651200773038872750e+15,1.424971118885033916e-01
1.651200773040889000e+15,1.437334019908612648e-01
1.651200773042905500e+15,1.449698453839944334e-01
1.651200773044922000e+15,1.462062887771275466e-01
1.651200773046938250e+15,1.471009218999839718e-01
1.651200773048954750e+15,1.459959844973153509e-01
1.651200773050971250e+15,1.448910470946467299e-01
1.651200773052987500e+15,1.437862466790104099e-01
1.651200773055004000e+15,1.426813092763417889e-01
1.651200773057020500e+15,1.415763718736731680e-01
1.651200773059036750e+15,1.411262324854796191e-01
1.651200773061053250e+15,1.411262324854796191e-01
1.651200773063069500e+15,1.411262324854796191e-01
1.651200773065086000e+15,1.411262324854796191e-01
1.651200773067102500e+15,1.411262324854796191e-01
1.651200773069118750e+15,1.411262324854796191e-01
1.651200773071135250e+15,1.411262324854796191e-01
1.651200773073151750e+15,1.411262324854796191e-01
1.651200773075168000e+15,1.411262324854796191e-01
1.651200773077184500e+15,1.411262324854796191e-01
1.651200773079201000e+15,1.411262324854796191e-01
1.651200773081217250e+15,1.409462664382563346e-01
1.651200773083233750e+15,1.404205126762487210e-01
1.651200773085250250e+15,1.398947589142411352e-01
1.651200773087266500e+15,1.393690703337066294e-01
1.651200773089283000e+15,1.388433165716990159e-01
1.651200773091299500e+15,1.383175628096914300e-01
1.651200773093315750e+15,1.377918742291569520e-01
1.651200773095332250e+15,1.372661204671493107e-01
1.651200773097348500e+15,1.367404318866148327e-01
1.651200773099365000e+15,1.362146781246072191e-01
1.651200773101381500e+15,1.356889243625996055e-01
1.651200773103397750e+15,1.351632357820651276e-01
1.651200773105414250e+15,1.355681005805320360e-01
1.651200773107430750e+15,1.364290767850471486e-01
1.651200773109447000e+15,1.372899462481533550e-01
1.651200773111463500e+15,1.381509224526684676e-01
1.651200773113480000e+15,1.390118986571836079e-01
1.651200773115496250e+15,1.398727681202897866e-01
1.651200773117512750e+15,1.407337443248048992e-01
1.651200773119529250e+15,1.411262324854795358e-01
1.651200773121545500e+15,1.411262324854793693e-01
1.651200773123562000e+15,1.411262324854791750e-01
1.651200773125578500e+15,1.411262324854790362e-01
1.651200773127594750e+15,1.411262324854788697e-01
1.651200773129611250e+15,1.411262324854787586e-01
1.651200773131627500e+15,1.411262324854787309e-01
1.651200773133644000e+15,1.411262324854787309e-01
1.651200773135660500e+15,1.411262324854787309e-01
1.651200773137676750e+15,1.411262324854787309e-01
1.651200773139693250e+15,1.411262324854787586e-01
1.651200773141709750e+15,1.408436235768392719e-01
1.651200773143726000e+15,1.396357587924315080e-01
1.651200773145742500e+15,1.384277442417764792e-01
1.651200773147759000e+15,1.372197296911214504e-01
1.651200773149775250e+15,1.360118649067136865e-01
1.651200773151791750e+15,1.348038503560586854e-01
1.651200773153808250e+15,1.335958358054036288e-01
1.651200773155824500e+15,1.323879710209958926e-01
1.651200773157841000e+15,1.311799564703408638e-01
1.651200773159857500e+15,1.299719419196858350e-01
1.651200773161873750e+15,1.288543861823950032e-01
1.651200773163890250e+15,1.288543861823949754e-01
1.651200773165906500e+15,1.288543861823949754e-01
1.651200773167923000e+15,1.288543861823949754e-01
1.651200773169939500e+15,1.288543861823949754e-01
1.651200773171955750e+15,1.288543861823949754e-01
1.651200773173972250e+15,1.288543861823949754e-01
1.651200773175988750e+15,1.288543861823949754e-01
1.651200773178005000e+15,1.288543861823949754e-01
1.651200773180021500e+15,1.288543861823950032e-01
1.651200773182038000e+15,1.288543861823950032e-01
1.651200773184054250e+15,1.288543861823949754e-01
1.651200773186070750e+15,1.288543861823949754e-01
1.651200773188087250e+15,1.288543861823949754e-01
1.651200773190103500e+15,1.288543861823949754e-01
1.651200773192120000e+15,1.288543861823949754e-01
1.651200773194136500e+15,1.288543861823949754e-01
1.651200773196152750e+15,1.288543861823949754e-01
1.651200773198169250e+15,1.288543861823949754e-01
1.651200773200185500e+15,1.288543861823949754e-01
1.651200773202202000e+15,1.288543861823948922e-01
1.651200773204218500e+15,1.288543861823948367e-01
1.651200773206234750e+15,1.288543861823947534e-01
1.651200773208251250e+15,1.288543861823946701e-01
1.651200773210267750e+15,1.288543861823945869e-01
1.651200773212284000e+15,1.288543861823945313e-01
1.651200773214300500e+15,1.288543861823944481e-01
1.651200773216317000e+15,1.288543861823943926e-01
1.651200773218333250e+15,1.288543861823943093e-01
1.651200773220349750e+15,1.288543861823942260e-01
1.651200773222366250e+15,1.288543861823941705e-01
1.651200773224382500e+15,1.288045947189746798e-01
1.651200773226399000e+15,1.277191408164317643e-01
1.651200773228415500e+15,1.266336869138888210e-01
1.651200773230431750e+15,1.255483675828686640e-01
1.651200773232448250e+15,1.244629136803257208e-01
1.651200773234464500e+15,1.233775943493055499e-01
1.651200773236481000e+15,1.229427822302611023e-01
1.651200773238497500e+15,1.235139181716887607e-01
1.651200773240513750e+15,1.240849833052883183e-01
1.651200773242530250e+15,1.246561192467159629e-01
1.651200773244546750e+15,1.252272551881436213e-01
1.651200773246563000e+15,1.257983203217431789e-01
1.651200773248579500e+15,1.263694562631708374e-01
1.651200773250596000e+15,1.269405922045984680e-01
1.651200773252612250e+15,1.275116573381980256e-01
1.651200773254628750e+15,1.280827932796256841e-01
1.651200773256645250e+15,1.286539292210533425e-01
1.651200773258661500e+15,1.295685700859523504e-01
1.651200773260678000e+15,1.306691828803913658e-01
1.651200773262694500e+15,1.317697956748303534e-01
1.651200773264710750e+15,1.328702720183898012e-01
1.651200773266727250e+15,1.339708848128288166e-01
1.651200773268743500e+15,1.349027627747507729e-01
1.651200773270760000e+15,1.337139571410954075e-01
1.651200773272776500e+15,1.325251515074400421e-01
1.651200773274792750e+15,1.313364932585644462e-01
1.651200773276809250e+15,1.301476876249090808e-01
1.651200773278825750e+15,1.289588819912536877e-01
1.651200773280842000e+15,1.295598543084138798e-01
1.651200773282858500e+15,1.303334141105448596e-01
1.651200773284875000e+15,1.311069739126758393e-01
1.651200773286891250e+15,1.318804378110376430e-01
1.651200773288907750e+15,1.326539976131686505e-01
1.651200773290924250e+15,1.334275574152996302e-01
1.651200773292940500e+15,1.342010213136614338e-01
1.651200773294957000e+15,1.349745811157924136e-01
1.651200773296973500e+15,1.324739057246626384e-01
1.651200773298989750e+15,1.299055945238535847e-01
1.651200773301006250e+15,1.273369648715627078e-01
1.651200773303022500e+15,1.247686536707536403e-01
1.651200773305039000e+15,1.229506315543192202e-01
1.651200773307055500e+15,1.241009210569534449e-01
1.651200773309071750e+15,1.252510679499295176e-01
1.651200773311088250e+15,1.264013574525637562e-01
1.651200773313104750e+15,1.275516469551979948e-01
1.651200773315121000e+15,1.287017938481740675e-01
1.651200773317137500e+15,1.298520833508083061e-01
1.651200773319154000e+15,1.310023728534425169e-01
1.651200773321170250e+15,1.321525197464185897e-01
1.651200773323186750e+15,1.333028092490528282e-01
1.651200773325203250e+15,1.344530987516870668e-01
1.651200773327219500e+15,1.349903093339364091e-01
1.651200773329236000e+15,1.349903093339363813e-01
1.651200773331252500e+15,1.349903093339364091e-01
1.651200773333268750e+15,1.349903093339364091e-01
1.651200773335285250e+15,1.349903093339364091e-01
1.651200773337301500e+15,1.349903093339364091e-01
1.651200773339318000e+15,1.349903093339364091e-01
1.651200773341334500e+15,1.349903093339364091e-01
1.651200773343350750e+15,1.349903093339364091e-01
1.651200773345367250e+15,1.349903093339364091e-01
1.651200773347383750e+15,1.393360336484237016e-01
1.651200773349400000e+15,1.442153691066361543e-01
1.651200773351416500e+15,1.490953095661453343e-01
1.651200773353433000e+15,1.539752500256545142e-01
1.651200773355449250e+15,1.588545854838669391e-01
1.651200773357465750e+15,1.585048424403040224e-01
1.651200773359482250e+15,1.573092208753598398e-01
1.651200773361498500e+15,1.561137475402154251e-01
1.651200773363515000e+15,1.549181259752712425e-01
1.651200773365531500e+15,1.537225044103270322e-01
1.651200773367547750e+15,1.525270310751826452e-01
1.651200773369564250e+15,1.513314095102384627e-01
1.651200773371580500e+15,1.501359361750940480e-01
1.651200773373597000e+15,1.489403146101498931e-01
1.651200773375613500e+15,1.477446930452056828e-01
1.651200773377629750e+15,1.465492197100612681e-01
1.651200773379646250e+15,1.453535981451171133e-01
1.651200773381662750e+15,1.441579765801729029e-01
1.651200773383679000e+15,1.429625032450285160e-01
1.651200773385695500e+15,1.417668816800843334e-01
1.651200773387712000e+15,1.440984762004652586e-01
1.651200773389728250e+15,1.505010257627960035e-01
1.651200773391744750e+15,1.569043691936403695e-01
1.651200773393761250e+15,1.633077126244847632e-01
1.651200773395777500e+15,1.697102621868155081e-01
1.651200773397794000e+15,1.761136056176598741e-01
1.651200773399810500e+15,1.825169490485042678e-01
1.651200773401826750e+15,1.804155949962963079e-01
1.651200773403843250e+15,1.755724248093559203e-01
1.651200773405859500e+15,1.707298550650372393e-01
1.651200773407876000e+15,1.658866848780968517e-01
1.651200773409892500e+15,1.610435146911564641e-01
1.651200773411908750e+15,1.595340019401065845e-01
1.651200773413925250e+15,1.595340019401065845e-01
1.651200773415941750e+15,1.595340019401065845e-01
1.651200773417958000e+15,1.595340019401065845e-01
1.651200773419974500e+15,1.595340019401065568e-01
1.651200773421991000e+15,1.595340019401063625e-01
1.651200773424007250e+15,1.595340019401061959e-01
1.651200773426023750e+15,1.595340019401059739e-01
1.651200773428040250e+15,1.595340019401057796e-01
1.651200773430056500e+15,1.595340019401058906e-01
1.651200773432073000e+15,1.595340019401062237e-01
1.651200773434089500e+15,1.595340019401065290e-01
1.651200773436105750e+15,1.595340019401068343e-01
1.651200773438122250e+15,1.595340019401071396e-01
1.651200773440138500e+15,1.595340019401074727e-01
1.651200773442155000e+15,1.595340019401077780e-01
1.651200773444171500e+15,1.595340019401081111e-01
1.651200773446187750e+15,1.595340019401084164e-01
1.651200773448204250e+15,1.595340019401087217e-01
1.651200773450220750e+15,1.595340019401090548e-01
1.651200773452237000e+15,1.595340019401090825e-01
1.651200773454253500e+15,1.595340019401086940e-01
1.651200773456270000e+15,1.595340019401082776e-01
1.651200773458286250e+15,1.595340019401079168e-01
1.651200773460302750e+15,1.595340019401075282e-01
1.651200773462319250e+15,1.595340019401071119e-01
1.651200773464335500e+15,1.595340019401066955e-01
1.651200773466352000e+15,1.595340019401065845e-01
1.651200773468368500e+15,1.595340019401065845e-01
1.651200773470384750e+15,1.595340019401065845e-01
1.651200773472401250e+15,1.595340019401065845e-01
1.651200773474417500e+15,1.595340019401065845e-01
1.651200773476434000e+15,1.595340019401065845e-01
1.651200773478450500e+15,1.595340019401065845e-01
1.651200773480466750e+15,1.595340019401065845e-01
1.651200773482483250e+15,1.595340019401065845e-01
1.651200773484499750e+15,1.595340019401065845e-01
1.651200773486516000e+15,1.595340019401065845e-01
1.651200773488532500e+15,1.595340019401065845e-01
1.651200773490549000e+15,1.595340019401070286e-01
1.651200773492565250e+15,1.595340019401074450e-01
1.651200773494581750e+15,1.595340019401078613e-01
1.651200773496598250e+15,1.595340019401083054e-01
1.651200773498614500e+15,1.595340019401087217e-01
1.651200773500631000e+15,1.595340019401091380e-01
1.651200773502647500e+15,1.595340019401090548e-01
1.651200773504663750e+15,1.595340019401087772e-01
1.651200773506680250e+15,1.595340019401085552e-01
1.651200773508696500e+15,1.595340019401082776e-01
1.651200773510713000e+15,1.595340019401080278e-01
1.651200773512729500e+15,1.595340019401077780e-01
1.651200773514745750e+15,1.595340019401075282e-01
1.651200773516762250e+15,1.595340019401072784e-01
1.651200773518778750e+15,1.595340019401070286e-01
1.651200773520795000e+15,1.595340019401067511e-01
1.651200773522811500e+15,1.595340019401065845e-01
1.651200773524828000e+15,1.595340019401065845e-01
1.651200773526844250e+15,1.595340019401065845e-01
1.651200773528860750e+15,1.595340019401065845e-01
1.651200773530877250e+15,1.595340019401065568e-01
1.651200773532893500e+15,1.595340019401065568e-01
1.651200773534910000e+15,1.595340019401064180e-01
1.651200773536926500e+15,1.595340019401062515e-01
1.651200773538942750e+15,1.595340019401061404e-01
1.651200773540959250e+15,1.595340019401059739e-01
1.651200773542975500e+15,1.595340019401058629e-01
1.651200773544992000e+15,1.595340019401056963e-01
1.651200773547008500e+15,1.600103276522585050e-01
1.651200773549024750e+15,1.605446206798680775e-01
1.651200773551041250e+15,1.610789799558381419e-01
1.651200773553057750e+15,1.616133392318082063e-01
1.651200773555074000e+15,1.621476322594177510e-01
1.651200773557090500e+15,1.626819915353878154e-01
1.651200773559107000e+15,1.632163508113578798e-01
1.651200773561123250e+15,1.637506438389674246e-01
1.651200773563139750e+15,1.642850031149375167e-01
1.651200773565156250e+15,1.648193623909075534e-01
1.651200773567172500e+15,1.653536554185170981e-01
1.651200773569189000e+15,1.656699250916489063e-01
1.651200773571205500e+15,1.656699250916489063e-01
1.651200773573221750e+15,1.656699250916489063e-01
1.651200773575238250e+15,1.656699250916489063e-01
1.651200773577254500e+15,1.656699250916489063e-01
1.651200773579271000e+15,1.656699250916489063e-01
1.651200773581287500e+15,1.656699250916489063e-01
1.651200773583303750e+15,1.660372724342644712e-01
1.651200773585320250e+15,1.665645946740824390e-01
1.651200773587336750e+15,1.670919169139003790e-01
1.651200773589353000e+15,1.676191737777897872e-01
1.651200773591369500e+15,1.681464960176077272e-01
1.651200773593386000e+15,1.686738182574257228e-01
1.651200773595402250e+15,1.692010751213151032e-01
1.651200773597418750e+15,1.697283973611330710e-01
1.651200773599435250e+15,1.702557196009510387e-01
1.651200773601451500e+15,1.707829764648404192e-01
1.651200773603468000e+15,1.713102987046583869e-01
1.651200773605484500e+15,1.717257972754153983e-01
1.651200773607500750e+15,1.703973794665138153e-01
1.651200773609517250e+15,1.690687969436867055e-01
1.651200773611533500e+15,1.677403791347850670e-01
1.651200773613550000e+15,1.664117966119579850e-01
1.651200773615566500e+15,1.664492404239369394e-01
1.651200773617582750e+15,1.682137486089181622e-01
1.651200773619599250e+15,1.699784755797871805e-01
1.651200773621615750e+15,1.717432025506562265e-01
1.651200773623632000e+15,1.735077107356374215e-01
1.651200773625648500e+15,1.752724377065064676e-01
1.651200773627665000e+15,1.770371646773754581e-01
1.651200773629681250e+15,1.788016728623567086e-01
1.651200773631697750e+15,1.805663998332257270e-01
1.651200773633714250e+15,1.823311268040947453e-01
1.651200773635730500e+15,1.840718850864306866e-01
1.651200773637747000e+15,1.835004326092883054e-01
1.651200773639763500e+15,1.829289801321458964e-01
1.651200773641779750e+15,1.823575985020748358e-01
1.651200773643796250e+15,1.817861460249324268e-01
1.651200773645812500e+15,1.812147643948613940e-01
1.651200773647829000e+15,1.806433119177189850e-01
1.651200773649845500e+15,1.800718594405766038e-01
1.651200773651861750e+15,1.795004778105055432e-01
1.651200773653878250e+15,1.789290253333631342e-01
1.651200773655894750e+15,1.783575728562207530e-01
1.651200773657911000e+15,1.779417713947344382e-01
1.651200773659927500e+15,1.779417713947344382e-01
1.651200773661944000e+15,1.779417713947344382e-01
1.651200773663960250e+15,1.779417713947344382e-01
1.651200773665976750e+15,1.779417713947344382e-01
1.651200773667993250e+15,1.779417713947344382e-01
1.651200773670009500e+15,1.779417713947344659e-01
1.651200773672026000e+15,1.779814861076894350e-01
1.651200773674042500e+15,1.791948909360788211e-01
1.651200773676058750e+15,1.804081453299494764e-01
1.651200773678075250e+15,1.816215501583388903e-01
1.651200773680091500e+15,1.828348045522095455e-01
1.651200773682108000e+15,1.840482093805989872e-01
1.651200773684124500e+15,1.840776945462776759e-01
1.651200773686140750e+15,1.840776945462776482e-01
1.651200773688157250e+15,1.840776945462776482e-01
1.651200773690173750e+15,1.840776945462776482e-01
1.651200773692190000e+15,1.840776945462776482e-01
1.651200773694206500e+15,1.840776945462776482e-01
1.651200773696223000e+15,1.840776945462776482e-01
1.651200773698239250e+15,1.840776945462776482e-01
1.651200773700255750e+15,1.840776945462776482e-01
1.651200773702272250e+15,1.840776945462776482e-01
1.651200773704288500e+15,1.840776945462776482e-01
1.651200773706305000e+15,1.845376799903676035e-01
1.651200773708321500e+15,1.858331557557409974e-01
1.651200773710337750e+15,1.871284709116716738e-01
1.651200773712354250e+15,1.884239466770450677e-01
1.651200773714370500e+15,1.897192618329757163e-01
1.651200773716387000e+15,1.902136176978182491e-01
1.651200773718403500e+15,1.902136176978183879e-01
1.651200773720419750e+15,1.902136176978184989e-01
1.651200773722436250e+15,1.902136176978186100e-01
1.651200773724452750e+15,1.902136176978187487e-01
1.651200773726469000e+15,1.902136176978188598e-01
1.651200773728485500e+15,1.902136176978189985e-01
1.651200773730502000e+15,1.902136176978190818e-01
1.651200773732518250e+15,1.902136176978190540e-01
1.651200773734534750e+15,1.902136176978190818e-01
1.651200773736551250e+15,1.902136176978190818e-01
1.651200773738567500e+15,1.902136176978191096e-01
1.651200773740584000e+15,1.902136176978190818e-01
1.651200773742600500e+15,1.902136176978190818e-01
1.651200773744616750e+15,1.902136176978190818e-01
1.651200773746633250e+15,1.902136176978190818e-01
1.651200773748649500e+15,1.902136176978190818e-01
1.651200773750666000e+15,1.902136176978190818e-01
1.651200773752682500e+15,1.902136176978190818e-01
1.651200773754698750e+15,1.902136176978190818e-01
1.651200773756715250e+15,1.902136176978190540e-01
1.651200773758731750e+15,1.902136176978190818e-01
1.651200773760748000e+15,1.902136176978190818e-01
1.651200773762764500e+15,1.902136176978190818e-01
1.651200773764781000e+15,1.902136176978190818e-01
1.651200773766797250e+15,1.902136176978190818e-01
1.651200773768813750e+15,1.902136176978190818e-01
1.651200773770830250e+15,1.902136176978190540e-01
1.651200773772846500e+15,1.902136176978190818e-01
1.651200773774863000e+15,1.902136176978190818e-01
1.651200773776879500e+15,1.902136176978191096e-01
1.651200773778895750e+15,1.902136176978191096e-01
1.651200773780912250e+15,1.902136176978190818e-01
1.651200773782928500e+15,1.902136176978190818e-01
1.651200773784945000e+15,1.902136176978190818e-01
1.651200773786961500e+15,1.902136176978190818e-01
1.651200773788977750e+15,1.902136176978190818e-01
1.651200773790994250e+15,1.902136176978191096e-01
1.651200773793010750e+15,1.902136176978190818e-01
1.651200773795027000e+15,1.902136176978190818e-01
1.651200773797043500e+15,1.902136176978190818e-01
1.651200773799060000e+15,1.902136176978190540e-01
1.651200773801076250e+15,1.902136176978190818e-01
1.651200773803092750e+15,1.902136176978190818e-01
1.651200773805109250e+15,1.902136176978190540e-01
1.651200773807125500e+15,1.902136176978190540e-01
1.651200773809142000e+15,1.902136176978190540e-01
1.651200773811158500e+15,1.902136176978190818e-01
1.651200773813174750e+15,1.902136176978190540e-01
1.651200773815191250e+15,1.902136176978190818e-01
1.651200773817207500e+15,1.902136176978190818e-01
1.651200773819224000e+15,1.902136176978190818e-01
1.651200773821240500e+15,1.902136176978190818e-01
1.651200773823256750e+15,1.902136176978190818e-01
1.651200773825273250e+15,1.902136176978190818e-01
1.651200773827289750e+15,1.902136176978190540e-01
1.651200773829306000e+15,1.902136176978190818e-01
1.651200773831322500e+15,1.902136176978190818e-01
1.651200773833339000e+15,1.902136176978190818e-01
1.651200773835355250e+15,1.902136176978190818e-01
1.651200773837371750e+15,1.902136176978190818e-01
1.651200773839388250e+15,1.902136176978190818e-01
1.651200773841404500e+15,1.902136176978190818e-01
1.651200773843421000e+15,1.902136176978190818e-01
1.651200773845437500e+15,1.902136176978190818e-01
1.651200773847453750e+15,1.902136176978190818e-01
1.651200773849470250e+15,1.902136176978190818e-01
1.651200773851486500e+15,1.902136176978190818e-01
1.651200773853503000e+15,1.902136176978190818e-01
1.651200773855519500e+15,1.902136176978190818e-01
1.651200773857535750e+15,1.902136176978190818e-01
1.651200773859552250e+15,1.902136176978190818e-01
1.651200773861568750e+15,1.902136176978190818e-01
1.651200773863585000e+15,1.902136176978190540e-01
1.651200773865601500e+15,1.902136176978190818e-01
1.651200773867618000e+15,1.902136176978190818e-01
1.651200773869634250e+15,1.902136176978190818e-01
1.651200773871650750e+15,1.902136176978190818e-01
1.651200773873667250e+15,1.902136176978190818e-01
1.651200773875683500e+15,1.902136176978191096e-01
1.651200773877700000e+15,1.902136176978190818e-01
1.651200773879716500e+15,1.902136176978190818e-01
1.651200773881732750e+15,1.902136176978190818e-01
1.651200773883749250e+15,1.902136176978191096e-01
1.651200773885765500e+15,1.902136176978191096e-01
1.651200773887782000e+15,1.899303294914057305e-01
1.651200773889798500e+15,1.892622000548765115e-01
1.651200773891814750e+15,1.885941534511561268e-01
1.651200773893831250e+15,1.879260240146268801e-01
1.651200773895847750e+15,1.872578945780976611e-01
1.651200773897864000e+15,1.865898479743773042e-01
1.651200773899880500e+15,1.859217185378480575e-01
1.651200773901897000e+15,1.852535891013188107e-01
1.651200773903913250e+15,1.845855424975984538e-01
1.651200773905929750e+15,1.840776945462767322e-01
1.651200773907946250e+15,1.840776945462767600e-01
1.651200773909962500e+15,1.840776945462767600e-01
1.651200773911979000e+15,1.840776945462767600e-01
1.651200773913995500e+15,1.840776945462767600e-01
1.651200773916011750e+15,1.840776945462767600e-01
1.651200773918028250e+15,1.840776945462767600e-01
1.651200773920044500e+15,1.840776945462768710e-01
1.651200773922061000e+15,1.840776945462769820e-01
1.651200773924077500e+15,1.840776945462771486e-01
1.651200773926093750e+15,1.840776945462772873e-01
1.651200773928110250e+15,1.840776945462773984e-01
1.651200773930126750e+15,1.840776945462775649e-01
1.651200773932143000e+15,1.840776945462776482e-01
1.651200773934159500e+15,1.840776945462776482e-01
1.651200773936176000e+15,1.840776945462776482e-01
1.651200773938192250e+15,1.840776945462776482e-01
1.651200773940208750e+15,1.840776945462776759e-01
1.651200773942225250e+15,1.840776945462776204e-01
1.651200773944241500e+15,1.840776945462776482e-01
1.651200773946258000e+15,1.840776945462776482e-01
1.651200773948274500e+15,1.840776945462776482e-01
1.651200773950290750e+15,1.840776945462776482e-01
1.651200773952307250e+15,1.836725629048975295e-01
1.651200773954323500e+15,1.828542842453105277e-01
1.651200773956340000e+15,1.820359041252574139e-01
1.651200773958356500e+15,1.812175240052042724e-01
1.651200773960372750e+15,1.803992453456172984e-01
1.651200773962389250e+15,1.795808652255641569e-01
1.651200773964405750e+15,1.787624851055110431e-01
1.651200773966422000e+15,1.779442064459240691e-01
1.651200773968438500e+15,1.790823292253735932e-01
1.651200773970455000e+15,1.802262908595344271e-01
1.651200773972471250e+15,1.813701106685484121e-01
1.651200773974487750e+15,1.825140723027092182e-01
1.651200773976504250e+15,1.836580339368700243e-01
1.651200773978520500e+15,1.840776945462775926e-01
1.651200773980537000e+15,1.840776945462774816e-01
1.651200773982553500e+15,1.840776945462773706e-01
1.651200773984569750e+15,1.840776945462772873e-01
1.651200773986586250e+15,1.840776945462772041e-01
1.651200773988602500e+15,1.840776945462770930e-01
1.651200773990619000e+15,1.840776945462769820e-01
1.651200773992635500e+15,1.840776945462768988e-01
1.651200773994651750e+15,1.840776945462767877e-01
1.651200773996668250e+15,1.832287616614016734e-01
1.651200773998684750e+15,1.820620394515869434e-01
1.651200774000701000e+15,1.808954618887111954e-01
1.651200774002717500e+15,1.797287396788964930e-01
1.651200774004734000e+15,1.785620174690817630e-01
1.651200774006750250e+15,1.781763970299431732e-01
1.651200774008766750e+15,1.786774535228193572e-01
1.651200774010783250e+15,1.791785100156955690e-01
1.651200774012799500e+15,1.796795043889966581e-01
1.651200774014816000e+15,1.801805608818728699e-01
1.651200774016832500e+15,1.806816173747490817e-01
1.651200774018848750e+15,1.811826117480501708e-01
1.651200774020865250e+15,1.816836682409263548e-01
1.651200774022881500e+15,1.821846626142274717e-01
1.651200774024898000e+15,1.826857191071036834e-01
1.651200774026914500e+15,1.831867755999798675e-01
1.651200774028930750e+15,1.836877699732810121e-01
1.651200774030947250e+15,1.840776945462767600e-01
1.651200774032963750e+15,1.840776945462768710e-01
1.651200774034980000e+15,1.840776945462769543e-01
1.651200774036996500e+15,1.840776945462770375e-01
1.651200774039013000e+15,1.840776945462771208e-01
1.651200774041029250e+15,1.840776945462772041e-01
1.651200774043045750e+15,1.840776945462772873e-01
1.651200774045062250e+15,1.840776945462773706e-01
1.651200774047078500e+15,1.840776945462774261e-01
1.651200774049095000e+15,1.840776945462775094e-01
1.651200774051111500e+15,1.840776945462775926e-01
1.651200774053127750e+15,1.840776945462776204e-01
1.651200774055144250e+15,1.840776945462776482e-01
1.651200774057160500e+15,1.840776945462776482e-01
1.651200774059177000e+15,1.840776945462776482e-01
1.651200774061193500e+15,1.840776945462776482e-01
1.651200774063209750e+15,1.840776945462776482e-01
1.651200774065226250e+15,1.840776945462776482e-01
1.651200774067242750e+15,1.840776945462776482e-01
1.651200774069259000e+15,1.840776945462776482e-01
1.651200774071275500e+15,1.840776945462776482e-01
1.651200774073292000e+15,1.840776945462776482e-01
1.651200774075308250e+15,1.840776945462776759e-01
1.651200774077324750e+15,1.832567089131647009e-01
1.651200774079341250e+15,1.817702734212030546e-01
1.651200774081357500e+15,1.802840222133341719e-01
1.651200774083374000e+15,1.787975867213725256e-01
1.651200774085390500e+15,1.783609092305804555e-01
1.651200774087406750e+15,1.793487370055966146e-01
1.651200774089423250e+15,1.803366872639079188e-01
1.651200774091439500e+15,1.813245150389241056e-01
1.651200774093456000e+15,1.823124652972353821e-01
1.651200774095472500e+15,1.833004155555466586e-01
1.651200774097488750e+15,1.840776945462784531e-01
1.651200774099505250e+15,1.840776945462779257e-01
1.651200774101521750e+15,1.840776945462773984e-01
1.651200774103538000e+15,1.840776945462768710e-01
1.651200774105554500e+15,1.840776945462763714e-01
1.651200774107571000e+15,1.840776945462758718e-01
1.651200774109587250e+15,1.840776945462753167e-01
1.651200774111603750e+15,1.840776945462751779e-01
1.651200774113620250e+15,1.840776945462758440e-01
1.651200774115636500e+15,1.840776945462764824e-01
1.651200774117653000e+15,1.840776945462771486e-01
1.651200774119669500e+15,1.840776945462778147e-01
1.651200774121685750e+15,1.840776945462784808e-01
1.651200774123702250e+15,1.845956392273778168e-01
1.651200774125718500e+15,1.851634282518532792e-01
1.651200774127735000e+15,1.857312876779436683e-01
1.651200774129751500e+15,1.862991471040340297e-01
1.651200774131767750e+15,1.868669361285094643e-01
1.651200774133784250e+15,1.874347955545998534e-01
1.651200774135800750e+15,1.880026549806902425e-01
1.651200774137817000e+15,1.885704440051657049e-01
1.651200774139833500e+15,1.891383034312560663e-01
1.651200774141850000e+15,1.897061628573464553e-01
1.651200774143866250e+15,1.902136176978199700e-01
1.651200774145882750e+15,1.902136176978199700e-01
1.651200774147899250e+15,1.902136176978199700e-01
1.651200774149915500e+15,1.902136176978199700e-01
1.651200774151932000e+15,1.902136176978199700e-01
1.651200774153948500e+15,1.902136176978199700e-01
1.651200774155964750e+15,1.902136176978199700e-01
1.651200774157981250e+15,1.902136176978199700e-01
1.651200774159997500e+15,1.902136176978199700e-01
1.651200774162014000e+15,1.902136176978199700e-01
1.651200774164030500e+15,1.902136176978199700e-01
1.651200774166046750e+15,1.902136176978199977e-01
1.651200774168063250e+15,1.902136176978199700e-01
1.651200774170079750e+15,1.902136176978199700e-01
1.651200774172096000e+15,1.902136176978199700e-01
1.651200774174112500e+15,1.902136176978199700e-01
1.651200774176129000e+15,1.902136176978199700e-01
1.651200774178145250e+15,1.902136176978199700e-01
1.651200774180161750e+15,1.902136176978199700e-01
1.651200774182178250e+15,1.902136176978199700e-01
1.651200774184194500e+15,1.902136176978199700e-01
1.651200774186211000e+15,1.902136176978199700e-01
1.651200774188227250e+15,1.902136176978199700e-01
1.651200774190243750e+15,1.902136176978199700e-01
1.651200774192260250e+15,1.902136176978199700e-01
1.651200774194276500e+15,1.902136176978199700e-01
1.651200774196293000e+15,1.902136176978199700e-01
1.651200774198309500e+15,1.902136176978199700e-01
1.651200774200325750e+15,1.902136176978199700e-01
1.651200774202342250e+15,1.902136176978199422e-01
1.651200774204358750e+15,1.902136176978199700e-01
1.651200774206375000e+15,1.902136176978199700e-01
1.651200774208391500e+15,1.902136176978199700e-01
1.651200774210408000e+15,1.902136176978199700e-01
1.651200774212424250e+15,1.902136176978199700e-01
1.651200774214440750e+15,1.907355467386559200e-01
1.651200774216457250e+15,1.916822253182338398e-01
1.651200774218473500e+15,1.926287865312633352e-01
1.651200774220490000e+15,1.935754651108412272e-01
1.651200774222506250e+15,1.945220263238707226e-01
1.651200774224522750e+15,1.954687049034486701e-01
1.651200774226539250e+15,1.962219996149966450e-01
1.651200774228555500e+15,1.943884522796102410e-01
1.651200774230572000e+15,1.925546775979949943e-01
1.651200774232588500e+15,1.907209029163797753e-01
1.651200774234604750e+15,1.888873555809933991e-01
1.651200774236621250e+15,1.870535808993781801e-01
1.651200774238637750e+15,1.852198062177629334e-01
1.651200774240654000e+15,1.833862588823765294e-01
1.651200774242670500e+15,1.815524842007613104e-01
1.651200774244687000e+15,1.797187095191461192e-01
1.651200774246703250e+15,1.781157697621650049e-01
1.651200774248719750e+15,1.837521988051158961e-01
1.651200774250736250e+15,1.893886278480667595e-01
1.651200774252752500e+15,1.950243581023934358e-01
1.651200774254769000e+15,2.006607871453443548e-01
1.651200774256785250e+15,2.062965173996710311e-01
1.651200774258801750e+15,2.086213871524478236e-01
1.651200774260818250e+15,2.086213871524478236e-01
1.651200774262834500e+15,2.086213871524478236e-01
1.651200774264851000e+15,2.086213871524478236e-01
1.651200774266867500e+15,2.086213871524478514e-01
1.651200774268883750e+15,2.086213871524478236e-01
1.651200774270900250e+15,2.086213871524478236e-01
1.651200774272916750e+15,2.086213871524478236e-01
1.651200774274933000e+15,2.086213871524478236e-01
1.651200774276949500e+15,2.086213871524478514e-01
1.651200774278966000e+15,2.086213871524478514e-01
1.651200774280982250e+15,2.086213871524478514e-01
1.651200774282998750e+15,2.082609971645526525e-01
1.651200774285015250e+15,2.077440301287421520e-01
1.651200774287031500e+15,2.072271271850511243e-01
1.651200774289048000e+15,2.067101601492405960e-01
1.651200774291064250e+15,2.061932572055495960e-01
1.651200774293080750e+15,2.056762901697390955e-01
1.651200774295097250e+15,2.051593231339285950e-01
1.651200774297113500e+15,2.046424201902375950e-01
1.651200774299130000e+15,2.041254531544270667e-01
1.651200774301146500e+15,2.036084861186165662e-01
1.651200774303162750e+15,2.030915831749255385e-01
1.651200774305179250e+15,2.025746161391150379e-01
1.651200774307195750e+15,2.024854640009038365e-01
1.651200774309212000e+15,2.024854640009039752e-01
1.651200774311228500e+15,2.024854640009041140e-01
1.651200774313245000e+15,2.024854640009042805e-01
1.651200774315261250e+15,2.024854640009043916e-01
1.651200774317277750e+15,2.024854640009045303e-01
1.651200774319294250e+15,2.024854640009046136e-01
1.651200774321310500e+15,2.024854640009046136e-01
1.651200774323327000e+15,2.024854640009046136e-01
1.651200774325343250e+15,2.024854640009046136e-01
1.651200774327359750e+15,2.024854640009046136e-01
1.651200774329376250e+15,2.024854640009046136e-01
1.651200774331392500e+15,2.024854640009046136e-01
1.651200774333409000e+15,2.024854640009046136e-01
1.651200774335425500e+15,2.024854640009046414e-01
1.651200774337441750e+15,2.024854640009046136e-01
1.651200774339458250e+15,2.026705505782095407e-01
1.651200774341474750e+15,2.032742336888207213e-01
1.651200774343491000e+15,2.038778419564972744e-01
1.651200774345507500e+15,2.044815250671084828e-01
1.651200774347524000e+15,2.050852081777196911e-01
1.651200774349540250e+15,2.056888164453962164e-01
1.651200774351556750e+15,2.062924995560074248e-01
1.651200774353573250e+15,2.068961826666186055e-01
1.651200774355589500e+15,2.074997909342951585e-01
1.651200774357606000e+15,2.081034740449063669e-01
1.651200774359622250e+15,2.085466400249421093e-01
1.651200774361638750e+15,2.080200807843647359e-01
1.651200774363655250e+15,2.074935215437873903e-01
1.651200774365671500e+15,2.069670275845440777e-01
1.651200774367688000e+15,2.064404683439667321e-01
1.651200774369704500e+15,2.059139091033893587e-01
1.651200774371720750e+15,2.053874151441460461e-01
1.651200774373737250e+15,2.048608559035687005e-01
1.651200774375753750e+15,2.043342966629913271e-01
1.651200774377770000e+15,2.038078027037480422e-01
1.651200774379786500e+15,2.032812434631706688e-01
1.651200774381803000e+15,2.027546842225932955e-01
1.651200774383819250e+15,2.029180830280305492e-01
1.651200774385835750e+15,2.038035194839549202e-01
1.651200774387852250e+15,2.046889559398792635e-01
1.651200774389868500e+15,2.055742826218814878e-01
1.651200774391885000e+15,2.064597190778058311e-01
1.651200774393901250e+15,2.073450457598080277e-01
1.651200774395917750e+15,2.082304822157323987e-01
1.651200774397934250e+15,2.086213871524477126e-01
1.651200774399950500e+15,2.086213871524475461e-01
1.651200774401967000e+15,2.086213871524473518e-01
1.651200774403983500e+15,2.086213871524471852e-01
1.651200774405999750e+15,2.086213871524469909e-01
1.651200774408016250e+15,2.086213871524468244e-01
1.651200774410032750e+15,2.086213871524466579e-01
1.651200774412049000e+15,2.086213871524464913e-01
1.651200774414065500e+15,2.086213871524462693e-01
1.651200774416082000e+15,2.086213871524461028e-01
1.651200774418098250e+15,2.079182640932557835e-01
1.651200774420114750e+15,2.068743858316270390e-01
1.651200774422131250e+15,2.058305075699983222e-01
1.651200774424147500e+15,2.047867587254613153e-01
1.651200774426164000e+15,2.037428804638325985e-01
1.651200774428180250e+15,2.026991316192955916e-01
1.651200774430196750e+15,2.024854640009037254e-01
1.651200774432213250e+15,2.024854640009037532e-01
1.651200774434229500e+15,2.024854640009037254e-01
1.651200774436246000e+15,2.024854640009037254e-01
1.651200774438262500e+15,2.024854640009037254e-01
1.651200774440278750e+15,2.024854640009037532e-01
1.651200774442295250e+15,2.024854640009037532e-01
1.651200774444311750e+15,2.024854640009037532e-01
1.651200774446328000e+15,2.024854640009037254e-01
1.651200774448344500e+15,2.024854640009037254e-01
1.651200774450361000e+15,2.024854640009037254e-01
1.651200774452377250e+15,2.024854640009037254e-01
1.651200774454393750e+15,2.024854640009037254e-01
1.651200774456410250e+15,2.024854640009037254e-01
1.651200774458426500e+15,2.024854640009037254e-01
1.651200774460443000e+15,2.024854640009037254e-01
1.651200774462459250e+15,2.024854640009037254e-01
1.651200774464475750e+15,2.024854640009037254e-01
1.651200774466492250e+15,2.024854640009037254e-01
1.651200774468508500e+15,2.024854640009037254e-01
1.651200774470525000e+15,2.024854640009037254e-01
1.651200774472541500e+15,2.024677479285355020e-01
1.651200774474557750e+15,2.014323847136810508e-01
1.651200774476574250e+15,2.003968931214906712e-01
1.651200774478590750e+15,1.993614015293002639e-01
1.651200774480607000e+15,1.983260383144458128e-01
1.651200774482623500e+15,1.972905467222554055e-01
1.651200774484640000e+15,1.964092042145730577e-01
1.651200774486656250e+15,1.970629882368896413e-01
1.651200774488672750e+15,1.977168533235610925e-01
1.651200774490689250e+15,1.983707184102325716e-01
1.651200774492705500e+15,1.990245024325491274e-01
1.651200774494722000e+15,1.996783675192206065e-01
1.651200774496738250e+15,2.003321515415371623e-01
1.651200774498754750e+15,2.009860166282086413e-01
1.651200774500771250e+15,2.016398817148801204e-01
1.651200774502787500e+15,2.022936657371966485e-01
1.651200774504804000e+15,2.029475308238681275e-01
1.651200774506820500e+15,2.036013959105395787e-01
1.651200774508836750e+15,2.042551799328561346e-01
1.651200774510853250e+15,2.049090450195276136e-01
1.651200774512869750e+15,2.055629101061990927e-01
1.651200774514886000e+15,2.062166941285156763e-01
1.651200774516902500e+15,2.068705592151871275e-01
1.651200774518919000e+15,2.075244243018585788e-01
1.651200774520935250e+15,2.081782083241751624e-01
1.651200774522951750e+15,2.075017308812350803e-01
1.651200774524968250e+15,2.040268761357222904e-01
1.651200774526984500e+15,2.005524521929302473e-01
1.651200774529001000e+15,1.970775974474174852e-01
1.651200774531017250e+15,1.936031735046254421e-01
1.651200774533033750e+15,1.901283187591126522e-01
1.651200774535050250e+15,1.866534640135998624e-01
1.651200774537066500e+15,1.840776945462776759e-01
1.651200774539083000e+15,1.840776945462776482e-01
1.651200774541099500e+15,1.840776945462776482e-01
1.651200774543115750e+15,1.840776945462776482e-01
1.651200774545132250e+15,1.840776945462776482e-01
1.651200774547148750e+15,1.839924207044369431e-01
1.651200774549165000e+15,1.833550402276570568e-01
1.651200774551181500e+15,1.827175807204398927e-01
1.651200774553198000e+15,1.820801212132227287e-01
1.651200774555214250e+15,1.814427407364428702e-01
1.651200774557230750e+15,1.808052812292257339e-01
1.651200774559247250e+15,1.801678217220085421e-01
1.651200774561263500e+15,1.795304412452286835e-01
1.651200774563280000e+15,1.788929817380115195e-01
1.651200774565296250e+15,1.782556012612316609e-01
1.651200774567312750e+15,1.779417713947352431e-01
1.651200774569329250e+15,1.779417713947351598e-01
1.651200774571345500e+15,1.779417713947349933e-01
1.651200774573362000e+15,1.779417713947348823e-01
1.651200774575378500e+15,1.779417713947347435e-01
1.651200774577394750e+15,1.779417713947346047e-01
1.651200774579411250e+15,1.779417713947344937e-01
1.651200774581427750e+15,1.779417713947344382e-01
1.651200774583444000e+15,1.779417713947344382e-01
1.651200774585460500e+15,1.779417713947344382e-01
1.651200774587477000e+15,1.779417713947344104e-01
1.651200774589493250e+15,1.779417713947344382e-01
1.651200774591509750e+15,1.782980494361523782e-01
1.651200774593526250e+15,1.788678964879226174e-01
1.651200774595542500e+15,1.794376728916576569e-01
1.651200774597559000e+15,1.800075199434278961e-01
1.651200774599575250e+15,1.805772963471629355e-01
1.651200774601591750e+15,1.811471433989331747e-01
1.651200774603608250e+15,1.817169904507033862e-01
1.651200774605624500e+15,1.822867668544384534e-01
1.651200774607641000e+15,1.828566139062086371e-01
1.651200774609657500e+15,1.834264609579788763e-01
1.651200774611673750e+15,1.839962373617139157e-01
1.651200774613690250e+15,1.833590925820130224e-01
1.651200774615706750e+15,1.825206369992329880e-01
1.651200774617723000e+15,1.816822853658185410e-01
1.651200774619739500e+15,1.808438297830384789e-01
1.651200774621756000e+15,1.800053742002584445e-01
1.651200774623772250e+15,1.791670225668439975e-01
1.651200774625788750e+15,1.783285669840639076e-01
1.651200774627805250e+15,1.771124636277373321e-01
1.651200774629821500e+15,1.755731386240920455e-01
1.651200774631838000e+15,1.740336227555981941e-01
1.651200774633854250e+15,1.724942977519529352e-01
1.651200774635870750e+15,1.724811390254203658e-01
1.651200774637887250e+15,1.737026899223582110e-01
1.651200774639903500e+15,1.749240893748505998e-01
1.651200774641920000e+15,1.761456402717884173e-01
1.651200774643936500e+15,1.773671911687262626e-01
1.651200774645952750e+15,1.779417713947344104e-01
1.651200774647969250e+15,1.779417713947344382e-01
1.651200774649985750e+15,1.779417713947344104e-01
1.651200774652002000e+15,1.779417713947344382e-01
1.651200774654018500e+15,1.779417713947344104e-01
1.651200774656035000e+15,1.779417713947344104e-01
1.651200774658051250e+15,1.779417713947344104e-01
1.651200774660067750e+15,1.779417713947344382e-01
1.651200774662084250e+15,1.779417713947344382e-01
1.651200774664100500e+15,1.779417713947344382e-01
1.651200774666117000e+15,1.779417713947344104e-01
1.651200774668133250e+15,1.773378466265091158e-01
1.651200774670149750e+15,1.763798806126437579e-01
1.651200774672166250e+15,1.754219145987783723e-01
1.651200774674182500e+15,1.744640673508457973e-01
1.651200774676199000e+15,1.735061013369804117e-01
1.651200774678215500e+15,1.725481353231150816e-01
1.651200774680231750e+15,1.719923551516870652e-01
1.651200774682248250e+15,1.728212062392463222e-01
1.651200774684264750e+15,1.736500573268056347e-01
1.651200774686281000e+15,1.744788056557376454e-01
1.651200774688297500e+15,1.753076567432969302e-01
1.651200774690314000e+15,1.761365078308562149e-01
1.651200774692330250e+15,1.769652561597882534e-01
1.651200774694346750e+15,1.777941072473475381e-01
1.651200774696363250e+15,1.774462902933897912e-01
1.651200774698379500e+15,1.768434761310206937e-01
1.651200774700396000e+15,1.762405872241801508e-01
1.651200774702412250e+15,1.756377730618110533e-01
1.651200774704428750e+15,1.750348841549704826e-01
1.651200774706445250e+15,1.744319952481299396e-01
1.651200774708461500e+15,1.738291810857608699e-01
1.651200774710478000e+15,1.732262921789203269e-01
1.651200774712494500e+15,1.726234032720797562e-01
1.651200774714510750e+15,1.720205891097106310e-01
1.651200774716527250e+15,1.718058482431905065e-01
1.651200774718543750e+15,1.718058482431908396e-01
1.651200774720560000e+15,1.718058482431911171e-01
1.651200774722576500e+15,1.718058482431914502e-01
1.651200774724593000e+15,1.718058482431917278e-01
1.651200774726609250e+15,1.718058482431920331e-01
1.651200774728625750e+15,1.718058482431920886e-01
1.651200774730642250e+15,1.718058482431921163e-01
1.651200774732658500e+15,1.718058482431921163e-01
1.651200774734675000e+15,1.718058482431921163e-01
1.651200774736691250e+15,1.718058482431920886e-01
1.651200774738707750e+15,1.718058482431921163e-01
1.651200774740724250e+15,1.718058482431920331e-01
1.651200774742740500e+15,1.718058482431919221e-01
1.651200774744757000e+15,1.718058482431918110e-01
1.651200774746773500e+15,1.718058482431917278e-01
1.651200774748789750e+15,1.718058482431915612e-01
1.651200774750806250e+15,1.718058482431914780e-01
1.651200774752822750e+15,1.718058482431913669e-01
1.651200774754839000e+15,1.718058482431912559e-01
1.651200774756855500e+15,1.711815933478325336e-01
1.651200774758872000e+15,1.704946574698020245e-01
1.651200774760888250e+15,1.698078067561501758e-01
1.651200774762904750e+15,1.691208708781196668e-01
1.651200774764921250e+15,1.684339350000891855e-01
1.651200774766937500e+15,1.677470842864373646e-01
1.651200774768954000e+15,1.670601484084068555e-01
1.651200774770970250e+15,1.663732976947550068e-01
1.651200774772986750e+15,1.656863618167245256e-01
1.651200774775003250e+15,1.665301124665079791e-01
1.651200774777019500e+15,1.674112773564150614e-01
1.651200774779036000e+15,1.682925515042130171e-01
1.651200774781052500e+15,1.691738256520109729e-01
1.651200774783068750e+15,1.700549905419180274e-01
1.651200774785085250e+15,1.709362646897159832e-01
1.651200774787101750e+15,1.718058482431903400e-01
1.651200774789118000e+15,1.718058482431904510e-01
1.651200774791134500e+15,1.718058482431905620e-01
1.651200774793151000e+15,1.718058482431906453e-01
1.651200774795167250e+15,1.718058482431907563e-01
1.651200774797183750e+15,1.718058482431908396e-01
1.651200774799200250e+15,1.718058482431909506e-01
1.651200774801216500e+15,1.718058482431910616e-01
1.651200774803233000e+15,1.718058482431911449e-01
1.651200774805249250e+15,1.713555300378385160e-01
1.651200774807265750e+15,1.699032043103795298e-01
1.651200774809282250e+15,1.684508785829205435e-01
1.651200774811298500e+15,1.669987329107215923e-01
1.651200774813315000e+15,1.655464071832626061e-01
1.651200774815331500e+15,1.640940814558036198e-01
1.651200774817347750e+15,1.626419357836046409e-01
1.651200774819364250e+15,1.611896100561456546e-01
1.651200774821380750e+15,1.597372843286866684e-01
1.651200774823397000e+15,1.584886403027722102e-01
1.651200774825413500e+15,1.572729703248706978e-01
1.651200774827430000e+15,1.560573003469691855e-01
1.651200774829446250e+15,1.548417810844133213e-01
1.651200774831462750e+15,1.536261111065118368e-01
1.651200774833479250e+15,1.533980787885642627e-01
1.651200774835495500e+15,1.533980787885642627e-01
1.651200774837512000e+15,1.533980787885642627e-01
1.651200774839528250e+15,1.533980787885642627e-01
1.651200774841544750e+15,1.533980787885642627e-01
1.651200774843561250e+15,1.533980787885642627e-01
1.651200774845577500e+15,1.533980787885642627e-01
1.651200774847594000e+15,1.522334178334793231e-01
1.651200774849610500e+15,1.509191823461101534e-01
1.651200774851626750e+15,1.496051097939613272e-01
1.651200774853643250e+15,1.482908743065921298e-01
1.651200774855659750e+15,1.469766388192229600e-01
1.651200774857676000e+15,1.456625662670741339e-01
1.651200774859692500e+15,1.443483307797049364e-01
1.651200774861709000e+15,1.430340952923357389e-01
1.651200774863725250e+15,1.417200227401869128e-01
1.651200774865741750e+15,1.404057872528177431e-01
1.651200774867758250e+15,1.390915517654485178e-01
1.651200774869774500e+15,1.377774792132997195e-01
1.651200774871791000e+15,1.364632437259305220e-01
1.651200774873807250e+15,1.351491711737816959e-01
1.651200774875823750e+15,1.343432652695212559e-01
1.651200774877840250e+15,1.336072537868559229e-01
1.651200774879856500e+15,1.328713335528246831e-01
1.651200774881873000e+15,1.321353220701593500e-01
1.651200774883889500e+15,1.313993105874940170e-01
1.651200774885905750e+15,1.306633903534628049e-01
1.651200774887922250e+15,1.299273788707974719e-01
1.651200774889938750e+15,1.291913673881321389e-01
1.651200774891955000e+15,1.294477298968625401e-01
1.651200774893971500e+15,1.305424029071329817e-01
1.651200774895988000e+15,1.316370759174034233e-01
1.651200774898004250e+15,1.327316132131920734e-01
1.651200774900020750e+15,1.338262862234625150e-01
1.651200774902037250e+15,1.349209592337329566e-01
1.651200774904053500e+15,1.357354265812566463e-01
1.651200774906070000e+15,1.365310468773749675e-01
1.651200774908086250e+15,1.373265685347261067e-01
1.651200774910102750e+15,1.381221888308444279e-01
1.651200774912119250e+15,1.389178091269627768e-01
1.651200774914135500e+15,1.397133307843139161e-01
1.651200774916152000e+15,1.405089510804322650e-01
1.651200774918168500e+15,1.413045713765505584e-01
1.651200774920184750e+15,1.421000930339016977e-01
1.651200774922201250e+15,1.428957133300200466e-01
1.651200774924217750e+15,1.436913336261383678e-01
1.651200774926234000e+15,1.444868552834895348e-01
1.651200774928250500e+15,1.452824755796078282e-01
1.651200774930267000e+15,1.460780958757261772e-01
1.651200774932283250e+15,1.468736175330773164e-01
1.651200774934299750e+15,1.461198354075725625e-01
1.651200774936316250e+15,1.438872318285245311e-01
1.651200774938332500e+15,1.416549050413906108e-01
1.651200774940349000e+15,1.394223014623425794e-01
1.651200774942365250e+15,1.371899746752086313e-01
1.651200774944381750e+15,1.349810675501301460e-01
1.651200774946398250e+15,1.343546454645142829e-01
1.651200774948414500e+15,1.337283010409471840e-01
1.651200774950431000e+15,1.331018789553312931e-01
1.651200774952447500e+15,1.324754568697154022e-01
1.651200774954463750e+15,1.318491124461483310e-01
1.651200774956480250e+15,1.312226903605324124e-01
1.651200774958496750e+15,1.305962682749165493e-01
1.651200774960513000e+15,1.299699238513494504e-01
1.651200774962529500e+15,1.293435017657335595e-01
1.651200774964546000e+15,1.288543861823949754e-01
1.651200774966562250e+15,1.288543861823949754e-01
1.651200774968578750e+15,1.288543861823949754e-01
1.651200774970595250e+15,1.288543861823949754e-01
1.651200774972611500e+15,1.288543861823949754e-01
1.651200774974628000e+15,1.288543861823949754e-01
1.651200774976644250e+15,1.288543861823949754e-01
1.651200774978660750e+15,1.288543861823948644e-01
1.651200774980677250e+15,1.288543861823946424e-01
1.651200774982693500e+15,1.288543861823944481e-01
1.651200774984710000e+15,1.288543861823942538e-01
1.651200774986726500e+15,1.288543861823940317e-01
1.651200774988742750e+15,1.288543861823938375e-01
1.651200774990759250e+15,1.288543861823935877e-01
1.651200774992775750e+15,1.288543861823933934e-01
1.651200774994792000e+15,1.288543861823931991e-01
1.651200774996808500e+15,1.288543861823929770e-01
1.651200774998825000e+15,1.288543861823927550e-01
1.651200775000841250e+15,1.288543861823925607e-01
1.651200775002857750e+15,1.288543861823923387e-01
1.651200775004874250e+15,1.288543861823923109e-01
1.651200775006890500e+15,1.288543861823923109e-01
1.651200775008907000e+15,1.288543861823923109e-01
1.651200775010923250e+15,1.288543861823923109e-01
1.651200775012939750e+15,1.288543861823923109e-01
1.651200775014956250e+15,1.288543861823923109e-01
1.651200775016972500e+15,1.288543861823923109e-01
1.651200775018989000e+15,1.288543861823923109e-01
1.651200775021005500e+15,1.288543861823923109e-01
1.651200775023021750e+15,1.288543861823923109e-01
1.651200775025038250e+15,1.288543861823923109e-01
1.651200775027054750e+15,1.288543861823923109e-01
1.651200775029071000e+15,1.288543861823923109e-01
1.651200775031087500e+15,1.276304084805604533e-01
1.651200775033104000e+15,1.252353080091931636e-01
1.651200775035120250e+15,1.228405044756478021e-01
1.651200775037136750e+15,1.204454040042805263e-01
1.651200775039153250e+15,1.180503035329132644e-01
1.651200775041169500e+15,1.165825398793094436e-01
1.651200775043186000e+15,1.165825398793094436e-01
1.651200775045202250e+15,1.165825398793094436e-01
1.651200775047218750e+15,1.165825398793094436e-01
1.651200775049235250e+15,1.165825398793094436e-01
1.651200775051251500e+15,1.165825398793094297e-01
1.651200775053268000e+15,1.165825398793094436e-01
1.651200775055284500e+15,1.165825398793094436e-01
1.651200775057300750e+15,1.165825398793094436e-01
1.651200775059317250e+15,1.165825398793094436e-01
1.651200775061333750e+15,1.165825398793094297e-01
1.651200775063350000e+15,1.165825398793094436e-01
1.651200775065366500e+15,1.165825398793094436e-01
1.651200775067383000e+15,1.165825398793094436e-01
1.651200775069399250e+15,1.165825398793094436e-01
1.651200775071415750e+15,1.165825398793094436e-01
1.651200775073432250e+15,1.165825398793094436e-01
1.651200775075448500e+15,1.165825398793094436e-01
1.651200775077465000e+15,1.165825398793094436e-01
1.651200775079481250e+15,1.165825398793094297e-01
1.651200775081497750e+15,1.165825398793094297e-01
1.651200775083514250e+15,1.165825398793094436e-01
1.651200775085530500e+15,1.165825398793094436e-01
1.651200775087547000e+15,1.165825398793094436e-01
1.651200775089563500e+15,1.165825398793094436e-01
1.651200775091579750e+15,1.165825398793094575e-01
1.651200775093596250e+15,1.165825398793094436e-01
1.651200775095612750e+15,1.165825398793094436e-01
1.651200775097629000e+15,1.165825398793094436e-01
1.651200775099645500e+15,1.165825398793094436e-01
1.651200775101662000e+15,1.165825398793094436e-01
1.651200775103678250e+15,1.165825398793094575e-01
1.651200775105694750e+15,1.165825398793094575e-01
1.651200775107711250e+15,1.165825398793094436e-01
1.651200775109727500e+15,1.175062562853834702e-01
1.651200775111744000e+15,1.184967769622504025e-01
1.651200775113760250e+15,1.194871748371489628e-01
1.651200775115776750e+15,1.204776955140159089e-01
1.651200775117793250e+15,1.214682161908828412e-01
1.651200775119809500e+15,1.224586140657814154e-01
1.651200775121826000e+15,1.234491347426483338e-01
1.651200775123842500e+15,1.244396554195152660e-01
1.651200775125858750e+15,1.254300532944138402e-01
1.651200775127875250e+15,1.264205739712807586e-01
1.651200775129891750e+15,1.274110946481477047e-01
1.651200775131908000e+15,1.284014925230462789e-01
1.651200775133924500e+15,1.275121721543395203e-01
1.651200775135941000e+15,1.250392853680732663e-01
1.651200775137957250e+15,1.225667051633574783e-01
1.651200775139973750e+15,1.200938183770912104e-01
1.651200775141990250e+15,1.176209315908249287e-01
1.651200775144006500e+15,1.163105789103967558e-01
1.651200775146023000e+15,1.158416526223998294e-01
1.651200775148039250e+15,1.153727844705655647e-01
1.651200775150055750e+15,1.149038581825686522e-01
1.651200775152072250e+15,1.144349318945717120e-01
1.651200775154088500e+15,1.139660637427374335e-01
1.651200775156105000e+15,1.134971374547405210e-01
1.651200775158121500e+15,1.130282111667436085e-01
1.651200775160137750e+15,1.125593430149093299e-01
1.651200775162154250e+15,1.120904167269124174e-01
1.651200775164170750e+15,1.116214904389154772e-01
1.651200775166187000e+15,1.111526222870812125e-01
1.651200775168203500e+15,1.106836959990842861e-01
1.651200775170220000e+15,1.104466167277662336e-01
1.651200775172236250e+15,1.104466167277662336e-01
1.651200775174252750e+15,1.104466167277662336e-01
1.651200775176269250e+15,1.104466167277662336e-01
1.651200775178285500e+15,1.104466167277662336e-01
1.651200775180302000e+15,1.104466167277662336e-01
1.651200775182318250e+15,1.104466167277662475e-01
1.651200775184334750e+15,1.104466167277662336e-01
1.651200775186351250e+15,1.089756074284312370e-01
1.651200775188367500e+15,1.061489002568475892e-01
1.651200775190384000e+15,1.033218425946040991e-01
1.651200775192400500e+15,1.004947849323606091e-01
1.651200775194416750e+15,9.766807776077693348e-02
1.651200775196433250e+15,9.484102009853345727e-02
1.651200775198449750e+15,9.201508883592189603e-02
1.651200775200466000e+15,8.931633114365557236e-02
1.651200775202482500e+15,8.661723882551297660e-02
1.651200775204499000e+15,8.391814650737036696e-02
1.651200775206515250e+15,8.121938881510407104e-02
1.651200775208531750e+15,7.852029649696144753e-02
1.651200775210548250e+15,7.582120417881885177e-02
1.651200775212564500e+15,7.312244648655252810e-02
1.651200775214581000e+15,7.042335416840991846e-02
1.651200775216597250e+15,6.772459647614360867e-02
1.651200775218613750e+15,6.502550415800101291e-02
1.651200775220630250e+15,6.232641183985840327e-02
1.651200775222646500e+15,5.962765414759208654e-02
1.651200775224663000e+15,5.692856182944947691e-02
1.651200775226679500e+15,5.617563339315198578e-02
1.651200775228695750e+15,5.876166078744488735e-02
1.651200775230712250e+15,6.134800882989578652e-02
1.651200775232728750e+15,6.393435687234667875e-02
1.651200775234745000e+15,6.652038426663958726e-02
1.651200775236761500e+15,6.910673230909046560e-02
1.651200775238778000e+15,7.169308035154137171e-02
1.651200775240794250e+15,7.317260766584610110e-02
1.651200775242810750e+15,7.134281041132303769e-02
1.651200775244827250e+15,6.951301315679994652e-02
1.651200775246843500e+15,6.768344275539545096e-02
1.651200775248860000e+15,6.585364550087235980e-02
1.651200775250876250e+15,6.402407509946786424e-02
1.651200775252892750e+15,6.219427784494478695e-02
1.651200775254909250e+15,6.036448059042169578e-02
1.651200775256925500e+15,5.853491018901720716e-02
1.651200775258942000e+15,5.670511293449412293e-02
1.651200775260958500e+15,5.488274442602746744e-02
1.651200775262974750e+15,5.309223063280102406e-02
1.651200775264991250e+15,5.130149482918484882e-02
1.651200775267007750e+15,4.951075902556867359e-02
1.651200775269024000e+15,4.772024523234223020e-02
1.651200775271040500e+15,4.592950942872605496e-02
1.651200775273057000e+15,4.413877362510987973e-02
1.651200775275073250e+15,4.369858508682387260e-02
1.651200775277089750e+15,4.591658079088142830e-02
1.651200775279106250e+15,4.813457649493899093e-02
1.651200775281122500e+15,5.035229721812573694e-02
1.651200775283139000e+15,5.257029292218329264e-02
1.651200775285155250e+15,5.478801364537003865e-02
1.651200775287171750e+15,5.488563570598102570e-02
1.651200775289188250e+15,5.446551112497918790e-02
1.651200775291204500e+15,5.404543862984158981e-02
1.651200775293221000e+15,5.362531404883975200e-02
1.651200775295237500e+15,5.320518946783790726e-02
1.651200775297253750e+15,5.278511697270031611e-02
1.651200775299270250e+15,5.236499239169848524e-02
1.651200775301286750e+15,5.194486781069664744e-02
1.651200775303303000e+15,5.152479531555904935e-02
1.651200775305319500e+15,5.110467073455721154e-02
1.651200775307336000e+15,5.068454615355537374e-02
1.651200775309352250e+15,5.026447365841778259e-02
1.651200775311368750e+15,4.984434907741594478e-02
1.651200775313385250e+15,4.942422449641410004e-02
1.651200775315401500e+15,4.918076100462440842e-02
1.651200775317418000e+15,4.965208086730478476e-02
1.651200775319434250e+15,5.012334229707383904e-02
1.651200775321450750e+15,5.059466215975421538e-02
1.651200775323467250e+15,5.106598202243459173e-02
1.651200775325483500e+15,5.153724345220364600e-02
1.651200775327500000e+15,5.200856331488401540e-02
1.651200775329516500e+15,5.247988317756438481e-02
1.651200775331532750e+15,5.295114460733343908e-02
1.651200775333549250e+15,5.342246447001381543e-02
1.651200775335565750e+15,5.389378433269418484e-02
1.651200775337582000e+15,5.436504576246324605e-02
1.651200775339598500e+15,5.483636562514361545e-02
1.651200775341615000e+15,5.522330836388270048e-02
1.651200775343631250e+15,5.522330836388270048e-02
1.651200775345647750e+15,5.522330836388270048e-02
1.651200775347664250e+15,5.522330836388270048e-02
1.651200775349680500e+15,5.522330836388269354e-02
1.651200775351697000e+15,5.522330836388270048e-02
1.651200775353713250e+15,5.522330836388270048e-02
1.651200775355729750e+15,5.507246591160394611e-02
1.651200775357746250e+15,5.446259362083682998e-02
1.651200775359762500e+15,5.385279694032148179e-02
1.651200775361779000e+15,5.324292464955435178e-02
1.651200775363795500e+15,5.263305235878723565e-02
1.651200775365811750e+15,5.202325567827188052e-02
1.651200775367828250e+15,5.141338338750475745e-02
1.651200775369844750e+15,5.080351109673763438e-02
1.651200775371861000e+15,5.019371441622227925e-02
1.651200775373877500e+15,4.958384212545516312e-02
1.651200775375894000e+15,4.854061978299584190e-02
1.651200775377910250e+15,4.560084432454869496e-02
1.651200775379926750e+15,4.266070435581532233e-02
1.651200775381943250e+15,3.972056438708194970e-02
1.651200775383959500e+15,3.678078892863481664e-02
1.651200775385976000e+15,3.384064895990143707e-02
1.651200775387992250e+15,3.090087350145430053e-02
1.651200775390008750e+15,3.295029698351911035e-02
1.651200775392025250e+15,3.540576216214302852e-02
1.651200775394041500e+15,3.786092291909839286e-02
1.651200775396058000e+15,4.031638809772232490e-02
1.651200775398074500e+15,4.277185327634625001e-02
1.651200775400090750e+15,4.122700250754278428e-02
1.651200775402107250e+15,3.936620106853851858e-02
1.651200775404123750e+15,3.750539962953425288e-02
1.651200775406140000e+15,3.564482888746018513e-02
1.651200775408156500e+15,3.378402744845591943e-02
1.651200775410173000e+15,3.192322600945166067e-02
1.651200775412189250e+15,3.006265526737759292e-02
1.651200775414205750e+15,2.820185382837332722e-02
1.651200775416222250e+15,2.634105238936906498e-02
1.651200775418238500e+15,2.464562936379599903e-02
1.651200775420255000e+15,2.764643917040146559e-02
1.651200775422271250e+15,3.064687694504478893e-02
1.651200775424287750e+15,3.364768675165025896e-02
1.651200775426304250e+15,3.664849655825572206e-02
1.651200775428320500e+15,3.964893433289905234e-02
1.651200775430337000e+15,4.264974413950451543e-02
1.651200775432353500e+15,4.565055394610998546e-02
1.651200775434369750e+15,4.865099172075330880e-02
1.651200775436386250e+15,4.773858052177702704e-02
1.651200775438402750e+15,4.616024617764662857e-02
1.651200775440419000e+15,4.458210751097024110e-02
1.651200775442435500e+15,4.300377316683984263e-02
1.651200775444452000e+15,4.142543882270943029e-02
1.651200775446468250e+15,3.984730015603304976e-02
1.651200775448484750e+15,3.826896581190264435e-02
1.651200775450501250e+15,3.669063146777223894e-02
1.651200775452517500e+15,3.511249280109585841e-02
1.651200775454534000e+15,3.353415845696545300e-02
1.651200775456550250e+15,3.195601979028906553e-02
1.651200775458566750e+15,3.067961575771249727e-02
1.651200775460583250e+15,3.067961575771249727e-02
1.651200775462599500e+15,3.067961575771250074e-02
1.651200775464616000e+15,3.067961575771250074e-02
1.651200775466632500e+15,3.067961575771250421e-02
1.651200775468648750e+15,3.067961575771250421e-02
1.651200775470665250e+15,3.067961575771250421e-02
1.651200775472681750e+15,3.067961575771251115e-02
1.651200775474698000e+15,3.067961575771251115e-02
1.651200775476714500e+15,3.067961575771251462e-02
1.651200775478731000e+15,3.067961575771251809e-02
1.651200775480747250e+15,3.067961575771251809e-02
1.651200775482763750e+15,3.067961575771252156e-02
1.651200775484780250e+15,3.067961575771252156e-02
1.651200775486796500e+15,3.067961575771253196e-02
1.651200775488813000e+15,3.067961575771253890e-02
1.651200775490829250e+15,3.067961575771253890e-02
1.651200775492845750e+15,3.067961575771254584e-02
1.651200775494862250e+15,3.067961575771254931e-02
1.651200775496878500e+15,3.067961575771254931e-02
1.651200775498895000e+15,3.067961575771254584e-02
1.651200775500911500e+15,3.067961575771254584e-02
1.651200775502927750e+15,3.067961575771253890e-02
1.651200775504944250e+15,3.067961575771253890e-02
1.651200775506960750e+15,3.067961575771253196e-02
1.651200775508977000e+15,3.067961575771253196e-02
1.651200775510993500e+15,3.067961575771252850e-02
1.651200775513010000e+15,3.067961575771252850e-02
1.651200775515026250e+15,3.067961575771252850e-02
1.651200775517042750e+15,3.067961575771252503e-02
1.651200775519059250e+15,3.067961575771252503e-02
1.651200775521075500e+15,3.067961575771252503e-02
1.651200775523092000e+15,3.067961575771252156e-02
1.651200775525108250e+15,3.067961575771252156e-02
1.651200775527124750e+15,3.067961575771253890e-02
1.651200775529141250e+15,3.067961575771254931e-02
1.651200775531157500e+15,3.067961575771256319e-02
1.651200775533174000e+15,3.067961575771257707e-02
1.651200775535190500e+15,3.067961575771259095e-02
1.651200775537206750e+15,3.067961575771260135e-02
1.651200775539223250e+15,3.067961575771260829e-02
1.651200775541239750e+15,3.067961575771259441e-02
1.651200775543256000e+15,3.067961575771259095e-02
1.651200775545272500e+15,3.067961575771257707e-02
1.651200775547289000e+15,3.067961575771256666e-02
1.651200775549305250e+15,3.067961575771255972e-02
1.651200775551321750e+15,3.067961575771255625e-02
1.651200775553338250e+15,3.067961575771255972e-02
1.651200775555354500e+15,3.067961575771255278e-02
1.651200775557371000e+15,3.067961575771255625e-02
1.651200775559387250e+15,3.067961575771255278e-02
1.651200775561403750e+15,3.067961575771255278e-02
1.651200775563420250e+15,3.067961575771255625e-02
1.651200775565436500e+15,3.067961575771255278e-02
1.651200775567453000e+15,3.067961575771255278e-02
1.651200775569469500e+15,3.067961575771255278e-02
1.651200775571485750e+15,3.067961575771255278e-02
1.651200775573502250e+15,3.067961575771255278e-02
1.651200775575518750e+15,3.067961575771255625e-02
1.651200775577535000e+15,3.067961575771255278e-02
1.651200775579551500e+15,3.067961575771255278e-02
1.651200775581568000e+15,3.067961575771255625e-02
1.651200775583584250e+15,3.067961575771255278e-02
1.651200775585600750e+15,3.067961575771255278e-02
1.651200775587617250e+15,3.067961575771255278e-02
1.651200775589633500e+15,3.103569720281487351e-02
1.651200775591650000e+15,3.199500012071579413e-02
1.651200775593666250e+15,3.295418410693830985e-02
1.651200775595682750e+15,3.391348702483922700e-02
1.651200775597699250e+15,3.487278994274014415e-02
1.651200775599715500e+15,3.583197392896265987e-02
1.651200775601732000e+15,3.679127684686357702e-02
1.651200775603748500e+15,3.775057976476449417e-02
1.651200775605764750e+15,3.870976375098701683e-02
1.651200775607781250e+15,3.966906666888792704e-02
1.651200775609797750e+15,4.062836958678883725e-02
1.651200775611814000e+15,4.158755357301136685e-02
1.651200775613830500e+15,4.254685649091227706e-02
1.651200775615847000e+15,4.234854743603940624e-02
1.651200775617863250e+15,4.130598601908427175e-02
1.651200775619879750e+15,4.026329533226963298e-02
1.651200775621896250e+15,3.922060464545499420e-02
1.651200775623912500e+15,3.817804322849986665e-02
1.651200775625929000e+15,3.713535254168522093e-02
1.651200775627945250e+15,3.609279112473010032e-02
1.651200775629961750e+15,3.505010043791545460e-02
1.651200775631978250e+15,3.400740975110081582e-02
1.651200775633994500e+15,3.296484833414568827e-02
1.651200775636011000e+15,3.192215764733104255e-02
1.651200775638027500e+15,3.087946696051640377e-02
1.651200775640043750e+15,2.990206962940016727e-02
1.651200775642060250e+15,2.894000687882981523e-02
1.651200775644076750e+15,2.797794412825946320e-02
1.651200775646093000e+15,2.701600065152379160e-02
1.651200775648109500e+15,2.605393790095343956e-02
1.651200775650126000e+15,2.509187515038308752e-02
1.651200775652142250e+15,2.511652040980597370e-02
1.651200775654158750e+15,2.644844000165559247e-02
1.651200775656175250e+15,2.778035959350521472e-02
1.651200775658191500e+15,2.911211405770893282e-02
1.651200775660208000e+15,3.044403364955855507e-02
1.651200775662224250e+15,3.177578811376226969e-02
1.651200775664240750e+15,3.310770770561188847e-02
1.651200775666257250e+15,3.443962729746151419e-02
1.651200775668273500e+15,3.577138176166522882e-02
1.651200775670290000e+15,3.710330135351484759e-02
1.651200775672306500e+15,3.843522094536446637e-02
1.651200775674322750e+15,3.976697540956818794e-02
1.651200775676339250e+15,4.109889500141780672e-02
1.651200775678355750e+15,4.243081459326742549e-02
1.651200775680372000e+15,4.295146206079802909e-02
1.651200775682388500e+15,4.295146206079802909e-02
1.651200775684405000e+15,4.295146206079802909e-02
1.651200775686421250e+15,4.295146206079802909e-02
1.651200775688437750e+15,4.295146206079802909e-02
1.651200775690454250e+15,4.295146206079802909e-02
1.651200775692470500e+15,4.295146206079803602e-02
1.651200775694487000e+15,4.295146206079802909e-02
1.651200775696503250e+15,4.295146206079803602e-02
1.651200775698519750e+15,4.295146206079794582e-02
1.651200775700536250e+15,4.295146206079786255e-02
1.651200775702552500e+15,4.295146206079776541e-02
1.651200775704569000e+15,4.295146206079767520e-02
1.651200775706585500e+15,4.295146206079758500e-02
1.651200775708601750e+15,4.295146206079749479e-02
1.651200775710618250e+15,4.295146206079740459e-02
1.651200775712634750e+15,4.295146206079731438e-02
1.651200775714651000e+15,4.295146206079722417e-02
1.651200775716667500e+15,4.298016076593211970e-02
1.651200775718684000e+15,4.580313339542933099e-02
1.651200775720700250e+15,4.862575604071758123e-02
1.651200775722716750e+15,5.144872867021479945e-02
1.651200775724733250e+15,5.427170129971201074e-02
1.651200775726749500e+15,5.709432394500026098e-02
1.651200775728766000e+15,5.991729657449747226e-02
1.651200775730782250e+15,6.155644690431976568e-02
1.651200775732798750e+15,6.195967613798718937e-02
1.651200775734815250e+15,6.236290537165462694e-02
1.651200775736831500e+15,6.276608461409545481e-02
1.651200775738848000e+15,6.316931384776289238e-02
1.651200775740864500e+15,6.357254308143032995e-02
1.651200775742880750e+15,6.397572232387116475e-02
1.651200775744897250e+15,6.437895155753860232e-02
1.651200775746913750e+15,6.478218079120602602e-02
1.651200775748930000e+15,6.518536003364687470e-02
1.651200775750946500e+15,6.558858926731429839e-02
1.651200775752963000e+15,6.599181850098173596e-02
1.651200775754979250e+15,6.639499774342257077e-02
1.651200775756995750e+15,6.679822697708999446e-02
1.651200775759012250e+15,6.720145621075743203e-02
1.651200775761028500e+15,6.728780878834399182e-02
1.651200775763045000e+15,6.652413214131985830e-02
1.651200775765061250e+15,6.576055017277911141e-02
1.651200775767077750e+15,6.499687352575496402e-02
1.651200775769094250e+15,6.423319687873083050e-02
1.651200775771110500e+15,6.346961491019009749e-02
1.651200775773127000e+15,6.270593826316595010e-02
1.651200775775143500e+15,6.194226161614180964e-02
1.651200775777159750e+15,6.171807613791091551e-02
1.651200775779176250e+15,6.323587410590476854e-02
1.651200775781192750e+15,6.475367207389862156e-02
1.651200775783209000e+15,6.627128186956814104e-02
1.651200775785225500e+15,6.778907983756199407e-02
1.651200775787242000e+15,6.930687780555584709e-02
1.651200775789258250e+15,7.082448760122536657e-02
1.651200775791274750e+15,7.234228556921921960e-02
1.651200775793291250e+15,7.348226517452111084e-02
1.651200775795307500e+15,7.249609099721550376e-02
1.651200775797324000e+15,7.150979454164861637e-02
1.651200775799340250e+15,7.052362036434300929e-02
1.651200775801356750e+15,6.953732390877612191e-02
1.651200775803373250e+15,6.855102745320923452e-02
1.651200775805389500e+15,6.756485327590362744e-02
1.651200775807406000e+15,6.812353435908199972e-02
1.651200775809422500e+15,6.879969639171137907e-02
1.651200775811438750e+15,6.947577459567319536e-02
1.651200775813455250e+15,7.015193662830257471e-02
1.651200775815471750e+15,7.082809866093196793e-02
1.651200775817488000e+15,7.150417686489377034e-02
1.651200775819504500e+15,7.218033889752314969e-02
1.651200775821521000e+15,7.285650093015254292e-02
1.651200775823537250e+15,7.353257913411435920e-02
1.651200775825553750e+15,7.437308691645518055e-02
1.651200775827570250e+15,7.524161766439038668e-02
1.651200775829586500e+15,7.611004073432561801e-02
1.651200775831603000e+15,7.697857148226083801e-02
1.651200775833619250e+15,7.784699455219605546e-02
1.651200775835635750e+15,7.871552530013127547e-02
1.651200775837652250e+15,7.958405604806649547e-02
1.651200775839668500e+15,7.884860336865358310e-02
1.651200775841685000e+15,7.768495350172199831e-02
1.651200775843701500e+15,7.652130363479042741e-02
1.651200775845717750e+15,7.535779803389738851e-02
1.651200775847734250e+15,7.419414816696580373e-02
1.651200775849750750e+15,7.363107781851122025e-02
1.651200775851767000e+15,7.363107781851109535e-02
1.651200775853783500e+15,7.363107781851097045e-02
1.651200775855800000e+15,7.363107781851083167e-02
1.651200775857816250e+15,7.363107781851069289e-02
1.651200775859832750e+15,7.363107781851055411e-02
1.651200775861849250e+15,7.555062192804201660e-02
1.651200775863865500e+15,7.816700239844448506e-02
1.651200775865882000e+15,8.078370728056059880e-02
1.651200775867898250e+15,8.340008775096306726e-02
1.651200775869914750e+15,8.583409353590762403e-02
1.651200775871931250e+15,8.425236275481641501e-02
1.651200775873947500e+15,8.267082807225992203e-02
1.651200775875964000e+15,8.108909729116871301e-02
1.651200775877980500e+15,7.950736651007750400e-02
1.651200775879996750e+15,7.792583182752102489e-02
1.651200775882013250e+15,7.634410104642980199e-02
1.651200775884029750e+15,7.476237026533860686e-02
1.651200775886046000e+15,7.469889587479716653e-02
1.651200775888062500e+15,7.845021139831986901e-02
1.651200775890079000e+15,8.220152692184257148e-02
1.651200775892095250e+15,8.595237736781460858e-02
1.651200775894111750e+15,8.970369289133729718e-02
1.651200775896128250e+15,9.160101894684020973e-02
1.651200775898144500e+15,9.044138497258909226e-02
1.651200775900161000e+15,8.928160721235232911e-02
1.651200775902177250e+15,8.812197323810119776e-02
1.651200775904193750e+15,8.696219547786443460e-02
1.651200775906210250e+15,8.580241771762765757e-02
1.651200775908226500e+15,8.464278374337652622e-02
1.651200775910243000e+15,8.348300598313976306e-02
1.651200775912259500e+15,8.232322822290299991e-02
1.651200775914275750e+15,8.116359424865188243e-02
1.651200775916292250e+15,8.000381648841510540e-02
1.651200775918308750e+15,8.209343278988470716e-02
1.651200775920325000e+15,8.501642276136686660e-02
1.651200775922341500e+15,8.793977516185974563e-02
1.651200775924358000e+15,9.086312756235261079e-02
1.651200775926374250e+15,9.158428206455790366e-02
1.651200775928390750e+15,9.082375043783916246e-02
1.651200775930407250e+15,9.006321881112043515e-02
1.651200775932423500e+15,8.930278147297432412e-02
1.651200775934440000e+15,8.854224984625558292e-02
1.651200775936456250e+15,8.778181250810945802e-02
1.651200775938472750e+15,8.702128088139073070e-02
1.651200775940489250e+15,8.626074925467198951e-02
1.651200775942505500e+15,8.590292412159516999e-02
1.651200775944522000e+15,8.590292412159518387e-02
1.651200775946538500e+15,8.590292412159516999e-02
1.651200775948554750e+15,8.590292412159518387e-02
1.651200775950571250e+15,8.590292412159516999e-02
1.651200775952587750e+15,8.650418292287703759e-02
1.651200775954604000e+15,8.764489151669926925e-02
1.651200775956620500e+15,8.878574154990077905e-02
1.651200775958637000e+15,8.992659158310226108e-02
1.651200775960653250e+15,9.106730017692450663e-02
1.651200775962669750e+15,9.220815021012600254e-02
1.651200775964686250e+15,9.334900024332751234e-02
1.651200775966702500e+15,9.448970883714973013e-02
1.651200775968719000e+15,9.563055887035122604e-02
1.651200775970735250e+15,9.677126746417345771e-02
1.651200775972751750e+15,9.791211749737496750e-02
1.651200775974768250e+15,9.757164943228145704e-02
1.651200775976784500e+15,9.678824295721186188e-02
1.651200775978801000e+15,9.600473934556755240e-02
1.651200775980817500e+15,9.522123573392324292e-02
1.651200775982833750e+15,9.443782925885366164e-02
1.651200775984850250e+15,9.365432564720935216e-02
1.651200775986866750e+15,9.287082203556504267e-02
1.651200775988883000e+15,9.208741556049546140e-02
1.651200775990899500e+15,9.203884727313837999e-02
1.651200775992916000e+15,9.203884727313837999e-02
1.651200775994932250e+15,9.203884727313840775e-02
1.651200775996948750e+15,9.203884727313840775e-02
1.651200775998965250e+15,9.203884727313842162e-02
1.651200776000981500e+15,9.203884727313843550e-02
1.651200776002998000e+15,9.203884727313843550e-02
1.651200776005014250e+15,9.203884727313846326e-02
1.651200776007030750e+15,9.203884727313846326e-02
1.651200776009047250e+15,9.203884727313847713e-02
1.651200776011063500e+15,9.203884727313847713e-02
1.651200776013080000e+15,9.203884727313847713e-02
1.651200776015096500e+15,9.203884727313846326e-02
1.651200776017112750e+15,9.203884727313844938e-02
1.651200776019129250e+15,9.203884727313843550e-02
1.651200776021145750e+15,9.203884727313842162e-02
1.651200776023162000e+15,9.203884727313840775e-02
1.651200776025178500e+15,9.203884727313837999e-02
1.651200776027195000e+15,9.203884727313836611e-02
1.651200776029211250e+15,9.203884727313835223e-02
1.651200776031227750e+15,9.203884727313833836e-02
1.651200776033244250e+15,9.203884727313832448e-02
1.651200776035260500e+15,9.203884727313829672e-02
1.651200776037277000e+15,9.203884727313828285e-02
1.651200776039293250e+15,9.203884727313826897e-02
1.651200776041309750e+15,9.253339486634909461e-02
1.651200776043326250e+15,9.311260510111582511e-02
1.651200776045342500e+15,9.369174352702629160e-02
1.651200776047359000e+15,9.427095376179303599e-02
1.651200776049375500e+15,9.485016399655976649e-02
1.651200776051391750e+15,9.542930242247023298e-02
1.651200776053408250e+15,9.600851265723697736e-02
1.651200776055424750e+15,9.658772289200370786e-02
1.651200776057441000e+15,9.716686131791416048e-02
1.651200776059457500e+15,9.774607155268090486e-02
1.651200776061474000e+15,9.817477042468158999e-02
1.651200776063490250e+15,9.817477042468158999e-02
1.651200776065506750e+15,9.817477042468158999e-02
1.651200776067523250e+15,9.817477042468158999e-02
1.651200776069539500e+15,9.817477042468158999e-02
1.651200776071556000e+15,9.817477042468158999e-02
1.651200776073572250e+15,9.801348715896414376e-02
1.651200776075588750e+15,9.718855956145183717e-02
1.651200776077605250e+15,9.636363196393955832e-02
1.651200776079621500e+15,9.553880663863126288e-02
1.651200776081638000e+15,9.471387904111897016e-02
1.651200776083654500e+15,9.388895144360669132e-02
1.651200776085670750e+15,9.306412611829839587e-02
1.651200776087687250e+15,9.223919852078611703e-02
1.651200776089703750e+15,9.383710443248535760e-02
1.651200776091720000e+15,9.621191104622915657e-02
1.651200776093736500e+15,9.858701211832554545e-02
1.651200776095753000e+15,1.009621131904219621e-01
1.651200776097769250e+15,1.033369198041657611e-01
1.651200776099785750e+15,1.043106935762241338e-01
1.651200776101802250e+15,1.043106935762241338e-01
1.651200776103818500e+15,1.043106935762241338e-01
1.651200776105835000e+15,1.043106935762241338e-01
1.651200776107851250e+15,1.043106935762241338e-01
1.651200776109867750e+15,1.043106935762241338e-01
1.651200776111884250e+15,1.043822997286010523e-01
1.651200776113900500e+15,1.056800606699938028e-01
1.651200776115917000e+15,1.069779825240885496e-01
1.651200776117933500e+15,1.082759043781832686e-01
1.651200776119949750e+15,1.095736653195760330e-01
1.651200776121966250e+15,1.108715871736707659e-01
1.651200776123982750e+15,1.121695090277654988e-01
1.651200776125999000e+15,1.134672699691582631e-01
1.651200776128015500e+15,1.147651918232529961e-01
1.651200776130032000e+15,1.160631136773477290e-01
1.651200776132048250e+15,1.157600752037002273e-01
1.651200776134064750e+15,1.143885639211989769e-01
1.651200776136081250e+15,1.130170526386977126e-01
1.651200776138097500e+15,1.116457113923088329e-01
1.651200776140114000e+15,1.102742001098075686e-01
1.651200776142130250e+15,1.089028588634187028e-01
1.651200776144146750e+15,1.075313475809174524e-01
1.651200776146163250e+15,1.061598362984161881e-01
1.651200776148179500e+15,1.047884950520273223e-01
1.651200776150196000e+15,1.043106935762241338e-01
1.651200776152212500e+15,1.043106935762241338e-01
1.651200776154228750e+15,1.043106935762241338e-01
1.651200776156245250e+15,1.043106935762241338e-01
1.651200776158261750e+15,1.043106935762241338e-01
1.651200776160278000e+15,1.043106935762241338e-01
1.651200776162294500e+15,1.043106935762241338e-01
1.651200776164311000e+15,1.043106935762241338e-01
1.651200776166327250e+15,1.043106935762241338e-01
1.651200776168343750e+15,1.043106935762241338e-01
1.651200776170360250e+15,1.038267204710066755e-01
1.651200776172376500e+15,1.030986393119731476e-01
1.651200776174393000e+15,1.023704678762925036e-01
1.651200776176409250e+15,1.016423867172589895e-01
1.651200776178425750e+15,1.009142152815783317e-01
1.651200776180442250e+15,1.001860438458977015e-01
1.651200776182458500e+15,9.945796268686415975e-02
1.651200776184475000e+15,9.872979125118352961e-02
1.651200776186491500e+15,9.830219799413736359e-02
1.651200776188507750e+15,9.883801830052992010e-02
1.651200776190524250e+15,9.937390504465419550e-02
1.651200776192540750e+15,9.990979178877848477e-02
1.651200776194557000e+15,1.004456120951710274e-01
1.651200776196573500e+15,1.009814988392953167e-01
1.651200776198590000e+15,1.015173855834196059e-01
1.651200776200606250e+15,1.020532058898121486e-01
1.651200776202622750e+15,1.025890926339364240e-01
1.651200776204639250e+15,1.031249793780607271e-01
1.651200776206655500e+15,1.036607996844532698e-01
1.651200776208672000e+15,1.041966864285775451e-01
1.651200776210688250e+15,1.035847511177948183e-01
1.651200776212704750e+15,1.026624874747501109e-01
1.651200776214721250e+15,1.017402238317053897e-01
1.651200776216737500e+15,1.008180745283139279e-01
1.651200776218754000e+15,9.989581088526923447e-02
1.651200776220770500e+15,9.897354724222452715e-02
1.651200776222786750e+15,9.830456694837313991e-02
1.651200776224803250e+15,9.927485310231665139e-02
1.651200776226819750e+15,1.002451392562601906e-01
1.651200776228836000e+15,1.012153051168545870e-01
1.651200776230852500e+15,1.021855912707980985e-01
1.651200776232869000e+15,1.031558774247416238e-01
1.651200776234885250e+15,1.041260432853360340e-01
1.651200776236901750e+15,1.038585576196539295e-01
1.651200776238918250e+15,1.033001548290100324e-01
1.651200776240934500e+15,1.027418212675740294e-01
1.651200776242951000e+15,1.021834184769301324e-01
1.651200776244967250e+15,1.016250849154941016e-01
1.651200776246983750e+15,1.010666821248502184e-01
1.651200776249000250e+15,1.005082793342063352e-01
1.651200776251016500e+15,9.994994577277030445e-02
1.651200776253033000e+15,9.939154298212640737e-02
1.651200776255049500e+15,9.883314019148251028e-02
1.651200776257065750e+15,9.827480663004649342e-02
1.651200776259082250e+15,9.817477042468067405e-02
1.651200776261098750e+15,9.817477042468063242e-02
1.651200776263115000e+15,9.817477042468060466e-02
1.651200776265131500e+15,9.817477042468056303e-02
1.651200776267148000e+15,9.817477042468054915e-02
1.651200776269164250e+15,9.817477042468049364e-02
1.651200776271180750e+15,9.817477042468052140e-02
1.651200776273197250e+15,9.817477042468063242e-02
1.651200776275213500e+15,9.817477042468072956e-02
1.651200776277230000e+15,9.817477042468084059e-02
1.651200776279246250e+15,9.817477042468092385e-02
1.651200776281262750e+15,9.817477042468103487e-02
1.651200776283279250e+15,9.817477042468114590e-02
1.651200776285295500e+15,9.817477042468125692e-02
1.651200776287312000e+15,9.817477042468135406e-02
1.651200776289328500e+15,9.817477042468146509e-02
1.651200776291344750e+15,9.817477042468157611e-02
1.651200776293361250e+15,9.817477042468152060e-02
1.651200776295377750e+15,9.817477042468146509e-02
1.651200776297394000e+15,9.817477042468140958e-02
1.651200776299410500e+15,9.817477042468134019e-02
1.651200776301427000e+15,9.817477042468128468e-02
1.651200776303443250e+15,9.817477042468121529e-02
1.651200776305459750e+15,9.817477042468115978e-02
1.651200776307476250e+15,1.015521394815792344e-01
1.651200776309492500e+15,1.057087824609601323e-01
1.651200776311509000e+15,1.098659408331469078e-01
1.651200776313525250e+15,1.140225838125278196e-01
1.651200776315541750e+15,1.162519782729070084e-01
1.651200776317558250e+15,1.153916007584723791e-01
1.651200776319574500e+15,1.145313299112227512e-01
1.651200776321591000e+15,1.136709523967880942e-01
1.651200776323607500e+15,1.128105748823534649e-01
1.651200776325623750e+15,1.119503040351038370e-01
1.651200776327640250e+15,1.110899265206691938e-01
1.651200776329656750e+15,1.107171002996704956e-01
1.651200776331673000e+15,1.117890659052763191e-01
1.651200776333689500e+15,1.128611644266422770e-01
1.651200776335706000e+15,1.139332629480082487e-01
1.651200776337722250e+15,1.150052285536140584e-01
1.651200776339738750e+15,1.160773270749800301e-01
1.651200776341755000e+15,1.165825398793083473e-01
1.651200776343771500e+15,1.165825398793083750e-01
1.651200776345788000e+15,1.165825398793084167e-01
1.651200776347804250e+15,1.165825398793084444e-01
1.651200776349820750e+15,1.165825398793084861e-01
1.651200776351837250e+15,1.165825398793085277e-01
1.651200776353853500e+15,1.165192751442182956e-01
1.651200776355870000e+15,1.155027545202382266e-01
1.651200776357886500e+15,1.144862338962581438e-01
1.651200776359902750e+15,1.134698392976467712e-01
1.651200776361919250e+15,1.124533186736667023e-01
1.651200776363935750e+15,1.114367980496866195e-01
1.651200776365952000e+15,1.104926284090523708e-01
1.651200776367968500e+15,1.122769083189357198e-01
1.651200776369985000e+15,1.140611882288191103e-01
1.651200776372001250e+15,1.158452469286962716e-01
1.651200776374017750e+15,1.176295268385796483e-01
1.651200776376034000e+15,1.194135855384568512e-01
1.651200776378050500e+15,1.211978654483402001e-01
1.651200776380067000e+15,1.226331265348812594e-01
1.651200776382083250e+15,1.220557449576982895e-01
1.651200776384099750e+15,1.214782917894952075e-01
1.651200776386116250e+15,1.209008386212921393e-01
1.651200776388132500e+15,1.203234570441091694e-01
1.651200776390149000e+15,1.197460038759060874e-01
1.651200776392165500e+15,1.191685507077030193e-01
1.651200776394181750e+15,1.185911691305200494e-01
1.651200776396198250e+15,1.180137159623169674e-01
1.651200776398214750e+15,1.174362627941138992e-01
1.651200776400231000e+15,1.168588812169309155e-01
1.651200776402247500e+15,1.165825398793083473e-01
1.651200776404264000e+15,1.165825398793084028e-01
1.651200776406280250e+15,1.165825398793084167e-01
1.651200776408296750e+15,1.165825398793084722e-01
1.651200776410313000e+15,1.165825398793085138e-01
1.651200776412329500e+15,1.165825398793085554e-01
1.651200776414346000e+15,1.165825398793085832e-01
1.651200776416362250e+15,1.165825398793086110e-01
1.651200776418378750e+15,1.165825398793086665e-01
1.651200776420395250e+15,1.165825398793087081e-01
1.651200776422411500e+15,1.165825398793087497e-01
1.651200776424428000e+15,1.165825398793087636e-01
1.651200776426444500e+15,1.165825398793087220e-01
1.651200776428460750e+15,1.165825398793086803e-01
1.651200776430477250e+15,1.165825398793086387e-01
1.651200776432493750e+15,1.165825398793086110e-01
1.651200776434510000e+15,1.165825398793085554e-01
1.651200776436526500e+15,1.165825398793085138e-01
1.651200776438543000e+15,1.165825398793084722e-01
1.651200776440559250e+15,1.165825398793084583e-01
1.651200776442575750e+15,1.165825398793084167e-01
1.651200776444592000e+15,1.165825398793083750e-01
1.651200776446608500e+15,1.165825398793083195e-01
1.651200776448625000e+15,1.156002368878985692e-01
1.651200776450641250e+15,1.144806391454282618e-01
1.651200776452657750e+15,1.133609025811672111e-01
1.651200776454674250e+15,1.122411660169061465e-01
1.651200776456690500e+15,1.111215682744358668e-01
1.651200776458707000e+15,1.108512330482062935e-01
1.651200776460723500e+15,1.118698457949820479e-01
1.651200776462739750e+15,1.128883322570135850e-01
1.651200776464756250e+15,1.139069450037893394e-01
1.651200776466772750e+15,1.149255577505651077e-01
1.651200776468789000e+15,1.159440442125966447e-01
1.651200776470805500e+15,1.165825398793085416e-01
1.651200776472822000e+15,1.165825398793085554e-01
1.651200776474838250e+15,1.165825398793085554e-01
1.651200776476854750e+15,1.165825398793085554e-01
1.651200776478871000e+15,1.165825398793085693e-01
1.651200776480887500e+15,1.165825398793085416e-01
1.651200776482904000e+15,1.158855052898946358e-01
1.651200776484920250e+15,1.147548568659961937e-01
1.651200776486936750e+15,1.136240682501046539e-01
1.651200776488953250e+15,1.124932796342131558e-01
1.651200776490969500e+15,1.113626312103146998e-01
1.651200776492986000e+15,1.102318425944232017e-01
1.651200776495002500e+15,1.091010539785316896e-01
1.651200776497018750e+15,1.079704055546332336e-01
1.651200776499035250e+15,1.068396169387417216e-01
1.651200776501051750e+15,1.057088283228502096e-01
1.651200776503068000e+15,1.045781798989517536e-01
1.651200776505084500e+15,1.043106935762241338e-01
1.651200776507101000e+15,1.043106935762241338e-01
1.651200776509117250e+15,1.043106935762241338e-01
1.651200776511133750e+15,1.043106935762241338e-01
1.651200776513150000e+15,1.043106935762241338e-01
1.651200776515166500e+15,1.043106935762241338e-01
1.651200776517183000e+15,1.043106935762241338e-01
1.651200776519199250e+15,1.043106935762241338e-01
1.651200776521215750e+15,1.043106935762241338e-01
1.651200776523232250e+15,1.043106935762241338e-01
1.651200776525248500e+15,1.050020682971424812e-01
1.651200776527265000e+15,1.058892188696731185e-01
1.651200776529281500e+15,1.067763694422037418e-01
1.651200776531297750e+15,1.076634100283008766e-01
1.651200776533314250e+15,1.085505606008314999e-01
1.651200776535330750e+15,1.094377111733621372e-01
1.651200776537347000e+15,1.103247517594592719e-01
1.651200776539363500e+15,1.104466167277662197e-01
1.651200776541380000e+15,1.104466167277662336e-01
1.651200776543396250e+15,1.104466167277662336e-01
1.651200776545412750e+15,1.104466167277662336e-01
1.651200776547429000e+15,1.104466167277662336e-01
1.651200776549445500e+15,1.100889603560232938e-01
1.651200776551462000e+15,1.091857492431621418e-01
1.651200776553478250e+15,1.082826501078751197e-01
1.651200776555494750e+15,1.073794389950139677e-01
1.651200776557511250e+15,1.064762278821528019e-01
1.651200776559527500e+15,1.055731287468657936e-01
1.651200776561544000e+15,1.046699176340046417e-01
1.651200776563560500e+15,1.037667065211435036e-01
1.651200776565576750e+15,1.028636073858564676e-01
1.651200776567593250e+15,1.019603962729953295e-01
1.651200776569609750e+15,1.010571851601341775e-01
1.651200776571626000e+15,1.001540860248471415e-01
1.651200776573642500e+15,9.925087491198600342e-02
1.651200776575659000e+15,9.834766379912485146e-02
1.651200776577675250e+15,9.903866961440473127e-02
1.651200776579691750e+15,1.001072497193434135e-01
1.651200776581708000e+15,1.011756973447252989e-01
1.651200776583724500e+15,1.022442774496639811e-01
1.651200776585741000e+15,1.033128575546026495e-01
1.651200776587757250e+15,1.043813051799845348e-01
1.651200776589773750e+15,1.054498852849232171e-01
1.651200776591790250e+15,1.065184653898618716e-01
1.651200776593806500e+15,1.075869130152437847e-01
1.651200776595823000e+15,1.086554931201824531e-01
1.651200776597839500e+15,1.097240732251211215e-01
1.651200776599855750e+15,1.100701859160022195e-01
1.651200776601872250e+15,1.089073016081935075e-01
1.651200776603888750e+15,1.077444173003848094e-01
1.651200776605905000e+15,1.065816771637027871e-01
1.651200776607921500e+15,1.054187928558940751e-01
1.651200776609938000e+15,1.043106935762241338e-01
1.651200776611954250e+15,1.043106935762241338e-01
1.651200776613970750e+15,1.043106935762241338e-01
1.651200776615987000e+15,1.043106935762241338e-01
1.651200776618003500e+15,1.043106935762241200e-01
1.651200776620020000e+15,1.043106935762241200e-01
1.651200776622036250e+15,1.043106935762241200e-01
1.651200776624052750e+15,1.043106935762241061e-01
1.651200776626069250e+15,1.043106935762240783e-01
1.651200776628085500e+15,1.043106935762240367e-01
1.651200776630102000e+15,1.043106935762239951e-01
1.651200776632118500e+15,1.043106935762239812e-01
1.651200776634134750e+15,1.043106935762239396e-01
1.651200776636151250e+15,1.043106935762239118e-01
1.651200776638167750e+15,1.043106935762239118e-01
1.651200776640184000e+15,1.043106935762239118e-01
1.651200776642200500e+15,1.043106935762239118e-01
1.651200776644217000e+15,1.043106935762239118e-01
1.651200776646233250e+15,1.043106935762239118e-01
1.651200776648249750e+15,1.043106935762239118e-01
1.651200776650266000e+15,1.043106935762239118e-01
1.651200776652282500e+15,1.043106935762239257e-01
1.651200776654299000e+15,1.043106935762239118e-01
1.651200776656315250e+15,1.043106935762239257e-01
1.651200776658331750e+15,1.043106935762239118e-01
1.651200776660348250e+15,1.043106935762238563e-01
1.651200776662364500e+15,1.043106935762238008e-01
1.651200776664381000e+15,1.043106935762237453e-01
1.651200776666397500e+15,1.043106935762236898e-01
1.651200776668413750e+15,1.043106935762236342e-01
1.651200776670430250e+15,1.043106935762235787e-01
1.651200776672446750e+15,1.043106935762235232e-01
1.651200776674463000e+15,1.043106935762234677e-01
1.651200776676479500e+15,1.043106935762234122e-01
1.651200776678496000e+15,1.043106935762233428e-01
1.651200776680512250e+15,1.043106935762233012e-01
1.651200776682528750e+15,1.043106935762232873e-01
1.651200776684545000e+15,1.043106935762234122e-01
1.651200776686561500e+15,1.043106935762235510e-01
1.651200776688578000e+15,1.043106935762236898e-01
1.651200776690594250e+15,1.043106935762238285e-01
1.651200776692610750e+15,1.043106935762238840e-01
1.651200776694627250e+15,1.043106935762238285e-01
1.651200776696643500e+15,1.043106935762237730e-01
1.651200776698660000e+15,1.043106935762237036e-01
1.651200776700676500e+15,1.043106935762236342e-01
1.651200776702692750e+15,1.043106935762235926e-01
1.651200776704709250e+15,1.043106935762235510e-01
1.651200776706725750e+15,1.043106935762234816e-01
1.651200776708742000e+15,1.043106935762234261e-01
1.651200776710758500e+15,1.043106935762233706e-01
1.651200776712775000e+15,1.043106935762233151e-01
1.651200776714791250e+15,1.043106935762232457e-01
1.651200776716807750e+15,1.043106935762232734e-01
1.651200776718824000e+15,1.043106935762233289e-01
1.651200776720840500e+15,1.043106935762233983e-01
1.651200776722857000e+15,1.043106935762234400e-01
1.651200776724873250e+15,1.043106935762234955e-01
1.651200776726889750e+15,1.043106935762235510e-01
1.651200776728906250e+15,1.043106935762236065e-01
1.651200776730922500e+15,1.043106935762236620e-01
1.651200776732939000e+15,1.043106935762237175e-01
1.651200776734955500e+15,1.043106935762237730e-01
1.651200776736971750e+15,1.043106935762238285e-01
1.651200776738988250e+15,1.043106935762238840e-01
1.651200776741004750e+15,1.043106935762239257e-01
1.651200776743021000e+15,1.043106935762239118e-01
1.651200776745037500e+15,1.043106935762239118e-01
1.651200776747054000e+15,1.043106935762239118e-01
1.651200776749070250e+15,1.043106935762239118e-01
1.651200776751086750e+15,1.043106935762239257e-01
1.651200776753103000e+15,1.043106935762239118e-01
1.651200776755119500e+15,1.043106935762238840e-01
1.651200776757136000e+15,1.043106935762238285e-01
1.651200776759152250e+15,1.043106935762237730e-01
1.651200776761168750e+15,1.043106935762237175e-01
1.651200776763185250e+15,1.043106935762236481e-01
1.651200776765201500e+15,1.043106935762235926e-01
1.651200776767218000e+15,1.043106935762235510e-01
1.651200776769234500e+15,1.043106935762234955e-01
1.651200776771250750e+15,1.043106935762234261e-01
1.651200776773267250e+15,1.043106935762233567e-01
1.651200776775283750e+15,1.043106935762233151e-01
1.651200776777300000e+15,1.043106935762232734e-01
1.651200776779316500e+15,1.043106935762232318e-01
1.651200776781333000e+15,1.043106935762232457e-01
1.651200776783349250e+15,1.043106935762232457e-01
1.651200776785365750e+15,1.043106935762232457e-01
1.651200776787382000e+15,1.043106935762232457e-01
1.651200776789398500e+15,1.043106935762232457e-01
1.651200776791415000e+15,1.043106935762232457e-01
1.651200776793431250e+15,1.043106935762232457e-01
1.651200776795447750e+15,1.043106935762232457e-01
1.651200776797464250e+15,1.043106935762232318e-01
1.651200776799480500e+15,1.043106935762232457e-01
1.651200776801497000e+15,1.043106935762232457e-01
1.651200776803513500e+15,1.043106935762232457e-01
1.651200776805529750e+15,1.043106935762232457e-01
1.651200776807546250e+15,1.043106935762232318e-01
1.651200776809562750e+15,1.043106935762232318e-01
1.651200776811579000e+15,1.043106935762231485e-01
1.651200776813595500e+15,1.043106935762230791e-01
1.651200776815612000e+15,1.043106935762230097e-01
1.651200776817628250e+15,1.043106935762229265e-01
1.651200776819644750e+15,1.043106935762228571e-01
1.651200776821661000e+15,1.043106935762228293e-01
1.651200776823677500e+15,1.043106935762229126e-01
1.651200776825694000e+15,1.043106935762229959e-01
1.651200776827710250e+15,1.043106935762230791e-01
1.651200776829726750e+15,1.043106935762231763e-01
1.651200776831743250e+15,1.043106935762232457e-01
1.651200776833759500e+15,1.043106935762232040e-01
1.651200776835776000e+15,1.043106935762231624e-01
1.651200776837792500e+15,1.043106935762231346e-01
1.651200776839808750e+15,1.043106935762231069e-01
1.651200776841825250e+15,1.043106935762230514e-01
1.651200776843841750e+15,1.043106935762230236e-01
1.651200776845858000e+15,1.043106935762231902e-01
1.651200776847874500e+15,1.043106935762233567e-01
1.651200776849891000e+15,1.043106935762235232e-01
1.651200776851907250e+15,1.043106935762237036e-01
1.651200776853923750e+15,1.075147637590736088e-01
1.651200776855940000e+15,1.108112079515324311e-01
1.651200776857956500e+15,1.141080608785470379e-01
1.651200776859973000e+15,1.174049138055616448e-01
1.651200776861989250e+15,1.207013579980204671e-01
1.651200776864005750e+15,1.217574998762158550e-01
1.651200776866022250e+15,1.192818918259784672e-01
1.651200776868038500e+15,1.168065906946662291e-01
1.651200776870055000e+15,1.143309826444288552e-01
1.651200776872071500e+15,1.118553745941914673e-01
1.651200776874087750e+15,1.093800734628792293e-01
1.651200776876104250e+15,1.069044654126418414e-01
1.651200776878120750e+15,1.044288573624044675e-01
1.651200776880137000e+15,1.071768777748187268e-01
1.651200776882153500e+15,1.101871175854794993e-01
1.651200776884170000e+15,1.131973573961402579e-01
1.651200776886186250e+15,1.162072240057335226e-01
1.651200776888202750e+15,1.192174638163942813e-01
1.651200776890219000e+15,1.222273304259875321e-01
1.651200776892235500e+15,1.155898087670107349e-01
1.651200776894252000e+15,1.070713309459535023e-01
1.651200776896268250e+15,9.855390922182422075e-02
1.651200776898284750e+15,9.003543140076697426e-02
1.651200776900301250e+15,8.151695357970972777e-02
1.651200776902317500e+15,7.371508922167503697e-02
1.651200776904334000e+15,7.484825975332504155e-02
1.651200776906350500e+15,7.598143028497506002e-02
1.651200776908366750e+15,7.711446032932878225e-02
1.651200776910383250e+15,7.824763086097880072e-02
1.651200776912399750e+15,7.938080139262881918e-02
1.651200776914416000e+15,7.976700097005329226e-02
1.651200776916432500e+15,7.976700097005329226e-02
1.651200776918449000e+15,7.976700097005329226e-02
1.651200776920465250e+15,7.976700097005327839e-02
1.651200776922481750e+15,7.976700097005329226e-02
1.651200776924498000e+15,7.976700097005329226e-02
1.651200776926514500e+15,7.976700097005329226e-02
1.651200776928531000e+15,7.976700097005329226e-02
1.651200776930547250e+15,7.976700097005329226e-02
1.651200776932563750e+15,7.976700097005329226e-02
1.651200776934580250e+15,7.933551806773064818e-02
1.651200776936596500e+15,7.846138855071677076e-02
1.651200776938613000e+15,7.758715064814593332e-02
1.651200776940629500e+15,7.671291274557509587e-02
1.651200776942645750e+15,7.583878322856123233e-02
1.651200776944662250e+15,7.496454532599039489e-02
1.651200776946678750e+15,7.409030742341955744e-02
1.651200776948695000e+15,7.363107781851094269e-02
1.651200776950711500e+15,7.363107781851090106e-02
1.651200776952728000e+15,7.363107781851085942e-02
1.651200776954744250e+15,7.363107781851081779e-02
1.651200776956760750e+15,7.363107781851077616e-02
1.651200776958777000e+15,7.363107781851072065e-02
1.651200776960793500e+15,7.363107781851066513e-02
1.651200776962810000e+15,7.363107781851062350e-02
1.651200776964826250e+15,7.363107781851058187e-02
1.651200776966842750e+15,7.361231563033902858e-02
1.651200776968859250e+15,7.281998154766199105e-02
1.651200776970875500e+15,7.202774569633664525e-02
1.651200776972892000e+15,7.123541161365959384e-02
1.651200776974908500e+15,7.044307753098255631e-02
1.651200776976924750e+15,6.965084167965719664e-02
1.651200776978941250e+15,6.885850759698015910e-02
1.651200776980957750e+15,6.806617351430312157e-02
1.651200776982974000e+15,6.781112692840797485e-02
1.651200776984990500e+15,6.894284640477182924e-02
1.651200776987007000e+15,7.007456588113566975e-02
1.651200776989023250e+15,7.120614505010101902e-02
1.651200776991039750e+15,7.233786452646487342e-02
1.651200776993056000e+15,7.346944369543022268e-02
1.651200776995072500e+15,7.363107781851108147e-02
1.651200776997089000e+15,7.363107781851097045e-02
1.651200776999105250e+15,7.363107781851085942e-02
1.651200777001121750e+15,7.363107781851074840e-02
1.651200777003138250e+15,7.363107781851062350e-02
1.651200777005154500e+15,7.376972172646434345e-02
1.651200777007171000e+15,7.442217316261104387e-02
1.651200777009187500e+15,7.507462459875773042e-02
1.651200777011203750e+15,7.572699514580993885e-02
1.651200777013220250e+15,7.637944658195663927e-02
1.651200777015236750e+15,7.703189801810333970e-02
1.651200777017253000e+15,7.768426856515554813e-02
1.651200777019269500e+15,7.833672000130226243e-02
1.651200777021286000e+15,7.898917143744896285e-02
1.651200777023302250e+15,7.964154198450115740e-02
1.651200777025318750e+15,7.901308690600114537e-02
1.651200777027335000e+15,7.807980725495269891e-02
1.651200777029351500e+15,7.714641188417072082e-02
1.651200777031368000e+15,7.621301651338874272e-02
1.651200777033384250e+15,7.527973686234029627e-02
1.651200777035400750e+15,7.434634149155831817e-02
1.651200777037417250e+15,7.363107781851051248e-02
1.651200777039433500e+15,7.363107781851041533e-02
1.651200777041450000e+15,7.363107781851031819e-02
1.651200777043466500e+15,7.363107781851022104e-02
1.651200777045482750e+15,7.363107781851012390e-02
1.651200777047499250e+15,7.363107781851002676e-02
1.651200777049515750e+15,7.363107781850992961e-02
1.651200777051532000e+15,7.363107781850986022e-02
1.651200777053548500e+15,7.363107781850986022e-02
1.651200777055565000e+15,7.363107781850986022e-02
1.651200777057581250e+15,7.363107781850986022e-02
1.651200777059597750e+15,7.363107781850986022e-02
1.651200777061614000e+15,7.363107781850986022e-02
1.651200777063630500e+15,7.363107781850986022e-02
1.651200777065647000e+15,7.363107781850986022e-02
1.651200777067663250e+15,7.363107781850987410e-02
1.651200777069679750e+15,7.313343767978211507e-02
1.651200777071696250e+15,7.235598942121578003e-02
1.651200777073712500e+15,7.157863754849849713e-02
1.651200777075729000e+15,7.080118928993216210e-02
1.651200777077745500e+15,7.002374103136582706e-02
1.651200777079761750e+15,6.924638915864854416e-02
1.651200777081778250e+15,6.846894090008220912e-02
1.651200777083794750e+15,6.769149264151587408e-02
1.651200777085811000e+15,6.666732689710493098e-02
1.651200777087827500e+15,6.555961973192261927e-02
1.651200777089844000e+15,6.445191256674029368e-02
1.651200777091860250e+15,6.334434273197768472e-02
1.651200777093876750e+15,6.223663556679535913e-02
1.651200777095893000e+15,6.083826863791860079e-02
1.651200777097909500e+15,5.833105708065718098e-02
1.651200777099926000e+15,5.582384552339576811e-02
1.651200777101942250e+15,5.331694480317343554e-02
1.651200777103958750e+15,5.080973324591201573e-02
1.651200777105975250e+15,4.893764610500667828e-02
1.651200777107991500e+15,4.845937050078898134e-02
1.651200777110008000e+15,4.798103559395452966e-02
1.651200777112024500e+15,4.750270068712007104e-02
1.651200777114040750e+15,4.702442508290238798e-02
1.651200777116057250e+15,4.654609017606792243e-02
1.651200777118073750e+15,4.606775526923347075e-02
1.651200777120090000e+15,4.558947966501578075e-02
1.651200777122106500e+15,4.511114475818132213e-02
1.651200777124123000e+15,4.463280985134687046e-02
1.651200777126139250e+15,4.415453424712917352e-02
1.651200777128155750e+15,4.367619934029472184e-02
1.651200777130172000e+15,4.319792373607702490e-02
1.651200777132188500e+15,4.335335598204075047e-02
1.651200777134205000e+15,4.418242922212960166e-02
1.651200777136221250e+15,4.501139967604933512e-02
1.651200777138237750e+15,4.584047291613818631e-02
1.651200777140254250e+15,4.666954615622703750e-02
1.651200777142270500e+15,4.749851661014677096e-02
1.651200777144287000e+15,4.832758985023561521e-02
1.651200777146303500e+15,4.908738521234035090e-02
1.651200777148319750e+15,4.908738521234035090e-02
1.651200777150336250e+15,4.908738521234035090e-02
1.651200777152352750e+15,4.908738521234035090e-02
1.651200777154369000e+15,4.908738521234035090e-02
1.651200777156385500e+15,4.908738521234035090e-02
1.651200777158402000e+15,4.908738521234035090e-02
1.651200777160418250e+15,4.908738521234035090e-02
1.651200777162434750e+15,4.908738521234035090e-02
1.651200777164451000e+15,4.908738521234035090e-02
1.651200777166467500e+15,4.908738521234038560e-02
1.651200777168484000e+15,4.908738521234044805e-02
1.651200777170500250e+15,4.908738521234050356e-02
1.651200777172516750e+15,4.908738521234055907e-02
1.651200777174533250e+15,4.908738521234061458e-02
1.651200777176549500e+15,4.908738521234067009e-02
1.651200777178566000e+15,4.908738521234072560e-02
1.651200777180582500e+15,4.908738521234078805e-02
1.651200777182598750e+15,4.908738521234061458e-02
1.651200777184615250e+15,4.908738521234037866e-02
1.651200777186631750e+15,4.908738521234012886e-02
1.651200777188648000e+15,4.908738521233988600e-02
1.651200777190664500e+15,4.908738521233964314e-02
1.651200777192681000e+15,4.879406383638347500e-02
1.651200777194697250e+15,4.772653816080357075e-02
1.651200777196713750e+15,4.665888011998182983e-02
1.651200777198730000e+15,4.559135444440193252e-02
1.651200777200746500e+15,4.452369640358017772e-02
1.651200777202763000e+15,4.345603836275842291e-02
1.651200777204779250e+15,4.266901248547209924e-02
1.651200777206795750e+15,4.213333454646928794e-02
1.651200777208812250e+15,4.159765660746647664e-02
1.651200777210828500e+15,4.106204508030833478e-02
1.651200777212845000e+15,4.052636714130551654e-02
1.651200777214861500e+15,3.999068920230271218e-02
1.651200777216877750e+15,3.945507767514455644e-02
1.651200777218894250e+15,3.891939973614175208e-02
1.651200777220910750e+15,3.838372179713894078e-02
1.651200777222927000e+15,3.784811026998079198e-02
1.651200777224943500e+15,3.731243233097798068e-02
1.651200777226960000e+15,3.691090241576166359e-02
1.651200777228976250e+15,3.822786590887418401e-02
1.651200777230992750e+15,3.954499269566222330e-02
1.651200777233009000e+15,4.086195618877474373e-02
1.651200777235025500e+15,4.217908297556278996e-02
1.651200777237042000e+15,4.295146206079802909e-02
1.651200777239058250e+15,4.295146206079802215e-02
1.651200777241074750e+15,4.295146206079802909e-02
1.651200777243091250e+15,4.295146206079802909e-02
1.651200777245107500e+15,4.295146206079802909e-02
1.651200777247124000e+15,4.295146206079802909e-02
1.651200777249140500e+15,4.295146206079802909e-02
1.651200777251156750e+15,4.295146206079802909e-02
1.651200777253173250e+15,4.295146206079802909e-02
1.651200777255189750e+15,4.295146206079802909e-02
1.651200777257206000e+15,4.295146206079802909e-02
1.651200777259222500e+15,4.295146206079802909e-02
1.651200777261239000e+15,4.295146206079802909e-02
1.651200777263255250e+15,4.295146206079802909e-02
1.651200777265271750e+15,4.295146206079802909e-02
1.651200777267288000e+15,4.295146206079802909e-02
1.651200777269304500e+15,4.295146206079802909e-02
1.651200777271321000e+15,4.295146206079802909e-02
1.651200777273337250e+15,4.295146206079802909e-02
1.651200777275353750e+15,4.460329488990437408e-02
1.651200777277370250e+15,4.630992786026069674e-02
1.651200777279386500e+15,4.801634924706005975e-02
1.651200777281403000e+15,4.889409333789283135e-02
1.651200777283419500e+15,4.837508792534739310e-02
1.651200777285435750e+15,4.785614685763366072e-02
1.651200777287452250e+15,4.733714144508821553e-02
1.651200777289468750e+15,4.681813603254277728e-02
1.651200777291485000e+15,4.629919496482904490e-02
1.651200777293501500e+15,4.578018955228360665e-02
1.651200777295518000e+15,4.526118413973816146e-02
1.651200777297534250e+15,4.474224307202442907e-02
1.651200777299550750e+15,4.422323765947899082e-02
1.651200777301567000e+15,4.370429659176525844e-02
1.651200777303583500e+15,4.318529117921981325e-02
1.651200777305600000e+15,4.295146206079800827e-02
1.651200777307616250e+15,4.295146206079796664e-02
1.651200777309632750e+15,4.295146206079793194e-02
1.651200777311649250e+15,4.295146206079789725e-02
1.651200777313665500e+15,4.295146206079786255e-02
1.651200777315682000e+15,4.295146206079782092e-02
1.651200777317698500e+15,4.295146206079778622e-02
1.651200777319714750e+15,4.295146206079775153e-02
1.651200777321731250e+15,4.295146206079770990e-02
1.651200777323747750e+15,4.295146206079767520e-02
1.651200777325764000e+15,4.295146206079764051e-02
1.651200777327780500e+15,4.295146206079759887e-02
1.651200777329797000e+15,4.178231094198259221e-02
1.651200777331813250e+15,3.933951203699737054e-02
1.651200777333829750e+15,3.689641024312126372e-02
1.651200777335846000e+15,3.445361133813603510e-02
1.651200777337862500e+15,3.201050954425993522e-02
1.651200777339879000e+15,3.108499736642903605e-02
1.651200777341895250e+15,3.197535757184811339e-02
1.651200777343911750e+15,3.286582817530878109e-02
1.651200777345928250e+15,3.375629877876945573e-02
1.651200777347944500e+15,3.464665898418853307e-02
1.651200777349961000e+15,3.553712958764919383e-02
1.651200777351977500e+15,3.642760019110986847e-02
1.651200777353993750e+15,3.743083474617287659e-02
1.651200777356010250e+15,3.852135907501873929e-02
1.651200777358026750e+15,3.961188340386459505e-02
1.651200777360043000e+15,4.070227253257049926e-02
1.651200777362059500e+15,4.179279686141635503e-02
1.651200777364076000e+15,4.288332119026221079e-02
1.651200777366092250e+15,4.086616383404410163e-02
1.651200777368108750e+15,3.864158831533048843e-02
1.651200777370125000e+15,3.641728859323462714e-02
1.651200777372141500e+15,3.419271307452101394e-02
1.651200777374158000e+15,3.196813755580740768e-02
1.651200777376174250e+15,2.974383783371154291e-02
1.651200777378190750e+15,2.751926231499793318e-02
1.651200777380207250e+15,2.529468679628432692e-02
1.651200777382223500e+15,2.307038707418845869e-02
1.651200777384240000e+15,2.084581155547485243e-02
1.651200777386256500e+15,1.862123603676124270e-02
1.651200777388272750e+15,1.901859708567545104e-02
1.651200777390289250e+15,1.969435290408531533e-02
1.651200777392305750e+15,2.037010872249518309e-02
1.651200777394322000e+15,2.104578076259877584e-02
1.651200777396338500e+15,2.172153658100864013e-02
1.651200777398355000e+15,2.239729239941850442e-02
1.651200777400371250e+15,2.307296443952209716e-02
1.651200777402387750e+15,2.374872025793196145e-02
1.651200777404404000e+15,2.442439229803555767e-02
1.651200777406420500e+15,2.510014811644541849e-02
1.651200777408437000e+15,2.577590393485528625e-02
1.651200777410453250e+15,2.645157597495887553e-02
1.651200777412469750e+15,2.712733179336874328e-02
1.651200777414486250e+15,2.780308761177860757e-02
1.651200777416502500e+15,2.847875965188219685e-02
1.651200777418519000e+15,2.915451547029206114e-02
1.651200777420535500e+15,2.983027128870193237e-02
1.651200777422551750e+15,3.050594332880552165e-02
1.651200777424568250e+15,2.972179674731467713e-02
1.651200777426584750e+15,2.843266473699116587e-02
1.651200777428601000e+15,2.714369254962950215e-02
1.651200777430617500e+15,2.585456053930599088e-02
1.651200777432634000e+15,2.456542852898247267e-02
1.651200777434650250e+15,2.454369260617017545e-02
1.651200777436666750e+15,2.454369260617017545e-02
1.651200777438683000e+15,2.454369260617017545e-02
1.651200777440699500e+15,2.454369260617017545e-02
1.651200777442716000e+15,2.482569456550451706e-02
1.651200777444732250e+15,2.531797720663687273e-02
1.651200777446748750e+15,2.581032088715436851e-02
1.651200777448765250e+15,2.630266456767185734e-02
1.651200777450781500e+15,2.679494720880421302e-02
1.651200777452798000e+15,2.728729088932170532e-02
1.651200777454814500e+15,2.777963456983919416e-02
1.651200777456830750e+15,2.827191721097154983e-02
1.651200777458847250e+15,2.876426089148904214e-02
1.651200777460863750e+15,2.925660457200653791e-02
1.651200777462880000e+15,2.974888721313888665e-02
1.651200777464896500e+15,3.024123089365638242e-02
1.651200777466913000e+15,3.048485252374612611e-02
1.651200777468929250e+15,2.870796849440361564e-02
1.651200777470945750e+15,2.693086414466069889e-02
1.651200777472962000e+15,2.515398011531819189e-02
1.651200777474978500e+15,2.337687576557526820e-02
1.651200777476995000e+15,2.159977141583234797e-02
1.651200777479011250e+15,1.982288738648984097e-02
1.651200777481027750e+15,1.840776945462785363e-02
1.651200777483044250e+15,1.840776945462785363e-02
1.651200777485060500e+15,1.840776945462785363e-02
1.651200777487077000e+15,1.840776945462785363e-02
1.651200777489093500e+15,1.840776945462785363e-02
1.651200777491109750e+15,1.840776945462785363e-02
1.651200777493126250e+15,1.840776945462785363e-02
1.651200777495142750e+15,1.840776945462785363e-02
1.651200777497159000e+15,1.840776945462785363e-02
1.651200777499175500e+15,1.840776945462785363e-02
1.651200777501192000e+15,1.862209853714648020e-02
1.651200777503208250e+15,1.948985157455247058e-02
1.651200777505224750e+15,2.035771220687940600e-02
1.651200777507241000e+15,2.122546524428539638e-02
1.651200777509257500e+15,2.209332587661232833e-02
1.651200777511274000e+15,2.296118650893926028e-02
1.651200777513290250e+15,2.382893954634525066e-02
1.651200777515306750e+15,2.431524104560908728e-02
1.651200777517323250e+15,2.302030760394659786e-02
1.651200777519339500e+15,2.172553470449110902e-02
1.651200777521356000e+15,2.043060126282861960e-02
1.651200777523372500e+15,1.913566782116612672e-02
1.651200777525388750e+15,1.840776945462785710e-02
1.651200777527405250e+15,1.840776945462785363e-02
1.651200777529421750e+15,1.840776945462785363e-02
1.651200777531438000e+15,1.840776945462785363e-02
1.651200777533454500e+15,1.840776945462785363e-02
1.651200777535471000e+15,1.840776945462787098e-02
1.651200777537487250e+15,1.840776945462791261e-02
1.651200777539503750e+15,1.840776945462795425e-02
1.651200777541520000e+15,1.840776945462799935e-02
1.651200777543536500e+15,1.840776945462804098e-02
1.651200777545553000e+15,1.840776945462808262e-02
1.651200777547569250e+15,1.840776945462812772e-02
1.651200777549585750e+15,1.840776945462817282e-02
1.651200777551602250e+15,1.840776945462821446e-02
1.651200777553618500e+15,1.840776945462825609e-02
1.651200777555635000e+15,1.830242764505110933e-02
1.651200777557651500e+15,1.638871810439882643e-02
1.651200777559667750e+15,1.447524582007442100e-02
1.651200777561684250e+15,1.256153627942213809e-02
1.651200777563700750e+15,1.064782673876985518e-02
1.651200777565717000e+15,8.734354454445449750e-03
1.651200777567733500e+15,6.820644913793167709e-03
1.651200777569750000e+15,6.135923151541522111e-03
1.651200777571766250e+15,6.135923151541659154e-03
1.651200777573782750e+15,6.135923151541797932e-03
1.651200777575799000e+15,6.135923151541936710e-03
1.651200777577815500e+15,6.135923151542073753e-03
1.651200777579832000e+15,6.135923151542212531e-03
1.651200777581848250e+15,6.586405280577948065e-03
1.651200777583864750e+15,8.732647957956184495e-03
1.651200777585881250e+15,1.087889063533442266e-02
1.651200777587897500e+15,1.302486722758032858e-02
1.651200777589914000e+15,1.517110990495856848e-02
1.651200777591930500e+15,1.731735258233680491e-02
1.651200777593946750e+15,1.712786582952653680e-02
1.651200777595963250e+15,1.452547040727706837e-02
1.651200777597979750e+15,1.192307498502760167e-02
1.651200777599996000e+15,9.321002200445162311e-03
1.651200777602012500e+15,6.718606778195696481e-03
1.651200777604029000e+15,7.075983820379089413e-03
1.651200777606045250e+15,8.287100321044415380e-03
1.651200777608061750e+15,9.498366991145658009e-03
1.651200777610078000e+15,1.070948349181098484e-02
1.651200777612094500e+15,1.192075016191222747e-02
1.651200777614111000e+15,1.150027605782583291e-02
1.651200777616127250e+15,1.041390838533765018e-02
1.651200777618143750e+15,9.327406011340171749e-03
1.651200777620160250e+15,8.240903637342693322e-03
1.651200777622176500e+15,7.154535964854509718e-03
1.651200777624193000e+15,6.202994056123263891e-03
1.651200777626209500e+15,7.276394683787373342e-03
1.651200777628225750e+15,8.349662234259855320e-03
1.651200777630242250e+15,9.423062861923965638e-03
1.651200777632258750e+15,1.049646348958807596e-02
1.651200777634275000e+15,1.156973104006055880e-02
1.651200777636291500e+15,1.227184630308508773e-02
1.651200777638308000e+15,1.227184630308508773e-02
1.651200777640324250e+15,1.227184630308508773e-02
1.651200777642340750e+15,1.227184630308508773e-02
1.651200777644357000e+15,1.227184630308508773e-02
1.651200777646373500e+15,1.227184630308505997e-02
1.651200777648390000e+15,1.227184630308502354e-02
1.651200777650406250e+15,1.227184630308498711e-02
1.651200777652422750e+15,1.227184630308495242e-02
1.651200777654439250e+15,1.227184630308491425e-02
1.651200777656455500e+15,1.227184630308487956e-02
1.651200777658472000e+15,1.227184630308484140e-02
1.651200777660488500e+15,1.227184630308480497e-02
1.651200777662504750e+15,1.227184630308476680e-02
1.651200777664521250e+15,1.227184630308473037e-02
1.651200777666537750e+15,1.227184630308469394e-02
1.651200777668554000e+15,1.227184630308465751e-02
1.651200777670570500e+15,1.227184630308468354e-02
1.651200777672587000e+15,1.227184630308474772e-02
1.651200777674603250e+15,1.227184630308481364e-02
1.651200777676619750e+15,1.227184630308487609e-02
1.651200777678636000e+15,1.227184630308494201e-02
1.651200777680652500e+15,1.227184630308500619e-02
1.651200777682669000e+15,1.227184630308507038e-02
1.651200777684685250e+15,1.227184630308508599e-02
1.651200777686701750e+15,1.227184630308508773e-02
1.651200777688718250e+15,1.227184630308508773e-02
1.651200777690734500e+15,1.227184630308508773e-02
1.651200777692751000e+15,1.227184630308508599e-02
1.651200777694767500e+15,1.227184630308508773e-02
1.651200777696783750e+15,1.227184630308508773e-02
1.651200777698800250e+15,1.227184630308508773e-02
1.651200777700816750e+15,1.227184630308508773e-02
1.651200777702833000e+15,1.227184630308508773e-02
1.651200777704849500e+15,1.227184630308508773e-02
1.651200777706866000e+15,1.227184630308508946e-02
1.651200777708882250e+15,1.227184630308508773e-02
1.651200777710898750e+15,1.227184630308508773e-02
1.651200777712915000e+15,1.227184630308508773e-02
1.651200777714931500e+15,1.227184630308508773e-02
1.651200777716948000e+15,1.227184630308508946e-02
1.651200777718964250e+15,1.227184630308508773e-02
1.651200777720980750e+15,1.227184630308508773e-02
1.651200777722997250e+15,1.227184630308508773e-02
1.651200777725013500e+15,1.227184630308508773e-02
1.651200777727030000e+15,1.227184630308508946e-02
1.651200777729046500e+15,1.227184630308508773e-02
1.651200777731062750e+15,1.227184630308508773e-02
1.651200777733079250e+15,1.227184630308508773e-02
1.651200777735095750e+15,1.227184630308508773e-02
1.651200777737112000e+15,1.227184630308508773e-02
1.651200777739128500e+15,1.227184630308508773e-02
1.651200777741145000e+15,1.227184630308508773e-02
1.651200777743161250e+15,1.227184630308508773e-02
1.651200777745177750e+15,1.227184630308508773e-02
1.651200777747194000e+15,1.227184630308508946e-02
1.651200777749210500e+15,1.227184630308508773e-02
1.651200777751227000e+15,1.227184630308508773e-02
1.651200777753243250e+15,1.227184630308508599e-02
1.651200777755259750e+15,1.227184630308508773e-02
1.651200777757276250e+15,1.227184630308508773e-02
1.651200777759292500e+15,1.227184630308508773e-02
1.651200777761309000e+15,1.227184630308508773e-02
1.651200777763325500e+15,1.227184630308508599e-02
1.651200777765341750e+15,1.227184630308508773e-02
1.651200777767358250e+15,1.227184630308508599e-02
1.651200777769374750e+15,1.227184630308508773e-02
1.651200777771391000e+15,1.227184630308508773e-02
1.651200777773407500e+15,1.227184630308508599e-02
1.651200777775424000e+15,1.227184630308508773e-02
1.651200777777440250e+15,1.227184630308508773e-02
1.651200777779456750e+15,1.227184630308508773e-02
1.651200777781473000e+15,1.227184630308508773e-02
1.651200777783489500e+15,1.227184630308508773e-02
1.651200777785506000e+15,1.227184630308508773e-02
1.651200777787522250e+15,1.227184630308508773e-02
1.651200777789538750e+15,1.227184630308508773e-02
1.651200777791555250e+15,1.227184630308508773e-02
1.651200777793571500e+15,1.227184630308508773e-02
1.651200777795588000e+15,1.227184630308508773e-02
1.651200777797604500e+15,1.227184630308508773e-02
1.651200777799620750e+15,1.227184630308508773e-02
1.651200777801637250e+15,1.227184630308508773e-02
1.651200777803653750e+15,1.227184630308508946e-02
1.651200777805670000e+15,1.227184630308508946e-02
1.651200777807686500e+15,1.164628054234205512e-02
1.651200777809703000e+15,1.070313784586480153e-02
1.651200777811719250e+15,9.760112077567125941e-03
1.651200777813735750e+15,8.816969381089872354e-03
1.651200777815752000e+15,7.873943612792196761e-03
1.651200777817768500e+15,6.930800916314941440e-03
1.651200777819785000e+15,6.135923151542738152e-03
1.651200777821801250e+15,6.135923151542564680e-03
1.651200777823817750e+15,6.135923151542391207e-03
1.651200777825834250e+15,6.135923151542216868e-03
1.651200777827850500e+15,6.135923151542043395e-03
1.651200777829867000e+15,6.164347140823441158e-03
1.651200777831883500e+15,6.731841936727113104e-03
1.651200777833899750e+15,7.299266376221674041e-03
1.651200777835916250e+15,7.866761172125345120e-03
1.651200777837932750e+15,8.434255968029019668e-03
1.651200777839949000e+15,9.001680407523578870e-03
1.651200777841965500e+15,9.569175203427251683e-03
1.651200777843982000e+15,1.013666999933092623e-02
1.651200777845998250e+15,1.070409443882548543e-02
1.651200777848014750e+15,1.127158923472915825e-02
1.651200777850031000e+15,1.183901367422371745e-02
1.651200777852047500e+15,1.202105282670275048e-02
1.651200777854064000e+15,1.096415618067165913e-02
1.651200777856080250e+15,9.907390565714956077e-03
1.651200777858096750e+15,8.850493919683866464e-03
1.651200777860113250e+15,7.793597273652775118e-03
1.651200777862129500e+15,6.736831658696073796e-03
1.651200777864146000e+15,6.135923151542765908e-03
1.651200777866162500e+15,6.135923151542765908e-03
1.651200777868178750e+15,6.135923151542765908e-03
1.651200777870195250e+15,6.135923151542765908e-03
1.651200777872211750e+15,6.135923151542765908e-03
1.651200777874228000e+15,6.135923151542765040e-03
1.651200777876244500e+15,6.135923151542765040e-03
1.651200777878261000e+15,6.135923151542765908e-03
1.651200777880277250e+15,6.135923151542765908e-03
1.651200777882293750e+15,6.135923151542765040e-03
1.651200777884310000e+15,6.135923151542765908e-03
1.651200777886326500e+15,6.135923151542765908e-03
1.651200777888343000e+15,6.135923151542765908e-03
1.651200777890359250e+15,6.135923151542765908e-03
1.651200777892375750e+15,6.135923151542765908e-03
1.651200777894392250e+15,6.135923151542765908e-03
1.651200777896408500e+15,6.135923151542765908e-03
1.651200777898425000e+15,6.135923151542765908e-03
1.651200777900441500e+15,6.135923151542765908e-03
1.651200777902457750e+15,6.135923151542765908e-03
1.651200777904474250e+15,6.135923151542765040e-03
1.651200777906490750e+15,6.135923151542765908e-03
1.651200777908507000e+15,6.135923151542765908e-03
1.651200777910523500e+15,6.135923151542765908e-03
1.651200777912540000e+15,6.135923151542765908e-03
1.651200777914556250e+15,6.135923151542765908e-03
1.651200777916572750e+15,6.135923151542765908e-03
1.651200777918589000e+15,6.135923151542765908e-03
1.651200777920605500e+15,6.135923151542765908e-03
1.651200777922622000e+15,6.135923151542765908e-03
1.651200777924638250e+15,6.135923151542765908e-03
1.651200777926654750e+15,6.135923151542765908e-03
1.651200777928671250e+15,6.135923151542765908e-03
1.651200777930687500e+15,6.135923151542766775e-03
1.651200777932704000e+15,6.135923151542765908e-03
1.651200777934720500e+15,6.135923151542765908e-03
1.651200777936736750e+15,6.135923151542766775e-03
1.651200777938753250e+15,6.135923151542765908e-03
1.651200777940769750e+15,6.135923151542766775e-03
1.651200777942786000e+15,6.135923151542765908e-03
1.651200777944802500e+15,6.135923151542765908e-03
1.651200777946819000e+15,6.135923151542765908e-03
1.651200777948835250e+15,6.135923151542765908e-03
1.651200777950851750e+15,6.135923151542765908e-03
1.651200777952868000e+15,6.135923151542765908e-03
1.651200777954884500e+15,6.135923151542719070e-03
1.651200777956901000e+15,6.135923151542643610e-03
1.651200777958917250e+15,6.135923151542567282e-03
1.651200777960933750e+15,6.135923151542491821e-03
1.651200777962950250e+15,6.135923151542417228e-03
1.651200777964966500e+15,6.135923151542340033e-03
1.651200777966983000e+15,6.135923151542394677e-03
1.651200777968999500e+15,6.135923151542490087e-03
1.651200777971015750e+15,6.135923151542585496e-03
1.651200777973032250e+15,6.135923151542681774e-03
1.651200777975048750e+15,6.135923151542778051e-03
1.651200777977065000e+15,6.135923151542871726e-03
1.651200777979081500e+15,6.135923151542964533e-03
1.651200777981098000e+15,6.135923151543057341e-03
1.651200777983114250e+15,6.135923151543151016e-03
1.651200777985130750e+15,6.135923151543210864e-03
1.651200777987147000e+15,6.135923151543209997e-03
1.651200777989163500e+15,6.135923151543209997e-03
1.651200777991180000e+15,6.135923151543209997e-03
1.651200777993196250e+15,6.135923151543209997e-03
1.651200777995212750e+15,6.135923151543209997e-03
1.651200777997229250e+15,6.135923151543209997e-03
1.651200777999245500e+15,6.135923151543209997e-03
1.651200778001262000e+15,6.135923151543209997e-03
1.651200778003278500e+15,6.135923151543209997e-03
1.651200778005294750e+15,6.135923151543209997e-03
1.651200778007311250e+15,6.135923151543209997e-03
1.651200778009327750e+15,6.135923151543209997e-03
1.651200778011344000e+15,6.135923151543209997e-03
1.651200778013360500e+15,6.135923151543209997e-03
1.651200778015377000e+15,6.135923151543209129e-03
1.651200778017393250e+15,6.135923151543209997e-03
1.651200778019409750e+15,6.135923151543209997e-03
1.651200778021426000e+15,6.135923151543209997e-03
1.651200778023442500e+15,6.135923151543209129e-03
1.651200778025459000e+15,6.135923151543209997e-03
1.651200778027475250e+15,6.135923151543209129e-03
1.651200778029491750e+15,6.135923151543209997e-03
1.651200778031508250e+15,6.135923151543209997e-03
1.651200778033524500e+15,6.135923151543209997e-03
1.651200778035541000e+15,6.135923151543209129e-03
1.651200778037557500e+15,6.135923151543209129e-03
1.651200778039573750e+15,6.135923151543209997e-03
1.651200778041590250e+15,6.135923151543160557e-03
1.651200778043606750e+15,6.135923151543097240e-03
1.651200778045623000e+15,6.135923151543034790e-03
1.651200778047639500e+15,6.135923151542972340e-03
1.651200778049656000e+15,6.135923151542909022e-03
1.651200778051672250e+15,6.135923151542845705e-03
1.651200778053688750e+15,6.135923151542783255e-03
1.651200778055705000e+15,6.606914921915466032e-03
1.651200778057721500e+15,7.247775181670222840e-03
1.651200778059738000e+15,7.888635441424979647e-03
1.651200778061754250e+15,8.529416249126706845e-03
1.651200778063770750e+15,9.170276508881462785e-03
1.651200778065787250e+15,9.811136768636220459e-03
1.651200778067803500e+15,1.045191757633794419e-02
1.651200778069820000e+15,1.109277783609270186e-02
1.651200778071836500e+15,1.173363809584745954e-02
1.651200778073852750e+15,1.213930034249607708e-02
1.651200778075869250e+15,1.131117042916457427e-02
1.651200778077885750e+15,1.048304051583306973e-02
1.651200778079902000e+15,9.655013271719683696e-03
1.651200778081918500e+15,8.826883358388180889e-03
1.651200778083935000e+15,7.998753445056676348e-03
1.651200778085951250e+15,7.170726200943291183e-03
1.651200778087967750e+15,6.342596287611788376e-03
1.651200778089984000e+15,7.134487390359597198e-03
1.651200778092000500e+15,8.465356384130274733e-03
1.651200778094017000e+15,9.796225377900950534e-03
1.651200778096033250e+15,1.112692937427592343e-02
1.651200778098049750e+15,1.245779836804660097e-02
1.651200778100066250e+15,1.378866736181727677e-02
1.651200778102082500e+15,1.511937135819224620e-02
1.651200778104099000e+15,1.645024035196292547e-02
1.651200778106115500e+15,1.778110934573360474e-02
1.651200778108131750e+15,1.840776945462785710e-02
1.651200778110148250e+15,1.840776945462785363e-02
1.651200778112164750e+15,1.840776945462785363e-02
1.651200778114181000e+15,1.840776945462785363e-02
1.651200778116197500e+15,1.840776945462785363e-02
1.651200778118214000e+15,1.840776945462785363e-02
1.651200778120230250e+15,1.840776945462785363e-02
1.651200778122246750e+15,1.840776945462785363e-02
1.651200778124263000e+15,1.840776945462785363e-02
1.651200778126279500e+15,1.840776945462785363e-02
1.651200778128296000e+15,1.840776945462785363e-02
1.651200778130312250e+15,1.830462234996367912e-02
1.651200778132328750e+15,1.717574236865944404e-02
1.651200778134345250e+15,1.604686238735520548e-02
1.651200778136361500e+15,1.491812236141686412e-02
1.651200778138378000e+15,1.378924238011262557e-02
1.651200778140394500e+15,1.266036239880839048e-02
1.651200778142410750e+15,1.153162237287004566e-02
1.651200778144427250e+15,1.040274239156580884e-02
1.651200778146443750e+15,9.273862410261572015e-03
1.651200778148460000e+15,8.145122384323228923e-03
1.651200778150476500e+15,7.016242403018991235e-03
1.651200778152493000e+15,6.437723293260811698e-03
1.651200778154509250e+15,7.808229004382691123e-03
1.651200778156525750e+15,9.178904648016799825e-03
1.651200778158542000e+15,1.054941035913867925e-02
1.651200778160558500e+15,1.192008600277278708e-02
1.651200778162575000e+15,1.227184630308542253e-02
1.651200778164591250e+15,1.227184630308527508e-02
1.651200778166607750e+15,1.227184630308512589e-02
1.651200778168624250e+15,1.227184630308497844e-02
1.651200778170640500e+15,1.227184630308482925e-02
1.651200778172657000e+15,1.227184630308468180e-02
1.651200778174673500e+15,1.227184630308469047e-02
1.651200778176689750e+15,1.227184630308475119e-02
1.651200778178706250e+15,1.227184630308481537e-02
1.651200778180722750e+15,1.227184630308487782e-02
1.651200778182739000e+15,1.227184630308494027e-02
1.651200778184755500e+15,1.227184630308500446e-02
1.651200778186772000e+15,1.227184630308506691e-02
1.651200778188788250e+15,1.227184630308508773e-02
1.651200778190804750e+15,1.227184630308508773e-02
1.651200778192821000e+15,1.227184630308508773e-02
1.651200778194837500e+15,1.227184630308508773e-02
1.651200778196854000e+15,1.227184630308508773e-02
1.651200778198870250e+15,1.227184630308508773e-02
1.651200778200886750e+15,1.227184630308508773e-02
1.651200778202903250e+15,1.227184630308508773e-02
1.651200778204919500e+15,1.227184630308508773e-02
1.651200778206936000e+15,1.227184630308508946e-02
1.651200778208952500e+15,1.227184630308508773e-02
1.651200778210968750e+15,1.227184630308508773e-02
1.651200778212985250e+15,1.227184630308508773e-02
1.651200778215001750e+15,1.227184630308508773e-02
1.651200778217018000e+15,1.227184630308508599e-02
1.651200778219034500e+15,1.227184630308508599e-02
1.651200778221051000e+15,1.227184630308508773e-02
1.651200778223067250e+15,1.227184630308508599e-02
1.651200778225083750e+15,1.227184630308508773e-02
1.651200778227100000e+15,1.227184630308508773e-02
1.651200778229116500e+15,1.227184630308508773e-02
1.651200778231133000e+15,1.227184630308508773e-02
1.651200778233149250e+15,1.227184630308508773e-02
1.651200778235165750e+15,1.227184630308508773e-02
1.651200778237182250e+15,1.227184630308508773e-02
1.651200778239198500e+15,1.227184630308508773e-02
1.651200778241215000e+15,1.227184630308508946e-02
1.651200778243231500e+15,1.227184630308510507e-02
1.651200778245247750e+15,1.227184630308518140e-02
1.651200778247264250e+15,1.227184630308525773e-02
1.651200778249280750e+15,1.227184630308533406e-02
1.651200778251297000e+15,1.227184630308541038e-02
1.651200778253313500e+15,1.227184630308548671e-02
1.651200778255330000e+15,1.227184630308549712e-02
1.651200778257346250e+15,1.227184630308541732e-02
1.651200778259362750e+15,1.227184630308533753e-02
1.651200778261379000e+15,1.227184630308525426e-02
1.651200778263395500e+15,1.227184630308517446e-02
1.651200778265412000e+15,1.227184630308509293e-02
1.651200778267428250e+15,1.227184630308512589e-02
1.651200778269444750e+15,1.227184630308516926e-02
1.651200778271461250e+15,1.227184630308521089e-02
1.651200778273477500e+15,1.227184630308525426e-02
1.651200778275494000e+15,1.227184630308529589e-02
1.651200778277510500e+15,1.227184630308533753e-02
1.651200778279526750e+15,1.227184630308538089e-02
1.651200778281543250e+15,1.227184630308542600e-02
1.651200778283559750e+15,1.227184630308546763e-02
1.651200778285576000e+15,1.227184630308550926e-02
1.651200778287592500e+15,1.227184630308549712e-02
1.651200778289609000e+15,1.227184630308542600e-02
1.651200778291625250e+15,1.227184630308535661e-02
1.651200778293641750e+15,1.227184630308528722e-02
1.651200778295658000e+15,1.227184630308521610e-02
1.651200778297674500e+15,1.227184630308514671e-02
1.651200778299691000e+15,1.208360975735661876e-02
1.651200778301707250e+15,1.089757245946589535e-02
1.651200778303723750e+15,9.711388101773826831e-03
1.651200778305740250e+15,8.525203744081754839e-03
1.651200778307756500e+15,7.339166446191034907e-03
1.651200778309773000e+15,6.152982088498964650e-03
1.651200778311789500e+15,6.982631980514845092e-03
1.651200778313805750e+15,7.841588798837284546e-03
1.651200778315822250e+15,8.700652121414940293e-03
1.651200778317838750e+15,9.559715443992597775e-03
1.651200778319855000e+15,1.041867226231503810e-02
1.651200778321871500e+15,1.127773558489269384e-02
1.651200778323888000e+15,1.213679890747035132e-02
1.651200778325904250e+15,1.104100373251978677e-02
1.651200778327920750e+15,9.580362835921327203e-03
1.651200778329937000e+15,8.119903025474196900e-03
1.651200778331953500e+15,6.659262128875738200e-03
1.651200778333970000e+15,5.198621232277279500e-03
1.651200778335986250e+15,3.738161421830147896e-03
1.651200778338002750e+15,2.277520525231689630e-03
1.651200778340019250e+15,8.168796286332314716e-04
1.651200778342035500e+15,4.237344722638071003e-04
1.651200778344052000e+15,1.385423344880539918e-03
1.651200778346068500e+15,2.347112217497272519e-03
1.651200778348084750e+15,3.308681862631657894e-03
1.651200778350101250e+15,4.270370735248389844e-03
1.651200778352117750e+15,5.232059607865123529e-03
1.651200778354134000e+15,6.135923151543202191e-03
1.651200778356150500e+15,6.135923151543062545e-03
1.651200778358167000e+15,6.135923151542923767e-03
1.651200778360183250e+15,6.135923151542784122e-03
1.651200778362199750e+15,6.135923151542645344e-03
1.651200778364216000e+15,6.135923151542505699e-03
1.651200778366232500e+15,6.135923151542366054e-03
1.651200778368249000e+15,6.135923151542484015e-03
1.651200778370265250e+15,6.135923151542724274e-03
1.651200778372281750e+15,6.135923151542964533e-03
1.651200778374298250e+15,6.135923151543203925e-03
1.651200778376314500e+15,6.135923151543209997e-03
1.651200778378331000e+15,6.135923151543209997e-03
1.651200778380347500e+15,6.135923151543209997e-03
1.651200778382363750e+15,6.135923151543209997e-03
1.651200778384380250e+15,6.135923151543209997e-03
1.651200778386396750e+15,6.135923151543209997e-03
1.651200778388413000e+15,6.135923151543209997e-03
1.651200778390429500e+15,6.135923151543210864e-03
1.651200778392446000e+15,6.135923151543209997e-03
1.651200778394462250e+15,6.135923151543210864e-03
1.651200778396478750e+15,6.135923151543209129e-03
1.651200778398495000e+15,6.135923151543209997e-03
1.651200778400511500e+15,6.135923151543209997e-03
1.651200778402528000e+15,6.135923151543209997e-03
1.651200778404544250e+15,6.135923151543209997e-03
1.651200778406560750e+15,6.135923151543209997e-03
1.651200778408577250e+15,6.135923151543209997e-03
1.651200778410593500e+15,6.135923151543209129e-03
1.651200778412610000e+15,6.135923151543209997e-03
1.651200778414626500e+15,6.135923151543209997e-03
1.651200778416642750e+15,6.135923151543209997e-03
1.651200778418659250e+15,6.135923151543209997e-03
1.651200778420675750e+15,6.135923151543209129e-03
1.651200778422692000e+15,6.135923151543210864e-03
1.651200778424708500e+15,6.135923151543209997e-03
1.651200778426725000e+15,6.135923151543209997e-03
1.651200778428741250e+15,6.135923151543209997e-03
1.651200778430757750e+15,6.135923151543209129e-03
1.651200778432774000e+15,6.135923151543209997e-03
1.651200778434790500e+15,6.135923151543209997e-03
1.651200778436807000e+15,6.135923151543209997e-03
1.651200778438823250e+15,6.135923151543209129e-03
1.651200778440839750e+15,6.135923151543209997e-03
1.651200778442856250e+15,6.135923151543209129e-03
1.651200778444872500e+15,6.135923151543209997e-03
1.651200778446889000e+15,6.135923151543209997e-03
1.651200778448905500e+15,6.135923151543209997e-03
1.651200778450921750e+15,6.135923151543209997e-03
1.651200778452938250e+15,6.135923151543209997e-03
1.651200778454954750e+15,6.135923151543209997e-03
1.651200778456971000e+15,6.135923151543209997e-03
1.651200778458987500e+15,6.135923151543209129e-03
1.651200778461003750e+15,6.135923151543209997e-03
1.651200778463020250e+15,6.135923151543209129e-03
1.651200778465036750e+15,6.135923151543209997e-03
1.651200778467053000e+15,6.135923151543209997e-03
1.651200778469069500e+15,6.135923151543209997e-03
1.651200778471086000e+15,6.135923151543209997e-03
1.651200778473102250e+15,6.135923151543209129e-03
1.651200778475118750e+15,6.135923151543210864e-03
1.651200778477135250e+15,6.135923151543209997e-03
1.651200778479151500e+15,6.135923151543210864e-03
1.651200778481168000e+15,6.135923151543209997e-03
1.651200778483184500e+15,6.135923151543210864e-03
1.651200778485200750e+15,6.135923151543210864e-03
1.651200778487217250e+15,6.135923151543209129e-03
1.651200778489233750e+15,6.135923151543209129e-03
1.651200778491250000e+15,6.135923151543209997e-03
1.651200778493266500e+15,6.135923151543209997e-03
1.651200778495282750e+15,6.135923151543209997e-03
1.651200778497299250e+15,6.135923151543209997e-03
1.651200778499315750e+15,6.135923151543209997e-03
1.651200778501332000e+15,6.135923151543209997e-03
1.651200778503348500e+15,6.135923151543209997e-03
1.651200778505365000e+15,6.135923151543209997e-03
1.651200778507381250e+15,6.135923151543209997e-03
1.651200778509397750e+15,6.135923151543209997e-03
1.651200778511414250e+15,6.135923151543209997e-03
1.651200778513430500e+15,6.135923151543209997e-03
1.651200778515447000e+15,6.135923151543209997e-03
1.651200778517463500e+15,6.135923151543209997e-03
1.651200778519479750e+15,6.135923151543209997e-03
1.651200778521496250e+15,6.135923151543209129e-03
1.651200778523512750e+15,6.135923151543210864e-03
1.651200778525529000e+15,6.135923151543210864e-03
1.651200778527545500e+15,6.135923151543210864e-03
1.651200778529561750e+15,6.135923151543210864e-03
1.651200778531578250e+15,6.135923151543209997e-03
1.651200778533594750e+15,6.135923151543209997e-03
1.651200778535611000e+15,6.135923151543209997e-03
1.651200778537627500e+15,6.135923151543210864e-03
1.651200778539644000e+15,6.135923151543209997e-03
1.651200778541660250e+15,6.135923151543210864e-03
1.651200778543676750e+15,6.135923151543209997e-03
1.651200778545693250e+15,6.135923151543209997e-03
1.651200778547709500e+15,6.135923151543209997e-03
1.651200778549726000e+15,6.135923151543209997e-03
1.651200778551742500e+15,6.135923151543209997e-03
1.651200778553758750e+15,6.135923151543210864e-03
1.651200778555775250e+15,6.135923151543209997e-03
1.651200778557791750e+15,6.135923151543210864e-03
1.651200778559808000e+15,6.135923151543210864e-03
1.651200778561824500e+15,6.135923151543209997e-03
1.651200778563840750e+15,6.135923151543209997e-03
1.651200778565857250e+15,6.135923151543209997e-03
1.651200778567873750e+15,6.135923151543209997e-03
1.651200778569890000e+15,6.135923151543209997e-03
1.651200778571906500e+15,6.135923151543209997e-03
1.651200778573923000e+15,6.135923151543209997e-03
1.651200778575939250e+15,6.135923151543209997e-03
1.651200778577955750e+15,6.135923151543209997e-03
1.651200778579972250e+15,6.135923151543209997e-03
1.651200778581988500e+15,6.135923151543209997e-03
1.651200778584005000e+15,6.135923151543210864e-03
1.651200778586021500e+15,6.135923151543209997e-03
1.651200778588037750e+15,6.135923151543210864e-03
1.651200778590054250e+15,6.135923151543210864e-03
1.651200778592070750e+15,6.135923151543209997e-03
1.651200778594087000e+15,6.135923151543209997e-03
1.651200778596103500e+15,6.135923151543209997e-03
1.651200778598119750e+15,6.135923151543209997e-03
1.651200778600136250e+15,6.135923151543209997e-03
1.651200778602152750e+15,6.135923151543209129e-03
1.651200778604169000e+15,6.135923151543209997e-03
1.651200778606185500e+15,6.135923151543209997e-03
1.651200778608202000e+15,6.135923151543209997e-03
1.651200778610218250e+15,6.135923151543209997e-03
1.651200778612234750e+15,6.135923151543209997e-03
1.651200778614251250e+15,6.135923151543209997e-03
1.651200778616267500e+15,6.135923151543209997e-03
1.651200778618284000e+15,6.135923151543209997e-03
1.651200778620300500e+15,6.135923151543209997e-03
1.651200778622316750e+15,6.135923151543209129e-03
1.651200778624333250e+15,6.135923151543209997e-03
1.651200778626349750e+15,6.135923151543209997e-03
1.651200778628366000e+15,6.135923151543209997e-03
1.651200778630382500e+15,6.135923151543209997e-03
1.651200778632398750e+15,6.135923151543209997e-03
1.651200778634415250e+15,6.135923151543209997e-03
1.651200778636431750e+15,6.135923151543209997e-03
1.651200778638448000e+15,6.135923151543209997e-03
1.651200778640464500e+15,6.135923151543209129e-03
1.651200778642481000e+15,6.135923151543209997e-03
1.651200778644497250e+15,6.135923151543209997e-03
1.651200778646513750e+15,6.135923151543209997e-03
1.651200778648530250e+15,6.135923151543209997e-03
1.651200778650546500e+15,6.135923151543209997e-03
1.651200778652563000e+15,6.135923151543209997e-03
1.651200778654579500e+15,6.135923151543209997e-03
1.651200778656595750e+15,6.135923151543209997e-03
1.651200778658612250e+15,6.181611681472445365e-03
1.651200778660628750e+15,6.716479145056213594e-03
1.651200778662645000e+15,7.251280297275787892e-03
1.651200778664661500e+15,7.786147760859556122e-03
1.651200778666677750e+15,8.320948913079131287e-03
1.651200778668694250e+15,8.855816376662897782e-03
1.651200778670710750e+15,9.390683840246666012e-03
1.651200778672727000e+15,9.925484992466239442e-03
1.651200778674743500e+15,1.046035245605000767e-02
1.651200778676760000e+15,1.099521991963377590e-02
1.651200778678776250e+15,1.153002107185334933e-02
1.651200778680792750e+15,1.206488853543711756e-02
1.651200778682809250e+15,1.282744104388111248e-02
1.651200778684825500e+15,1.373358292143895404e-02
1.651200778686842000e+15,1.463983715384832053e-02
1.651200778688858500e+15,1.554609138625768702e-02
1.651200778690874750e+15,1.645223326381552859e-02
1.651200778692891250e+15,1.735848749622489681e-02
1.651200778694907750e+15,1.826474172863426157e-02
1.651200778696924000e+15,1.787970065020127661e-02
1.651200778698940500e+15,1.725258007062270907e-02
1.651200778700956750e+15,1.662553723969025996e-02
1.651200778702973250e+15,1.599841666011169589e-02
1.651200778704989750e+15,1.537129608053313182e-02
1.651200778707006000e+15,1.474425324960068270e-02
1.651200778709022500e+15,1.411713267002211863e-02
1.651200778711039000e+15,1.349001209044355110e-02
1.651200778713055250e+15,1.286296925951110372e-02
1.651200778715071750e+15,1.231392670981476707e-02
1.651200778717088250e+15,1.304701647371363585e-02
1.651200778719104500e+15,1.378001535120487904e-02
1.651200778721121000e+15,1.451310511510374782e-02
1.651200778723137500e+15,1.524619487900261486e-02
1.651200778725153750e+15,1.597919375649385632e-02
1.651200778727170250e+15,1.671228352039272683e-02
1.651200778729186750e+15,1.744537328429159387e-02
1.651200778731203000e+15,1.817837216178283533e-02
1.651200778733219500e+15,1.676563665059741665e-02
1.651200778735235750e+15,1.437592155415239915e-02
1.651200778737252250e+15,1.198591015081383430e-02
1.651200778739268750e+15,9.595898747475269455e-03
1.651200778741285000e+15,7.206183651030251096e-03
1.651200778743301500e+15,6.867986842665627784e-03
1.651200778745318000e+15,8.193722301262359314e-03
1.651200778747334250e+15,9.519293398904643544e-03
1.651200778749350750e+15,1.084502885750137507e-02
1.651200778751367250e+15,1.217076431609810661e-02
1.651200778753383500e+15,1.227184630308502528e-02
1.651200778755400000e+15,1.227184630308496109e-02
1.651200778757416500e+15,1.227184630308489691e-02
1.651200778759432750e+15,1.227184630308483099e-02
1.651200778761449250e+15,1.227184630308476507e-02
1.651200778763465750e+15,1.227184630308470088e-02
1.651200778765482000e+15,1.227184630308464364e-02
1.651200778767498500e+15,1.227184630308464537e-02
1.651200778769514750e+15,1.227184630308464364e-02
1.651200778771531250e+15,1.227184630308464364e-02
1.651200778773547750e+15,1.227184630308464364e-02
1.651200778775564000e+15,1.229284695275146763e-02
1.651200778777580500e+15,1.323390939837704346e-02
1.651200778779597000e+15,1.417497184400262275e-02
1.651200778781613250e+15,1.511591761935227388e-02
1.651200778783629750e+15,1.605698006497784797e-02
1.651200778785646250e+15,1.699804251060342553e-02
1.651200778787662500e+15,1.793898828595307665e-02
1.651200778789679000e+15,1.840776945462696546e-02
1.651200778791695500e+15,1.840776945462696546e-02
1.651200778793711750e+15,1.840776945462696546e-02
1.651200778795728250e+15,1.840776945462696546e-02
1.651200778797744750e+15,1.840776945462696546e-02
1.651200778799761000e+15,1.840776945462696546e-02
1.651200778801777500e+15,1.840776945462696546e-02
1.651200778803793750e+15,1.840776945462696546e-02
1.651200778805810250e+15,1.840776945462696546e-02
1.651200778807826750e+15,1.840776945462696546e-02
1.651200778809843000e+15,1.840776945462696546e-02
1.651200778811859500e+15,1.840776945462696546e-02
1.651200778813876000e+15,1.840776945462696546e-02
1.651200778815892250e+15,1.840776945462696546e-02
1.651200778817908750e+15,1.840776945462696546e-02
1.651200778819925250e+15,1.840776945462696546e-02
1.651200778821941500e+15,1.840776945462696546e-02
1.651200778823958000e+15,1.840776945462696546e-02
1.651200778825974500e+15,1.840776945462696546e-02
1.651200778827990750e+15,1.840776945462696892e-02
1.651200778830007250e+15,1.840033016855574521e-02
1.651200778832023750e+15,1.782885129759901113e-02
1.651200778834040000e+15,1.725744327698581701e-02
1.651200778836056500e+15,1.668596440602908640e-02
1.651200778838072750e+15,1.611455638541588881e-02
1.651200778840089250e+15,1.554307751445915819e-02
1.651200778842105750e+15,1.497159864350242758e-02
1.651200778844122000e+15,1.440019062288923173e-02
1.651200778846138500e+15,1.382871175193249938e-02
1.651200778848155000e+15,1.325723288097576703e-02
1.651200778850171250e+15,1.268582486036257118e-02
1.651200778852187750e+15,1.241362408836154708e-02
1.651200778854204250e+15,1.292805486480775451e-02
1.651200778856220500e+15,1.344242186357277706e-02
1.651200778858237000e+15,1.395685264001898448e-02
1.651200778860253500e+15,1.447128341646519364e-02
1.651200778862269750e+15,1.498565041523021446e-02
1.651200778864286250e+15,1.550008119167642189e-02
1.651200778866302750e+15,1.601451196812263278e-02
1.651200778868319000e+15,1.652887896688765360e-02
1.651200778870335500e+15,1.704330974333385929e-02
1.651200778872351750e+15,1.755767674209888357e-02
1.651200778874368250e+15,1.807210751854509273e-02
1.651200778876384750e+15,1.840776945462696546e-02
1.651200778878401000e+15,1.840776945462696546e-02
1.651200778880417500e+15,1.840776945462696546e-02
1.651200778882434000e+15,1.840776945462696546e-02
1.651200778884450250e+15,1.840776945462696546e-02
1.651200778886466750e+15,1.840776945462696546e-02
1.651200778888483250e+15,1.840776945462702097e-02
1.651200778890499500e+15,1.840776945462709036e-02
1.651200778892516000e+15,1.840776945462715974e-02
1.651200778894532500e+15,1.840776945462723607e-02
1.651200778896548750e+15,1.840776945462730199e-02
1.651200778898565250e+15,1.840776945462737832e-02
1.651200778900581750e+15,1.840776945462737485e-02
1.651200778902598000e+15,1.840776945462730546e-02
1.651200778904614500e+15,1.840776945462723607e-02
1.651200778906630750e+15,1.840776945462716668e-02
1.651200778908647250e+15,1.840776945462710076e-02
1.651200778910663750e+15,1.840776945462702791e-02
1.651200778912680000e+15,1.840776945462696199e-02
1.651200778914696500e+15,1.840776945462696546e-02
1.651200778916713000e+15,1.840776945462696546e-02
1.651200778918729250e+15,1.840776945462696546e-02
1.651200778920745750e+15,1.840776945462696546e-02
1.651200778922762250e+15,1.840776945462703137e-02
1.651200778924778500e+15,1.840776945462721872e-02
1.651200778926795000e+15,1.840776945462740261e-02
1.651200778928811500e+15,1.840776945462758996e-02
1.651200778930827750e+15,1.840776945462777731e-02
1.651200778932844250e+15,1.840776945462796466e-02
1.651200778934860750e+15,1.840776945462815201e-02
1.651200778936877000e+15,1.840776945462833936e-02
1.651200778938893500e+15,1.840776945462852324e-02
1.651200778940909750e+15,1.840776945462871406e-02
1.651200778942926250e+15,1.840776945462890141e-02
1.651200778944942750e+15,1.840776945462908529e-02
1.651200778946959000e+15,1.840776945462905753e-02
1.651200778948975500e+15,1.840776945462879038e-02
1.651200778950992000e+15,1.840776945462851977e-02
1.651200778953008250e+15,1.840776945462825609e-02
1.651200778955024750e+15,1.840776945462798547e-02
1.651200778957041250e+15,1.840776945462771833e-02
1.651200778959057500e+15,1.840776945462744771e-02
1.651200778961074000e+15,1.840776945462740954e-02
1.651200778963090500e+15,1.840776945462740954e-02
1.651200778965106750e+15,1.840776945462740954e-02
1.651200778967123250e+15,1.840776945462740954e-02
1.651200778969139750e+15,1.840776945462740954e-02
1.651200778971156000e+15,1.840776945462740954e-02
1.651200778973172500e+15,1.840776945462740954e-02
1.651200778975188750e+15,1.840776945462741301e-02
1.651200778977205250e+15,1.840776945462740954e-02
1.651200778979221750e+15,1.840776945462740954e-02
1.651200778981238000e+15,1.840776945462740954e-02
1.651200778983254500e+15,1.840776945462740954e-02
1.651200778985271000e+15,1.840776945462740607e-02
1.651200778987287250e+15,1.840776945462740954e-02
1.651200778989303750e+15,1.840776945462740954e-02
1.651200778991320250e+15,1.840776945462740954e-02
1.651200778993336500e+15,1.840776945462740954e-02
1.651200778995353000e+15,1.840776945462740954e-02
1.651200778997369500e+15,1.840776945462740954e-02
1.651200778999385750e+15,1.840776945462740954e-02
1.651200779001402250e+15,1.840776945462740954e-02
1.651200779003418750e+15,1.840776945462740954e-02
1.651200779005435000e+15,1.840776945462749628e-02
1.651200779007451500e+15,1.840776945462773914e-02
1.651200779009467750e+15,1.840776945462798547e-02
1.651200779011484250e+15,1.840776945462822833e-02
1.651200779013500750e+15,1.840776945462847120e-02
1.651200779015517000e+15,1.840776945462871753e-02
1.651200779017533500e+15,1.840776945462896039e-02
1.651200779019550000e+15,1.840776945462918590e-02
1.651200779021566250e+15,1.840776945462918590e-02
1.651200779023582750e+15,1.840776945462918590e-02
1.651200779025599250e+15,1.840776945462918590e-02
1.651200779027615500e+15,1.840776945462918590e-02
1.651200779029632000e+15,1.840776945462918590e-02
1.651200779031648500e+15,1.840776945462918590e-02
1.651200779033664750e+15,1.840776945462918590e-02
1.651200779035681250e+15,1.840776945462918590e-02
1.651200779037697750e+15,1.840776945462918590e-02
1.651200779039714000e+15,1.840776945462918590e-02
1.651200779041730500e+15,1.840776945462918243e-02
1.651200779043746750e+15,1.840776945462918590e-02
1.651200779045763250e+15,1.840776945462918590e-02
1.651200779047779750e+15,1.840776945462918590e-02
1.651200779049796000e+15,1.840776945462918243e-02
1.651200779051812500e+15,1.840776945462903325e-02
1.651200779053829000e+15,1.840776945462885977e-02
1.651200779055845250e+15,1.840776945462868977e-02
1.651200779057861750e+15,1.840776945462851977e-02
1.651200779059878250e+15,1.840776945462834630e-02
1.651200779061894500e+15,1.840776945462817282e-02
1.651200779063911000e+15,1.840776945462800282e-02
1.651200779065927500e+15,1.840776945462783282e-02
1.651200779067943750e+15,1.840776945462765934e-02
1.651200779069960250e+15,1.840776945462748934e-02
1.651200779071976750e+15,1.996575432338131700e-02
1.651200779073993000e+15,2.286964800641812234e-02
1.651200779076009500e+15,2.577390175066794631e-02
1.651200779078025750e+15,2.867779543370475512e-02
1.651200779080042250e+15,3.158204917795458255e-02
1.651200779082058750e+15,3.448630292220441346e-02
1.651200779084075000e+15,3.658526865554333901e-02
1.651200779086091500e+15,3.542150934073105134e-02
1.651200779088108000e+15,3.425775002591876367e-02
1.651200779090124250e+15,3.309413499071407749e-02
1.651200779092140750e+15,3.193037567590178982e-02
1.651200779094157250e+15,3.076661636108950909e-02
1.651200779096173500e+15,3.273631589951581100e-02
1.651200779098190000e+15,3.495949243982381105e-02
1.651200779100206500e+15,3.718266898013181804e-02
1.651200779102222750e+15,3.940556989726348713e-02
1.651200779104239250e+15,4.162874643757149412e-02
1.651200779106255750e+15,4.263447817502726001e-02
1.651200779108272000e+15,4.185196362383837576e-02
1.651200779110288500e+15,4.106935204666670169e-02
1.651200779112304750e+15,4.028683749547781745e-02
1.651200779114321250e+15,3.950422591830613644e-02
1.651200779116337750e+15,3.872161434113446238e-02
1.651200779118354000e+15,3.793909978994557120e-02
1.651200779120370500e+15,3.715648821277389713e-02
1.651200779122387000e+15,3.742601981032661618e-02
1.651200779124403250e+15,3.850763854212373161e-02
1.651200779126419750e+15,3.958939138659682555e-02
1.651200779128436250e+15,4.067114423106993337e-02
1.651200779130452500e+15,4.175276296286704186e-02
1.651200779132469000e+15,4.283451580734014275e-02
1.651200779134485500e+15,4.295146206079676621e-02
1.651200779136501750e+15,4.295146206079684253e-02
1.651200779138518250e+15,4.295146206079691886e-02
1.651200779140534750e+15,4.295146206079700213e-02
1.651200779142551000e+15,4.295146206079707846e-02
1.651200779144567500e+15,4.295146206079714091e-02
1.651200779146583750e+15,4.295146206079714091e-02
1.651200779148600250e+15,4.295146206079714091e-02
1.651200779150616750e+15,4.295146206079713397e-02
1.651200779152633000e+15,4.295146206079714091e-02
1.651200779154649500e+15,4.295146206079714091e-02
1.651200779156666000e+15,4.218110165210477852e-02
1.651200779158682250e+15,4.117446576485528364e-02
1.651200779160698750e+15,4.016770506224469350e-02
1.651200779162715250e+15,3.916094435963408948e-02
1.651200779164731500e+15,3.815430847238459461e-02
1.651200779166748000e+15,3.714754776977400447e-02
1.651200779168764500e+15,3.726410818167960604e-02
1.651200779170780750e+15,3.793331113804333798e-02
1.651200779172797250e+15,3.860259707059508771e-02
1.651200779174813750e+15,3.927188300314683744e-02
1.651200779176830000e+15,3.994108595951056939e-02
1.651200779178846500e+15,4.061037189206231912e-02
1.651200779180862750e+15,4.127957484842605107e-02
1.651200779182879250e+15,4.194886078097780080e-02
1.651200779184895750e+15,4.261814671352955747e-02
1.651200779186912000e+15,4.295146206079716172e-02
1.651200779188928500e+15,4.295146206079720336e-02
1.651200779190945000e+15,4.295146206079723805e-02
1.651200779192961250e+15,4.295146206079727969e-02
1.651200779194977750e+15,4.295146206079732132e-02
1.651200779196994250e+15,4.295146206079734907e-02
1.651200779199010500e+15,4.295146206079739071e-02
1.651200779201027000e+15,4.295146206079743234e-02
1.651200779203043500e+15,4.295146206079746704e-02
1.651200779205059750e+15,4.295146206079750867e-02
1.651200779207076250e+15,4.295146206079755030e-02
1.651200779209092750e+15,4.303246060262205797e-02
1.651200779211109000e+15,4.364240760524982360e-02
1.651200779213125500e+15,4.425243023676817683e-02
1.651200779215141750e+15,4.486237723939594940e-02
1.651200779217158250e+15,4.547239987091430957e-02
1.651200779219174750e+15,4.608242250243266280e-02
1.651200779221191000e+15,4.669236950506043538e-02
1.651200779223207500e+15,4.730239213657878861e-02
1.651200779225224000e+15,4.791241476809714878e-02
1.651200779227240250e+15,4.852236177072491441e-02
1.651200779229256750e+15,4.905181273713649787e-02
1.651200779231273250e+15,4.856958150184594036e-02
1.651200779233289500e+15,4.808741005222800374e-02
1.651200779235306000e+15,4.760517881693743930e-02
1.651200779237322500e+15,4.712294758164688874e-02
1.651200779239338750e+15,4.664077613202893824e-02
1.651200779241355250e+15,4.615854489673838768e-02
1.651200779243371750e+15,4.567631366144782323e-02
1.651200779245388000e+15,4.519414221182989355e-02
1.651200779247404500e+15,4.471191097653932911e-02
1.651200779249420750e+15,4.422973952692138555e-02
1.651200779251437250e+15,4.374750829163082805e-02
1.651200779253453750e+15,4.326527705634027055e-02
1.651200779255470000e+15,4.295146206079842460e-02
1.651200779257486500e+15,4.295146206079825807e-02
1.651200779259503000e+15,4.295146206079810541e-02
1.651200779261519250e+15,4.295146206079795276e-02
1.651200779263535750e+15,4.295146206079779316e-02
1.651200779265552250e+15,4.295146206079764051e-02
1.651200779267568500e+15,4.328624186399034068e-02
1.651200779269585000e+15,4.378984758807703825e-02
1.651200779271601500e+15,4.429345331216373582e-02
1.651200779273617750e+15,4.479699660062879535e-02
1.651200779275634250e+15,4.530060232471549292e-02
1.651200779277650750e+15,4.580420804880218355e-02
1.651200779279667000e+15,4.630775133726725001e-02
1.651200779281683500e+15,4.681135706135394758e-02
1.651200779283699750e+15,4.731490034981900017e-02
1.651200779285716250e+15,4.781850607390569774e-02
1.651200779287732750e+15,4.832211179799239531e-02
1.651200779289749000e+15,4.882565508645745483e-02
1.651200779291765500e+15,4.837730735688947764e-02
1.651200779293782000e+15,4.689886440849849736e-02
1.651200779295798250e+15,4.542060475330715608e-02
1.651200779297814750e+15,4.394216180491616885e-02
1.651200779299831250e+15,4.232544827710642971e-02
1.651200779301847500e+15,4.042811600898304353e-02
1.651200779303864000e+15,3.853054848577371072e-02
1.651200779305880500e+15,3.663298096256437791e-02
1.651200779307896750e+15,3.473564869444099174e-02
1.651200779309913250e+15,3.283808117123166587e-02
1.651200779311929750e+15,3.094051364802232959e-02
1.651200779313946000e+15,3.413840679840386000e-02
1.651200779315962500e+15,3.814913257963108151e-02
1.651200779317978750e+15,4.215936112235332128e-02
1.651200779319995250e+15,4.617008690358054279e-02
1.651200779322011750e+15,5.018081268480777124e-02
1.651200779324028000e+15,5.419104122753001102e-02
1.651200779326044500e+15,5.374212114385697181e-02
1.651200779328061000e+15,5.174758756844219376e-02
1.651200779330077250e+15,4.975330126969187278e-02
1.651200779332093750e+15,4.775876769427709473e-02
1.651200779334110250e+15,4.576423411886232362e-02
1.651200779336126500e+15,4.376994782011199570e-02
1.651200779338143000e+15,4.295146206079841766e-02
1.651200779340159500e+15,4.295146206079834827e-02
1.651200779342175750e+15,4.295146206079826501e-02
1.651200779344192250e+15,4.295146206079818174e-02
1.651200779346208750e+15,4.295146206079811235e-02
1.651200779348225000e+15,4.295146206079802215e-02
1.651200779350241500e+15,4.295146206079794582e-02
1.651200779352257750e+15,4.295146206079786255e-02
1.651200779354274250e+15,4.295146206079777929e-02
1.651200779356290750e+15,4.295146206079770296e-02
1.651200779358307000e+15,4.295146206079762663e-02
1.651200779360323500e+15,4.350006338524883831e-02
1.651200779362340000e+15,4.473817706264779370e-02
1.651200779364356250e+15,4.597613724219436204e-02
1.651200779366372750e+15,4.721425091959330356e-02
1.651200779368389250e+15,4.845236459699225895e-02
1.651200779370405500e+15,4.969032477653882035e-02
1.651200779372422000e+15,5.092843845393777574e-02
1.651200779374438500e+15,5.216655213133672420e-02
1.651200779376454750e+15,5.340451231088327866e-02
1.651200779378471250e+15,5.464262598828224099e-02
1.651200779380487750e+15,5.522330836388356090e-02
1.651200779382504000e+15,5.522330836388356090e-02
1.651200779384520500e+15,5.522330836388356090e-02
1.651200779386536750e+15,5.522330836388356784e-02
1.651200779388553250e+15,5.522330836388356784e-02
1.651200779390569750e+15,5.522330836388356090e-02
1.651200779392586000e+15,5.522330836388356090e-02
1.651200779394602500e+15,5.522330836388356090e-02
1.651200779396619000e+15,5.522330836388356090e-02
1.651200779398635250e+15,5.522330836388356784e-02
1.651200779400651750e+15,5.522330836388356090e-02
1.651200779402668250e+15,5.522330836388356784e-02
1.651200779404684500e+15,5.562421767432671610e-02
1.651200779406701000e+15,5.727914832838739562e-02
1.651200779408717500e+15,5.893407898244808207e-02
1.651200779410733750e+15,6.058880446285959398e-02
1.651200779412750250e+15,6.224373511692027350e-02
1.651200779414766750e+15,6.389866577098095302e-02
1.651200779416783000e+15,6.555339125139247880e-02
1.651200779418799500e+15,6.720832190545314444e-02
1.651200779420815750e+15,6.804155900061281681e-02
1.651200779422832250e+15,6.870262055081247099e-02
1.651200779424848750e+15,6.936368210101212517e-02
1.651200779426865000e+15,7.002466169465955403e-02
1.651200779428881500e+15,7.068572324485920821e-02
1.651200779430898000e+15,7.134678479505886239e-02
1.651200779432914250e+15,7.200776438870629126e-02
1.651200779434930750e+15,7.266882593890594544e-02
1.651200779436947250e+15,7.332988748910558574e-02
1.651200779438963500e+15,7.333386819458923012e-02
1.651200779440980000e+15,7.278778782407609171e-02
1.651200779442996500e+15,7.224170745356293943e-02
1.651200779445012750e+15,7.169569478455865841e-02
1.651200779447029250e+15,7.114961441404552001e-02
1.651200779449045750e+15,7.060353404353236773e-02
1.651200779451062000e+15,7.005752137452808670e-02
1.651200779453078500e+15,6.951144100401493442e-02
1.651200779455094750e+15,6.896542833501065339e-02
1.651200779457111250e+15,6.841934796449751499e-02
1.651200779459127750e+15,6.787326759398437659e-02
1.651200779461144000e+15,6.749515466696777433e-02
1.651200779463160500e+15,6.749515466696784372e-02
1.651200779465177000e+15,6.749515466696792698e-02
1.651200779467193250e+15,6.749515466696798249e-02
1.651200779469209750e+15,6.749515466696806576e-02
1.651200779471226250e+15,6.749515466696814903e-02
1.651200779473242500e+15,6.751708542678241942e-02
1.651200779475259000e+15,6.807335432194423774e-02
1.651200779477275500e+15,6.862962321710604219e-02
1.651200779479291750e+15,6.918582314761434482e-02
1.651200779481308250e+15,6.974209204277617702e-02
1.651200779483324750e+15,7.029836093793798146e-02
1.651200779485341000e+15,7.085456086844629797e-02
1.651200779487357500e+15,7.141082976360810242e-02
1.651200779489373750e+15,7.196702969411640505e-02
1.651200779491390250e+15,7.252329858927822337e-02
1.651200779493406750e+15,7.307956748444004169e-02
1.651200779495423000e+15,7.363107781851008227e-02
1.651200779497439500e+15,7.363107781851008227e-02
1.651200779499456000e+15,7.363107781851008227e-02
1.651200779501472250e+15,7.363107781851008227e-02
1.651200779503488750e+15,7.363107781851008227e-02
1.651200779505505250e+15,7.363107781851008227e-02
1.651200779507521500e+15,7.363107781851008227e-02
1.651200779509538000e+15,7.363107781851008227e-02
1.651200779511554500e+15,7.338750192177179166e-02
1.651200779513570750e+15,7.265175675053800464e-02
1.651200779515587250e+15,7.191592035237658054e-02
1.651200779517603750e+15,7.118008395421517032e-02
1.651200779519620000e+15,7.044433878298136942e-02
1.651200779521636500e+15,6.970850238481995920e-02
1.651200779523652750e+15,6.897275721358615830e-02
1.651200779525669250e+15,6.823692081542474808e-02
1.651200779527685750e+15,6.750108441726333786e-02
1.651200779529702000e+15,6.926854286105557645e-02
1.651200779531718500e+15,7.105656150774418423e-02
1.651200779533735000e+15,7.284458015443277812e-02
1.651200779535751250e+15,7.463237712759711318e-02
1.651200779537767750e+15,7.642039577428572095e-02
1.651200779539784250e+15,7.820841442097430096e-02
1.651200779541800500e+15,7.964743696171018572e-02
1.651200779543817000e+15,7.871474519063487163e-02
1.651200779545833500e+15,7.778205341955955754e-02
1.651200779547849750e+15,7.684947728098748265e-02
1.651200779549866250e+15,7.591678550991216856e-02
1.651200779551882750e+15,7.498409373883685447e-02
1.651200779553899000e+15,7.405151760026476571e-02
1.651200779555915500e+15,7.328449063585465439e-02
1.651200779557931750e+15,7.265351419609854255e-02
1.651200779559948250e+15,7.202245951995808748e-02
1.651200779561964750e+15,7.139140484381761853e-02
1.651200779563981000e+15,7.076042840406152057e-02
1.651200779565997500e+15,7.012937372792105162e-02
1.651200779568014000e+15,6.949831905178059654e-02
1.651200779570030250e+15,6.886734261202448470e-02
1.651200779572046750e+15,6.823628793588402963e-02
1.651200779574063250e+15,6.760523325974356068e-02
1.651200779576079500e+15,6.965989482927015253e-02
1.651200779578096000e+15,7.228242323857191065e-02
1.651200779580112500e+15,7.490495164787366877e-02
1.651200779582128750e+15,7.752715492347726778e-02
1.651200779584145250e+15,8.014968333277902590e-02
1.651200779586161750e+15,8.277221174208078402e-02
1.651200779588178000e+15,8.539441501768438303e-02
1.651200779590194500e+15,8.590292412159561408e-02
1.651200779592210750e+15,8.590292412159560020e-02
1.651200779594227250e+15,8.590292412159561408e-02
1.651200779596243750e+15,8.590292412159561408e-02
1.651200779598260000e+15,8.590292412159561408e-02
1.651200779600276500e+15,8.590292412159560020e-02
1.651200779602293000e+15,8.590292412159561408e-02
1.651200779604309250e+15,8.407987660232442428e-02
1.651200779606325750e+15,8.168847941734452833e-02
1.651200779608342250e+15,7.929708223236461850e-02
1.651200779610358500e+15,7.690598152608357774e-02
1.651200779612375000e+15,7.451458434110368179e-02
1.651200779614391500e+15,7.429029423483342331e-02
1.651200779616407750e+15,7.533563053008462962e-02
1.651200779618424250e+15,7.638109643925961034e-02
1.651200779620440750e+15,7.742656234843460494e-02
1.651200779622457000e+15,7.847189864368582513e-02
1.651200779624473500e+15,7.951736455286079197e-02
1.651200779626489750e+15,7.924420587446472097e-02
1.651200779628506250e+15,7.855730813199626739e-02
1.651200779630522750e+15,7.787041038952781380e-02
1.651200779632539000e+15,7.718359780671005255e-02
1.651200779634555500e+15,7.649670006424161284e-02
1.651200779636572000e+15,7.580980232177315925e-02
1.651200779638588250e+15,7.512298973895539800e-02
1.651200779640604750e+15,7.443609199648694441e-02
1.651200779642621250e+15,7.374919425401849082e-02
1.651200779644637500e+15,7.452061617397286175e-02
1.651200779646654000e+15,7.559504210616148356e-02
1.651200779648670500e+15,7.666946803835011925e-02
1.651200779650686750e+15,7.774376076623272513e-02
1.651200779652703250e+15,7.881818669842134695e-02
1.651200779654719750e+15,7.985331027094642875e-02
1.651200779656736000e+15,8.059146988039141146e-02
1.651200779658752500e+15,8.132972101613640536e-02
1.651200779660768750e+15,8.206788062558140195e-02
1.651200779662785250e+15,8.280613176132639586e-02
1.651200779664801750e+15,8.354438289707137588e-02
1.651200779666818000e+15,8.428254250651637247e-02
1.651200779668834500e+15,8.502079364226135250e-02
1.651200779670851000e+15,8.575904477800634640e-02
1.651200779672867250e+15,8.489164000587411107e-02
1.651200779674883750e+15,8.363536129381347883e-02
1.651200779676900250e+15,8.237908258175286047e-02
1.651200779678916500e+15,8.112295961959453683e-02
1.651200779680933000e+15,7.986668090753391847e-02
1.651200779682949500e+15,7.976700097005329226e-02
1.651200779684965750e+15,7.976700097005329226e-02
1.651200779686982250e+15,7.976700097005329226e-02
1.651200779688998750e+15,7.976700097005329226e-02
1.651200779691015000e+15,7.976700097005329226e-02
1.651200779693031500e+15,7.976700097005329226e-02
1.651200779695047750e+15,7.976700097005329226e-02
1.651200779697064250e+15,7.976700097005329226e-02
1.651200779699080750e+15,7.976700097005329226e-02
1.651200779701097000e+15,7.976700097005327839e-02
1.651200779703113500e+15,7.976700097005329226e-02
1.651200779705130000e+15,7.976700097005329226e-02
1.651200779707146250e+15,7.976700097005327839e-02
1.651200779709162750e+15,7.976700097005327839e-02
1.651200779711179250e+15,7.976700097005329226e-02
1.651200779713195500e+15,7.976700097005327839e-02
1.651200779715212000e+15,7.976700097005327839e-02
1.651200779717228500e+15,7.976700097005329226e-02
1.651200779719244750e+15,7.976700097005329226e-02
1.651200779721261250e+15,7.976700097005329226e-02
1.651200779723277750e+15,7.976700097005329226e-02
1.651200779725294000e+15,7.976700097005329226e-02
1.651200779727310500e+15,7.976700097005329226e-02
1.651200779729326750e+15,7.976700097005329226e-02
1.651200779731343250e+15,7.976700097005327839e-02
1.651200779733359750e+15,7.976700097005329226e-02
1.651200779735376000e+15,7.976700097005327839e-02
1.651200779737392500e+15,7.976700097005329226e-02
1.651200779739409000e+15,7.976700097005329226e-02
1.651200779741425250e+15,7.976700097005327839e-02
1.651200779743441750e+15,7.976700097005329226e-02
1.651200779745458250e+15,7.976700097005327839e-02
1.651200779747474500e+15,7.976700097005327839e-02
1.651200779749491000e+15,7.976700097005327839e-02
1.651200779751507500e+15,7.976700097005329226e-02
1.651200779753523750e+15,7.976700097005329226e-02
1.651200779755540250e+15,7.976700097005329226e-02
1.651200779757556750e+15,7.976700097005329226e-02
1.651200779759573000e+15,7.976700097005329226e-02
1.651200779761589500e+15,7.976700097005329226e-02
1.651200779763605750e+15,7.976700097005329226e-02
1.651200779765622250e+15,7.976700097005329226e-02
1.651200779767638750e+15,7.976700097005329226e-02
1.651200779769655000e+15,7.976700097005329226e-02
1.651200779771671500e+15,7.976700097005329226e-02
1.651200779773688000e+15,7.976700097005329226e-02
1.651200779775704250e+15,7.976700097005329226e-02
1.651200779777720750e+15,7.976700097005329226e-02
1.651200779779737250e+15,7.976700097005330614e-02
1.651200779781753500e+15,7.976700097005330614e-02
1.651200779783770000e+15,7.976700097005329226e-02
1.651200779785786500e+15,7.976700097005329226e-02
1.651200779787802750e+15,7.976700097005329226e-02
1.651200779789819250e+15,7.976700097005329226e-02
1.651200779791835750e+15,7.976700097005329226e-02
1.651200779793852000e+15,7.976700097005329226e-02
1.651200779795868500e+15,7.976700097005329226e-02
1.651200779797884750e+15,7.976700097005329226e-02
1.651200779799901250e+15,7.976700097005329226e-02
1.651200779801917750e+15,7.976700097005327839e-02
1.651200779803934000e+15,7.976700097005329226e-02
1.651200779805950500e+15,7.976700097005329226e-02
1.651200779807967000e+15,7.976700097005329226e-02
1.651200779809983250e+15,7.976700097005329226e-02
1.651200779811999750e+15,7.976700097005329226e-02
1.651200779814016250e+15,7.976700097005329226e-02
1.651200779816032500e+15,7.976700097005329226e-02
1.651200779818049000e+15,7.976700097005329226e-02
1.651200779820065500e+15,7.976700097005329226e-02
1.651200779822081750e+15,7.976700097005329226e-02
1.651200779824098250e+15,7.976700097005329226e-02
1.651200779826114750e+15,7.976700097005329226e-02
1.651200779828131000e+15,7.976700097005327839e-02
1.651200779830147500e+15,7.976700097005329226e-02
1.651200779832163750e+15,7.976700097005329226e-02
1.651200779834180250e+15,8.018945843101954463e-02
1.651200779836196750e+15,8.102361801000459995e-02
1.651200779838213000e+15,8.185767417223052678e-02
1.651200779840229500e+15,8.269183375121555435e-02
1.651200779842246000e+15,8.352599333020059580e-02
1.651200779844262250e+15,8.436004949242652262e-02
1.651200779846278750e+15,8.519420907141157795e-02
1.651200779848295250e+15,8.590292412159562796e-02
1.651200779850311500e+15,8.590292412159568347e-02
1.651200779852328000e+15,8.590292412159573898e-02
1.651200779854344500e+15,8.590292412159580837e-02
1.651200779856360750e+15,8.590292412159585000e-02
1.651200779858377250e+15,8.590292412159591939e-02
1.651200779860393750e+15,8.590292412159597490e-02
1.651200779862410000e+15,8.590292412159603042e-02
1.651200779864426500e+15,8.518792598118868353e-02
1.651200779866442750e+15,8.383746696423659273e-02
1.651200779868459250e+15,8.248684050041321658e-02
1.651200779870475750e+15,8.113621403658982656e-02
1.651200779872492000e+15,7.978575501963774963e-02
1.651200779874508500e+15,8.091137193111525017e-02
1.651200779876525000e+15,8.207185674025857525e-02
1.651200779878541250e+15,8.323219767575830430e-02
1.651200779880557750e+15,8.439268248490161550e-02
1.651200779882574250e+15,8.555316729404492671e-02
1.651200779884590500e+15,8.590292412159605817e-02
1.651200779886607000e+15,8.590292412159607205e-02
1.651200779888623500e+15,8.590292412159605817e-02
1.651200779890639750e+15,8.590292412159605817e-02
1.651200779892656250e+15,8.590292412159605817e-02
1.651200779894672750e+15,8.590292412159605817e-02
1.651200779896689000e+15,8.590292412159605817e-02
1.651200779898705500e+15,8.590292412159605817e-02
1.651200779900721750e+15,8.590292412159604429e-02
1.651200779902738250e+15,8.590292412159605817e-02
1.651200779904754750e+15,8.646806894976899471e-02
1.651200779906771000e+15,8.738570394860428747e-02
1.651200779908787500e+15,8.830345272735262707e-02
1.651200779910804000e+15,8.922120150610095279e-02
1.651200779912820250e+15,9.013883650493623167e-02
1.651200779914836750e+15,9.105658528368455740e-02
1.651200779916853250e+15,9.197433406243291087e-02
1.651200779918869500e+15,9.089393507449552989e-02
1.651200779920886000e+15,8.966229173036999178e-02
1.651200779922902500e+15,8.843064838624446755e-02
1.651200779924918750e+15,8.719915773779760015e-02
1.651200779926935250e+15,8.596751439367206205e-02
1.651200779928951750e+15,8.590292412159605817e-02
1.651200779930968000e+15,8.590292412159605817e-02
1.651200779932984500e+15,8.590292412159607205e-02
1.651200779935000750e+15,8.590292412159605817e-02
1.651200779937017250e+15,8.590292412159607205e-02
1.651200779939033750e+15,8.590292412159605817e-02
1.651200779941050000e+15,8.590292412159605817e-02
1.651200779943066500e+15,8.590292412159607205e-02
1.651200779945083000e+15,8.590292412159605817e-02
1.651200779947099250e+15,8.590292412159605817e-02
1.651200779949115750e+15,8.590292412159605817e-02
1.651200779951132250e+15,8.590292412159605817e-02
1.651200779953148500e+15,8.590292412159607205e-02
1.651200779955165000e+15,8.635211959471260357e-02
1.651200779957181500e+15,8.854534640231441489e-02
1.651200779959197750e+15,9.073830129982352055e-02
1.651200779961214250e+15,9.293152810742531800e-02
1.651200779963230750e+15,9.512475491502711544e-02
1.651200779965247000e+15,9.731770981253622110e-02
1.651200779967263500e+15,9.606624410533289027e-02
1.651200779969279750e+15,9.260566926496990869e-02
1.651200779971296250e+15,8.914466533907185186e-02
1.651200779973312750e+15,8.595176605458934582e-02
1.651200779975329000e+15,8.672262748236038432e-02
1.651200779977345500e+15,8.749358449121358294e-02
1.651200779979362000e+15,8.826454150006679544e-02
1.651200779981378250e+15,8.903540292783782006e-02
1.651200779983394750e+15,8.980635993669103256e-02
1.651200779985411250e+15,9.057731694554421731e-02
1.651200779987427500e+15,9.134817837331526968e-02
1.651200779989444000e+15,9.209173013703987609e-02
1.651200779991460500e+15,9.259953154207500869e-02
1.651200779993476750e+15,9.310726999131976878e-02
1.651200779995493250e+15,9.361507139635491526e-02
1.651200779997509750e+15,9.412287280139003398e-02
1.651200779999526000e+15,9.463061125063482182e-02
1.651200780001542500e+15,9.513841265566994054e-02
1.651200780003558750e+15,9.564615110491470062e-02
1.651200780005575250e+15,9.615395250994983323e-02
1.651200780007591750e+15,9.666175391498496583e-02
1.651200780009608000e+15,9.716949236422975367e-02
1.651200780011624500e+15,9.767729376926487239e-02
1.651200780013641000e+15,9.817477042468114590e-02
1.651200780015657250e+15,9.817477042468114590e-02
1.651200780017673750e+15,9.817477042468114590e-02
1.651200780019690250e+15,9.817477042468115978e-02
1.651200780021706500e+15,9.817477042468115978e-02
1.651200780023723000e+15,9.817477042468114590e-02
1.651200780025739500e+15,9.817477042468114590e-02
1.651200780027755750e+15,9.817477042468114590e-02
1.651200780029772250e+15,9.817477042468114590e-02
1.651200780031788750e+15,9.817477042468114590e-02
1.651200780033805000e+15,9.817477042468114590e-02
1.651200780035821500e+15,9.817477042468114590e-02
1.651200780037837750e+15,9.817477042468114590e-02
1.651200780039854250e+15,9.817477042468114590e-02
1.651200780041870750e+15,9.817477042468114590e-02
1.651200780043887000e+15,9.817477042468114590e-02
1.651200780045903500e+15,9.817477042468115978e-02
1.651200780047920000e+15,9.817477042468113202e-02
1.651200780049936250e+15,9.817477042468114590e-02
1.651200780051952750e+15,9.817477042468114590e-02
1.651200780053969250e+15,9.817477042468114590e-02
1.651200780055985500e+15,9.817477042468114590e-02
1.651200780058002000e+15,9.817477042468114590e-02
1.651200780060018500e+15,9.817477042468114590e-02
1.651200780062034750e+15,9.817477042468114590e-02
1.651200780064051250e+15,9.817477042468114590e-02
1.651200780066067750e+15,9.817477042468114590e-02
1.651200780068084000e+15,9.817477042468113202e-02
1.651200780070100500e+15,9.817477042468113202e-02
1.651200780072116750e+15,9.817477042468114590e-02
1.651200780074133250e+15,9.817477042468114590e-02
1.651200780076149750e+15,9.817477042468114590e-02
1.651200780078166000e+15,9.817477042468114590e-02
1.651200780080182500e+15,9.817477042468114590e-02
1.651200780082199000e+15,9.817477042468114590e-02
1.651200780084215250e+15,9.817477042468114590e-02
1.651200780086231750e+15,9.817477042468114590e-02
1.651200780088248250e+15,9.817477042468114590e-02
1.651200780090264500e+15,9.817477042468113202e-02
1.651200780092281000e+15,9.817477042468113202e-02
1.651200780094297500e+15,9.817477042468114590e-02
1.651200780096313750e+15,9.817477042468114590e-02
1.651200780098330250e+15,9.817477042468114590e-02
1.651200780100346750e+15,9.817477042468113202e-02
1.651200780102363000e+15,9.817477042468114590e-02
1.651200780104379500e+15,9.817477042468115978e-02
1.651200780106395750e+15,9.817477042468121529e-02
1.651200780108412250e+15,9.817477042468127080e-02
1.651200780110428750e+15,9.817477042468131243e-02
1.651200780112445000e+15,9.817477042468136794e-02
1.651200780114461500e+15,9.817477042468142345e-02
1.651200780116478000e+15,9.817477042468147896e-02
1.651200780118494250e+15,9.817477042468153448e-02
1.651200780120510750e+15,9.817477042468158999e-02
1.651200780122527250e+15,9.817477042468158999e-02
1.651200780124543500e+15,9.817477042468158999e-02
1.651200780126560000e+15,9.817477042468158999e-02
1.651200780128576500e+15,9.817477042468158999e-02
1.651200780130592750e+15,9.817477042468158999e-02
1.651200780132609250e+15,9.817477042468158999e-02
1.651200780134625750e+15,9.817477042468158999e-02
1.651200780136642000e+15,9.817477042468158999e-02
1.651200780138658500e+15,9.817477042468158999e-02
1.651200780140674750e+15,9.817477042468158999e-02
1.651200780142691250e+15,9.817477042468158999e-02
1.651200780144707750e+15,9.817477042468157611e-02
1.651200780146724000e+15,9.817477042468158999e-02
1.651200780148740500e+15,9.817477042468158999e-02
1.651200780150757000e+15,9.817477042468158999e-02
1.651200780152773250e+15,9.817477042468150672e-02
1.651200780154789750e+15,9.817477042468142345e-02
1.651200780156806250e+15,9.817477042468136794e-02
1.651200780158822500e+15,9.817477042468128468e-02
1.651200780160839000e+15,9.817477042468122916e-02
1.651200780162855500e+15,9.817477042468115978e-02
1.651200780164871750e+15,9.817477042468120141e-02
1.651200780166888250e+15,9.817477042468128468e-02
1.651200780168904750e+15,9.817477042468136794e-02
1.651200780170921000e+15,9.817477042468143733e-02
1.651200780172937500e+15,9.817477042468153448e-02
1.651200780174953750e+15,9.817477042468157611e-02
1.651200780176970250e+15,9.817477042468158999e-02
1.651200780178986750e+15,9.817477042468157611e-02
1.651200780181003000e+15,9.817477042468158999e-02
1.651200780183019500e+15,9.817477042468157611e-02
1.651200780185036000e+15,9.817477042468158999e-02
1.651200780187052250e+15,9.817477042468158999e-02
1.651200780189068750e+15,9.817477042468158999e-02
1.651200780191085250e+15,9.817477042468158999e-02
1.651200780193101500e+15,9.817477042468158999e-02
1.651200780195118000e+15,9.817477042468158999e-02
1.651200780197134500e+15,9.817477042468158999e-02
1.651200780199150750e+15,9.817477042468158999e-02
1.651200780201167250e+15,9.817477042468158999e-02
1.651200780203183750e+15,9.817477042468158999e-02
1.651200780205200000e+15,9.817477042468158999e-02
1.651200780207216500e+15,9.817477042468158999e-02
1.651200780209232750e+15,9.817477042468157611e-02
1.651200780211249250e+15,9.817477042468158999e-02
1.651200780213265750e+15,9.817477042468158999e-02
1.651200780215282000e+15,9.817477042468158999e-02
1.651200780217298500e+15,9.817477042468158999e-02
1.651200780219315000e+15,9.817477042468158999e-02
1.651200780221331250e+15,9.817477042468158999e-02
1.651200780223347750e+15,9.817477042468158999e-02
1.651200780225364250e+15,9.817477042468158999e-02
1.651200780227380500e+15,9.817477042468158999e-02
1.651200780229397000e+15,9.817477042468158999e-02
1.651200780231413500e+15,9.817477042468160386e-02
1.651200780233429750e+15,9.817477042468158999e-02
1.651200780235446250e+15,9.838510893616148056e-02
1.651200780237462750e+15,9.962440070650244173e-02
1.651200780239479000e+15,1.008635388329343630e-01
1.651200780241495500e+15,1.021028306032753241e-01
1.651200780243511750e+15,1.033419687297072453e-01
1.651200780245528250e+15,1.043106935762234677e-01
1.651200780247544750e+15,1.043106935762234677e-01
1.651200780249561000e+15,1.043106935762234677e-01
1.651200780251577500e+15,1.043106935762234677e-01
1.651200780253594000e+15,1.043106935762234677e-01
1.651200780255610250e+15,1.043106935762234816e-01
1.651200780257626750e+15,1.043106935762234677e-01
1.651200780259643250e+15,1.048092839748546307e-01
1.651200780261659500e+15,1.054111596768394221e-01
1.651200780263676000e+15,1.060131100069335586e-01
1.651200780265692500e+15,1.066150603370276950e-01
1.651200780267708750e+15,1.072169360390124726e-01
1.651200780269725250e+15,1.078188863691066368e-01
1.651200780271741750e+15,1.084208366992007733e-01
1.651200780273758000e+15,1.090227124011855508e-01
1.651200780275774500e+15,1.096246627312796873e-01
1.651200780277790750e+15,1.102265384332644649e-01
1.651200780279807250e+15,1.104466167277657895e-01
1.651200780281823750e+15,1.104466167277657895e-01
1.651200780283840000e+15,1.104466167277657757e-01
1.651200780285856500e+15,1.104466167277657895e-01
1.651200780287873000e+15,1.104466167277657895e-01
1.651200780289889250e+15,1.104466167277657895e-01
1.651200780291905750e+15,1.104466167277657757e-01
1.651200780293922250e+15,1.104466167277657895e-01
1.651200780295938500e+15,1.104466167277657895e-01
1.651200780297955000e+15,1.104466167277657895e-01
1.651200780299971500e+15,1.104466167277657895e-01
1.651200780301987750e+15,1.104466167277657895e-01
1.651200780304004250e+15,1.104466167277658173e-01
1.651200780306020750e+15,1.104466167277658728e-01
1.651200780308037000e+15,1.104466167277659283e-01
1.651200780310053500e+15,1.104466167277659838e-01
1.651200780312069750e+15,1.104466167277660393e-01
1.651200780314086250e+15,1.104466167277661087e-01
1.651200780316102750e+15,1.104466167277661642e-01
1.651200780318119000e+15,1.104466167277662197e-01
1.651200780320135500e+15,1.104466167277662197e-01
1.651200780322152000e+15,1.104466167277662197e-01
1.651200780324168250e+15,1.104466167277662336e-01
1.651200780326184750e+15,1.104466167277662336e-01
1.651200780328201250e+15,1.104466167277662336e-01
1.651200780330217500e+15,1.104466167277662336e-01
1.651200780332234000e+15,1.104466167277662336e-01
1.651200780334250500e+15,1.104466167277662336e-01
1.651200780336266750e+15,1.104466167277662197e-01
1.651200780338283250e+15,1.104466167277663030e-01
1.651200780340299750e+15,1.104466167277663724e-01
1.651200780342316000e+15,1.104466167277664418e-01
1.651200780344332500e+15,1.104466167277665251e-01
1.651200780346348750e+15,1.104466167277665806e-01
1.651200780348365250e+15,1.104466167277666638e-01
1.651200780350381750e+15,1.104466167277666916e-01
1.651200780352398000e+15,1.104466167277666777e-01
1.651200780354414500e+15,1.104466167277666777e-01
1.651200780356431000e+15,1.104466167277666777e-01
1.651200780358447250e+15,1.104466167277666916e-01
1.651200780360463750e+15,1.104466167277666777e-01
1.651200780362480250e+15,1.104466167277666777e-01
1.651200780364496500e+15,1.104466167277665944e-01
1.651200780366513000e+15,1.104466167277664834e-01
1.651200780368529500e+15,1.104466167277664002e-01
1.651200780370545750e+15,1.104466167277663446e-01
1.651200780372562250e+15,1.104466167277662336e-01
1.651200780374578750e+15,1.122482111721768427e-01
1.651200780376595000e+15,1.141472909256955603e-01
1.651200780378611500e+15,1.160466061509754232e-01
1.651200780380627750e+15,1.179456859044941130e-01
1.651200780382644250e+15,1.198450011297739620e-01
1.651200780384660750e+15,1.217443163550537971e-01
1.651200780386677000e+15,1.221554396207583937e-01
1.651200780388693500e+15,1.209992922618455674e-01
1.651200780390710000e+15,1.198431449029327411e-01
1.651200780392726250e+15,1.186871408799186067e-01
1.651200780394742750e+15,1.175309935210057805e-01
1.651200780396759250e+15,1.165825398793089857e-01
1.651200780398775500e+15,1.165825398793089995e-01
1.651200780400792000e+15,1.165825398793089995e-01
1.651200780402808500e+15,1.165825398793089995e-01
1.651200780404824750e+15,1.165825398793089995e-01
1.651200780406841250e+15,1.165825398793089857e-01
1.651200780408857750e+15,1.165825398793089995e-01
1.651200780410874000e+15,1.165825398793089995e-01
1.651200780412890500e+15,1.165825398793089995e-01
1.651200780414906750e+15,1.165825398793089995e-01
1.651200780416923250e+15,1.165825398793089995e-01
1.651200780418939750e+15,1.165825398793089995e-01
1.651200780420956000e+15,1.165825398793089995e-01
1.651200780422972500e+15,1.165825398793089995e-01
1.651200780424989000e+15,1.165825398793089995e-01
1.651200780427005250e+15,1.165825398793089857e-01
1.651200780429021750e+15,1.165825398793089995e-01
1.651200780431038250e+15,1.165825398793089995e-01
1.651200780433054500e+15,1.165825398793089857e-01
1.651200780435071000e+15,1.165825398793089995e-01
1.651200780437087500e+15,1.165825398793089718e-01
1.651200780439103750e+15,1.165825398793089995e-01
1.651200780441120250e+15,1.165825398793089995e-01
1.651200780443136750e+15,1.165825398793089857e-01
1.651200780445153000e+15,1.165825398793089995e-01
1.651200780447169500e+15,1.165825398793089995e-01
1.651200780449185750e+15,1.167857767705184902e-01
1.651200780451202250e+15,1.173765186676340860e-01
1.651200780453218750e+15,1.179672605647496680e-01
1.651200780455235000e+15,1.185579292233459037e-01
1.651200780457251500e+15,1.191486711204614996e-01
1.651200780459268000e+15,1.197394130175770816e-01
1.651200780461284250e+15,1.203300816761733172e-01
1.651200780463300750e+15,1.209208235732888992e-01
1.651200780465317250e+15,1.215115654704044951e-01
1.651200780467333500e+15,1.221022341290007168e-01
1.651200780469350000e+15,1.226929760261163266e-01
1.651200780471366500e+15,1.236209147208358339e-01
1.651200780473382750e+15,1.245639404891335233e-01
1.651200780475399250e+15,1.255070831856107683e-01
1.651200780477415750e+15,1.264502258820880132e-01
1.651200780479432000e+15,1.273932516503857026e-01
1.651200780481448500e+15,1.283363943468629476e-01
1.651200780483464750e+15,1.285761416632341947e-01
1.651200780485481250e+15,1.279587220507050205e-01
1.651200780487497750e+15,1.273413024381758185e-01
1.651200780489514000e+15,1.267239593715941137e-01
1.651200780491530500e+15,1.261065397590649118e-01
1.651200780493547000e+15,1.254891201465357098e-01
1.651200780495563250e+15,1.248717770799540050e-01
1.651200780497579750e+15,1.242543574674248030e-01
1.651200780499596250e+15,1.236369378548956288e-01
1.651200780501612500e+15,1.230195947883139240e-01
1.651200780503629000e+15,1.231784680105703911e-01
1.651200780505645500e+15,1.240764351370007568e-01
1.651200780507661750e+15,1.249742909359917165e-01
1.651200780509678250e+15,1.258722580624220821e-01
1.651200780511694750e+15,1.267702251888524478e-01
1.651200780513711000e+15,1.276680809878434353e-01
1.651200780515727500e+15,1.285660481142738010e-01
1.651200780517743750e+15,1.288543861823936709e-01
1.651200780519760250e+15,1.288543861823937264e-01
1.651200780521776750e+15,1.288543861823938097e-01
1.651200780523793000e+15,1.288543861823938652e-01
1.651200780525809500e+15,1.288543861823939207e-01
1.651200780527826000e+15,1.288543861823940040e-01
1.651200780529842250e+15,1.288543861823940595e-01
1.651200780531858750e+15,1.297810120683911272e-01
1.651200780533875250e+15,1.312022260627725978e-01
1.651200780535891500e+15,1.326232638590392199e-01
1.651200780537908000e+15,1.340444778534206904e-01
1.651200780539924500e+15,1.349903093339364091e-01
1.651200780541940750e+15,1.349903093339364091e-01
1.651200780543957250e+15,1.349903093339364091e-01
1.651200780545973750e+15,1.349903093339364091e-01
1.651200780547990000e+15,1.349903093339363813e-01
1.651200780550006500e+15,1.349903093339364091e-01
1.651200780552022750e+15,1.349903093339364091e-01
1.651200780554039250e+15,1.349903093339364091e-01
1.651200780556055750e+15,1.349903093339364091e-01
1.651200780558072000e+15,1.349903093339364091e-01
1.651200780560088500e+15,1.349903093339364091e-01
1.651200780562105000e+15,1.349903093339364091e-01
1.651200780564121250e+15,1.343870956795831240e-01
1.651200780566137750e+15,1.333975652065277073e-01
1.651200780568154250e+15,1.324080347334722629e-01
1.651200780570170500e+15,1.314186269396225293e-01
1.651200780572187000e+15,1.304290964665670849e-01
1.651200780574203500e+15,1.294395659935116683e-01
1.651200780576219750e+15,1.292597163103878510e-01
1.651200780578236250e+15,1.302519447815252418e-01
1.651200780580252750e+15,1.312441732526626326e-01
1.651200780582269000e+15,1.322362787101041270e-01
1.651200780584285500e+15,1.332285071812415178e-01
1.651200780586301750e+15,1.342206126386830123e-01
1.651200780588318250e+15,1.349903093339355209e-01
1.651200780590334750e+15,1.349903093339355209e-01
1.651200780592351000e+15,1.349903093339355209e-01
1.651200780594367500e+15,1.349903093339355209e-01
1.651200780596384000e+15,1.349903093339355209e-01
1.651200780598400250e+15,1.349903093339355209e-01
1.651200780600416750e+15,1.349903093339355209e-01
1.651200780602433250e+15,1.349903093339355209e-01
1.651200780604449500e+15,1.349903093339355209e-01
1.651200780606466000e+15,1.349903093339355209e-01
1.651200780608482500e+15,1.349903093339355209e-01
1.651200780610498750e+15,1.349903093339355209e-01
1.651200780612515250e+15,1.349903093339354931e-01
1.651200780614531500e+15,1.349903093339356597e-01
1.651200780616548000e+15,1.349903093339358262e-01
1.651200780618564500e+15,1.349903093339359650e-01
1.651200780620580750e+15,1.349903093339361315e-01
1.651200780622597250e+15,1.349903093339362981e-01
1.651200780624613750e+15,1.352818154725619337e-01
1.651200780626630000e+15,1.365771306284929709e-01
1.651200780628646500e+15,1.378726063938667257e-01
1.651200780630663000e+15,1.391680821592405359e-01
1.651200780632679250e+15,1.404633973151715454e-01
1.651200780634695750e+15,1.406573607291753680e-01
1.651200780636712250e+15,1.396972389758514843e-01
1.651200780638728500e+15,1.387372362557228733e-01
1.651200780640745000e+15,1.377771145023989896e-01
1.651200780642761500e+15,1.368169927490750781e-01
1.651200780644777750e+15,1.358569900289464671e-01
1.651200780646794250e+15,1.349903093339364091e-01
1.651200780648810500e+15,1.349903093339364091e-01
1.651200780650827000e+15,1.349903093339364091e-01
1.651200780652843500e+15,1.349903093339364091e-01
1.651200780654859750e+15,1.349903093339364091e-01
1.651200780656876250e+15,1.349903093339364091e-01
1.651200780658892750e+15,1.349903093339364091e-01
1.651200780660909000e+15,1.349903093339364091e-01
1.651200780662925500e+15,1.349903093339364091e-01
1.651200780664942000e+15,1.349903093339364091e-01
1.651200780666958250e+15,1.349903093339364091e-01
1.651200780668974750e+15,1.345562613437175647e-01
1.651200780670991250e+15,1.338118362769293024e-01
1.651200780673007500e+15,1.330675035018676344e-01
1.651200780675024000e+15,1.323230784350793721e-01
1.651200780677040500e+15,1.315786533682911097e-01
1.651200780679056750e+15,1.308343205932294417e-01
1.651200780681073250e+15,1.300898955264411794e-01
1.651200780683089500e+15,1.293455627513795114e-01
1.651200780685106000e+15,1.292128331960995524e-01
1.651200780687122500e+15,1.302664897604432492e-01
1.651200780689138750e+15,1.313200156954087428e-01
1.651200780691155250e+15,1.323736722597524118e-01
1.651200780693171750e+15,1.334273288240960809e-01
1.651200780695188000e+15,1.344808547590615744e-01
1.651200780697204500e+15,1.360726302692114309e-01
1.651200780699221000e+15,1.381681657142254105e-01
1.651200780701237250e+15,1.402634413606471675e-01
1.651200780703253750e+15,1.423589768056611471e-01
1.651200780705270250e+15,1.444545122506751544e-01
1.651200780707286500e+15,1.465497878970969114e-01
1.651200780709303000e+15,1.465758315297305547e-01
1.651200780711319500e+15,1.455360324595943722e-01
1.651200780713335750e+15,1.444963623008232168e-01
1.651200780715352250e+15,1.434565632306870064e-01
1.651200780717368500e+15,1.424168930719158510e-01
1.651200780719385000e+15,1.413770940017796685e-01
1.651200780721401500e+15,1.403372949316434859e-01
1.651200780723417750e+15,1.392976247728722750e-01
1.651200780725434250e+15,1.382578257027360924e-01
1.651200780727450750e+15,1.372180266325999098e-01
1.651200780729467000e+15,1.361783564738287267e-01
1.651200780731483500e+15,1.351385574036925441e-01
1.651200780733500000e+15,1.357780876905869683e-01
1.651200780735516250e+15,1.366967447823148885e-01
1.651200780737532750e+15,1.376155157806877860e-01
1.651200780739549250e+15,1.385342867790606836e-01
1.651200780741565500e+15,1.394529438707885760e-01
1.651200780743582000e+15,1.403717148691615013e-01
1.651200780745598500e+15,1.411262324854796468e-01
1.651200780747614750e+15,1.411262324854796191e-01
1.651200780749631250e+15,1.411262324854796191e-01
1.651200780751647500e+15,1.411262324854796191e-01
1.651200780753664000e+15,1.411262324854796191e-01
1.651200780755680500e+15,1.411262324854796191e-01
1.651200780757696750e+15,1.411262324854796191e-01
1.651200780759713250e+15,1.411262324854796191e-01
1.651200780761729750e+15,1.411262324854796191e-01
1.651200780763746000e+15,1.411262324854796191e-01
1.651200780765762500e+15,1.411262324854796191e-01
1.651200780767779000e+15,1.411262324854796191e-01
1.651200780769795250e+15,1.411262324854796468e-01
1.651200780771811750e+15,1.411262324854796191e-01
1.651200780773828250e+15,1.411262324854796191e-01
1.651200780775844500e+15,1.411262324854796191e-01
1.651200780777861000e+15,1.411262324854796191e-01
1.651200780779877500e+15,1.411262324854796191e-01
1.651200780781893750e+15,1.411262324854796191e-01
1.651200780783910250e+15,1.411262324854796191e-01
1.651200780785926500e+15,1.411262324854796191e-01
1.651200780787943000e+15,1.411262324854796191e-01
1.651200780789959500e+15,1.411262324854796191e-01
1.651200780791975750e+15,1.411262324854796191e-01
1.651200780793992250e+15,1.411262324854796191e-01
1.651200780796008750e+15,1.411262324854796191e-01
1.651200780798025000e+15,1.411262324854796191e-01
1.651200780800041500e+15,1.411262324854796191e-01
1.651200780802058000e+15,1.411262324854796191e-01
1.651200780804074250e+15,1.411262324854796191e-01
1.651200780806090750e+15,1.411262324854796191e-01
1.651200780808107250e+15,1.411262324854796746e-01
1.651200780810123500e+15,1.411262324854797301e-01
1.651200780812140000e+15,1.411262324854797856e-01
1.651200780814156500e+15,1.411262324854798411e-01
1.651200780816172750e+15,1.411262324854799521e-01
1.651200780818189250e+15,1.411262324854800077e-01
1.651200780820205500e+15,1.412349078775132494e-01
1.651200780822222000e+15,1.427206294235125461e-01
1.651200780824238500e+15,1.442063509695118984e-01
1.651200780826254750e+15,1.456918883199314896e-01
1.651200780828271250e+15,1.471776098659308418e-01
1.651200780830287750e+15,1.472621556370210527e-01
1.651200780832304000e+15,1.472621556370210527e-01
1.651200780834320500e+15,1.472621556370210527e-01
1.651200780836337000e+15,1.472621556370210527e-01
1.651200780838353250e+15,1.472621556370210527e-01
1.651200780840369750e+15,1.472621556370210250e-01
1.651200780842386250e+15,1.469248862747419282e-01
1.651200780844402500e+15,1.462895026244777075e-01
1.651200780846419000e+15,1.456540401913678506e-01
1.651200780848435500e+15,1.450185777582579383e-01
1.651200780850451750e+15,1.443831941079937453e-01
1.651200780852468250e+15,1.437477316748838607e-01
1.651200780854484500e+15,1.431123480246196400e-01
1.651200780856501000e+15,1.424768855915097832e-01
1.651200780858517500e+15,1.418414231583998986e-01
1.651200780860533750e+15,1.412060395081356778e-01
1.651200780862550250e+15,1.423207305806448997e-01
1.651200780864566750e+15,1.436867906452414523e-01
1.651200780866583000e+15,1.450526813495522649e-01
1.651200780868599500e+15,1.464187414141488452e-01
1.651200780870616000e+15,1.477848014787453979e-01
1.651200780872632250e+15,1.491506921830562382e-01
1.651200780874648750e+15,1.505167522476527908e-01
1.651200780876665250e+15,1.518828123122493434e-01
1.651200780878681500e+15,1.532487030165601838e-01
1.651200780880698000e+15,1.524650402668315530e-01
1.651200780882714500e+15,1.514174499666804952e-01
1.651200780884730750e+15,1.503699895438292411e-01
1.651200780886747250e+15,1.493223992436781833e-01
1.651200780888763500e+15,1.482749388208268737e-01
1.651200780890780000e+15,1.472960083092174910e-01
1.651200780892796500e+15,1.483148726895770764e-01
1.651200780894812750e+15,1.493336107539956492e-01
1.651200780896829250e+15,1.503524751343552346e-01
1.651200780898845750e+15,1.513713395147148200e-01
1.651200780900862000e+15,1.523900775791333650e-01
1.651200780902878500e+15,1.533980787885642350e-01
1.651200780904895000e+15,1.533980787885641239e-01
1.651200780906911250e+15,1.533980787885640129e-01
1.651200780908927750e+15,1.533980787885638741e-01
1.651200780910944250e+15,1.533980787885637631e-01
1.651200780912960500e+15,1.533980787885636243e-01
1.651200780914977000e+15,1.533980787885634856e-01
1.651200780916993500e+15,1.533980787885634023e-01
1.651200780919009750e+15,1.533980787885632635e-01
1.651200780921026250e+15,1.533980787885631247e-01
1.651200780923042500e+15,1.533980787885630415e-01
1.651200780925059000e+15,1.533980787885629304e-01
1.651200780927075500e+15,1.533980787885629304e-01
1.651200780929091750e+15,1.533980787885629304e-01
1.651200780931108250e+15,1.533980787885629304e-01
1.651200780933124750e+15,1.533980787885629304e-01
1.651200780935141000e+15,1.533980787885629304e-01
1.651200780937157500e+15,1.533980787885629304e-01
1.651200780939174000e+15,1.533980787885629304e-01
1.651200780941190250e+15,1.533980787885629304e-01
1.651200780943206750e+15,1.533980787885629027e-01
1.651200780945223250e+15,1.533980787885629304e-01
1.651200780947239500e+15,1.533980787885629304e-01
1.651200780949256000e+15,1.525752720102337701e-01
1.651200780951272500e+15,1.517061311676455859e-01
1.651200780953288750e+15,1.508370980786952475e-01
1.651200780955305250e+15,1.499679572361070634e-01
1.651200780957321500e+15,1.490989241471567528e-01
1.651200780959338000e+15,1.482297833045685687e-01
1.651200780961354500e+15,1.473606424619803845e-01
1.651200780963370750e+15,1.482729828222557056e-01
1.651200780965387250e+15,1.494131495228719075e-01
1.651200780967403750e+15,1.505533162234880817e-01
1.651200780969420000e+15,1.516933415694426690e-01
1.651200780971436500e+15,1.528335082700588710e-01
1.651200780973453000e+15,1.536864748256970836e-01
1.651200780975469250e+15,1.542576717902059136e-01
1.651200780977485750e+15,1.548289395788888800e-01
1.651200780979502250e+15,1.554002073675718187e-01
1.651200780981518500e+15,1.559714043320806487e-01
1.651200780983535000e+15,1.565426721207636152e-01
1.651200780985551500e+15,1.571139399094465539e-01
1.651200780987567750e+15,1.576851368739553838e-01
1.651200780989584250e+15,1.582564046626383225e-01
1.651200780991600500e+15,1.588276016271471247e-01
1.651200780993617000e+15,1.593988694158300912e-01
1.651200780995633500e+15,1.591311250820087175e-01
1.651200780997649750e+15,1.586034859360924698e-01
1.651200780999666250e+15,1.580757813668475231e-01
1.651200781001682750e+15,1.575480767976026042e-01
1.651200781003699000e+15,1.570204376516863565e-01
1.651200781005715500e+15,1.564927330824414375e-01
1.651200781007732000e+15,1.559650285131964909e-01
1.651200781009748250e+15,1.554373893672802431e-01
1.651200781011764750e+15,1.549096847980352964e-01
1.651200781013781250e+15,1.543819802287903498e-01
1.651200781015797500e+15,1.538543410828741298e-01
1.651200781017814000e+15,1.532602552719946332e-01
1.651200781019830500e+15,1.522422291871596001e-01
1.651200781021846750e+15,1.512243293143360756e-01
1.651200781023863250e+15,1.502063032295010148e-01
1.651200781025879500e+15,1.491884033566774903e-01
1.651200781027896000e+15,1.481703772718424572e-01
1.651200781029912500e+15,1.473191273888012354e-01
1.651200781031928750e+15,1.478472620762846246e-01
1.651200781033945250e+15,1.483754622485402297e-01
1.651200781035961750e+15,1.489036624207957793e-01
1.651200781037978000e+15,1.494317971082791963e-01
1.651200781039994500e+15,1.499599972805347736e-01
1.651200781042011000e+15,1.504881974527903510e-01
1.651200781044027250e+15,1.510163321402737679e-01
1.651200781046043750e+15,1.515445323125293453e-01
1.651200781048060250e+15,1.520727324847849227e-01
1.651200781050076500e+15,1.526008671722683396e-01
1.651200781052093000e+15,1.531290673445239170e-01
1.651200781054109500e+15,1.541788781659365892e-01
1.651200781056125750e+15,1.557698703282689445e-01
1.651200781058142250e+15,1.573610597617931539e-01
1.651200781060158500e+15,1.589520519241255092e-01
1.651200781062175000e+15,1.589488658149325329e-01
1.651200781064191500e+15,1.580263271156270022e-01
1.651200781066207750e+15,1.571039027900754115e-01
1.651200781068224250e+15,1.561813640907699363e-01
1.651200781070240750e+15,1.552588253914644056e-01
1.651200781072257000e+15,1.543364010659128427e-01
1.651200781074273500e+15,1.534138623666073120e-01
1.651200781076290000e+15,1.524913236673018091e-01
1.651200781078306250e+15,1.515688993417502184e-01
1.651200781080322750e+15,1.506463606424447155e-01
1.651200781082339250e+15,1.497238219431392126e-01
1.651200781084355500e+15,1.488013976175876496e-01
1.651200781086372000e+15,1.478788589182821189e-01
1.651200781088388500e+15,1.475473638574910928e-01
1.651200781090404750e+15,1.484075748889400470e-01
1.651200781092421250e+15,1.492678925801573242e-01
1.651200781094437500e+15,1.501281036116062784e-01
1.651200781096454000e+15,1.509884213028235833e-01
1.651200781098470500e+15,1.518487389940408328e-01
1.651200781100486750e+15,1.527089500254898147e-01
1.651200781102503250e+15,1.533980787885638186e-01
1.651200781104519750e+15,1.533980787885638186e-01
1.651200781106536000e+15,1.533980787885638186e-01
1.651200781108552500e+15,1.533980787885638186e-01
1.651200781110569000e+15,1.533980787885638186e-01
1.651200781112585250e+15,1.533980787885638186e-01
1.651200781114601750e+15,1.533980787885638186e-01
1.651200781116618250e+15,1.533980787885638186e-01
1.651200781118634500e+15,1.533980787885638186e-01
1.651200781120651000e+15,1.533980787885638186e-01
1.651200781122667500e+15,1.537082499890892184e-01
1.651200781124683750e+15,1.546666908826666853e-01
1.651200781126700250e+15,1.556252506157846105e-01
1.651200781128716500e+15,1.565836915093620774e-01
1.651200781130733000e+15,1.575422512424800026e-01
1.651200781132749500e+15,1.585008109755979000e-01
1.651200781134765750e+15,1.594592518691753946e-01
1.651200781136782250e+15,1.589414597326841150e-01
1.651200781138798750e+15,1.582988020151810948e-01
1.651200781140815000e+15,1.576562239725749215e-01
1.651200781142831500e+15,1.570135662550719291e-01
1.651200781144848000e+15,1.563709085375689090e-01
1.651200781146864250e+15,1.557283304949627356e-01
1.651200781148880750e+15,1.550856727774597432e-01
1.651200781150897250e+15,1.544430150599567508e-01
1.651200781152913500e+15,1.538004370173505497e-01
1.651200781154930000e+15,1.533980787885642627e-01
1.651200781156946500e+15,1.533980787885642627e-01
1.651200781158962750e+15,1.533980787885642627e-01
1.651200781160979250e+15,1.533980787885642627e-01
1.651200781162995500e+15,1.533980787885642627e-01
1.651200781165012000e+15,1.533980787885642627e-01
1.651200781167028500e+15,1.533980787885642627e-01
1.651200781169044750e+15,1.533980787885642627e-01
1.651200781171061250e+15,1.533980787885642905e-01
1.651200781173077750e+15,1.533980787885642905e-01
1.651200781175094000e+15,1.541358189382893151e-01
1.651200781177110500e+15,1.549106382153312977e-01
1.651200781179127000e+15,1.556854574923732804e-01
1.651200781181143250e+15,1.564601807094999075e-01
1.651200781183159750e+15,1.572349999865418901e-01
1.651200781185176250e+15,1.580098192635838728e-01
1.651200781187192500e+15,1.587845424807105277e-01
1.651200781189209000e+15,1.595154898296649304e-01
1.651200781191225500e+15,1.589498887583958020e-01
1.651200781193241750e+15,1.583843578087571480e-01
1.651200781195258250e+15,1.578187567374880196e-01
1.651200781197274500e+15,1.572532257878493933e-01
1.651200781199291000e+15,1.566876247165802649e-01
1.651200781201307500e+15,1.561220236453111365e-01
1.651200781203323750e+15,1.555564926956724547e-01
1.651200781205340250e+15,1.549908916244033541e-01
1.651200781207356750e+15,1.544252905531342257e-01
1.651200781209373000e+15,1.538597596034955717e-01
1.651200781211389500e+15,1.535605196265525663e-01
1.651200781213406000e+15,1.544446274532824959e-01
1.651200781215422250e+15,1.553286256708099611e-01
1.651200781217438750e+15,1.562127334975398629e-01
1.651200781219455250e+15,1.570968413242697925e-01
1.651200781221471500e+15,1.579808395417972855e-01
1.651200781223488000e+15,1.588649473685271873e-01
1.651200781225504500e+15,1.595340019401065845e-01
1.651200781227520750e+15,1.595340019401065845e-01
1.651200781229537250e+15,1.595340019401065845e-01
1.651200781231553500e+15,1.595340019401065845e-01
1.651200781233570000e+15,1.595340019401065845e-01
1.651200781235586500e+15,1.595340019401065845e-01
1.651200781237602750e+15,1.595340019401065845e-01
1.651200781239619250e+15,1.595340019401065845e-01
1.651200781241635750e+15,1.595340019401065845e-01
1.651200781243652000e+15,1.595340019401065845e-01
1.651200781245668500e+15,1.597780755152857501e-01
1.651200781247685000e+15,1.602036478147658982e-01
1.651200781249701250e+15,1.606291673529889885e-01
1.651200781251717750e+15,1.610547396524691643e-01
1.651200781253734250e+15,1.614803119519493124e-01
1.651200781255750500e+15,1.619058314901724027e-01
1.651200781257767000e+15,1.623314037896525508e-01
1.651200781259783500e+15,1.627569760891326989e-01
1.651200781261799750e+15,1.631824956273557892e-01
1.651200781263816250e+15,1.636080679268359650e-01
1.651200781265832500e+15,1.640335874650590275e-01
1.651200781267849000e+15,1.644591597645391756e-01
1.651200781269865500e+15,1.648847320640193237e-01
1.651200781271881750e+15,1.653102516022424140e-01
1.651200781273898250e+15,1.654704101479787248e-01
1.651200781275914750e+15,1.641819493508231143e-01
1.651200781277931000e+15,1.628936482934142949e-01
1.651200781279947500e+15,1.616051874962586843e-01
1.651200781281964000e+15,1.603167266991031015e-01
1.651200781283980250e+15,1.595340019401070286e-01
1.651200781285996750e+15,1.595340019401070286e-01
1.651200781288013250e+15,1.595340019401070286e-01
1.651200781290029500e+15,1.595340019401070286e-01
1.651200781292046000e+15,1.595340019401070286e-01
1.651200781294062500e+15,1.595340019401070286e-01
1.651200781296078750e+15,1.597097572005321264e-01
1.651200781298095250e+15,1.605725946506775248e-01
1.651200781300111500e+15,1.614353251286620161e-01
1.651200781302128000e+15,1.622981625788074145e-01
1.651200781304144500e+15,1.631610000289527851e-01
1.651200781306160750e+15,1.640237305069372764e-01
1.651200781308177250e+15,1.648865679570826748e-01
1.651200781310193750e+15,1.656699250916493504e-01
1.651200781312210000e+15,1.656699250916492672e-01
1.651200781314226500e+15,1.656699250916491839e-01
1.651200781316243000e+15,1.656699250916490729e-01
1.651200781318259250e+15,1.656699250916490174e-01
1.651200781320275750e+15,1.656699250916489063e-01
1.651200781322292250e+15,1.656699250916489341e-01
1.651200781324308500e+15,1.656699250916489896e-01
1.651200781326325000e+15,1.656699250916490451e-01
1.651200781328341500e+15,1.656699250916491006e-01
1.651200781330357750e+15,1.656699250916491284e-01
1.651200781332374250e+15,1.656699250916492117e-01
1.651200781334390500e+15,1.656699250916492672e-01
1.651200781336407000e+15,1.656699250916492949e-01
1.651200781338423500e+15,1.656115742594415352e-01
1.651200781340439750e+15,1.647973883394482919e-01
1.651200781342456250e+15,1.639831014664581699e-01
1.651200781344472750e+15,1.631688145934680478e-01
1.651200781346489000e+15,1.623546286734748045e-01
1.651200781348505500e+15,1.615403418004846547e-01
1.651200781350522000e+15,1.607260549274945327e-01
1.651200781352538250e+15,1.599118690075013172e-01
1.651200781354554750e+15,1.600407958985348988e-01
1.651200781356571250e+15,1.609863892523816231e-01
1.651200781358587500e+15,1.619318653742231606e-01
1.651200781360604000e+15,1.628774587280698571e-01
1.651200781362620500e+15,1.638230520819165537e-01
1.651200781364636750e+15,1.647685282037580634e-01
1.651200781366653250e+15,1.656699250916489063e-01
1.651200781368669500e+15,1.656699250916489341e-01
1.651200781370686000e+15,1.656699250916489341e-01
1.651200781372702500e+15,1.656699250916489063e-01
1.651200781374718750e+15,1.656699250916489063e-01
1.651200781376735250e+15,1.656699250916489063e-01
1.651200781378751750e+15,1.656699250916489063e-01
1.651200781380768000e+15,1.656699250916489063e-01
1.651200781382784500e+15,1.651905560954346486e-01
1.651200781384801000e+15,1.638338577363244730e-01
1.651200781386817250e+15,1.624773275768620351e-01
1.651200781388833750e+15,1.611206292177518318e-01
1.651200781390850250e+15,1.597639308586416285e-01
1.651200781392866500e+15,1.603600674906177637e-01
1.651200781394883000e+15,1.613548487283638089e-01
1.651200781396899500e+15,1.623496299661098818e-01
1.651200781398915750e+15,1.633442878736752202e-01
1.651200781400932250e+15,1.643390691114212654e-01
1.651200781402948500e+15,1.653337270189866037e-01
1.651200781404965000e+15,1.663285082567326767e-01
1.651200781406981500e+15,1.673232894944787497e-01
1.651200781408997750e+15,1.683179474020440880e-01
1.651200781411014250e+15,1.693127286397901332e-01
1.651200781413030750e+15,1.703075098775362062e-01
1.651200781415047000e+15,1.713021677851015445e-01
1.651200781417063500e+15,1.712002254494814912e-01
1.651200781419080000e+15,1.699734666714638465e-01
1.651200781421096250e+15,1.687468599835501015e-01
1.651200781423112750e+15,1.675201012055324568e-01
1.651200781425129250e+15,1.662933424275147842e-01
1.651200781427145500e+15,1.656699250916489341e-01
1.651200781429162000e+15,1.656699250916490174e-01
1.651200781431178500e+15,1.656699250916491006e-01
1.651200781433194750e+15,1.656699250916491839e-01
1.651200781435211250e+15,1.656699250916492672e-01
1.651200781437227500e+15,1.656699250916493227e-01
1.651200781439244000e+15,1.645733349859047068e-01
1.651200781441260500e+15,1.632158924148586210e-01
1.651200781443276750e+15,1.618586181357256071e-01
1.651200781445293250e+15,1.605011755646795490e-01
1.651200781447309750e+15,1.595340019401070009e-01
1.651200781449326000e+15,1.595340019401068898e-01
1.651200781451342500e+15,1.595340019401067788e-01
1.651200781453359000e+15,1.595340019401066678e-01
1.651200781455375250e+15,1.595340019401065290e-01
1.651200781457391750e+15,1.595340019401064457e-01
1.651200781459408250e+15,1.595340019401063070e-01
1.651200781461424500e+15,1.595340019401061959e-01
1.651200781463441000e+15,1.595340019401061682e-01
1.651200781465457500e+15,1.595340019401061959e-01
1.651200781467473750e+15,1.595340019401062237e-01
1.651200781469490250e+15,1.595340019401062792e-01
1.651200781471506500e+15,1.595340019401063070e-01
1.651200781473523000e+15,1.595340019401063625e-01
1.651200781475539500e+15,1.595340019401063902e-01
1.651200781477555750e+15,1.595340019401064457e-01
1.651200781479572250e+15,1.595340019401065013e-01
1.651200781481588750e+15,1.595340019401065568e-01
1.651200781483605000e+15,1.595340019401065845e-01
1.651200781485621500e+15,1.595340019401065845e-01
1.651200781487638000e+15,1.595340019401065845e-01
1.651200781489654250e+15,1.595340019401065845e-01
1.651200781491670750e+15,1.595340019401065845e-01
1.651200781493687250e+15,1.595340019401065845e-01
1.651200781495703500e+15,1.595340019401065845e-01
1.651200781497720000e+15,1.595340019401065845e-01
1.651200781499736500e+15,1.595340019401065845e-01
1.651200781501752750e+15,1.595340019401065845e-01
1.651200781503769250e+15,1.595340019401065845e-01
1.651200781505785500e+15,1.595340019401065845e-01
1.651200781507802000e+15,1.595340019401065845e-01
1.651200781509818500e+15,1.595340019401066123e-01
1.651200781511834750e+15,1.595340019401065845e-01
1.651200781513851250e+15,1.595340019401066123e-01
1.651200781515867750e+15,1.595340019401065845e-01
1.651200781517884000e+15,1.595340019401065845e-01
1.651200781519900500e+15,1.595340019401065845e-01
1.651200781521917000e+15,1.595340019401065845e-01
1.651200781523933250e+15,1.595340019401066123e-01
1.651200781525949750e+15,1.595340019401065845e-01
1.651200781527966250e+15,1.595340019401065845e-01
1.651200781529982500e+15,1.595340019401066123e-01
1.651200781531999000e+15,1.595340019401065845e-01
1.651200781534015500e+15,1.595340019401065845e-01
1.651200781536031750e+15,1.595340019401065845e-01
1.651200781538048250e+15,1.595340019401065845e-01
1.651200781540064500e+15,1.595340019401065845e-01
1.651200781542081000e+15,1.595340019401065845e-01
1.651200781544097500e+15,1.595340019401065845e-01
1.651200781546113750e+15,1.595340019401065568e-01
1.651200781548130250e+15,1.595340019401065845e-01
1.651200781550146750e+15,1.595340019401065845e-01
1.651200781552163000e+15,1.595340019401065845e-01
1.651200781554179500e+15,1.595340019401065845e-01
1.651200781556196000e+15,1.595340019401065845e-01
1.651200781558212250e+15,1.595340019401065845e-01
1.651200781560228750e+15,1.595340019401065845e-01
1.651200781562245250e+15,1.595340019401065845e-01
1.651200781564261500e+15,1.595340019401065568e-01
1.651200781566278000e+15,1.595340019401065568e-01
1.651200781568294500e+15,1.595340019401065845e-01
1.651200781570310750e+15,1.595340019401065845e-01
1.651200781572327250e+15,1.595340019401065845e-01
1.651200781574343500e+15,1.595340019401065845e-01
1.651200781576360000e+15,1.595340019401066123e-01
1.651200781578376500e+15,1.595340019401065845e-01
1.651200781580392750e+15,1.595340019401065845e-01
1.651200781582409250e+15,1.595340019401065845e-01
1.651200781584425750e+15,1.595340019401065845e-01
1.651200781586442000e+15,1.595340019401065845e-01
1.651200781588458500e+15,1.595340019401065845e-01
1.651200781590475000e+15,1.595340019401065845e-01
1.651200781592491250e+15,1.595340019401065845e-01
1.651200781594507750e+15,1.595340019401065845e-01
1.651200781596524250e+15,1.595340019401065845e-01
1.651200781598540500e+15,1.595340019401065845e-01
1.651200781600557000e+15,1.595340019401065845e-01
1.651200781602573500e+15,1.595340019401065845e-01
1.651200781604589750e+15,1.595340019401065845e-01
1.651200781606606250e+15,1.595340019401065845e-01
1.651200781608622500e+15,1.595340019401065845e-01
1.651200781610639000e+15,1.595340019401065845e-01
1.651200781612655500e+15,1.595340019401065845e-01
1.651200781614671750e+15,1.595340019401065845e-01
1.651200781616688250e+15,1.595340019401066123e-01
1.651200781618704750e+15,1.595340019401066678e-01
1.651200781620721000e+15,1.595340019401066955e-01
1.651200781622737500e+15,1.595340019401067233e-01
1.651200781624754000e+15,1.595340019401067511e-01
1.651200781626770250e+15,1.595340019401068066e-01
1.651200781628786750e+15,1.595340019401068621e-01
1.651200781630803250e+15,1.595340019401068898e-01
1.651200781632819500e+15,1.595340019401069176e-01
1.651200781634836000e+15,1.595340019401069731e-01
1.651200781636852500e+15,1.595340019401070286e-01
1.651200781638868750e+15,1.595340019401070564e-01
1.651200781640885250e+15,1.595340019401070286e-01
1.651200781642901500e+15,1.595340019401070286e-01
1.651200781644918000e+15,1.595340019401070286e-01
1.651200781646934500e+15,1.595340019401070286e-01
1.651200781648950750e+15,1.595340019401070286e-01
1.651200781650967250e+15,1.595340019401070286e-01
1.651200781652983750e+15,1.595340019401070286e-01
1.651200781655000000e+15,1.595340019401070286e-01
1.651200781657016500e+15,1.595340019401070286e-01
1.651200781659033000e+15,1.595340019401070009e-01
1.651200781661049250e+15,1.601175205009175428e-01
1.651200781663065750e+15,1.612231490448445825e-01
1.651200781665082250e+15,1.623287775887716777e-01
1.651200781667098500e+15,1.634342690599806525e-01
1.651200781669115000e+15,1.645398976039077199e-01
1.651200781671131500e+15,1.656455261478347873e-01
1.651200781673147750e+15,1.647508650434848509e-01
1.651200781675164250e+15,1.638109463990692904e-01
1.651200781677180500e+15,1.628711442831244083e-01
1.651200781679197000e+15,1.619312256387088478e-01
1.651200781681213500e+15,1.609913069942932595e-01
1.651200781683229750e+15,1.600515048783483774e-01
1.651200781685246250e+15,1.591115862339328446e-01
1.651200781687262750e+15,1.581716675895172564e-01
1.651200781689279000e+15,1.572318654735723742e-01
1.651200781691295500e+15,1.562919468291568137e-01
1.651200781693312000e+15,1.553520281847412532e-01
1.651200781695328250e+15,1.544122260687963710e-01
1.651200781697344750e+15,1.534723074243807828e-01
1.651200781699361250e+15,1.543739259604436087e-01
1.651200781701377500e+15,1.554333158434969553e-01
1.651200781703394000e+15,1.564928370830144522e-01
1.651200781705410500e+15,1.575523583225319213e-01
1.651200781707426750e+15,1.586117482055852679e-01
1.651200781709443250e+15,1.597267177279575734e-01
1.651200781711459500e+15,1.612140410093111376e-01
1.651200781713476000e+15,1.627015487076865496e-01
1.651200781715492500e+15,1.641890564060619895e-01
1.651200781717508750e+15,1.656699250916502109e-01
1.651200781719525250e+15,1.656699250916502386e-01
1.651200781721541750e+15,1.656699250916502109e-01
1.651200781723558000e+15,1.656699250916502109e-01
1.651200781725574500e+15,1.656699250916502386e-01
1.651200781727591000e+15,1.656699250916502386e-01
1.651200781729607250e+15,1.656699250916502386e-01
1.651200781731623750e+15,1.656699250916502386e-01
1.651200781733640250e+15,1.656699250916502386e-01
1.651200781735656500e+15,1.656699250916502386e-01
1.651200781737673000e+15,1.656699250916502109e-01
1.651200781739689500e+15,1.656699250916502386e-01
1.651200781741705750e+15,1.656699250916502386e-01
1.651200781743722250e+15,1.656840656131909062e-01
1.651200781745738500e+15,1.665415340810516842e-01
1.651200781747755000e+15,1.673991088686233031e-01
1.651200781749771500e+15,1.682566836561949219e-01
1.651200781751787750e+15,1.691141521240557277e-01
1.651200781753804250e+15,1.699717269116273188e-01
1.651200781755820750e+15,1.708293016991989655e-01
1.651200781757837000e+15,1.716867701670597435e-01
1.651200781759853500e+15,1.708645911272330120e-01
1.651200781761870000e+15,1.697715620605295683e-01
1.651200781763886250e+15,1.686786685044964207e-01
1.651200781765902750e+15,1.675856394377929215e-01
1.651200781767919250e+15,1.664926103710894778e-01
1.651200781769935500e+15,1.656699250916502664e-01
1.651200781771952000e+15,1.656699250916502386e-01
1.651200781773968500e+15,1.656699250916502664e-01
1.651200781775984750e+15,1.656699250916502386e-01
1.651200781778001250e+15,1.656699250916502386e-01
1.651200781780017500e+15,1.656699250916502386e-01
1.651200781782034000e+15,1.656699250916502664e-01
1.651200781784050500e+15,1.656699250916502386e-01
1.651200781786066750e+15,1.656699250916503219e-01
1.651200781788083250e+15,1.656699250916503496e-01
1.651200781790099750e+15,1.656699250916504051e-01
1.651200781792116000e+15,1.656699250916504607e-01
1.651200781794132500e+15,1.656699250916505162e-01
1.651200781796149000e+15,1.656699250916505439e-01
1.651200781798165250e+15,1.656699250916506272e-01
1.651200781800181750e+15,1.656699250916506549e-01
1.651200781802198250e+15,1.656699250916506549e-01
1.651200781804214500e+15,1.656699250916505994e-01
1.651200781806231000e+15,1.656699250916505717e-01
1.651200781808247500e+15,1.656699250916505162e-01
1.651200781810263750e+15,1.656699250916504607e-01
1.651200781812280250e+15,1.656699250916504051e-01
1.651200781814296500e+15,1.656699250916503774e-01
1.651200781816313000e+15,1.656699250916503219e-01
1.651200781818329500e+15,1.656699250916502664e-01
1.651200781820345750e+15,1.656250683623928521e-01
1.651200781822362250e+15,1.648228191868052472e-01
1.651200781824378750e+15,1.640205700112176423e-01
1.651200781826395000e+15,1.632184202962270181e-01
1.651200781828411500e+15,1.624161711206394410e-01
1.651200781830428000e+15,1.616139219450518083e-01
1.651200781832444250e+15,1.608117722300612118e-01
1.651200781834460750e+15,1.600095230544736069e-01
1.651200781836477250e+15,1.600288101577228839e-01
1.651200781838493500e+15,1.612436132855997184e-01
1.651200781840510000e+15,1.624585670400268134e-01
1.651200781842526500e+15,1.636735207944539083e-01
1.651200781844542750e+15,1.648883239223307429e-01
1.651200781846559250e+15,1.661032776767578378e-01
1.651200781848575500e+15,1.673180808046346724e-01
1.651200781850592000e+15,1.685330345590617673e-01
1.651200781852608500e+15,1.697479883134888345e-01
1.651200781854624750e+15,1.709627914413656968e-01
1.651200781856641250e+15,1.712046261517099210e-01
1.651200781858657750e+15,1.692404878811988311e-01
1.651200781860674000e+15,1.672765931190277333e-01
1.651200781862690500e+15,1.653124548485166434e-01
1.651200781864707000e+15,1.633483165780055257e-01
1.651200781866723250e+15,1.613844218158344557e-01
1.651200781868739750e+15,1.595340019401074727e-01
1.651200781870756250e+15,1.595340019401074727e-01
1.651200781872772500e+15,1.595340019401074727e-01
1.651200781874789000e+15,1.595340019401074727e-01
1.651200781876805500e+15,1.595340019401074727e-01
1.651200781878821750e+15,1.595340019401074727e-01
1.651200781880838250e+15,1.595340019401074727e-01
1.651200781882854500e+15,1.595340019401073894e-01
1.651200781884871000e+15,1.595340019401073339e-01
1.651200781886887500e+15,1.595340019401072507e-01
1.651200781888903750e+15,1.595340019401071396e-01
1.651200781890920250e+15,1.595340019401070841e-01
1.651200781892936750e+15,1.595340019401070009e-01
1.651200781894953000e+15,1.595340019401069176e-01
1.651200781896969500e+15,1.595340019401068066e-01
1.651200781898986000e+15,1.595340019401067233e-01
1.651200781901002250e+15,1.595340019401066123e-01
1.651200781903018750e+15,1.595340019401066678e-01
1.651200781905035250e+15,1.595340019401067788e-01
1.651200781907051500e+15,1.595340019401069176e-01
1.651200781909068000e+15,1.595340019401070286e-01
1.651200781911084500e+15,1.595340019401071951e-01
1.651200781913100750e+15,1.595340019401073062e-01
1.651200781915117250e+15,1.595340019401074172e-01
1.651200781917133500e+15,1.595340019401075005e-01
1.651200781919150000e+15,1.595340019401074727e-01
1.651200781921166500e+15,1.595340019401074727e-01
1.651200781923182750e+15,1.595340019401074727e-01
1.651200781925199250e+15,1.595340019401075005e-01
1.651200781927215750e+15,1.595340019401074727e-01
1.651200781929232000e+15,1.595340019401073617e-01
1.651200781931248500e+15,1.595340019401072507e-01
1.651200781933265000e+15,1.595340019401071396e-01
1.651200781935281250e+15,1.595340019401070286e-01
1.651200781937297750e+15,1.595340019401069453e-01
1.651200781939314250e+15,1.595340019401068066e-01
1.651200781941330500e+15,1.595340019401067233e-01
1.651200781943347000e+15,1.595340019401066123e-01
1.651200781945363500e+15,1.595340019401066678e-01
1.651200781947379750e+15,1.595340019401067511e-01
1.651200781949396250e+15,1.595340019401068621e-01
1.651200781951412500e+15,1.595340019401069453e-01
1.651200781953429000e+15,1.595340019401070286e-01
1.651200781955445500e+15,1.595340019401071396e-01
1.651200781957461750e+15,1.595340019401072507e-01
1.651200781959478250e+15,1.595340019401073062e-01
1.651200781961494750e+15,1.595340019401074450e-01
1.651200781963511000e+15,1.605256502611919212e-01
1.651200781965527500e+15,1.621253773327653303e-01
1.651200781967544000e+15,1.637251044043387671e-01
1.651200781969560250e+15,1.653246331462479568e-01
1.651200781971576750e+15,1.669243602178213659e-01
1.651200781973593250e+15,1.685240872893948028e-01
1.651200781975609500e+15,1.701236160313040202e-01
1.651200781977626000e+15,1.717233431028774293e-01
1.651200781979642500e+15,1.705632653305145241e-01
1.651200781981658750e+15,1.692532743251888572e-01
1.651200781983675250e+15,1.679431208907243012e-01
1.651200781985691500e+15,1.666331298853986342e-01
1.651200781987708000e+15,1.656699250916502386e-01
1.651200781989724500e+15,1.656699250916502386e-01
1.651200781991740750e+15,1.656699250916502386e-01
1.651200781993757250e+15,1.656699250916502386e-01
1.651200781995773750e+15,1.656699250916502386e-01
1.651200781997790000e+15,1.656699250916502386e-01
1.651200781999806500e+15,1.656699250916502386e-01
1.651200782001823000e+15,1.656699250916502386e-01
1.651200782003839250e+15,1.656699250916502386e-01
1.651200782005855750e+15,1.656699250916502386e-01
1.651200782007872250e+15,1.656699250916502386e-01
1.651200782009888500e+15,1.656699250916502386e-01
1.651200782011905000e+15,1.656699250916502386e-01
1.651200782013921500e+15,1.656699250916502386e-01
1.651200782015937750e+15,1.650032921953643594e-01
1.651200782017954250e+15,1.642234428927621948e-01
1.651200782019970500e+15,1.634436902736837727e-01
1.651200782021987000e+15,1.626638409710816080e-01
1.651200782024003500e+15,1.618839916684794433e-01
1.651200782026019750e+15,1.611042390494010212e-01
1.651200782028036250e+15,1.603243897467988566e-01
1.651200782030052750e+15,1.595445404441966641e-01
1.651200782032069000e+15,1.618639658859680752e-01
1.651200782034085500e+15,1.642261440140866391e-01
1.651200782036102000e+15,1.665883221422052030e-01
1.651200782038118250e+15,1.689502074141214505e-01
1.651200782040134750e+15,1.713123855422400144e-01
1.651200782042151250e+15,1.718058482431921163e-01
1.651200782044167500e+15,1.718058482431921163e-01
1.651200782046184000e+15,1.718058482431921163e-01
1.651200782048200500e+15,1.718058482431921163e-01
1.651200782050216750e+15,1.718058482431921163e-01
1.651200782052233250e+15,1.718058482431921163e-01
1.651200782054249500e+15,1.718058482431921163e-01
1.651200782056266000e+15,1.718058482431921441e-01
1.651200782058282500e+15,1.718058482431921163e-01
1.651200782060298750e+15,1.718058482431921163e-01
1.651200782062315250e+15,1.718058482431921163e-01
1.651200782064331750e+15,1.718058482431921163e-01
1.651200782066348000e+15,1.718058482431921163e-01
1.651200782068364500e+15,1.718058482431921163e-01
1.651200782070381000e+15,1.718058482431921163e-01
1.651200782072397250e+15,1.718058482431921163e-01
1.651200782074413750e+15,1.718058482431921163e-01
1.651200782076430250e+15,1.718058482431920886e-01
1.651200782078446500e+15,1.718058482431921163e-01
1.651200782080463000e+15,1.718058482431920886e-01
1.651200782082479500e+15,1.724236432454365475e-01
1.651200782084495750e+15,1.735534656248245711e-01
1.651200782086512250e+15,1.746834280937822892e-01
1.651200782088528500e+15,1.758132504731703127e-01
1.651200782090545000e+15,1.769432129421280031e-01
1.651200782092561500e+15,1.778011190018675691e-01
1.651200782094577750e+15,1.765917783318481371e-01
1.651200782096594250e+15,1.753822877125825741e-01
1.651200782098610750e+15,1.741727970933169833e-01
1.651200782100627000e+15,1.729634564232975236e-01
1.651200782102643500e+15,1.717817360610819910e-01
1.651200782104660000e+15,1.712196295266878165e-01
1.651200782106676250e+15,1.706575926806812860e-01
1.651200782108692750e+15,1.700954861462871115e-01
1.651200782110709250e+15,1.695333796118929648e-01
1.651200782112725500e+15,1.689713427658863787e-01
1.651200782114742000e+15,1.684092362314922320e-01
1.651200782116758500e+15,1.678471296970980853e-01
1.651200782118774750e+15,1.672850928510915269e-01
1.651200782120791250e+15,1.667229863166973802e-01
1.651200782122807500e+15,1.661609494706908219e-01
1.651200782124824000e+15,1.659269323852841649e-01
1.651200782126840500e+15,1.679593057484715934e-01
1.651200782128856750e+15,1.699914271437240887e-01
1.651200782130873250e+15,1.720238005069115172e-01
1.651200782132889750e+15,1.740561738700989458e-01
1.651200782134906000e+15,1.760882952653514688e-01
1.651200782136922500e+15,1.777771513283202820e-01
1.651200782138939000e+15,1.759069746301514525e-01
1.651200782140955250e+15,1.740370297912310904e-01
1.651200782142971750e+15,1.721668530930622332e-01
1.651200782144988250e+15,1.702966763948933759e-01
1.651200782147004500e+15,1.684267315559730138e-01
1.651200782149021000e+15,1.665565548578041566e-01
1.651200782151037500e+15,1.663658765892127578e-01
1.651200782153053750e+15,1.676890375575866010e-01
1.651200782155070250e+15,1.690123625880767810e-01
1.651200782157086500e+15,1.703355235564506520e-01
1.651200782159103000e+15,1.716588485869408043e-01
1.651200782161119500e+15,1.718058482431916445e-01
1.651200782163135750e+15,1.718058482431916723e-01
1.651200782165152250e+15,1.718058482431916723e-01
1.651200782167168750e+15,1.718058482431916723e-01
1.651200782169185000e+15,1.718058482431916723e-01
1.651200782171201500e+15,1.718058482431916723e-01
1.651200782173218000e+15,1.718058482431916723e-01
1.651200782175234250e+15,1.718058482431916445e-01
1.651200782177250750e+15,1.718058482431916723e-01
1.651200782179267250e+15,1.718058482431916723e-01
1.651200782181283500e+15,1.718058482431916723e-01
1.651200782183300000e+15,1.715421847976317526e-01
1.651200782185316500e+15,1.709400587070636635e-01
1.651200782187332750e+15,1.703380072663952527e-01
1.651200782189349250e+15,1.697358811758271913e-01
1.651200782191365500e+15,1.691338297351587527e-01
1.651200782193382000e+15,1.685317036445906913e-01
1.651200782195398500e+15,1.679295775540226299e-01
1.651200782197414750e+15,1.673275261133541914e-01
1.651200782199431250e+15,1.667254000227861299e-01
1.651200782201447750e+15,1.661232739322180407e-01
1.651200782203464000e+15,1.656699250916502109e-01
1.651200782205480500e+15,1.656699250916502386e-01
1.651200782207497000e+15,1.656699250916502109e-01
1.651200782209513250e+15,1.656699250916502386e-01
1.651200782211529750e+15,1.656699250916502386e-01
1.651200782213546250e+15,1.656699250916502109e-01
1.651200782215562500e+15,1.656699250916502386e-01
1.651200782217579000e+15,1.656699250916502386e-01
1.651200782219595500e+15,1.656699250916502386e-01
1.651200782221611750e+15,1.656699250916502386e-01
1.651200782223628250e+15,1.656699250916502386e-01
1.651200782225644500e+15,1.656699250916502386e-01
1.651200782227661000e+15,1.656699250916502386e-01
1.651200782229677500e+15,1.656699250916502386e-01
1.651200782231693750e+15,1.656699250916502386e-01
1.651200782233710250e+15,1.656699250916502386e-01
1.651200782235726750e+15,1.656699250916502386e-01
1.651200782237743000e+15,1.656699250916502386e-01
1.651200782239759500e+15,1.656699250916502386e-01
1.651200782241776000e+15,1.656699250916502109e-01
1.651200782243792250e+15,1.656699250916502109e-01
1.651200782245808750e+15,1.656699250916502386e-01
1.651200782247825250e+15,1.656699250916502386e-01
1.651200782249841500e+15,1.659547023862433246e-01
1.651200782251858000e+15,1.667440541588164071e-01
1.651200782253874500e+15,1.675334059313895174e-01
1.651200782255890750e+15,1.683226598423493425e-01
1.651200782257907250e+15,1.691120116149224528e-01
1.651200782259923500e+15,1.699012655258822779e-01
1.651200782261940000e+15,1.706906172984553882e-01
1.651200782263956500e+15,1.714799690710284708e-01
1.651200782265972750e+15,1.710097720671025501e-01
1.651200782267989250e+15,1.696536684902630876e-01
1.651200782270005750e+15,1.682975649134236251e-01
1.651200782272022000e+15,1.669416294624924968e-01
1.651200782274038500e+15,1.656699250916502664e-01
1.651200782276055000e+15,1.656699250916502664e-01
1.651200782278071250e+15,1.656699250916502386e-01
1.651200782280087750e+15,1.656699250916502386e-01
1.651200782282104250e+15,1.656699250916502386e-01
1.651200782284120500e+15,1.656699250916502386e-01
1.651200782286137000e+15,1.656699250916502386e-01
1.651200782288153500e+15,1.656699250916502664e-01
1.651200782290169750e+15,1.656699250916502109e-01
1.651200782292186250e+15,1.656699250916502386e-01
1.651200782294202500e+15,1.656699250916502386e-01
1.651200782296219000e+15,1.656699250916502386e-01
1.651200782298235500e+15,1.656699250916502386e-01
1.651200782300251750e+15,1.656699250916502386e-01
1.651200782302268250e+15,1.656699250916502386e-01
1.651200782304284750e+15,1.656699250916502109e-01
1.651200782306301000e+15,1.656699250916502386e-01
1.651200782308317500e+15,1.656699250916502386e-01
1.651200782310334000e+15,1.656699250916502386e-01
1.651200782312350250e+15,1.656699250916502386e-01
1.651200782314366750e+15,1.656699250916502386e-01
1.651200782316383250e+15,1.656699250916502386e-01
1.651200782318399500e+15,1.656699250916502386e-01
1.651200782320416000e+15,1.656699250916502386e-01
1.651200782322432500e+15,1.656699250916502386e-01
1.651200782324448750e+15,1.656699250916502386e-01
1.651200782326465250e+15,1.656699250916502386e-01
1.651200782328481500e+15,1.656699250916502386e-01
1.651200782330498000e+15,1.656699250916502386e-01
1.651200782332514500e+15,1.656699250916502386e-01
1.651200782334530750e+15,1.656699250916502386e-01
1.651200782336547250e+15,1.656699250916502386e-01
1.651200782338563750e+15,1.656699250916502386e-01
1.651200782340580000e+15,1.656699250916501276e-01
1.651200782342596500e+15,1.656699250916500166e-01
1.651200782344613000e+15,1.656699250916498500e-01
1.651200782346629250e+15,1.656699250916497390e-01
1.651200782348645750e+15,1.656699250916495725e-01
1.651200782350662250e+15,1.656699250916494615e-01
1.651200782352678500e+15,1.656699250916493227e-01
1.651200782354695000e+15,1.656699250916491561e-01
1.651200782356711500e+15,1.656699250916490174e-01
1.651200782358727750e+15,1.656699250916489063e-01
1.651200782360744250e+15,1.656699250916489896e-01
1.651200782362760500e+15,1.656699250916490729e-01
1.651200782364777000e+15,1.656699250916491561e-01
1.651200782366793500e+15,1.656699250916492394e-01
1.651200782368809750e+15,1.656699250916493227e-01
1.651200782370826250e+15,1.656699250916494059e-01
1.651200782372842750e+15,1.656699250916494892e-01
1.651200782374859000e+15,1.656699250916495725e-01
1.651200782376875500e+15,1.656699250916496557e-01
1.651200782378892000e+15,1.656699250916497390e-01
1.651200782380908250e+15,1.656699250916498223e-01
1.651200782382924750e+15,1.656699250916499055e-01
1.651200782384941250e+15,1.656699250916499888e-01
1.651200782386957500e+15,1.656699250916500721e-01
1.651200782388974000e+15,1.656699250916501553e-01
1.651200782390990500e+15,1.656699250916502109e-01
1.651200782393006750e+15,1.662454088365901139e-01
1.651200782395023250e+15,1.670228082481937382e-01
1.651200782397039500e+15,1.678001112800042161e-01
1.651200782399056000e+15,1.685775106916078403e-01
1.651200782401072500e+15,1.693549101032114645e-01
1.651200782403088750e+15,1.701322131350219424e-01
1.651200782405105250e+15,1.709096125466255667e-01
1.651200782407121750e+15,1.716870119582291909e-01
1.651200782409138000e+15,1.718058482431918388e-01
1.651200782411154500e+15,1.718058482431920053e-01
1.651200782413171000e+15,1.718058482431921719e-01
1.651200782415187250e+15,1.718058482431923661e-01
1.651200782417203750e+15,1.718058482431925604e-01
1.651200782419220250e+15,1.718058482431927270e-01
1.651200782421236500e+15,1.718058482431929213e-01
1.651200782423253000e+15,1.725886283606896665e-01
1.651200782425269500e+15,1.740638396755793682e-01
1.651200782427285750e+15,1.755388680979182714e-01
1.651200782429302250e+15,1.770140794128080008e-01
1.651200782431318500e+15,1.784891078351469318e-01
1.651200782433335000e+15,1.799643191500366335e-01
1.651200782435351500e+15,1.814395304649263629e-01
1.651200782437367750e+15,1.829145588872652661e-01
1.651200782439384250e+15,1.843897702021549956e-01
1.651200782441400750e+15,1.858649815170447250e-01
1.651200782443417000e+15,1.873400099393836282e-01
1.651200782445433500e+15,1.888152212542733577e-01
1.651200782447450000e+15,1.901291673201935539e-01
1.651200782449466250e+15,1.885075189974385057e-01
1.651200782451482750e+15,1.868856696023558084e-01
1.651200782453499250e+15,1.852638202072731111e-01
1.651200782455515500e+15,1.836421718845180906e-01
1.651200782457532000e+15,1.820203224894353655e-01
1.651200782459548500e+15,1.803984730943526682e-01
1.651200782461564750e+15,1.787768247715976200e-01
1.651200782463581250e+15,1.782001086799936129e-01
1.651200782465597500e+15,1.787325620931331238e-01
1.651200782467614000e+15,1.792650815265346698e-01
1.651200782469630500e+15,1.797976009599362157e-01
1.651200782471646750e+15,1.803300543730757821e-01
1.651200782473663250e+15,1.808625738064773003e-01
1.651200782475679750e+15,1.813950932398789018e-01
1.651200782477696000e+15,1.819275466530184127e-01
1.651200782479712500e+15,1.824600660864199586e-01
1.651200782481729000e+15,1.829925855198215323e-01
1.651200782483745250e+15,1.835250389329610432e-01
1.651200782485761750e+15,1.840575583663625892e-01
1.651200782487778250e+15,1.840776945462767600e-01
1.651200782489794500e+15,1.840776945462767600e-01
1.651200782491811000e+15,1.840776945462767877e-01
1.651200782493827500e+15,1.840776945462767877e-01
1.651200782495843750e+15,1.840776945462767877e-01
1.651200782497860250e+15,1.840776945462767877e-01
1.651200782499876500e+15,1.840776945462767877e-01
1.651200782501893000e+15,1.840776945462767322e-01
1.651200782503909500e+15,1.840776945462767045e-01
1.651200782505925750e+15,1.840776945462766490e-01
1.651200782507942250e+15,1.840776945462765934e-01
1.651200782509958750e+15,1.840776945462765934e-01
1.651200782511975000e+15,1.840776945462765379e-01
1.651200782513991500e+15,1.840776945462764824e-01
1.651200782516008000e+15,1.840776945462764547e-01
1.651200782518024250e+15,1.840776945462763992e-01
1.651200782520040750e+15,1.840776945462763714e-01
1.651200782522057250e+15,1.840776945462763436e-01
1.651200782524073500e+15,1.835704841533152831e-01
1.651200782526090000e+15,1.829278264358123463e-01
1.651200782528106500e+15,1.822851687183093816e-01
1.651200782530122750e+15,1.816425906757032360e-01
1.651200782532139250e+15,1.809999329582002714e-01
1.651200782534155500e+15,1.803573549155941258e-01
1.651200782536172000e+15,1.797146971980911889e-01
1.651200782538188500e+15,1.790720394805882520e-01
1.651200782540204750e+15,1.784294614379821065e-01
1.651200782542221250e+15,1.779417713947344382e-01
1.651200782544237750e+15,1.779417713947344659e-01
1.651200782546254000e+15,1.779417713947344382e-01
1.651200782548270500e+15,1.779417713947344659e-01
1.651200782550287000e+15,1.779417713947344382e-01
1.651200782552303250e+15,1.779417713947344382e-01
1.651200782554319750e+15,1.779417713947344382e-01
1.651200782556336250e+15,1.779417713947344382e-01
1.651200782558352500e+15,1.779417713947344382e-01
1.651200782560369000e+15,1.779417713947344382e-01
1.651200782562385500e+15,1.779417713947344382e-01
1.651200782564401750e+15,1.779417713947344382e-01
1.651200782566418250e+15,1.779417713947344382e-01
1.651200782568434500e+15,1.779417713947344382e-01
1.651200782570451000e+15,1.779417713947344382e-01
1.651200782572467500e+15,1.779417713947344382e-01
1.651200782574483750e+15,1.779417713947344382e-01
1.651200782576500250e+15,1.784547838114049489e-01
1.651200782578516750e+15,1.794618313054094638e-01
1.651200782580533000e+15,1.804687539484973180e-01
1.651200782582549500e+15,1.814758014425018051e-01
1.651200782584566000e+15,1.824828489365063200e-01
1.651200782586582250e+15,1.834897715795941464e-01
1.651200782588598750e+15,1.844968190735986613e-01
1.651200782590615250e+15,1.855038665676031484e-01
1.651200782592631500e+15,1.865107892106909748e-01
1.651200782594648000e+15,1.875178367046955175e-01
1.651200782596664500e+15,1.885248841987000323e-01
1.651200782598680750e+15,1.895318068417878310e-01
1.651200782600697250e+15,1.899066565707315524e-01
1.651200782602713500e+15,1.889563143480937069e-01
1.651200782604730000e+15,1.880058542900903129e-01
1.651200782606746500e+15,1.870553942320869467e-01
1.651200782608762750e+15,1.861050520094490734e-01
1.651200782610779250e+15,1.851545919514457073e-01
1.651200782612795750e+15,1.842041318934423411e-01
1.651200782614812000e+15,1.840776945462767877e-01
1.651200782616828500e+15,1.840776945462767877e-01
1.651200782618845000e+15,1.840776945462767877e-01
1.651200782620861250e+15,1.840776945462767600e-01
1.651200782622877750e+15,1.840776945462767877e-01
1.651200782624894250e+15,1.840776945462767877e-01
1.651200782626910500e+15,1.840776945462767600e-01
1.651200782628927000e+15,1.840776945462767600e-01
1.651200782630943500e+15,1.840776945462767600e-01
1.651200782632959750e+15,1.840776945462767600e-01
1.651200782634976250e+15,1.840776945462767600e-01
1.651200782636992500e+15,1.840776945462767600e-01
1.651200782639009000e+15,1.840776945462767600e-01
1.651200782641025500e+15,1.840776945462767600e-01
1.651200782643041750e+15,1.833714619994128991e-01
1.651200782645058250e+15,1.824630786916464076e-01
1.651200782647074750e+15,1.815546953838798605e-01
1.651200782649091000e+15,1.806464246949216479e-01
1.651200782651107500e+15,1.797380413871551008e-01
1.651200782653124000e+15,1.788296580793886092e-01
1.651200782655140250e+15,1.779697801229291332e-01
1.651200782657156750e+15,1.792179480877316156e-01
1.651200782659173250e+15,1.804661160525340702e-01
1.651200782661189500e+15,1.817141292729818614e-01
1.651200782663206000e+15,1.829622972377843437e-01
1.651200782665222500e+15,1.841835799457940681e-01
1.651200782667238750e+15,1.851788780193497630e-01
1.651200782669255250e+15,1.861742995024620040e-01
1.651200782671271500e+15,1.871695975760176989e-01
1.651200782673288000e+15,1.881650190591299121e-01
1.651200782675304500e+15,1.891604405422421531e-01
1.651200782677320750e+15,1.901557386157978202e-01
1.651200782679337250e+15,1.873962306290217483e-01
1.651200782681353750e+15,1.844049124643626358e-01
1.651200782683370000e+15,1.814139651549185328e-01
1.651200782685386500e+15,1.784226469902593926e-01
1.651200782687403000e+15,1.754313288256002523e-01
1.651200782689419250e+15,1.724403815161561770e-01
1.651200782691435750e+15,1.728632018612198396e-01
1.651200782693452250e+15,1.742052340064622062e-01
1.651200782695468500e+15,1.755470997703327818e-01
1.651200782697485000e+15,1.768891319155751485e-01
1.651200782699501500e+15,1.782311640608175152e-01
1.651200782701517750e+15,1.795730298246880630e-01
1.651200782703534250e+15,1.809150619699304574e-01
1.651200782705550500e+15,1.822569277338009774e-01
1.651200782707567000e+15,1.835989598790433441e-01
1.651200782709583500e+15,1.849409920242857108e-01
1.651200782711599750e+15,1.862828577881562864e-01
1.651200782713616250e+15,1.876248899333986253e-01
1.651200782715632750e+15,1.889669220786410198e-01
1.651200782717649000e+15,1.902761532983243131e-01
1.651200782719665500e+15,1.911579927278077018e-01
1.651200782721682000e+15,1.920398321572911182e-01
1.651200782723698250e+15,1.929215622588016099e-01
1.651200782725714750e+15,1.938034016882849708e-01
1.651200782727731250e+15,1.946852411177684150e-01
1.651200782729747500e+15,1.955669712192789067e-01
1.651200782731764000e+15,1.948634330281818205e-01
1.651200782733780500e+15,1.816619509955485212e-01
1.651200782735796750e+15,1.684621056455377075e-01
1.651200782737813250e+15,1.552606236129043804e-01
1.651200782739829500e+15,1.472621556370206364e-01
1.651200782741846000e+15,1.472621556370206919e-01
1.651200782743862500e+15,1.472621556370208029e-01
1.651200782745878750e+15,1.472621556370208862e-01
1.651200782747895250e+15,1.472621556370209694e-01
1.651200782749911750e+15,1.472621556370210527e-01
1.651200782751928000e+15,1.472621556370211360e-01
1.651200782753944500e+15,1.472621556370212192e-01
1.651200782755961000e+15,1.472621556370213025e-01
1.651200782757977250e+15,1.472621556370213858e-01
1.651200782759993750e+15,1.472621556370214690e-01
1.651200782762010250e+15,1.472621556370215523e-01
1.651200782764026500e+15,1.472621556370216633e-01
1.651200782766043000e+15,1.472621556370217188e-01
1.651200782768059250e+15,1.472621556370218299e-01
1.651200782770075750e+15,1.472621556370219131e-01
1.651200782772092250e+15,1.472621556370219409e-01
1.651200782774108500e+15,1.472621556370219409e-01
1.651200782776125000e+15,1.472621556370219409e-01
1.651200782778141500e+15,1.472621556370219409e-01
1.651200782780157750e+15,1.472621556370219409e-01
1.651200782782174250e+15,1.472621556370219409e-01
1.651200782784190750e+15,1.472621556370219409e-01
1.651200782786207000e+15,1.472621556370219409e-01
1.651200782788223500e+15,1.472621556370219409e-01
1.651200782790240000e+15,1.472621556370219131e-01
1.651200782792256250e+15,1.472621556370218576e-01
1.651200782794272750e+15,1.472621556370218299e-01
1.651200782796289250e+15,1.472621556370217744e-01
1.651200782798305500e+15,1.472621556370217188e-01
1.651200782800322000e+15,1.472621556370216911e-01
1.651200782802338250e+15,1.472621556370216633e-01
1.651200782804354750e+15,1.472621556370216078e-01
1.651200782806371250e+15,1.472621556370215801e-01
1.651200782808387500e+15,1.472621556370215246e-01
1.651200782810404000e+15,1.472621556370214968e-01
1.651200782812420500e+15,1.472621556370214968e-01
1.651200782814436750e+15,1.472621556370214968e-01
1.651200782816453250e+15,1.472621556370214968e-01
1.651200782818469750e+15,1.472621556370214968e-01
1.651200782820486000e+15,1.472621556370214968e-01
1.651200782822502500e+15,1.472621556370214968e-01
1.651200782824519000e+15,1.472621556370214968e-01
1.651200782826535250e+15,1.472621556370214968e-01
1.651200782828551750e+15,1.472621556370214968e-01
1.651200782830568250e+15,1.472621556370214968e-01
1.651200782832584500e+15,1.472621556370214968e-01
1.651200782834601000e+15,1.472621556370214968e-01
1.651200782836617250e+15,1.472621556370214968e-01
1.651200782838633750e+15,1.472621556370214968e-01
1.651200782840650250e+15,1.472621556370214968e-01
1.651200782842666500e+15,1.472621556370214968e-01
1.651200782844683000e+15,1.472621556370214968e-01
1.651200782846699500e+15,1.472621556370214968e-01
1.651200782848715750e+15,1.472621556370214968e-01
1.651200782850732250e+15,1.472621556370215246e-01
1.651200782852748750e+15,1.472621556370214968e-01
1.651200782854765000e+15,1.472621556370214968e-01
1.651200782856781500e+15,1.472621556370214968e-01
1.651200782858798000e+15,1.472621556370214968e-01
1.651200782860814250e+15,1.472621556370214968e-01
1.651200782862830750e+15,1.472621556370214968e-01
1.651200782864847250e+15,1.472621556370214968e-01
1.651200782866863500e+15,1.472621556370214968e-01
1.651200782868880000e+15,1.472621556370214690e-01
1.651200782870896250e+15,1.472621556370214135e-01
1.651200782872912750e+15,1.472621556370213580e-01
1.651200782874929250e+15,1.472621556370213303e-01
1.651200782876945500e+15,1.472621556370212748e-01
1.651200782878962000e+15,1.472621556370212192e-01
1.651200782880978500e+15,1.472621556370211637e-01
1.651200782882994750e+15,1.472621556370211082e-01
1.651200782885011250e+15,1.472621556370210805e-01
1.651200782887027750e+15,1.472621556370210527e-01
1.651200782889044000e+15,1.472621556370210527e-01
1.651200782891060500e+15,1.472621556370210527e-01
1.651200782893077000e+15,1.472621556370210527e-01
1.651200782895093250e+15,1.472621556370210527e-01
1.651200782897109750e+15,1.472621556370210527e-01
1.651200782899126250e+15,1.472621556370210527e-01
1.651200782901142500e+15,1.472621556370210527e-01
1.651200782903159000e+15,1.472621556370210527e-01
1.651200782905175250e+15,1.472621556370210527e-01
1.651200782907191750e+15,1.472621556370210527e-01
1.651200782909208250e+15,1.472621556370210527e-01
1.651200782911224500e+15,1.472621556370210527e-01
1.651200782913241000e+15,1.472621556370210527e-01
1.651200782915257500e+15,1.472621556370210527e-01
1.651200782917273750e+15,1.472621556370210527e-01
1.651200782919290250e+15,1.472621556370210527e-01
1.651200782921306750e+15,1.472621556370210527e-01
1.651200782923323000e+15,1.472621556370210527e-01
1.651200782925339500e+15,1.472621556370210527e-01
1.651200782927356000e+15,1.472621556370210805e-01
1.651200782929372250e+15,1.472621556370210805e-01
1.651200782931388750e+15,1.472621556370210527e-01
1.651200782933405250e+15,1.472621556370210527e-01
1.651200782935421500e+15,1.472621556370210527e-01
1.651200782937438000e+15,1.472621556370210527e-01
1.651200782939454250e+15,1.472621556370210527e-01
1.651200782941470750e+15,1.472621556370210527e-01
1.651200782943487250e+15,1.472621556370210527e-01
1.651200782945503500e+15,1.472621556370210527e-01
1.651200782947520000e+15,1.472621556370210527e-01
1.651200782949536500e+15,1.472621556370210527e-01
1.651200782951552750e+15,1.472621556370210527e-01
1.651200782953569250e+15,1.472621556370210527e-01
1.651200782955585750e+15,1.472621556370210527e-01
1.651200782957602000e+15,1.472621556370210527e-01
1.651200782959618500e+15,1.472621556370210527e-01
1.651200782961635000e+15,1.472621556370210527e-01
1.651200782963651250e+15,1.472621556370210527e-01
1.651200782965667750e+15,1.472621556370210527e-01
1.651200782967684250e+15,1.472621556370210805e-01
1.651200782969700500e+15,1.472621556370210527e-01
1.651200782971717000e+15,1.472621556370210527e-01
1.651200782973733250e+15,1.472621556370210527e-01
1.651200782975749750e+15,1.472621556370210527e-01
1.651200782977766250e+15,1.472621556370210527e-01
1.651200782979782500e+15,1.472621556370210250e-01
1.651200782981799000e+15,1.472621556370210527e-01
1.651200782983815500e+15,1.465646853310586806e-01
1.651200782985831750e+15,1.453444905333175496e-01
1.651200782987848250e+15,1.441241444404992023e-01
1.651200782989864750e+15,1.429037983476809104e-01
1.651200782991881000e+15,1.416836035499397517e-01
1.651200782993897500e+15,1.418785440481552529e-01
1.651200782995914000e+15,1.432633329720595650e-01
1.651200782997930250e+15,1.446479502137268391e-01
1.651200782999946750e+15,1.460327391376311790e-01
1.651200783001963250e+15,1.471640320426588211e-01
1.651200783003979500e+15,1.462895936022929055e-01
1.651200783005996000e+15,1.454150467380657952e-01
1.651200783008012250e+15,1.445406082976998796e-01
1.651200783010028750e+15,1.436660614334727692e-01
1.651200783012045250e+15,1.427915145692456589e-01
1.651200783014061500e+15,1.419170761288797433e-01
1.651200783016078000e+15,1.411262324854787309e-01
1.651200783018094500e+15,1.411262324854787309e-01
1.651200783020110750e+15,1.411262324854787309e-01
1.651200783022127250e+15,1.411262324854787309e-01
1.651200783024143750e+15,1.411262324854787309e-01
1.651200783026160000e+15,1.411262324854787309e-01
1.651200783028176500e+15,1.411262324854787309e-01
1.651200783030193000e+15,1.411262324854787309e-01
1.651200783032209250e+15,1.411262324854787309e-01
1.651200783034225750e+15,1.411262324854787309e-01
1.651200783036242250e+15,1.411262324854787309e-01
1.651200783038258500e+15,1.411262324854787309e-01
1.651200783040275000e+15,1.411262324854787309e-01
1.651200783042291250e+15,1.411262324854787309e-01
1.651200783044307750e+15,1.411262324854787309e-01
1.651200783046324250e+15,1.411262324854787309e-01
1.651200783048340500e+15,1.411262324854787309e-01
1.651200783050357000e+15,1.411262324854787309e-01
1.651200783052373500e+15,1.411262324854787309e-01
1.651200783054389750e+15,1.411262324854787309e-01
1.651200783056406250e+15,1.411262324854787309e-01
1.651200783058422750e+15,1.411262324854787309e-01
1.651200783060439000e+15,1.411262324854787309e-01
1.651200783062455500e+15,1.411262324854787309e-01
1.651200783064472000e+15,1.411262324854787309e-01
1.651200783066488250e+15,1.411262324854787309e-01
1.651200783068504750e+15,1.399244920971829675e-01
1.651200783070521250e+15,1.380485025535418409e-01
1.651200783072537500e+15,1.361727455898094075e-01
1.651200783074554000e+15,1.342967560461682808e-01
1.651200783076570250e+15,1.324209990824358474e-01
1.651200783078586750e+15,1.305450095387947207e-01
1.651200783080603250e+15,1.288543861823941150e-01
1.651200783082619500e+15,1.288543861823940873e-01
1.651200783084636000e+15,1.288543861823940873e-01
1.651200783086652500e+15,1.288543861823940873e-01
1.651200783088668750e+15,1.288543861823940873e-01
1.651200783090685250e+15,1.288543861823941150e-01
1.651200783092701750e+15,1.288543861823940873e-01
1.651200783094718000e+15,1.288543861823940873e-01
1.651200783096734500e+15,1.288543861823940873e-01
1.651200783098751000e+15,1.288543861823940873e-01
1.651200783100767250e+15,1.288543861823940873e-01
1.651200783102783750e+15,1.284093196445924290e-01
1.651200783104800250e+15,1.275727065721365683e-01
1.651200783106816500e+15,1.267361972206170195e-01
1.651200783108833000e+15,1.258995841481611588e-01
1.651200783110849250e+15,1.250630747966416378e-01
1.651200783112865750e+15,1.242264617241857771e-01
1.651200783114882250e+15,1.233898486517299165e-01
1.651200783116898500e+15,1.225533393002103677e-01
1.651200783118915000e+15,1.217167262277545070e-01
1.651200783120931500e+15,1.208801131552986463e-01
1.651200783122947750e+15,1.200436038037791253e-01
1.651200783124964250e+15,1.192069907313232646e-01
1.651200783126980750e+15,1.183703776588674039e-01
1.651200783128997000e+15,1.175338683073478691e-01
1.651200783131013500e+15,1.166972552348920084e-01
1.651200783133030000e+15,1.170384890714712689e-01
1.651200783135046250e+15,1.175668267488839541e-01
1.651200783137062750e+15,1.180952299362380414e-01
1.651200783139079250e+15,1.186236331235921287e-01
1.651200783141095500e+15,1.191519708010048140e-01
1.651200783143112000e+15,1.196803739883589013e-01
1.651200783145128250e+15,1.202087116657716004e-01
1.651200783147144750e+15,1.207371148531256738e-01
1.651200783149161250e+15,1.212655180404797611e-01
1.651200783151177500e+15,1.217938557178924325e-01
1.651200783153194000e+15,1.223222589052465198e-01
1.651200783155210500e+15,1.224997255216673658e-01
1.651200783157226750e+15,1.216255342374465143e-01
1.651200783159243250e+15,1.207512345600099957e-01
1.651200783161259750e+15,1.198769348825735048e-01
1.651200783163276000e+15,1.190027435983526394e-01
1.651200783165292500e+15,1.181284439209161208e-01
1.651200783167309000e+15,1.172541442434796022e-01
1.651200783169325250e+15,1.164793729094440733e-01
1.651200783171341750e+15,1.160341376077137221e-01
1.651200783173358250e+15,1.155889023059833431e-01
1.651200783175374500e+15,1.151437222032737767e-01
1.651200783177391000e+15,1.146984869015434116e-01
1.651200783179407250e+15,1.142533067988338313e-01
1.651200783181423750e+15,1.138080714971034663e-01
1.651200783183440250e+15,1.133628361953731012e-01
1.651200783185456500e+15,1.129176560926635486e-01
1.651200783187473000e+15,1.124724207909331697e-01
1.651200783189489500e+15,1.120271854892028046e-01
1.651200783191505750e+15,1.115820053864932243e-01
1.651200783193522250e+15,1.111367700847628731e-01
1.651200783195538750e+15,1.106915347830324942e-01
1.651200783197555000e+15,1.107978716064868113e-01
1.651200783199571500e+15,1.115788037596732174e-01
1.651200783201588000e+15,1.123597359128595818e-01
1.651200783203604250e+15,1.131405712482734527e-01
1.651200783205620750e+15,1.139215034014598449e-01
1.651200783207637250e+15,1.147024355546462232e-01
1.651200783209653500e+15,1.154832708900600802e-01
1.651200783211670000e+15,1.162642030432464585e-01
1.651200783213686250e+15,1.165825398793085554e-01
1.651200783215702750e+15,1.165825398793085554e-01
1.651200783217719250e+15,1.165825398793085554e-01
1.651200783219735500e+15,1.165825398793085554e-01
1.651200783221752000e+15,1.165825398793085554e-01
1.651200783223768500e+15,1.165825398793085554e-01
1.651200783225784750e+15,1.165825398793085554e-01
1.651200783227801250e+15,1.165825398793085554e-01
1.651200783229817750e+15,1.165825398793085554e-01
1.651200783231834000e+15,1.165825398793085416e-01
1.651200783233850500e+15,1.165825398793085554e-01
1.651200783235867000e+15,1.165825398793085554e-01
1.651200783237883250e+15,1.165825398793085554e-01
1.651200783239899750e+15,1.165825398793085554e-01
1.651200783241916250e+15,1.165825398793085554e-01
1.651200783243932500e+15,1.165825398793085554e-01
1.651200783245949000e+15,1.165825398793085416e-01
1.651200783247965250e+15,1.165134349871537467e-01
1.651200783249981750e+15,1.155198519922861766e-01
1.651200783251998250e+15,1.145262689974185788e-01
1.651200783254014500e+15,1.135328091841769360e-01
1.651200783256031000e+15,1.125392261893093659e-01
1.651200783258047500e+15,1.115456431944417820e-01
1.651200783260063750e+15,1.105521833812001531e-01
1.651200783262080250e+15,1.095586003863325691e-01
1.651200783264096750e+15,1.085650173914649852e-01
1.651200783266113000e+15,1.075715575782233424e-01
1.651200783268129500e+15,1.065779745833557585e-01
1.651200783270146000e+15,1.055843915884881884e-01
1.651200783272162250e+15,1.045909317752465595e-01
1.651200783274178750e+15,1.050534429694207905e-01
1.651200783276195250e+15,1.060879821864011419e-01
1.651200783278211500e+15,1.071223931441183108e-01
1.651200783280228000e+15,1.081569323610986622e-01
1.651200783282244250e+15,1.091913433188158311e-01
1.651200783284260750e+15,1.102258825357961824e-01
1.651200783286277250e+15,1.104466167277653593e-01
1.651200783288293500e+15,1.104466167277653454e-01
1.651200783290310000e+15,1.104466167277653454e-01
1.651200783292326500e+15,1.104466167277653454e-01
1.651200783294342750e+15,1.104466167277653454e-01
1.651200783296359250e+15,1.104636875799538537e-01
1.651200783298375750e+15,1.109468226457519247e-01
1.651200783300392000e+15,1.114298978138230367e-01
1.651200783302408500e+15,1.119130328796210938e-01
1.651200783304425000e+15,1.123961679454191787e-01
1.651200783306441250e+15,1.128792431134902630e-01
1.651200783308457750e+15,1.133623781792883478e-01
1.651200783310474250e+15,1.138455132450864188e-01
1.651200783312490500e+15,1.143285884131575170e-01
1.651200783314507000e+15,1.148117234789556018e-01
1.651200783316523250e+15,1.152947986470266861e-01
1.651200783318539750e+15,1.157779337128247571e-01
1.651200783320556250e+15,1.162610687786228281e-01
1.651200783322572500e+15,1.161895028265348406e-01
1.651200783324589000e+15,1.150144706294703861e-01
1.651200783326605500e+15,1.138394384324059316e-01
1.651200783328621750e+15,1.126645519125293177e-01
1.651200783330638250e+15,1.114895197154648632e-01
1.651200783332654750e+15,1.103479485074538718e-01
1.651200783334671000e+15,1.094705954789952224e-01
1.651200783336687500e+15,1.085931336652881524e-01
1.651200783338704000e+15,1.077156718515810963e-01
1.651200783340720250e+15,1.068383188231224468e-01
1.651200783342736750e+15,1.059608570094153768e-01
1.651200783344753250e+15,1.050833951957083207e-01
1.651200783346769500e+15,1.043106935762238840e-01
1.651200783348786000e+15,1.043106935762237314e-01
1.651200783350802250e+15,1.043106935762235787e-01
1.651200783352818750e+15,1.043106935762234261e-01
1.651200783354835250e+15,1.043106935762232734e-01
1.651200783356851500e+15,1.043106935762231069e-01
1.651200783358868000e+15,1.043106935762229681e-01
1.651200783360884500e+15,1.043106935762228016e-01
1.651200783362900750e+15,1.043106935762226628e-01
1.651200783364917250e+15,1.043106935762224963e-01
1.651200783366933750e+15,1.043106935762223436e-01
1.651200783368950000e+15,1.043106935762221910e-01
1.651200783370966500e+15,1.039937206013101106e-01
1.651200783372983000e+15,1.035085775243385214e-01
1.651200783374999250e+15,1.030234945940415175e-01
1.651200783377015750e+15,1.025383515170699283e-01
1.651200783379032250e+15,1.020532084400983253e-01
1.651200783381048500e+15,1.015681255098013075e-01
1.651200783383065000e+15,1.010829824328297322e-01
1.651200783385081250e+15,1.005978995025326866e-01
1.651200783387097750e+15,1.001127564255611113e-01
1.651200783389114250e+15,9.962761334858952211e-02
1.651200783391130500e+15,9.914253041829250435e-02
1.651200783393147000e+15,9.865738734132090126e-02
1.651200783395163500e+15,9.817808611574606326e-02
1.651200783397179750e+15,9.881477774532246294e-02
1.651200783399196250e+15,9.945154831992422673e-02
1.651200783401212750e+15,1.000883188945260044e-01
1.651200783403229000e+15,1.007250105241023902e-01
1.651200783405245500e+15,1.013617810987041679e-01
1.651200783407262000e+15,1.019985516733059178e-01
1.651200783409278250e+15,1.026352433028823175e-01
1.651200783411294750e+15,1.032720138774840674e-01
1.651200783413311250e+15,1.039087844520858450e-01
1.651200783415327500e+15,1.043106935762238424e-01
1.651200783417344000e+15,1.043106935762236204e-01
1.651200783419360250e+15,1.043106935762234122e-01
1.651200783421376750e+15,1.043106935762231902e-01
1.651200783423393250e+15,1.043106935762229959e-01
1.651200783425409500e+15,1.043106935762227738e-01
1.651200783427426000e+15,1.043106935762225518e-01
1.651200783429442500e+15,1.043106935762223575e-01
1.651200783431458750e+15,1.043106935762221354e-01
1.651200783433475250e+15,1.043106935762221216e-01
1.651200783435491750e+15,1.043106935762221354e-01
1.651200783437508000e+15,1.043106935762221354e-01
1.651200783439524500e+15,1.043106935762221216e-01
1.651200783441541000e+15,1.047183469904211101e-01
1.651200783443557250e+15,1.055700891628342519e-01
1.651200783445573750e+15,1.064219369449401764e-01
1.651200783447590250e+15,1.072737847270461148e-01
1.651200783449606500e+15,1.081255268994592567e-01
1.651200783451623000e+15,1.089773746815651811e-01
1.651200783453639250e+15,1.098291168539783230e-01
1.651200783455655750e+15,1.101225589051921389e-01
1.651200783457672250e+15,1.089446182125906465e-01
1.651200783459688500e+15,1.077668235577640965e-01
1.651200783461705000e+15,1.065888828651626180e-01
1.651200783463721500e+15,1.054109421725611395e-01
1.651200783465737750e+15,1.042331475177345756e-01
1.651200783467754250e+15,1.030552068251330972e-01
1.651200783469770750e+15,1.018772661325316048e-01
1.651200783471787000e+15,1.006994714777050548e-01
1.651200783473803500e+15,9.952153078510357631e-02
1.651200783475820000e+15,9.834359009250209782e-02
1.651200783477836250e+15,9.749674129900086361e-02
1.651200783479852750e+15,9.670516756506924994e-02
1.651200783481869250e+15,9.591359383113762238e-02
1.651200783483885500e+15,9.512211823429181368e-02
1.651200783485902000e+15,9.433054450036018612e-02
1.651200783487918250e+15,9.353906890351436354e-02
1.651200783489934750e+15,9.274749516958273599e-02
1.651200783491951250e+15,9.213575320658361212e-02
1.651200783493967500e+15,9.306066013348979205e-02
1.651200783495984000e+15,9.398568174197402536e-02
1.651200783498000500e+15,9.491070335045825868e-02
1.651200783500016750e+15,9.583561027736445248e-02
1.651200783502033250e+15,9.676063188584868580e-02
1.651200783504049750e+15,9.768565349433290523e-02
1.651200783506066000e+15,9.817477042468068793e-02
1.651200783508082500e+15,9.817477042468068793e-02
1.651200783510099000e+15,9.817477042468070181e-02
1.651200783512115250e+15,9.817477042468070181e-02
1.651200783514131750e+15,9.817477042468070181e-02
1.651200783516148250e+15,9.817477042468070181e-02
1.651200783518164500e+15,9.817477042468070181e-02
1.651200783520181000e+15,9.817477042468068793e-02
1.651200783522197250e+15,9.817477042468070181e-02
1.651200783524213750e+15,9.817477042468070181e-02
1.651200783526230250e+15,9.817477042468070181e-02
1.651200783528246500e+15,9.817477042468068793e-02
1.651200783530263000e+15,9.817477042468070181e-02
1.651200783532279500e+15,9.817477042468070181e-02
1.651200783534295750e+15,9.817477042468070181e-02
1.651200783536312250e+15,9.817477042468068793e-02
1.651200783538328750e+15,9.634252304541046641e-02
1.651200783540345000e+15,9.417928558181593024e-02
1.651200783542361500e+15,9.201577989286942316e-02
1.651200783544378000e+15,8.985227420392291608e-02
1.651200783546394250e+15,8.768903674032835216e-02
1.651200783548410750e+15,8.580554499469861263e-02
1.651200783550427250e+15,8.524729336886006925e-02
1.651200783552443500e+15,8.468911095348843898e-02
1.651200783554460000e+15,8.413085932764990948e-02
1.651200783556476250e+15,8.357267691227826534e-02
1.651200783558492750e+15,8.301442528643973584e-02
1.651200783560509250e+15,8.245617366060120634e-02
1.651200783562525500e+15,8.189799124522956220e-02
1.651200783564542000e+15,8.133973961939103270e-02
1.651200783566558500e+15,8.078148799355251708e-02
1.651200783568574750e+15,8.022330557818085905e-02
1.651200783570591250e+15,7.995638607612660931e-02
1.651200783572607750e+15,8.099343988847135245e-02
1.651200783574624000e+15,8.203036512980042827e-02
1.651200783576640500e+15,8.306741894214517141e-02
1.651200783578657000e+15,8.410447275448991455e-02
1.651200783580673250e+15,8.514139799581899037e-02
1.651200783582689750e+15,8.608343704391982487e-02
1.651200783584706250e+15,8.676286645664199604e-02
1.651200783586722500e+15,8.744221163561599619e-02
1.651200783588739000e+15,8.812164104833815348e-02
1.651200783590755250e+15,8.880098622731213975e-02
1.651200783592771750e+15,8.948041564003431092e-02
1.651200783594788250e+15,9.015984505275648209e-02
1.651200783596804500e+15,9.083919023173045448e-02
1.651200783598821000e+15,9.151861964445262565e-02
1.651200783600837500e+15,9.186446836726094856e-02
1.651200783602853750e+15,9.112035943821636397e-02
1.651200783604870250e+15,9.037615824520039975e-02
1.651200783606886750e+15,8.963195705218446330e-02
1.651200783608903000e+15,8.888784812313985095e-02
1.651200783610919500e+15,8.814364693012390062e-02
1.651200783612936000e+15,8.739944573710795028e-02
1.651200783614952250e+15,8.665533680806335182e-02
1.651200783616968750e+15,8.591113561504738760e-02
1.651200783618985250e+15,8.590292412159605817e-02
1.651200783621001500e+15,8.590292412159605817e-02
1.651200783623018000e+15,8.590292412159605817e-02
1.651200783625034250e+15,8.590292412159607205e-02
1.651200783627050750e+15,8.590292412159605817e-02
1.651200783629067250e+15,8.590292412159605817e-02
1.651200783631083500e+15,8.590292412159604429e-02
1.651200783633100000e+15,8.590292412159605817e-02
1.651200783635116500e+15,8.590292412159604429e-02
1.651200783637132750e+15,8.590292412159605817e-02
1.651200783639149250e+15,8.590292412159605817e-02
1.651200783641165750e+15,8.590292412159605817e-02
1.651200783643182000e+15,8.590292412159605817e-02
1.651200783645198500e+15,8.590292412159605817e-02
1.651200783647215000e+15,8.590292412159605817e-02
1.651200783649231250e+15,8.590292412159605817e-02
1.651200783651247750e+15,8.590292412159605817e-02
1.651200783653264250e+15,8.590292412159605817e-02
1.651200783655280500e+15,8.590292412159605817e-02
1.651200783657297000e+15,8.590292412159604429e-02
1.651200783659313250e+15,8.590292412159604429e-02
1.651200783661329750e+15,8.590292412159605817e-02
1.651200783663346250e+15,8.695425976152006131e-02
1.651200783665362500e+15,8.809376008889369114e-02
1.651200783667379000e+15,8.923340170583053677e-02
1.651200783669395500e+15,9.037304332276738239e-02
1.651200783671411750e+15,9.151254365014101222e-02
1.651200783673428250e+15,9.154216564412202828e-02
1.651200783675444750e+15,9.061928289368693934e-02
1.651200783677461000e+15,8.969651455966028142e-02
1.651200783679477500e+15,8.877363180922517860e-02
1.651200783681494000e+15,8.785074905879008966e-02
1.651200783683510250e+15,8.692798072476343174e-02
1.651200783685526750e+15,8.600509797432834280e-02
1.651200783687543250e+15,8.590292412159604429e-02
1.651200783689559500e+15,8.590292412159605817e-02
1.651200783691576000e+15,8.590292412159605817e-02
1.651200783693592250e+15,8.590292412159605817e-02
1.651200783695608750e+15,8.590292412159605817e-02
1.651200783697625250e+15,8.590292412159605817e-02
1.651200783699641500e+15,8.590292412159605817e-02
1.651200783701658000e+15,8.590292412159605817e-02
1.651200783703674500e+15,8.590292412159604429e-02
1.651200783705690750e+15,8.590292412159605817e-02
1.651200783707707250e+15,8.590292412159604429e-02
1.651200783709723750e+15,8.590292412159604429e-02
1.651200783711740000e+15,8.590292412159605817e-02
1.651200783713756500e+15,8.590292412159605817e-02
1.651200783715773000e+15,8.590292412159604429e-02
1.651200783717789250e+15,8.590292412159605817e-02
1.651200783719805750e+15,8.590292412159605817e-02
1.651200783721822250e+15,8.590292412159605817e-02
1.651200783723838500e+15,8.590292412159605817e-02
1.651200783725855000e+15,8.590292412159605817e-02
1.651200783727871250e+15,8.590292412159605817e-02
1.651200783729887750e+15,8.590292412159605817e-02
1.651200783731904250e+15,8.590292412159607205e-02
1.651200783733920500e+15,8.590292412159607205e-02
1.651200783735937000e+15,8.590292412159607205e-02
1.651200783737953500e+15,8.590292412159605817e-02
1.651200783739969750e+15,8.590292412159605817e-02
1.651200783741986250e+15,8.590292412159605817e-02
1.651200783744002750e+15,8.590292412159605817e-02
1.651200783746019000e+15,8.590292412159605817e-02
1.651200783748035500e+15,8.590292412159605817e-02
1.651200783750052000e+15,8.590292412159605817e-02
1.651200783752068250e+15,8.590292412159605817e-02
1.651200783754084750e+15,8.590292412159605817e-02
1.651200783756101250e+15,8.590292412159607205e-02
1.651200783758117500e+15,8.590292412159607205e-02
1.651200783760134000e+15,8.590292412159607205e-02
1.651200783762150250e+15,8.590292412159607205e-02
1.651200783764166750e+15,8.590292412159605817e-02
1.651200783766183250e+15,8.590292412159605817e-02
1.651200783768199500e+15,8.590292412159605817e-02
1.651200783770216000e+15,8.590292412159605817e-02
1.651200783772232500e+15,8.590292412159605817e-02
1.651200783774248750e+15,8.590292412159605817e-02
1.651200783776265250e+15,8.590292412159605817e-02
1.651200783778281750e+15,8.575737295320262632e-02
1.651200783780298000e+15,8.484810093686419308e-02
1.651200783782314500e+15,8.393871617756031023e-02
1.651200783784331000e+15,8.302933141825642738e-02
1.651200783786347250e+15,8.212005940191799414e-02
1.651200783788363750e+15,8.121067464261409741e-02
1.651200783790380250e+15,8.030128988331021456e-02
1.651200783792396500e+15,7.930452634165222059e-02
1.651200783794413000e+15,7.818296279605019272e-02
1.651200783796429250e+15,7.706153829874293204e-02
1.651200783798445750e+15,7.593997475314091805e-02
1.651200783800462250e+15,7.481841120753890406e-02
1.651200783802478500e+15,7.369698671023164338e-02
1.651200783804495000e+15,7.363107781851158107e-02
1.651200783806511500e+15,7.363107781851171985e-02
1.651200783808527750e+15,7.363107781851188638e-02
1.651200783810544250e+15,7.363107781851206679e-02
1.651200783812560750e+15,7.363107781851221945e-02
1.651200783814577000e+15,7.410011509186861800e-02
1.651200783816593500e+15,7.497103006583084872e-02
1.651200783818610000e+15,7.584194503979307944e-02
1.651200783820626250e+15,7.671275204016569926e-02
1.651200783822642750e+15,7.758366701412792998e-02
1.651200783824659250e+15,7.845458198809017458e-02
1.651200783826675500e+15,7.932538898846278053e-02
1.651200783828692000e+15,7.925958769113178315e-02
1.651200783830708250e+15,7.823034018245510202e-02
1.651200783832724750e+15,7.720096505474449700e-02
1.651200783834741250e+15,7.617158992703387810e-02
1.651200783836757500e+15,7.514234241835721084e-02
1.651200783838774000e+15,7.411296729064660582e-02
1.651200783840790500e+15,7.294768017792550852e-02
1.651200783842806750e+15,7.166292447365218976e-02
1.651200783844823250e+15,7.037800946922956324e-02
1.651200783846839750e+15,6.909309446480692285e-02
1.651200783848856000e+15,6.780833876053360409e-02
1.651200783850872500e+15,6.652342375611096370e-02
1.651200783852889000e+15,6.523850875168832331e-02
1.651200783854905250e+15,6.395375304741501843e-02
1.651200783856921750e+15,6.266883804299237803e-02
1.651200783858938250e+15,6.138392303856974458e-02
1.651200783860954500e+15,6.135923151542523740e-02
1.651200783862971000e+15,6.135923151542549414e-02
1.651200783864987250e+15,6.135923151542573700e-02
1.651200783867003750e+15,6.135923151542599374e-02
1.651200783869020250e+15,6.135923151542624354e-02
1.651200783871036500e+15,6.135923151542648640e-02
1.651200783873053000e+15,6.135923151542674314e-02
1.651200783875069500e+15,6.135923151542677090e-02
1.651200783877085750e+15,6.135923151542677090e-02
1.651200783879102250e+15,6.135923151542677784e-02
1.651200783881118750e+15,6.135923151542677784e-02
1.651200783883135000e+15,6.162885541375923842e-02
1.651200783885151500e+15,6.246919017571817001e-02
1.651200783887168000e+15,6.330952493767709466e-02
1.651200783889184250e+15,6.414975551729509839e-02
1.651200783891200750e+15,6.499009027925403692e-02
1.651200783893217250e+15,6.583042504121297545e-02
1.651200783895233500e+15,6.667065562083096530e-02
1.651200783897250000e+15,6.751622887880466550e-02
1.651200783899266250e+15,6.863440992131197849e-02
1.651200783901282750e+15,6.975272960994977067e-02
1.651200783903299250e+15,7.087104929858759061e-02
1.651200783905315500e+15,7.198923034109488972e-02
1.651200783907332000e+15,7.310755002973268191e-02
1.651200783909348500e+15,7.299005136419406403e-02
1.651200783911364750e+15,7.178495151475895730e-02
1.651200783913381250e+15,7.057970224190791841e-02
1.651200783915397750e+15,6.937445296905689340e-02
1.651200783917414000e+15,6.816935311962178667e-02
1.651200783919430500e+15,6.723944323544173152e-02
1.651200783921447000e+15,6.665909196737965225e-02
1.651200783923463250e+15,6.607881264963597068e-02
1.651200783925479750e+15,6.549846138157389142e-02
1.651200783927496250e+15,6.491811011351182603e-02
1.651200783929512500e+15,6.433783079576814445e-02
1.651200783931529000e+15,6.375747952770607907e-02
1.651200783933545250e+15,6.317720020996239749e-02
1.651200783935561750e+15,6.259684894190031823e-02
1.651200783937578250e+15,6.201649767383825285e-02
1.651200783939594500e+15,6.143621835609456433e-02
1.651200783941611000e+15,6.135923151542663906e-02
1.651200783943627500e+15,6.135923151542647946e-02
1.651200783945643750e+15,6.135923151542632681e-02
1.651200783947660250e+15,6.135923151542617415e-02
1.651200783949676750e+15,6.135923151542601456e-02
1.651200783951693000e+15,6.135923151542586884e-02
1.651200783953709500e+15,6.135923151542570925e-02
1.651200783955726000e+15,6.135923151542555659e-02
1.651200783957742250e+15,6.135923151542540394e-02
1.651200783959758750e+15,6.135923151542525128e-02
1.651200783961775250e+15,6.135923151542509169e-02
1.651200783963791500e+15,6.135923151542507087e-02
1.651200783965808000e+15,6.135923151542528597e-02
1.651200783967824250e+15,6.135923151542549414e-02
1.651200783969840750e+15,6.135923151542570925e-02
1.651200783971857250e+15,6.135923151542592435e-02
1.651200783973873500e+15,6.135923151542613252e-02
1.651200783975890000e+15,6.135923151542634763e-02
1.651200783977906500e+15,6.135923151542656273e-02
1.651200783979922750e+15,6.135923151542677090e-02
1.651200783981939250e+15,6.135923151542677090e-02
1.651200783983955750e+15,6.135923151542677090e-02
1.651200783985972000e+15,6.135923151542677090e-02
1.651200783987988500e+15,6.135923151542677090e-02
1.651200783990005000e+15,6.135923151542677090e-02
1.651200783992021250e+15,6.135923151542677090e-02
1.651200783994037750e+15,6.135923151542677090e-02
1.651200783996054250e+15,6.135923151542677090e-02
1.651200783998070500e+15,6.135923151542677090e-02
1.651200784000087000e+15,6.135923151542677090e-02
1.651200784002103250e+15,6.135923151542658355e-02
1.651200784004119750e+15,6.135923151542631293e-02
1.651200784006136250e+15,6.135923151542603537e-02
1.651200784008152500e+15,6.135923151542577170e-02
1.651200784010169000e+15,6.135923151542550802e-02
1.651200784012185500e+15,6.135923151542523046e-02
1.651200784014201750e+15,6.135923151542500148e-02
1.651200784016218250e+15,6.135923151542509169e-02
1.651200784018234750e+15,6.135923151542518189e-02
1.651200784020251000e+15,6.135923151542526516e-02
1.651200784022267500e+15,6.135923151542535536e-02
1.651200784024284000e+15,6.135923151542545251e-02
1.651200784026300250e+15,6.135923151542554271e-02
1.651200784028316750e+15,6.135923151542562598e-02
1.651200784030333250e+15,6.135923151542571619e-02
1.651200784032349500e+15,6.135923151542579945e-02
1.651200784034366000e+15,6.135923151542585496e-02
1.651200784036382250e+15,6.135923151542570231e-02
1.651200784038398750e+15,6.135923151542554965e-02
1.651200784040415250e+15,6.135923151542540394e-02
1.651200784042431500e+15,6.135923151542525822e-02
1.651200784044448000e+15,6.135923151542509169e-02
1.651200784046464500e+15,6.135923151542503617e-02
1.651200784048480750e+15,6.135923151542516107e-02
1.651200784050497250e+15,6.135923151542527210e-02
1.651200784052513750e+15,6.135923151542539700e-02
1.651200784054530000e+15,6.135923151542552190e-02
1.651200784056546500e+15,6.135923151542564680e-02
1.651200784058563000e+15,6.135923151542575782e-02
1.651200784060579250e+15,6.135923151542588966e-02
1.651200784062595750e+15,6.135923151542588272e-02
1.651200784064612250e+15,6.135923151542588272e-02
1.651200784066628500e+15,6.135923151542588272e-02
1.651200784068645000e+15,6.135923151542585496e-02
1.651200784070661250e+15,6.135923151542578557e-02
1.651200784072677750e+15,6.135923151542571619e-02
1.651200784074694250e+15,6.135923151542564680e-02
1.651200784076710500e+15,6.135923151542557741e-02
1.651200784078727000e+15,6.135923151542550108e-02
1.651200784080743500e+15,6.135923151542543863e-02
1.651200784082759750e+15,6.135923151542536924e-02
1.651200784084776250e+15,6.135923151542529291e-02
1.651200784086792750e+15,6.135923151542521659e-02
1.651200784088809000e+15,6.135923151542515414e-02
1.651200784090825500e+15,6.135923151542508475e-02
1.651200784092842000e+15,6.135923151542501536e-02
1.651200784094858250e+15,6.135923151542499454e-02
1.651200784096874750e+15,6.135923151542499454e-02
1.651200784098891250e+15,6.135923151542499454e-02
1.651200784100907500e+15,6.135923151542499454e-02
1.651200784102924000e+15,6.135923151542498066e-02
1.651200784104940250e+15,6.135923151542500148e-02
1.651200784106956750e+15,6.135923151542499454e-02
1.651200784108973250e+15,6.135923151542499454e-02
1.651200784110989500e+15,6.135923151542499454e-02
1.651200784113006000e+15,6.135923151542499454e-02
1.651200784115022500e+15,6.135923151542500842e-02
1.651200784117038750e+15,6.135923151542499454e-02
1.651200784119055250e+15,6.135923151542499454e-02
1.651200784121071750e+15,6.135923151542499454e-02
1.651200784123088000e+15,6.135923151542499454e-02
1.651200784125104500e+15,6.135923151542499454e-02
1.651200784127121000e+15,6.135923151542499454e-02
1.651200784129137250e+15,6.135923151542499454e-02
1.651200784131153750e+15,6.135923151542499454e-02
1.651200784133170250e+15,6.135923151542499454e-02
1.651200784135186500e+15,6.135923151542499454e-02
1.651200784137203000e+15,6.135923151542499454e-02
1.651200784139219250e+15,6.135923151542499454e-02
1.651200784141235750e+15,6.135923151542499454e-02
1.651200784143252250e+15,6.135923151542499454e-02
1.651200784145268500e+15,6.135923151542499454e-02
1.651200784147285000e+15,6.135923151542499454e-02
1.651200784149301500e+15,6.135923151542499454e-02
1.651200784151317750e+15,6.135923151542499454e-02
1.651200784153334250e+15,6.135923151542500148e-02
1.651200784155350750e+15,6.135923151542499454e-02
1.651200784157367000e+15,6.135923151542499454e-02
1.651200784159383500e+15,6.135923151542500148e-02
1.651200784161400000e+15,6.135923151542499454e-02
1.651200784163416250e+15,6.135923151542499454e-02
1.651200784165432750e+15,6.135923151542500148e-02
1.651200784167449250e+15,6.099029468984248914e-02
1.651200784169465500e+15,6.038662751631378167e-02
1.651200784171482000e+15,5.978288549254658080e-02
1.651200784173498250e+15,5.917921831901787333e-02
1.651200784175514750e+15,5.857547629525067245e-02
1.651200784177531250e+15,5.797173427148347158e-02
1.651200784179547500e+15,5.736806709795476411e-02
1.651200784181564000e+15,5.676432507418756324e-02
1.651200784183580500e+15,5.616058305042036236e-02
1.651200784185596750e+15,5.555691587689166183e-02
1.651200784187613250e+15,5.522330836388267272e-02
1.651200784189629750e+15,5.522330836388267272e-02
1.651200784191646000e+15,5.522330836388267272e-02
1.651200784193662500e+15,5.522330836388267272e-02
1.651200784195679000e+15,5.522330836388267272e-02
1.651200784197695250e+15,5.522330836388267272e-02
1.651200784199711750e+15,5.522330836388267272e-02
1.651200784201728250e+15,5.522330836388267272e-02
1.651200784203744500e+15,5.522330836388267272e-02
1.651200784205761000e+15,5.522330836388267966e-02
1.651200784207777250e+15,5.522330836388267966e-02
1.651200784209793750e+15,5.522330836388267272e-02
1.651200784211810250e+15,5.522330836388267272e-02
1.651200784213826500e+15,5.522330836388267272e-02
1.651200784215843000e+15,5.522330836388267272e-02
1.651200784217859500e+15,5.522330836388267272e-02
1.651200784219875750e+15,5.522330836388267272e-02
1.651200784221892250e+15,5.522330836388267272e-02
1.651200784223908750e+15,5.522330836388267272e-02
1.651200784225925000e+15,5.522330836388267966e-02
1.651200784227941500e+15,5.522330836388267272e-02
1.651200784229958000e+15,5.496379415085170944e-02
1.651200784231974250e+15,5.438689720264479333e-02
1.651200784233990750e+15,5.380992872350816303e-02
1.651200784236007250e+15,5.323296024437153273e-02
1.651200784238023500e+15,5.265606329616462356e-02
1.651200784240040000e+15,5.207909481702799326e-02
1.651200784242056250e+15,5.150219786882108408e-02
1.651200784244072750e+15,5.092522938968445378e-02
1.651200784246089250e+15,5.034826091054781655e-02
1.651200784248105500e+15,4.977136396234090737e-02
1.651200784250122000e+15,4.919439548320427014e-02
1.651200784252138500e+15,4.970303907772875840e-02
1.651200784254154750e+15,5.045878465221240172e-02
1.651200784256171250e+15,5.121462393352486930e-02
1.651200784258187750e+15,5.197046321483733688e-02
1.651200784260204000e+15,5.272620878932098021e-02
1.651200784262220500e+15,5.348204807063344779e-02
1.651200784264237000e+15,5.423788735194591537e-02
1.651200784266253250e+15,5.499363292642955175e-02
1.651200784268269750e+15,5.522330836388266578e-02
1.651200784270286250e+15,5.522330836388267272e-02
1.651200784272302500e+15,5.522330836388266578e-02
1.651200784274319000e+15,5.522330836388266578e-02
1.651200784276335250e+15,5.522330836388267272e-02
1.651200784278351750e+15,5.522330836388266578e-02
1.651200784280368250e+15,5.522330836388267272e-02
1.651200784282384500e+15,5.522330836388267272e-02
1.651200784284401000e+15,5.522330836388266578e-02
1.651200784286417500e+15,5.522330836388267272e-02
1.651200784288433750e+15,5.522330836388267272e-02
1.651200784290450250e+15,5.522330836388267272e-02
1.651200784292466750e+15,5.522330836388266578e-02
1.651200784294483000e+15,5.522330836388267272e-02
1.651200784296499500e+15,5.522330836388267272e-02
1.651200784298516000e+15,5.522330836388267272e-02
1.651200784300532250e+15,5.522330836388267272e-02
1.651200784302548750e+15,5.522330836388267272e-02
1.651200784304565250e+15,5.522330836388267272e-02
1.651200784306581500e+15,5.522330836388266578e-02
1.651200784308598000e+15,5.522330836388267272e-02
1.651200784310614250e+15,5.522330836388267272e-02
1.651200784312630750e+15,5.522330836388266578e-02
1.651200784314647250e+15,5.522330836388267272e-02
1.651200784316663500e+15,5.522330836388267966e-02
1.651200784318680000e+15,5.522330836388266578e-02
1.651200784320696500e+15,5.522330836388267272e-02
1.651200784322712750e+15,5.522330836388267272e-02
1.651200784324729250e+15,5.522330836388267272e-02
1.651200784326745750e+15,5.522330836388267966e-02
1.651200784328762000e+15,5.522330836388267272e-02
1.651200784330778500e+15,5.522330836388267272e-02
1.651200784332795000e+15,5.522330836388267272e-02
1.651200784334811250e+15,5.522330836388267272e-02
1.651200784336827750e+15,5.475138767775607207e-02
1.651200784338844250e+15,5.389618384619076358e-02
1.651200784340860500e+15,5.304108604039182995e-02
1.651200784342877000e+15,5.218588220882652146e-02
1.651200784344893250e+15,5.133078440302758783e-02
1.651200784346909750e+15,5.047558057146227239e-02
1.651200784348926250e+15,4.962037673989696390e-02
1.651200784350942500e+15,4.940369781897746559e-02
1.651200784352959000e+15,5.024351924265822722e-02
1.651200784354975500e+15,5.108334066633899578e-02
1.651200784356991750e+15,5.192305797132105993e-02
1.651200784359008250e+15,5.276287939500182156e-02
1.651200784361024750e+15,5.360270081868258318e-02
1.651200784363041000e+15,5.444241812366465427e-02
1.651200784365057500e+15,5.515327826822752355e-02
1.651200784367074000e+15,5.415528754108697024e-02
1.651200784369090250e+15,5.315742054203059785e-02
1.651200784371106750e+15,5.215942981489003760e-02
1.651200784373123250e+15,5.116143908774947735e-02
1.651200784375139500e+15,5.016357208869311884e-02
1.651200784377156000e+15,4.916558136155255859e-02
1.651200784379172250e+15,4.852245040599995757e-02
1.651200784381188750e+15,4.790940531681195380e-02
1.651200784383205250e+15,4.729636022762394310e-02
1.651200784385221500e+15,4.668339114204234086e-02
1.651200784387238000e+15,4.607034605285433015e-02
1.651200784389254500e+15,4.545730096366631945e-02
1.651200784391270750e+15,4.484433187808471721e-02
1.651200784393287250e+15,4.423128678889670651e-02
1.651200784395303750e+15,4.361824169970870968e-02
1.651200784397320000e+15,4.300527261412709357e-02
1.651200784399336500e+15,4.295146206079892420e-02
1.651200784401353000e+15,4.295146206079891726e-02
1.651200784403369250e+15,4.295146206079891726e-02
1.651200784405385750e+15,4.295146206079891726e-02
1.651200784407402250e+15,4.295146206079891726e-02
1.651200784409418500e+15,4.295146206079891726e-02
1.651200784411435000e+15,4.295146206079891726e-02
1.651200784413451250e+15,4.295146206079891726e-02
1.651200784415467750e+15,4.295146206079891726e-02
1.651200784417484250e+15,4.295146206079891726e-02
1.651200784419500500e+15,4.295146206079891726e-02
1.651200784421517000e+15,4.295146206079891726e-02
1.651200784423533500e+15,4.295146206079891726e-02
1.651200784425549750e+15,4.295146206079891726e-02
1.651200784427566250e+15,4.295146206079891726e-02
1.651200784429582750e+15,4.295146206079891726e-02
1.651200784431599000e+15,4.295146206079891726e-02
1.651200784433615500e+15,4.295146206079891726e-02
1.651200784435632000e+15,4.295146206079891726e-02
1.651200784437648250e+15,4.295146206079891726e-02
1.651200784439664750e+15,4.295146206079891726e-02
1.651200784441681250e+15,4.295146206079891726e-02
1.651200784443697500e+15,4.295146206079891726e-02
1.651200784445714000e+15,4.295146206079891726e-02
1.651200784447730250e+15,4.295146206079892420e-02
1.651200784449746750e+15,4.295146206079892420e-02
1.651200784451763250e+15,4.295146206079891033e-02
1.651200784453779500e+15,4.295146206079891726e-02
1.651200784455796000e+15,4.295146206079891726e-02
1.651200784457812500e+15,4.295146206079891726e-02
1.651200784459828750e+15,4.295146206079891726e-02
1.651200784461845250e+15,4.295146206079891726e-02
1.651200784463861750e+15,4.295146206079891726e-02
1.651200784465878000e+15,4.295146206079891726e-02
1.651200784467894500e+15,4.295146206079891726e-02
1.651200784469911000e+15,4.295146206079891726e-02
1.651200784471927250e+15,4.295146206079891726e-02
1.651200784473943750e+15,4.295146206079891726e-02
1.651200784475960250e+15,4.295146206079891726e-02
1.651200784477976500e+15,4.295146206079891726e-02
1.651200784479993000e+15,4.295146206079891033e-02
1.651200784482009250e+15,4.295146206079891726e-02
1.651200784484025750e+15,4.295146206079891726e-02
1.651200784486042250e+15,4.295146206079891726e-02
1.651200784488058500e+15,4.295146206079891726e-02
1.651200784490075000e+15,4.295146206079891726e-02
1.651200784492091500e+15,4.295146206079891726e-02
1.651200784494107750e+15,4.295146206079891726e-02
1.651200784496124250e+15,4.295146206079891726e-02
1.651200784498140750e+15,4.295146206079891033e-02
1.651200784500157000e+15,4.295146206079891726e-02
1.651200784502173500e+15,4.295146206079891726e-02
1.651200784504190000e+15,4.295146206079888951e-02
1.651200784506206250e+15,4.295146206079876461e-02
1.651200784508222750e+15,4.295146206079865359e-02
1.651200784510239250e+15,4.295146206079852869e-02
1.651200784512255500e+15,4.295146206079840379e-02
1.651200784514272000e+15,4.295146206079827889e-02
1.651200784516288250e+15,4.295146206079815399e-02
1.651200784518304750e+15,4.295146206079803602e-02
1.651200784520321250e+15,4.295146206079818174e-02
1.651200784522337500e+15,4.295146206079834827e-02
1.651200784524354000e+15,4.295146206079851481e-02
1.651200784526370500e+15,4.295146206079868134e-02
1.651200784528386750e+15,4.295146206079884788e-02
1.651200784530403250e+15,4.295146206079886175e-02
1.651200784532419750e+15,4.295146206079876461e-02
1.651200784534436000e+15,4.295146206079865359e-02
1.651200784536452500e+15,4.295146206079856338e-02
1.651200784538469000e+15,4.295146206079846624e-02
1.651200784540485250e+15,4.295146206079836215e-02
1.651200784542501750e+15,4.295146206079826501e-02
1.651200784544518250e+15,4.295146206079816092e-02
1.651200784546534500e+15,4.295146206079806378e-02
1.651200784548551000e+15,4.295146206079795970e-02
1.651200784550567250e+15,4.295146206079786255e-02
1.651200784552583750e+15,4.295146206079776541e-02
1.651200784554600250e+15,4.295146206079766132e-02
1.651200784556616500e+15,4.295146206079756418e-02
1.651200784558633000e+15,4.295146206079746010e-02
1.651200784560649500e+15,4.295146206079736295e-02
1.651200784562665750e+15,4.295146206079726581e-02
1.651200784564682250e+15,4.295146206079716172e-02
1.651200784566698750e+15,4.295146206079726581e-02
1.651200784568715000e+15,4.295146206079741846e-02
1.651200784570731500e+15,4.295146206079757806e-02
1.651200784572748000e+15,4.295146206079773071e-02
1.651200784574764250e+15,4.295146206079789031e-02
1.651200784576780750e+15,4.295146206079800827e-02
1.651200784578797250e+15,4.295146206079783480e-02
1.651200784580813500e+15,4.295146206079766132e-02
1.651200784582830000e+15,4.295146206079748785e-02
1.651200784584846250e+15,4.295146206079730744e-02
1.651200784586862750e+15,4.295146206079714785e-02
1.651200784588879250e+15,4.295146206079725887e-02
1.651200784590895500e+15,4.295146206079736989e-02
1.651200784592912000e+15,4.295146206079748091e-02
1.651200784594928500e+15,4.295146206079759194e-02
1.651200784596944750e+15,4.295146206079770990e-02
1.651200784598961250e+15,4.295146206079782092e-02
1.651200784600977750e+15,4.295146206079793194e-02
1.651200784602994000e+15,4.295146206079800133e-02
1.651200784605010500e+15,4.295146206079782092e-02
1.651200784607027000e+15,4.295146206079761969e-02
1.651200784609043250e+15,4.295146206079741846e-02
1.651200784611059750e+15,4.295146206079723111e-02
1.651200784613076250e+15,4.295146206079721724e-02
1.651200784615092500e+15,4.295146206079734214e-02
1.651200784617109000e+15,4.295146206079747397e-02
1.651200784619125250e+15,4.295146206079759887e-02
1.651200784621141750e+15,4.295146206079772377e-02
1.651200784623158250e+15,4.295146206079784867e-02
1.651200784625174500e+15,4.295146206079798745e-02
1.651200784627191000e+15,4.295146206079802909e-02
1.651200784629207500e+15,4.295146206079802909e-02
1.651200784631223750e+15,4.295146206079802909e-02
1.651200784633240250e+15,4.295146206079802909e-02
1.651200784635256750e+15,4.295146206079802909e-02
1.651200784637273000e+15,4.295146206079802909e-02
1.651200784639289500e+15,4.295146206079804990e-02
1.651200784641306000e+15,4.295146206079811929e-02
1.651200784643322250e+15,4.295146206079818868e-02
1.651200784645338750e+15,4.295146206079825807e-02
1.651200784647355250e+15,4.295146206079832052e-02
1.651200784649371500e+15,4.295146206079838991e-02
1.651200784651388000e+15,4.295146206079845930e-02
1.651200784653404250e+15,4.295146206079852869e-02
1.651200784655420750e+15,4.295146206079859807e-02
1.651200784657437250e+15,4.295146206079866746e-02
1.651200784659453500e+15,4.295146206079873685e-02
1.651200784661470000e+15,4.295146206079880624e-02
1.651200784663486500e+15,4.295146206079887563e-02
1.651200784665502750e+15,4.256618641275373288e-02
1.651200784667519250e+15,4.143982418834908643e-02
1.651200784669535750e+15,4.031346196394443304e-02
1.651200784671552000e+15,3.918723938276125196e-02
1.651200784673568500e+15,3.806087715835660551e-02
1.651200784675585000e+15,3.693451493395195212e-02
1.651200784677601250e+15,3.681553890925659545e-02
1.651200784679617750e+15,3.681553890925659545e-02
1.651200784681634250e+15,3.681553890925659545e-02
1.651200784683650500e+15,3.681553890925659545e-02
1.651200784685667000e+15,3.681553890925659545e-02
1.651200784687683250e+15,3.681553890925659545e-02
1.651200784689699750e+15,3.681553890925659545e-02
1.651200784691716250e+15,3.681553890925659545e-02
1.651200784693732500e+15,3.681553890925659545e-02
1.651200784695749000e+15,3.681553890925659545e-02
1.651200784697765500e+15,3.712689194230113510e-02
1.651200784699781750e+15,3.793638975387566420e-02
1.651200784701798250e+15,3.874598793715653550e-02
1.651200784703814750e+15,3.955558612043739986e-02
1.651200784705831000e+15,4.036508393201193590e-02
1.651200784707847500e+15,4.117468211529280719e-02
1.651200784709864000e+15,4.198428029857367849e-02
1.651200784711880250e+15,4.279377811014821453e-02
1.651200784713896750e+15,4.295146206079727969e-02
1.651200784715913250e+15,4.295146206079743928e-02
1.651200784717929500e+15,4.295146206079760581e-02
1.651200784719946000e+15,4.295146206079777235e-02
1.651200784721962250e+15,4.295146206079793888e-02
1.651200784723978750e+15,4.271599588322887164e-02
1.651200784725995250e+15,4.220530209772931779e-02
1.651200784728011500e+15,4.169467162660930870e-02
1.651200784730028000e+15,4.118397784110974791e-02
1.651200784732044500e+15,4.067328405561018712e-02
1.651200784734060750e+15,4.016265358449019190e-02
1.651200784736077250e+15,3.965195979899063111e-02
1.651200784738093750e+15,3.914126601349107726e-02
1.651200784740110000e+15,3.863063554237106817e-02
1.651200784742126500e+15,3.811994175687151432e-02
1.651200784744143000e+15,3.760924797137195352e-02
1.651200784746159250e+15,3.709861750025195137e-02
1.651200784748175750e+15,3.681553890925659545e-02
1.651200784750192250e+15,3.681553890925659545e-02
1.651200784752208500e+15,3.681553890925659545e-02
1.651200784754225000e+15,3.681553890925659545e-02
1.651200784756241250e+15,3.681553890925659545e-02
1.651200784758257750e+15,3.681553890925659545e-02
1.651200784760274250e+15,3.681553890925659545e-02
1.651200784762290500e+15,3.681553890925659545e-02
1.651200784764307000e+15,3.681553890925659545e-02
1.651200784766323500e+15,3.681553890925630401e-02
1.651200784768339750e+15,3.681553890925589462e-02
1.651200784770356250e+15,3.681553890925548522e-02
1.651200784772372750e+15,3.681553890925508277e-02
1.651200784774389000e+15,3.681553890925493011e-02
1.651200784776405500e+15,3.681553890925522848e-02
1.651200784778422000e+15,3.681553890925553379e-02
1.651200784780438250e+15,3.681553890925583217e-02
1.651200784782454750e+15,3.681553890925613748e-02
1.651200784784471250e+15,3.681553890925644279e-02
1.651200784786487500e+15,3.681553890925659545e-02
1.651200784788504000e+15,3.681553890925659545e-02
1.651200784790520250e+15,3.681553890925659545e-02
1.651200784792536750e+15,3.681553890925659545e-02
1.651200784794553250e+15,3.681553890925660238e-02
1.651200784796569500e+15,3.681553890925659545e-02
1.651200784798586000e+15,3.681553890925659545e-02
1.651200784800602500e+15,3.681553890925660238e-02
1.651200784802618750e+15,3.681553890925659545e-02
1.651200784804635250e+15,3.681553890925659545e-02
1.651200784806651750e+15,3.681553890925659545e-02
1.651200784808668000e+15,3.681553890925659545e-02
1.651200784810684500e+15,3.681553890925660238e-02
1.651200784812701000e+15,3.681553890925659545e-02
1.651200784814717250e+15,3.681553890925659545e-02
1.651200784816733750e+15,3.681553890925659545e-02
1.651200784818750250e+15,3.681553890925659545e-02
1.651200784820766500e+15,3.681553890925659545e-02
1.651200784822783000e+15,3.681553890925659545e-02
1.651200784824799250e+15,3.681553890925659545e-02
1.651200784826815750e+15,3.681553890925659545e-02
1.651200784828832250e+15,3.681553890925659545e-02
1.651200784830848500e+15,3.681553890925659545e-02
1.651200784832865000e+15,3.681553890925659545e-02
1.651200784834881500e+15,3.681553890925659545e-02
1.651200784836897750e+15,3.681553890925659545e-02
1.651200784838914250e+15,3.681553890925659545e-02
1.651200784840930750e+15,3.681553890925659545e-02
1.651200784842947000e+15,3.681553890925659545e-02
1.651200784844963500e+15,3.681553890925660238e-02
1.651200784846980000e+15,3.681553890925659545e-02
1.651200784848996250e+15,3.681553890925659545e-02
1.651200784851012750e+15,3.681553890925659545e-02
1.651200784853029250e+15,3.681553890925659545e-02
1.651200784855045500e+15,3.681553890925659545e-02
1.651200784857062000e+15,3.681553890925659545e-02
1.651200784859078250e+15,3.681553890925659545e-02
1.651200784861094750e+15,3.681553890925659545e-02
1.651200784863111250e+15,3.681553890925659545e-02
1.651200784865127500e+15,3.681553890925659545e-02
1.651200784867144000e+15,3.681553890925659545e-02
1.651200784869160500e+15,3.681553890925659545e-02
1.651200784871176750e+15,3.681553890925630401e-02
1.651200784873193250e+15,3.681553890925601258e-02
1.651200784875209750e+15,3.681553890925572115e-02
1.651200784877226000e+15,3.681553890925543665e-02
1.651200784879242500e+15,3.681553890925513828e-02
1.651200784881259000e+15,3.681553890925485378e-02
1.651200784883275250e+15,3.681553890925455541e-02
1.651200784885291750e+15,3.681553890925427092e-02
1.651200784887308250e+15,3.681553890925397948e-02
1.651200784889324500e+15,3.681553890925368805e-02
1.651200784891341000e+15,3.681553890925339662e-02
1.651200784893357250e+15,3.681553890925310518e-02
1.651200784895373750e+15,3.681553890925328559e-02
1.651200784897390250e+15,3.681553890925361172e-02
1.651200784899406500e+15,3.681553890925393091e-02
1.651200784901423000e+15,3.681553890925425010e-02
1.651200784903439500e+15,3.681553890925456929e-02
1.651200784905455750e+15,3.681553890925480521e-02
1.651200784907472250e+15,3.681553890925472194e-02
1.651200784909488750e+15,3.681553890925463174e-02
1.651200784911505000e+15,3.681553890925454847e-02
1.651200784913521500e+15,3.681553890925446521e-02
1.651200784915538000e+15,3.681553890925437500e-02
1.651200784917554250e+15,3.681553890925429173e-02
1.651200784919570750e+15,3.681553890925420847e-02
1.651200784921587000e+15,3.681553890925412520e-02
1.651200784923603500e+15,3.681553890925404887e-02
1.651200784925620000e+15,3.681553890925395867e-02
1.651200784927636250e+15,3.681553890925406969e-02
1.651200784929652750e+15,3.681553890925426398e-02
1.651200784931669250e+15,3.681553890925446521e-02
1.651200784933685500e+15,3.681553890925465256e-02
1.651200784935702000e+15,3.681553890925485378e-02
1.651200784937718500e+15,3.681553890925505501e-02
1.651200784939734750e+15,3.681553890925525624e-02
1.651200784941751250e+15,3.681553890925545053e-02
1.651200784943767750e+15,3.681553890925564482e-02
1.651200784945784000e+15,3.681553890925570727e-02
1.651200784947800500e+15,3.681553890925570727e-02
1.651200784949817000e+15,3.681553890925570727e-02
1.651200784951833250e+15,3.681553890925570727e-02
1.651200784953849750e+15,3.681553890925570727e-02
1.651200784955866000e+15,3.681553890925565176e-02
1.651200784957882500e+15,3.681553890925556849e-02
1.651200784959899000e+15,3.681553890925548522e-02
1.651200784961915250e+15,3.681553890925540196e-02
1.651200784963931750e+15,3.681553890925531869e-02
1.651200784965948250e+15,3.681553890925522848e-02
1.651200784967964500e+15,3.681553890925514522e-02
1.651200784969981000e+15,3.681553890925505501e-02
1.651200784971997500e+15,3.681553890925497174e-02
1.651200784974013750e+15,3.681553890925488848e-02
1.651200784976030250e+15,3.681553890925483297e-02
1.651200784978046750e+15,3.681553890925489542e-02
1.651200784980063000e+15,3.681553890925496481e-02
1.651200784982079500e+15,3.681553890925502726e-02
1.651200784984096000e+15,3.681553890925509664e-02
1.651200784986112250e+15,3.681553890925515909e-02
1.651200784988128750e+15,3.681553890925522154e-02
1.651200784990145000e+15,3.681553890925529093e-02
1.651200784992161500e+15,3.681553890925535338e-02
1.651200784994178000e+15,3.681553890925541583e-02
1.651200784996194250e+15,3.681553890925548522e-02
1.651200784998210750e+15,3.681553890925554767e-02
1.651200785000227250e+15,3.681553890925561012e-02
1.651200785002243500e+15,3.681553890925567951e-02
1.651200785004260000e+15,3.681553890925561706e-02
1.651200785006276500e+15,3.681553890925544359e-02
1.651200785008292750e+15,3.681553890925527706e-02
1.651200785010309250e+15,3.681553890925509664e-02
1.651200785012325750e+15,3.681553890925492317e-02
1.651200785014342000e+15,3.681553890925481909e-02
1.651200785016358500e+15,3.681553890925482603e-02
1.651200785018375000e+15,3.681553890925481909e-02
1.651200785020391250e+15,3.681553890925481909e-02
1.651200785022407750e+15,3.681553890925481909e-02
1.651200785024424000e+15,3.681553890925482603e-02
1.651200785026440500e+15,3.681553890925481909e-02
1.651200785028457000e+15,3.681553890925481909e-02
1.651200785030473250e+15,3.681553890925481909e-02
1.651200785032489750e+15,3.681553890925481909e-02
1.651200785034506250e+15,3.681553890925481909e-02
1.651200785036522500e+15,3.681553890925481909e-02
1.651200785038539000e+15,3.681553890925482603e-02
1.651200785040555500e+15,3.681553890925483991e-02
1.651200785042571750e+15,3.681553890925491623e-02
1.651200785044588250e+15,3.681553890925498562e-02
1.651200785046604750e+15,3.681553890925506195e-02
1.651200785048621000e+15,3.681553890925513134e-02
1.651200785050637500e+15,3.681553890925520767e-02
1.651200785052654000e+15,3.681553890925527706e-02
1.651200785054670250e+15,3.681553890925534644e-02
1.651200785056686750e+15,3.681553890925541583e-02
1.651200785058703000e+15,3.681553890925548522e-02
1.651200785060719500e+15,3.681553890925556155e-02
1.651200785062736000e+15,3.681553890925563094e-02
1.651200785064752250e+15,3.681553890925570727e-02
1.651200785066768750e+15,3.765986839020954435e-02
1.651200785068785250e+15,3.852030573618221015e-02
1.651200785070801500e+15,3.938063640755209982e-02
1.651200785072818000e+15,4.024107375352475868e-02
1.651200785074834500e+15,4.110151109949741755e-02
1.651200785076850750e+15,4.196184177086730721e-02
1.651200785078867250e+15,4.282227911683997301e-02
1.651200785080883750e+15,4.347264754359791983e-02
1.651200785082900000e+15,4.408582929688368429e-02
1.651200785084916500e+15,4.469908708014505572e-02
1.651200785086933000e+15,4.531234486340643408e-02
1.651200785088949250e+15,4.592552661669220548e-02
1.651200785090965750e+15,4.653878439995356997e-02
1.651200785092982000e+15,4.715196615323934137e-02
1.651200785094998500e+15,4.776522393650071974e-02
1.651200785097015000e+15,4.837848171976209116e-02
1.651200785099031250e+15,4.899166347304786256e-02
1.651200785101047750e+15,4.765109811149539215e-02
1.651200785103064250e+15,4.594916014243291547e-02
1.651200785105080500e+15,4.424743317485432814e-02
1.651200785107097000e+15,4.254549520579185840e-02
1.651200785109113500e+15,4.084355723672938171e-02
1.651200785111129750e+15,3.914183026915079439e-02
1.651200785113146250e+15,3.743989230008832464e-02
1.651200785115162750e+15,3.681553890925570727e-02
1.651200785117179000e+15,3.681553890925570727e-02
1.651200785119195500e+15,3.681553890925570727e-02
1.651200785121212000e+15,3.709259254425226193e-02
1.651200785123228250e+15,3.811944804344677418e-02
1.651200785125244750e+15,3.914643086508383385e-02
1.651200785127261000e+15,4.017328636427833916e-02
1.651200785129277500e+15,4.120026918591539883e-02
1.651200785131294000e+15,4.222725200755245850e-02
1.651200785133310250e+15,4.295146206079718948e-02
1.651200785135326750e+15,4.295146206079735601e-02
1.651200785137343250e+15,4.295146206079752255e-02
1.651200785139359500e+15,4.295146206079768214e-02
1.651200785141376000e+15,4.295146206079784867e-02
1.651200785143392500e+15,4.295146206079801521e-02
1.651200785145408750e+15,4.295146206079818174e-02
1.651200785147425250e+15,4.295146206079835521e-02
1.651200785149441750e+15,4.295146206079852175e-02
1.651200785151458000e+15,4.295146206079868134e-02
1.651200785153474500e+15,4.295146206079884788e-02
1.651200785155491000e+15,4.345403966340891794e-02
1.651200785157507250e+15,4.427454338103031795e-02
1.651200785159523750e+15,4.509514883500851529e-02
1.651200785161540000e+15,4.591565255262991530e-02
1.651200785163556500e+15,4.673625800660811958e-02
1.651200785165573000e+15,4.755686346058631692e-02
1.651200785167589250e+15,4.837736717820770305e-02
1.651200785169605750e+15,4.885544236682193286e-02
1.651200785171622250e+15,4.713432829878926728e-02
1.651200785173638500e+15,4.541342760963931052e-02
1.651200785175655000e+15,4.369231354160663799e-02
1.651200785177671500e+15,4.295146206079725887e-02
1.651200785179687750e+15,4.295146206079748091e-02
1.651200785181704250e+15,4.295146206079770296e-02
1.651200785183720750e+15,4.295146206079791806e-02
1.651200785185737000e+15,4.295146206079814011e-02
1.651200785187753500e+15,4.295146206079835521e-02
1.651200785189770000e+15,4.295146206079857032e-02
1.651200785191786250e+15,4.295146206079879236e-02
1.651200785193802750e+15,4.295146206079877155e-02
1.651200785195819000e+15,4.295146206079843154e-02
1.651200785197835500e+15,4.295146206079809847e-02
1.651200785199852000e+15,4.295146206079775153e-02
1.651200785201868250e+15,4.295146206079741846e-02
1.651200785203884750e+15,4.284769560746456291e-02
1.651200785205901250e+15,4.229230064224850927e-02
1.651200785207917500e+15,4.173697453333857776e-02
1.651200785209934000e+15,4.118157956812251719e-02
1.651200785211950500e+15,4.062618460290647049e-02
1.651200785213966750e+15,4.007085849399653898e-02
1.651200785215983250e+15,3.951546352878047841e-02
1.651200785217999750e+15,3.896006856356442477e-02
1.651200785220016000e+15,3.840474245465448633e-02
1.651200785222032500e+15,3.784934748943843269e-02
1.651200785224049000e+15,3.729395252422237905e-02
1.651200785226065250e+15,3.699731872466716087e-02
1.651200785228081750e+15,3.830997404347545598e-02
1.651200785230098000e+15,3.962246662296822763e-02
1.651200785232114500e+15,4.093512194177652275e-02
1.651200785234131000e+15,4.224777726058480398e-02
1.651200785236147250e+15,4.295146206079891726e-02
1.651200785238163750e+15,4.295146206079891726e-02
1.651200785240180250e+15,4.295146206079891726e-02
1.651200785242196500e+15,4.295146206079891726e-02
1.651200785244213000e+15,4.295146206079891726e-02
1.651200785246229500e+15,4.295146206079891726e-02
1.651200785248245750e+15,4.295146206079891726e-02
1.651200785250262250e+15,4.295146206079891726e-02
1.651200785252278750e+15,4.295146206079891726e-02
1.651200785254295000e+15,4.295146206079891726e-02
1.651200785256311500e+15,4.295146206079891726e-02
1.651200785258328000e+15,4.295146206079891726e-02
1.651200785260344250e+15,4.295220498059157399e-02
1.651200785262360750e+15,4.415068319011129089e-02
1.651200785264377000e+15,4.534901281567246811e-02
1.651200785266393500e+15,4.654749102519217807e-02
1.651200785268410000e+15,4.774596923471189497e-02
1.651200785270426250e+15,4.894429886027307913e-02
1.651200785272442750e+15,4.908738521233989988e-02
1.651200785274459250e+15,4.908738521234039254e-02
1.651200785276475500e+15,4.908738521234089214e-02
1.651200785278492000e+15,4.908738521234138480e-02
1.651200785280508500e+15,4.908738521234188440e-02
1.651200785282524750e+15,4.870463557103904551e-02
1.651200785284541250e+15,4.795292906829964896e-02
1.651200785286557750e+15,4.720122256556024548e-02
1.651200785288574000e+15,4.644960925727940892e-02
1.651200785290590500e+15,4.569790275454001238e-02
1.651200785292607000e+15,4.494619625180061584e-02
1.651200785294623250e+15,4.419458294351978622e-02
1.651200785296639750e+15,4.344287644078038274e-02
1.651200785298656000e+15,4.295146206079714091e-02
1.651200785300672500e+15,4.295146206079713397e-02
1.651200785302689000e+15,4.295146206079714091e-02
1.651200785304705250e+15,4.295146206079714091e-02
1.651200785306721750e+15,4.295146206079714091e-02
1.651200785308738250e+15,4.295146206079714091e-02
1.651200785310754500e+15,4.295146206079714091e-02
1.651200785312771000e+15,4.295146206079714091e-02
1.651200785314787500e+15,4.295146206079713397e-02
1.651200785316803750e+15,4.295146206079721724e-02
1.651200785318820250e+15,4.295146206079768214e-02
1.651200785320836750e+15,4.295146206079814011e-02
1.651200785322853000e+15,4.295146206079860501e-02
1.651200785324869500e+15,4.295146206079906298e-02
1.651200785326886000e+15,4.295146206079952789e-02
1.651200785328902250e+15,4.343512904562304988e-02
1.651200785330918750e+15,4.466775397440166800e-02
1.651200785332935000e+15,4.590022608580751617e-02
1.651200785334951500e+15,4.713285101458612042e-02
1.651200785336968000e+15,4.836547594336473854e-02
1.651200785338984250e+15,4.867708741293801100e-02
1.651200785341000750e+15,4.768652708669673945e-02
1.651200785343017250e+15,4.669596676045547484e-02
1.651200785345033500e+15,4.570552924109819171e-02
1.651200785347050000e+15,4.471496891485692016e-02
1.651200785349066500e+15,4.372440858861564861e-02
1.651200785351082750e+15,4.295146206079980544e-02
1.651200785353099250e+15,4.295146206079981238e-02
1.651200785355115750e+15,4.295146206079980544e-02
1.651200785357132000e+15,4.295146206079980544e-02
1.651200785359148500e+15,4.295146206079980544e-02
1.651200785361165000e+15,4.295146206079981238e-02
1.651200785363181250e+15,4.295146206079963891e-02
1.651200785365197750e+15,4.295146206079930584e-02
1.651200785367214000e+15,4.295146206079897971e-02
1.651200785369230500e+15,4.295146206079865359e-02
1.651200785371247000e+15,4.295146206079831358e-02
1.651200785373263250e+15,4.295146206079798745e-02
1.651200785375279750e+15,4.295146206079765439e-02
1.651200785377296250e+15,4.295146206079732132e-02
1.651200785379312500e+15,4.295146206079714091e-02
1.651200785381329000e+15,4.295146206079714091e-02
1.651200785383345500e+15,4.295146206079714091e-02
1.651200785385361750e+15,4.295146206079714091e-02
1.651200785387378250e+15,4.295146206079714091e-02
1.651200785389394750e+15,4.295146206079714091e-02
1.651200785391411000e+15,4.295146206079714091e-02
1.651200785393427500e+15,4.295146206079714785e-02
1.651200785395444000e+15,4.295146206079714091e-02
1.651200785397460250e+15,4.295146206079714091e-02
1.651200785399476750e+15,4.295146206079714091e-02
1.651200785401493000e+15,4.295146206079714785e-02
1.651200785403509500e+15,4.295146206079714091e-02
1.651200785405526000e+15,4.295146206079714785e-02
1.651200785407542250e+15,4.295146206079714785e-02
1.651200785409558750e+15,4.295146206079714091e-02
1.651200785411575250e+15,4.295146206079714785e-02
1.651200785413591500e+15,4.295146206079751561e-02
1.651200785415608000e+15,4.295146206079800133e-02
1.651200785417624500e+15,4.295146206079848705e-02
1.651200785419640750e+15,4.295146206079897278e-02
1.651200785421657250e+15,4.295146206079946544e-02
1.651200785423673750e+15,4.311765028672859268e-02
1.651200785425690000e+15,4.368009596113721360e-02
1.651200785427706500e+15,4.424261137462510984e-02
1.651200785429723000e+15,4.480512678811299221e-02
1.651200785431739250e+15,4.536757246252161313e-02
1.651200785433755750e+15,4.593008787600950243e-02
1.651200785435772000e+15,4.649253355041811642e-02
1.651200785437788500e+15,4.705504896390601266e-02
1.651200785439805000e+15,4.761756437739390196e-02
1.651200785441821250e+15,4.818001005180251595e-02
1.651200785443837750e+15,4.874252546529040525e-02
1.651200785445854250e+15,4.908738521233945579e-02
1.651200785447870500e+15,4.908738521233945579e-02
1.651200785449887000e+15,4.908738521233946273e-02
1.651200785451903500e+15,4.908738521233946273e-02
1.651200785453919750e+15,4.908738521233945579e-02
1.651200785455936250e+15,4.908738521233946273e-02
1.651200785457952750e+15,4.908738521233946273e-02
1.651200785459969000e+15,4.908738521233945579e-02
1.651200785461985500e+15,4.655133586980514382e-02
1.651200785464002000e+15,4.291540021447599884e-02
1.651200785466018250e+15,3.927991533222586346e-02
1.651200785468034750e+15,3.564397967689671154e-02
1.651200785470051000e+15,3.200849479464658309e-02
1.651200785472067500e+15,3.223414951899526704e-02
1.651200785474084000e+15,3.468410444640964568e-02
1.651200785476100250e+15,3.713375563530091350e-02
1.651200785478116750e+15,3.958371056271529909e-02
1.651200785480133250e+15,4.203366549012967773e-02
1.651200785482149500e+15,4.448331667902094555e-02
1.651200785484166000e+15,4.693327160643532420e-02
1.651200785486182500e+15,4.870609204214664673e-02
1.651200785488198750e+15,4.554887498095046977e-02
1.651200785490215250e+15,4.239126644832699048e-02
1.651200785492231750e+15,3.923365791570351813e-02
1.651200785494248000e+15,3.721492603295727813e-02
1.651200785496264500e+15,3.892120597987679120e-02
1.651200785498281000e+15,4.062748592679631121e-02
1.651200785500297250e+15,4.233355433392572975e-02
1.651200785502313750e+15,4.403983428084524976e-02
1.651200785504330000e+15,4.574590268797466830e-02
1.651200785506346500e+15,4.745218263489418831e-02
1.651200785508363000e+15,4.908738521234123908e-02
1.651200785510379250e+15,4.908738521234123908e-02
1.651200785512395750e+15,4.908738521234123908e-02
1.651200785514412250e+15,4.908738521234123908e-02
1.651200785516428500e+15,4.908738521234123908e-02
1.651200785518445000e+15,4.908738521234123908e-02
1.651200785520461500e+15,4.908738521234123908e-02
1.651200785522477750e+15,4.908738521234124602e-02
1.651200785524494250e+15,4.908738521234123908e-02
1.651200785526510750e+15,4.908738521234123908e-02
1.651200785528527000e+15,4.908738521234123908e-02
1.651200785530543500e+15,4.908738521234123908e-02
1.651200785532560000e+15,4.908738521234123908e-02
1.651200785534576250e+15,4.908738521234123908e-02
1.651200785536592750e+15,4.908738521234124602e-02
1.651200785538609000e+15,4.908738521234112112e-02
1.651200785540625500e+15,4.908738521234094765e-02
1.651200785542642000e+15,4.908738521234078112e-02
1.651200785544658250e+15,4.908738521234061458e-02
1.651200785546674750e+15,4.908738521234044111e-02
1.651200785548691250e+15,4.908738521234026764e-02
1.651200785550707500e+15,4.908738521234010110e-02
1.651200785552724000e+15,4.908738521233993457e-02
1.651200785554740500e+15,4.908738521233975416e-02
1.651200785556756750e+15,4.908738521233958763e-02
1.651200785558773250e+15,4.926015998662802015e-02
1.651200785560789750e+15,4.999634663713595217e-02
1.651200785562806000e+15,5.073244201729297520e-02
1.651200785564822500e+15,5.146862866780091417e-02
1.651200785566839000e+15,5.220481531830884619e-02
1.651200785568855250e+15,5.294091069846586228e-02
1.651200785570871750e+15,5.367709734897380125e-02
1.651200785572888000e+15,5.441319272913081734e-02
1.651200785574904500e+15,5.514937937963875630e-02
1.651200785576921000e+15,5.579401874674152356e-02
1.651200785578937250e+15,5.642835987653158081e-02
1.651200785580953750e+15,5.706277965990251555e-02
1.651200785582970250e+15,5.769719944327344335e-02
1.651200785584986500e+15,5.833154057306350060e-02
1.651200785587003000e+15,5.896596035643443534e-02
1.651200785589019500e+15,5.960038013980536314e-02
1.651200785591035750e+15,6.023472126959541345e-02
1.651200785593052250e+15,6.086914105296634819e-02
1.651200785595068750e+15,6.113275675914684598e-02
1.651200785597085000e+15,6.013737860689829379e-02
1.651200785599101500e+15,5.914187703516404770e-02
1.651200785601118000e+15,5.814637546342978081e-02
1.651200785603134250e+15,5.715099731118122861e-02
1.651200785605150750e+15,5.615549573944697559e-02
1.651200785607167000e+15,5.522330836388179148e-02
1.651200785609183500e+15,5.522330836388195108e-02
1.651200785611200000e+15,5.522330836388210373e-02
1.651200785613216250e+15,5.522330836388225639e-02
1.651200785615232750e+15,5.522330836388240904e-02
1.651200785617249250e+15,5.522330836388256170e-02
1.651200785619265500e+15,5.522330836388271436e-02
1.651200785621282000e+15,5.522330836388286007e-02
1.651200785623298500e+15,5.522330836388301967e-02
1.651200785625314750e+15,5.522330836388317232e-02
1.651200785627331250e+15,5.522330836388331804e-02
1.651200785629347750e+15,5.522330836388347070e-02
1.651200785631364000e+15,5.522330836388348457e-02
1.651200785633380500e+15,5.522330836388331804e-02
1.651200785635397000e+15,5.522330836388314457e-02
1.651200785637413250e+15,5.522330836388296416e-02
1.651200785639429750e+15,5.522330836388280456e-02
1.651200785641446000e+15,5.522330836388263109e-02
1.651200785643462500e+15,5.522330836388246456e-02
1.651200785645479000e+15,5.522330836388228414e-02
1.651200785647495250e+15,5.522330836388211761e-02
1.651200785649511750e+15,5.522330836388193720e-02
1.651200785651528250e+15,5.522330836388180536e-02
1.651200785653544500e+15,5.522330836388208986e-02
1.651200785655561000e+15,5.522330836388236047e-02
1.651200785657577500e+15,5.522330836388263803e-02
1.651200785659593750e+15,5.522330836388292252e-02
1.651200785661610250e+15,5.522330836388319314e-02
1.651200785663626750e+15,5.522330836388347070e-02
1.651200785665643000e+15,5.522330836388342212e-02
1.651200785667659500e+15,5.522330836388322090e-02
1.651200785669676000e+15,5.522330836388301967e-02
1.651200785671692250e+15,5.522330836388282538e-02
1.651200785673708750e+15,5.522330836388261721e-02
1.651200785675725000e+15,5.522330836388242292e-02
1.651200785677741500e+15,5.522330836388221476e-02
1.651200785679758000e+15,5.522330836388201353e-02
1.651200785681774250e+15,5.522330836388181230e-02
1.651200785683790750e+15,5.442278126201115229e-02
1.651200785685807250e+15,5.347363359132343424e-02
1.651200785687823500e+15,5.252460359329511053e-02
1.651200785689840000e+15,5.157545592260738554e-02
1.651200785691856500e+15,5.062630825191967443e-02
1.651200785693872750e+15,4.967727825389135071e-02
1.651200785695889250e+15,4.931079041891368864e-02
1.651200785697905750e+15,4.990102507211632149e-02
1.651200785699922000e+15,5.049118654968626912e-02
1.651200785701938500e+15,5.108142120288891586e-02
1.651200785703955000e+15,5.167165585609155565e-02
1.651200785705971250e+15,5.226181733366151022e-02
1.651200785707987750e+15,5.285205198686414307e-02
1.651200785710004000e+15,5.344221346443409765e-02
1.651200785712020500e+15,5.403244811763674438e-02
1.651200785714037000e+15,5.462268277083937723e-02
1.651200785716053250e+15,5.521284424840933180e-02
1.651200785718069750e+15,5.327215572583217373e-02
1.651200785720086250e+15,5.128578728224825883e-02
1.651200785722102500e+15,4.929966510303869509e-02
1.651200785724119000e+15,4.731329665945478713e-02
1.651200785726135500e+15,4.532692821587087917e-02
1.651200785728151750e+15,4.334080603666132236e-02
1.651200785730168250e+15,4.376692770629732332e-02
1.651200785732184750e+15,4.478119846907145651e-02
1.651200785734201000e+15,4.579534348540832689e-02
1.651200785736217500e+15,4.680961424818246008e-02
1.651200785738234000e+15,4.782388501095657940e-02
1.651200785740250250e+15,4.883803002729345671e-02
1.651200785742266750e+15,4.908738521233946273e-02
1.651200785744283000e+15,4.908738521233945579e-02
1.651200785746299500e+15,4.908738521233946273e-02
1.651200785748316000e+15,4.908738521233946273e-02
1.651200785750332250e+15,4.908738521233946273e-02
1.651200785752348750e+15,4.908738521233946273e-02
1.651200785754365250e+15,4.822439923371081572e-02
1.651200785756381500e+15,4.729997608088307853e-02
1.651200785758398000e+15,4.637543830646168735e-02
1.651200785760414500e+15,4.545090053204028924e-02
1.651200785762430750e+15,4.452647737921255205e-02
1.651200785764447250e+15,4.360193960479116088e-02
1.651200785766463750e+15,4.295146206079886869e-02
1.651200785768480000e+15,4.295146206079870216e-02
1.651200785770496500e+15,4.295146206079854256e-02
1.651200785772513000e+15,4.295146206079837603e-02
1.651200785774529250e+15,4.295146206079820950e-02
1.651200785776545750e+15,4.295146206079804296e-02
1.651200785778562000e+15,4.295146206079809847e-02
1.651200785780578500e+15,4.295146206079817480e-02
1.651200785782595000e+15,4.295146206079825807e-02
1.651200785784611250e+15,4.295146206079833440e-02
1.651200785786627750e+15,4.295146206079841766e-02
1.651200785788644250e+15,4.295146206079850093e-02
1.651200785790660500e+15,4.295146206079857726e-02
1.651200785792677000e+15,4.295146206079865359e-02
1.651200785794693500e+15,4.295146206079873685e-02
1.651200785796709750e+15,4.295146206079881318e-02
1.651200785798726250e+15,4.295146206079889645e-02
1.651200785800742750e+15,4.295146206079891033e-02
1.651200785802759000e+15,4.295146206079891726e-02
1.651200785804775500e+15,4.295146206079891726e-02
1.651200785806792000e+15,4.295146206079891726e-02
1.651200785808808250e+15,4.295146206079891726e-02
1.651200785810824750e+15,4.295146206079891033e-02
1.651200785812841000e+15,4.295146206079891726e-02
1.651200785814857500e+15,4.295146206079891726e-02
1.651200785816874000e+15,4.295146206079892420e-02
1.651200785818890250e+15,4.295146206079891726e-02
1.651200785820906750e+15,4.295146206079891726e-02
1.651200785822923250e+15,4.295146206079891726e-02
1.651200785824939500e+15,4.295146206079891726e-02
1.651200785826956000e+15,4.295146206079891726e-02
1.651200785828972500e+15,4.295146206079891726e-02
1.651200785830988750e+15,4.295146206079891726e-02
1.651200785833005250e+15,4.295146206079891726e-02
1.651200785835021750e+15,4.295146206079891726e-02
1.651200785837038000e+15,4.295146206079891726e-02
1.651200785839054500e+15,4.295146206079891726e-02
1.651200785841071000e+15,4.295146206079891726e-02
1.651200785843087250e+15,4.295146206079892420e-02
1.651200785845103750e+15,4.295146206079891726e-02
1.651200785847120000e+15,4.295146206079892420e-02
1.651200785849136500e+15,4.312072581544194178e-02
1.651200785851153000e+15,4.372323307270173376e-02
1.651200785853169250e+15,4.432566563280588429e-02
1.651200785855185750e+15,4.492817289006566933e-02
1.651200785857202250e+15,4.553068014732544744e-02
1.651200785859218500e+15,4.613311270742960490e-02
1.651200785861235000e+15,4.673561996468938995e-02
1.651200785863251500e+15,4.733812722194917499e-02
1.651200785865267750e+15,4.794055978205333246e-02
1.651200785867284250e+15,4.854306703931311057e-02
1.651200785869300750e+15,4.900161353320323099e-02
1.651200785871317000e+15,4.811361790771508801e-02
1.651200785873333500e+15,4.722551217737568086e-02
1.651200785875350000e+15,4.633740644703626677e-02
1.651200785877366250e+15,4.544941082154812378e-02
1.651200785879382750e+15,4.456130509120870969e-02
1.651200785881399000e+15,4.367330946572056671e-02
1.651200785883415500e+15,4.295146206079802909e-02
1.651200785885432000e+15,4.295146206079802215e-02
1.651200785887448250e+15,4.295146206079802909e-02
1.651200785889464750e+15,4.295146206079802909e-02
1.651200785891481250e+15,4.295146206079802909e-02
1.651200785893497500e+15,4.295146206079802909e-02
1.651200785895514000e+15,4.295146206079802909e-02
1.651200785897530500e+15,4.295146206079802909e-02
1.651200785899546750e+15,4.295146206079802909e-02
1.651200785901563250e+15,4.295146206079802909e-02
1.651200785903579750e+15,4.295146206079802909e-02
1.651200785905596000e+15,4.314944057450125631e-02
1.651200785907612500e+15,4.409771533194199733e-02
1.651200785909629000e+15,4.504599008938274529e-02
1.651200785911645250e+15,4.599414728238543359e-02
1.651200785913661750e+15,4.694242203982618156e-02
1.651200785915678000e+15,4.789057923282886292e-02
1.651200785917694500e+15,4.883885399026961088e-02
1.651200785919711000e+15,4.908738521234123214e-02
1.651200785921727250e+15,4.908738521234123908e-02
1.651200785923743750e+15,4.908738521234123908e-02
1.651200785925760250e+15,4.908738521234123908e-02
1.651200785927776500e+15,4.908738521234123214e-02
1.651200785929793000e+15,4.908738521234123908e-02
1.651200785931809500e+15,4.908738521234123908e-02
1.651200785933825750e+15,4.908738521234123908e-02
1.651200785935842250e+15,4.908738521234123908e-02
1.651200785937858750e+15,4.908738521234123908e-02
1.651200785939875000e+15,4.908738521234116275e-02
1.651200785941891500e+15,4.908738521234103785e-02
1.651200785943908000e+15,4.908738521234090602e-02
1.651200785945924250e+15,4.908738521234078805e-02
1.651200785947940750e+15,4.908738521234065622e-02
1.651200785949957000e+15,4.908738521234053132e-02
1.651200785951973500e+15,4.908738521234040642e-02
1.651200785953990000e+15,4.908738521234039948e-02
1.651200785956006250e+15,4.908738521234049662e-02
1.651200785958022750e+15,4.908738521234059377e-02
1.651200785960039250e+15,4.908738521234069091e-02
1.651200785962055500e+15,4.908738521234079499e-02
1.651200785964072000e+15,4.908738521234089214e-02
1.651200785966088500e+15,4.908738521234098928e-02
1.651200785968104750e+15,4.908738521234107949e-02
1.651200785970121250e+15,4.908738521234118357e-02
1.651200785972137750e+15,4.908738521234123908e-02
1.651200785974154000e+15,4.908738521234123214e-02
1.651200785976170500e+15,4.908738521234123908e-02
1.651200785978187000e+15,4.908738521234123908e-02
1.651200785980203250e+15,4.908738521234123908e-02
1.651200785982219750e+15,4.908738521234123908e-02
1.651200785984236000e+15,4.853314115468777834e-02
1.651200785986252500e+15,4.770892792293393581e-02
1.651200785988269000e+15,4.688471469118008633e-02
1.651200785990285250e+15,4.606060364306520383e-02
1.651200785992301750e+15,4.523639041131135435e-02
1.651200785994318250e+15,4.441217717955751182e-02
1.651200785996334500e+15,4.358806613144262238e-02
1.651200785998351000e+15,4.324692877571098548e-02
1.651200786000367500e+15,4.454498679449913484e-02
1.651200786002383750e+15,4.584288388370399980e-02
1.651200786004400250e+15,4.714094190249214916e-02
1.651200786006416750e+15,4.843899992128030546e-02
1.651200786008433000e+15,4.908738521234120439e-02
1.651200786010449500e+15,4.908738521234114194e-02
1.651200786012466000e+15,4.908738521234107255e-02
1.651200786014482250e+15,4.908738521234101010e-02
1.651200786016498750e+15,4.908738521234094071e-02
1.651200786018515000e+15,4.908738521234087826e-02
1.651200786020531500e+15,4.908738521234080887e-02
1.651200786022548000e+15,4.908738521234074642e-02
1.651200786024564250e+15,4.908738521234068397e-02
1.651200786026580750e+15,4.908738521234062152e-02
1.651200786028597250e+15,4.908738521234054519e-02
1.651200786030613500e+15,4.908738521234048274e-02
1.651200786032630000e+15,4.908738521234042029e-02
1.651200786034646500e+15,4.908738521234035784e-02
1.651200786036662750e+15,4.908738521234045499e-02
1.651200786038679250e+15,4.908738521234056601e-02
1.651200786040695750e+15,4.908738521234068397e-02
1.651200786042712000e+15,4.908738521234080887e-02
1.651200786044728500e+15,4.908738521234091989e-02
1.651200786046745000e+15,4.908738521234103785e-02
1.651200786048761250e+15,4.908738521234116275e-02
1.651200786050777750e+15,4.908738521234123908e-02
1.651200786052794000e+15,4.908738521234123214e-02
1.651200786054810500e+15,4.908738521234123214e-02
1.651200786056827000e+15,4.908738521234123214e-02
1.651200786058843250e+15,4.908738521234123908e-02
1.651200786060859750e+15,4.908738521234123908e-02
1.651200786062876250e+15,4.908738521234123908e-02
1.651200786064892500e+15,4.908738521234123908e-02
1.651200786066909000e+15,4.908738521234123214e-02
1.651200786068925500e+15,4.908738521234123214e-02
1.651200786070941750e+15,4.908738521234123908e-02
1.651200786072958250e+15,4.950487166972841746e-02
1.651200786074974750e+15,5.035502207752569348e-02
1.651200786076991000e+15,5.120506708606586965e-02
1.651200786079007500e+15,5.205521749386313179e-02
1.651200786081024000e+15,5.290536790166040781e-02
1.651200786083040250e+15,5.375541291020057705e-02
1.651200786085056750e+15,5.460556331799784613e-02
1.651200786087073000e+15,5.503738152399513528e-02
1.651200786089089500e+15,5.435694327965497757e-02
1.651200786091106000e+15,5.367650503531481987e-02
1.651200786093122250e+15,5.299615114979493169e-02
1.651200786095138750e+15,5.231571290545476705e-02
1.651200786097155250e+15,5.163527466111460240e-02
1.651200786099171500e+15,5.095492077559471422e-02
1.651200786101188000e+15,5.027448253125455652e-02
1.651200786103204500e+15,4.959404428691439187e-02
1.651200786105220750e+15,4.930125753372906899e-02
1.651200786107237250e+15,5.013908858973405158e-02
1.651200786109253750e+15,5.097691964573902029e-02
1.651200786111270000e+15,5.181464682980549408e-02
1.651200786113286500e+15,5.265247788581047667e-02
1.651200786115303000e+15,5.349030894181544538e-02
1.651200786117319250e+15,5.432803612588191916e-02
1.651200786119335750e+15,5.516586718188689481e-02
1.651200786121352000e+15,5.630560982707312478e-02
1.651200786123368500e+15,5.746772958241141982e-02
1.651200786125385000e+15,5.862984933774972179e-02
1.651200786127401250e+15,5.979182501674840111e-02
1.651200786129417750e+15,6.095394477208670309e-02
1.651200786131434250e+15,6.135923151542498760e-02
1.651200786133450500e+15,6.135923151542499454e-02
1.651200786135467000e+15,6.135923151542499454e-02
1.651200786137483500e+15,6.135923151542498760e-02
1.651200786139499750e+15,6.135923151542499454e-02
1.651200786141516250e+15,6.135923151542499454e-02
1.651200786143532750e+15,6.135923151542498760e-02
1.651200786145549000e+15,6.135923151542499454e-02
1.651200786147565500e+15,6.135923151542499454e-02
1.651200786149582000e+15,6.135923151542498760e-02
1.651200786151598250e+15,6.135923151542499454e-02
1.651200786153614750e+15,6.169300169216467011e-02
1.651200786155631000e+15,6.348399069775717551e-02
1.651200786157647500e+15,6.527520177266221690e-02
1.651200786159664000e+15,6.706641284756724442e-02
1.651200786161680250e+15,6.885740185315974982e-02
1.651200786163696750e+15,7.064861292806479121e-02
1.651200786165713250e+15,7.243982400296981872e-02
1.651200786167729500e+15,7.423081300856232412e-02
1.651200786169746000e+15,7.602202408346735163e-02
1.651200786171762500e+15,7.781323515837239302e-02
1.651200786173778750e+15,7.960422416396489842e-02
1.651200786175795250e+15,7.916404850877693800e-02
1.651200786177811750e+15,7.850082546873174416e-02
1.651200786179828000e+15,7.783768465321419527e-02
1.651200786181844500e+15,7.717446161316898756e-02
1.651200786183861000e+15,7.651123857312377985e-02
1.651200786185877250e+15,7.584809775760623096e-02
1.651200786187893750e+15,7.518487471756103713e-02
1.651200786189910000e+15,7.452173390204347436e-02
1.651200786191926500e+15,7.385851086199826665e-02
1.651200786193943000e+15,7.363107781851135902e-02
1.651200786195959250e+15,7.363107781851127576e-02
1.651200786197975750e+15,7.363107781851119249e-02
1.651200786199992250e+15,7.363107781851109535e-02
1.651200786202008500e+15,7.363107781851099820e-02
1.651200786204025000e+15,7.363107781851091493e-02
1.651200786206041500e+15,7.363107781851083167e-02
1.651200786208057750e+15,7.363107781851074840e-02
1.651200786210074250e+15,7.363107781851066513e-02
1.651200786212090750e+15,7.363107781851056799e-02
1.651200786214107000e+15,7.378451317910919571e-02
1.651200786216123500e+15,7.411864104589882540e-02
1.651200786218140000e+15,7.445276891268844122e-02
1.651200786220156250e+15,7.478685535524466632e-02
1.651200786222172750e+15,7.512098322203429601e-02
1.651200786224189000e+15,7.545506966459050724e-02
1.651200786226205500e+15,7.578919753138013693e-02
1.651200786228222000e+15,7.612332539816976662e-02
1.651200786230238250e+15,7.645741184072599173e-02
1.651200786232254750e+15,7.679153970751562142e-02
1.651200786234271250e+15,7.712566757430525111e-02
1.651200786236287500e+15,7.745975401686144846e-02
1.651200786238304000e+15,7.779388188365109202e-02
1.651200786240320500e+15,7.812800975044072171e-02
1.651200786242336750e+15,7.846209619299693294e-02
1.651200786244353250e+15,7.879622405978657651e-02
1.651200786246369750e+15,7.913035192657619232e-02
1.651200786248386000e+15,7.946443836913240355e-02
1.651200786250402500e+15,7.970768434768649158e-02
1.651200786252419000e+15,7.907979999596177756e-02
1.651200786254435250e+15,7.845199348757353475e-02
1.651200786256451750e+15,7.782410913584883461e-02
1.651200786258468000e+15,7.719630262746057792e-02
1.651200786260484500e+15,7.656841827573587778e-02
1.651200786262501000e+15,7.594053392401117764e-02
1.651200786264517250e+15,7.531272741562293482e-02
1.651200786266533750e+15,7.468484306389823468e-02
1.651200786268550250e+15,7.405695871217353454e-02
1.651200786270566500e+15,7.363107781851056799e-02
1.651200786272583000e+15,7.363107781851069289e-02
1.651200786274599500e+15,7.363107781851080391e-02
1.651200786276615750e+15,7.363107781851092881e-02
1.651200786278632250e+15,7.363107781851103983e-02
1.651200786280648750e+15,7.363107781851116473e-02
1.651200786282665000e+15,7.363107781851128963e-02
1.651200786284681500e+15,7.363107781851141453e-02
1.651200786286698000e+15,7.363107781851127576e-02
1.651200786288714250e+15,7.363107781851113698e-02
1.651200786290730750e+15,7.363107781851098432e-02
1.651200786292747000e+15,7.363107781851084555e-02
1.651200786294763500e+15,7.363107781851070677e-02
1.651200786296780000e+15,7.363107781851056799e-02
1.651200786298796250e+15,7.363107781851060962e-02
1.651200786300812750e+15,7.363107781851069289e-02
1.651200786302829250e+15,7.363107781851079003e-02
1.651200786304845500e+15,7.363107781851088718e-02
1.651200786306862000e+15,7.363107781851097045e-02
1.651200786308878500e+15,7.363107781851106759e-02
1.651200786310894750e+15,7.363107781851116473e-02
1.651200786312911250e+15,7.363107781851126188e-02
1.651200786314927750e+15,7.363107781851134515e-02
1.651200786316944000e+15,7.363107781851140066e-02
1.651200786318960500e+15,7.363107781851141453e-02
1.651200786320977000e+15,7.363107781851141453e-02
1.651200786322993250e+15,7.363107781851141453e-02
1.651200786325009750e+15,7.363107781851141453e-02
1.651200786327026000e+15,7.363107781851141453e-02
1.651200786329042500e+15,7.363107781851141453e-02
1.651200786331059000e+15,7.363107781851141453e-02
1.651200786333075250e+15,7.363107781851141453e-02
1.651200786335091750e+15,7.363107781851142841e-02
1.651200786337108250e+15,7.363107781851141453e-02
1.651200786339124500e+15,7.363107781851141453e-02
1.651200786341141000e+15,7.363107781851141453e-02
1.651200786343157500e+15,7.363107781851142841e-02
1.651200786345173750e+15,7.363107781851142841e-02
1.651200786347190250e+15,7.363107781851141453e-02
1.651200786349206750e+15,7.363107781851141453e-02
1.651200786351223000e+15,7.363107781851142841e-02
1.651200786353239500e+15,7.363107781851141453e-02
1.651200786355256000e+15,7.363107781851142841e-02
1.651200786357272250e+15,7.363107781851142841e-02
1.651200786359288750e+15,7.363107781851141453e-02
1.651200786361305000e+15,7.363107781851142841e-02
1.651200786363321500e+15,7.363107781851134515e-02
1.651200786365338000e+15,7.363107781851126188e-02
1.651200786367354250e+15,7.363107781851117861e-02
1.651200786369370750e+15,7.363107781851108147e-02
1.651200786371387250e+15,7.363107781851099820e-02
1.651200786373403500e+15,7.363107781851091493e-02
1.651200786375420000e+15,7.363107781851083167e-02
1.651200786377436500e+15,7.363107781851074840e-02
1.651200786379452750e+15,7.363107781851066513e-02
1.651200786381469250e+15,7.363107781851058187e-02
1.651200786383485750e+15,7.363107781851052636e-02
1.651200786385502000e+15,7.363107781851052636e-02
1.651200786387518500e+15,7.363107781851052636e-02
1.651200786389535000e+15,7.363107781851052636e-02
1.651200786391551250e+15,7.363107781851052636e-02
1.651200786393567750e+15,7.363107781851054023e-02
1.651200786395584000e+15,7.363107781851062350e-02
1.651200786397600500e+15,7.363107781851091493e-02
1.651200786399617000e+15,7.363107781851122025e-02
1.651200786401633250e+15,7.363107781851152556e-02
1.651200786403649750e+15,7.363107781851183087e-02
1.651200786405666250e+15,7.363107781851213618e-02
1.651200786407682500e+15,7.363107781851227496e-02
1.651200786409699000e+15,7.363107781851219169e-02
1.651200786411715500e+15,7.363107781851212230e-02
1.651200786413731750e+15,7.363107781851203903e-02
1.651200786415748250e+15,7.363107781851196965e-02
1.651200786417764750e+15,7.363107781851188638e-02
1.651200786419781000e+15,7.363107781851180311e-02
1.651200786421797500e+15,7.363107781851171985e-02
1.651200786423814000e+15,7.363107781851166433e-02
1.651200786425830250e+15,7.363107781851158107e-02
1.651200786427846750e+15,7.363107781851149780e-02
1.651200786429863000e+15,7.363107781851142841e-02
1.651200786431879500e+15,7.363107781851135902e-02
1.651200786433896000e+15,7.363107781851128963e-02
1.651200786435912250e+15,7.363107781851122025e-02
1.651200786437928750e+15,7.363107781851115086e-02
1.651200786439945250e+15,7.363107781851108147e-02
1.651200786441961500e+15,7.363107781851101208e-02
1.651200786443978000e+15,7.363107781851094269e-02
1.651200786445994500e+15,7.363107781851087330e-02
1.651200786448010750e+15,7.363107781851080391e-02
1.651200786450027250e+15,7.363107781851074840e-02
1.651200786452043750e+15,7.363107781851066513e-02
1.651200786454060000e+15,7.363107781851060962e-02
1.651200786456076500e+15,7.363107781851054023e-02
1.651200786458093000e+15,7.363107781851052636e-02
1.651200786460109250e+15,7.363107781851052636e-02
1.651200786462125750e+15,7.363107781851052636e-02
1.651200786464142000e+15,7.363107781851052636e-02
1.651200786466158500e+15,7.363107781851052636e-02
1.651200786468175000e+15,7.363107781851051248e-02
1.651200786470191250e+15,7.363107781851052636e-02
1.651200786472207750e+15,7.363107781851052636e-02
1.651200786474224250e+15,7.363107781851052636e-02
1.651200786476240500e+15,7.363107781851052636e-02
1.651200786478257000e+15,7.363107781851052636e-02
1.651200786480273500e+15,7.363107781851052636e-02
1.651200786482289750e+15,7.363107781851052636e-02
1.651200786484306250e+15,7.363107781851052636e-02
1.651200786486322750e+15,7.363107781851052636e-02
1.651200786488339000e+15,7.363107781851052636e-02
1.651200786490355500e+15,7.363107781851052636e-02
1.651200786492372000e+15,7.363107781851052636e-02
1.651200786494388250e+15,7.363107781851052636e-02
1.651200786496404750e+15,7.363107781851052636e-02
1.651200786498421000e+15,7.363107781851052636e-02
1.651200786500437500e+15,7.363107781851052636e-02
1.651200786502454000e+15,7.363107781851052636e-02
1.651200786504470250e+15,7.363107781851052636e-02
1.651200786506486750e+15,7.363107781851052636e-02
1.651200786508503250e+15,7.363107781851052636e-02
1.651200786510519500e+15,7.363107781851052636e-02
1.651200786512536000e+15,7.363107781851052636e-02
1.651200786514552500e+15,7.363107781851052636e-02
1.651200786516568750e+15,7.363107781851052636e-02
1.651200786518585250e+15,7.363107781851052636e-02
1.651200786520601750e+15,7.363107781851052636e-02
1.651200786522618000e+15,7.363107781851052636e-02
1.651200786524634500e+15,7.363107781851052636e-02
1.651200786526651000e+15,7.363107781851052636e-02
1.651200786528667250e+15,7.363107781851052636e-02
1.651200786530683750e+15,7.363107781851052636e-02
1.651200786532700000e+15,7.363107781851052636e-02
1.651200786534716500e+15,7.363107781851052636e-02
1.651200786536733000e+15,7.363107781851052636e-02
1.651200786538749250e+15,7.363107781851052636e-02
1.651200786540765750e+15,7.363107781851052636e-02
1.651200786542782250e+15,7.363107781851052636e-02
1.651200786544798500e+15,7.363107781851052636e-02
1.651200786546815000e+15,7.363107781851052636e-02
1.651200786548831500e+15,7.363107781851052636e-02
1.651200786550847750e+15,7.363107781851052636e-02
1.651200786552864250e+15,7.363107781851052636e-02
1.651200786554880750e+15,7.363107781851052636e-02
1.651200786556897000e+15,7.363107781851052636e-02
1.651200786558913500e+15,7.363107781851052636e-02
1.651200786560930000e+15,7.363107781851052636e-02
1.651200786562946250e+15,7.363107781851052636e-02
1.651200786564962750e+15,7.363107781851052636e-02
1.651200786566979000e+15,7.363107781851052636e-02
1.651200786568995500e+15,7.363107781851042921e-02
1.651200786571012000e+15,7.363107781851027656e-02
1.651200786573028250e+15,7.363107781851012390e-02
1.651200786575044750e+15,7.363107781850997124e-02
1.651200786577061250e+15,7.363107781850981859e-02
1.651200786579077500e+15,7.363107781850967981e-02
1.651200786581094000e+15,7.363107781850973532e-02
1.651200786583110500e+15,7.363107781850984634e-02
1.651200786585126750e+15,7.363107781850995737e-02
1.651200786587143250e+15,7.363107781851006839e-02
1.651200786589159750e+15,7.363107781851017941e-02
1.651200786591176000e+15,7.363107781851030431e-02
1.651200786593192500e+15,7.363107781851041533e-02
1.651200786595209000e+15,7.363107781851052636e-02
1.651200786597225250e+15,7.363107781851052636e-02
1.651200786599241750e+15,7.363107781851052636e-02
1.651200786601258000e+15,7.363107781851054023e-02
1.651200786603274500e+15,7.363107781851052636e-02
1.651200786605291000e+15,7.363107781851052636e-02
1.651200786607307250e+15,7.363107781851052636e-02
1.651200786609323750e+15,7.363107781851052636e-02
1.651200786611340250e+15,7.363107781851052636e-02
1.651200786613356500e+15,7.363107781851052636e-02
1.651200786615373000e+15,7.363107781851052636e-02
1.651200786617389500e+15,7.373036910715835557e-02
1.651200786619405750e+15,7.416229156829362568e-02
1.651200786621422250e+15,7.459426758460074858e-02
1.651200786623438750e+15,7.502624360090787148e-02
1.651200786625455000e+15,7.545816606204314159e-02
1.651200786627471500e+15,7.589014207835026449e-02
1.651200786629488000e+15,7.632211809465740127e-02
1.651200786631504250e+15,7.675404055579264362e-02
1.651200786633520750e+15,7.718601657209978040e-02
1.651200786635537000e+15,7.761793903323503663e-02
1.651200786637553500e+15,7.804991504954217341e-02
1.651200786639570000e+15,7.848189106584929631e-02
1.651200786641586250e+15,7.891381352698455254e-02
1.651200786643602750e+15,7.934578954329168932e-02
1.651200786645619250e+15,7.976700097005284817e-02
1.651200786647635500e+15,7.976700097005284817e-02
1.651200786649652000e+15,7.976700097005284817e-02
1.651200786651668500e+15,7.976700097005284817e-02
1.651200786653684750e+15,7.976700097005284817e-02
1.651200786655701250e+15,7.976700097005284817e-02
1.651200786657717750e+15,7.976700097005284817e-02
1.651200786659734000e+15,7.976700097005284817e-02
1.651200786661750500e+15,7.976700097005284817e-02
1.651200786663767000e+15,7.976700097005284817e-02
1.651200786665783250e+15,7.976700097005283430e-02
1.651200786667799750e+15,7.976700097005284817e-02
1.651200786669816000e+15,7.976700097005284817e-02
1.651200786671832500e+15,7.976700097005284817e-02
1.651200786673849000e+15,7.976700097005284817e-02
1.651200786675865250e+15,7.976700097005284817e-02
1.651200786677881750e+15,7.976700097005284817e-02
1.651200786679898250e+15,7.976700097005284817e-02
1.651200786681914500e+15,7.976700097005284817e-02
1.651200786683931000e+15,7.976700097005284817e-02
1.651200786685947500e+15,7.976700097005284817e-02
1.651200786687963750e+15,7.976700097005284817e-02
1.651200786689980250e+15,7.976700097005284817e-02
1.651200786691996750e+15,7.976700097005284817e-02
1.651200786694013000e+15,7.976700097005284817e-02
1.651200786696029500e+15,7.976700097005284817e-02
1.651200786698046000e+15,7.976700097005284817e-02
1.651200786700062250e+15,7.976700097005284817e-02
1.651200786702078750e+15,7.976700097005284817e-02
1.651200786704095000e+15,7.976700097005284817e-02
1.651200786706111500e+15,7.964703513974059901e-02
1.651200786708128000e+15,7.918137374065561951e-02
1.651200786710144250e+15,7.871577007296155781e-02
1.651200786712160750e+15,7.825010867387657831e-02
1.651200786714177250e+15,7.778444727479161269e-02
1.651200786716193500e+15,7.731884360709755100e-02
1.651200786718210000e+15,7.685318220801257150e-02
1.651200786720226500e+15,7.638752080892759200e-02
1.651200786722242750e+15,7.592191714123353030e-02
1.651200786724259250e+15,7.545625574214855080e-02
1.651200786726275750e+15,7.499059434306357130e-02
1.651200786728292000e+15,7.452499067536950961e-02
1.651200786730308500e+15,7.405932927628453011e-02
1.651200786732325000e+15,7.365977684699301364e-02
1.651200786734341250e+15,7.401696460118802057e-02
1.651200786736357750e+15,7.437419664400726771e-02
1.651200786738374000e+15,7.473138439820228851e-02
1.651200786740390500e+15,7.508861644102152177e-02
1.651200786742407000e+15,7.544584848384075504e-02
1.651200786744423250e+15,7.580303623803578972e-02
1.651200786746439750e+15,7.616026828085500910e-02
1.651200786748456250e+15,7.651750032367425625e-02
1.651200786750472500e+15,7.687468807786927705e-02
1.651200786752489000e+15,7.723192012068851031e-02
1.651200786754505500e+15,7.758915216350772970e-02
1.651200786756521750e+15,7.794633991770276438e-02
1.651200786758538250e+15,7.830357196052199764e-02
1.651200786760554750e+15,7.866080400334121703e-02
1.651200786762571000e+15,7.901799175753625171e-02
1.651200786764587500e+15,7.937522380035548497e-02
1.651200786766604000e+15,7.973245584317471824e-02
1.651200786768620250e+15,7.976700097005284817e-02
1.651200786770636750e+15,7.976700097005284817e-02
1.651200786772653000e+15,7.976700097005284817e-02
1.651200786774669500e+15,7.976700097005284817e-02
1.651200786776686000e+15,7.976700097005284817e-02
1.651200786778702250e+15,7.976700097005284817e-02
1.651200786780718750e+15,7.976700097005284817e-02
1.651200786782735250e+15,8.065509511040765134e-02
1.651200786784751500e+15,8.163130871841658975e-02
1.651200786786768000e+15,8.260764336965031873e-02
1.651200786788784500e+15,8.358397802088404771e-02
1.651200786790800750e+15,8.456019162889297225e-02
1.651200786792817250e+15,8.553652628012672898e-02
1.651200786794833750e+15,8.504501855110067898e-02
1.651200786796850000e+15,8.367192698014648544e-02
1.651200786798866500e+15,8.229866515605269162e-02
1.651200786800883000e+15,8.092540333195889779e-02
1.651200786802899250e+15,8.011409405699417008e-02
1.651200786804915750e+15,8.233427870351973932e-02
1.651200786806932000e+15,8.455418809779552403e-02
1.651200786808948500e+15,8.677437274432106551e-02
1.651200786810965000e+15,8.899455739084660699e-02
1.651200786812981250e+15,9.121446678512240558e-02
1.651200786814997750e+15,9.128067801628059197e-02
1.651200786817014250e+15,9.007472391929338684e-02
1.651200786819030500e+15,8.886891933310422931e-02
1.651200786821047000e+15,8.766296523611702418e-02
1.651200786823063500e+15,8.645701113912983293e-02
1.651200786825079750e+15,8.590292412159518387e-02
1.651200786827096250e+15,8.590292412159516999e-02
1.651200786829112750e+15,8.590292412159516999e-02
1.651200786831129000e+15,8.590292412159516999e-02
1.651200786833145500e+15,8.590292412159516999e-02
1.651200786835162000e+15,8.590292412159516999e-02
1.651200786837178250e+15,8.590292412159516999e-02
1.651200786839194750e+15,8.590292412159518387e-02
1.651200786841211000e+15,8.590292412159516999e-02
1.651200786843227500e+15,8.590292412159516999e-02
1.651200786845244000e+15,8.590292412159516999e-02
1.651200786847260250e+15,8.590292412159518387e-02
1.651200786849276750e+15,8.590292412159516999e-02
1.651200786851293250e+15,8.590292412159516999e-02
1.651200786853309500e+15,8.590292412159516999e-02
1.651200786855326000e+15,8.590292412159516999e-02
1.651200786857342500e+15,8.590292412159516999e-02
1.651200786859358750e+15,8.590292412159516999e-02
1.651200786861375250e+15,8.590292412159516999e-02
1.651200786863391750e+15,8.590292412159516999e-02
1.651200786865408000e+15,8.590292412159516999e-02
1.651200786867424500e+15,8.590292412159518387e-02
1.651200786869441000e+15,8.590292412159516999e-02
1.651200786871457250e+15,8.590292412159518387e-02
1.651200786873473750e+15,8.590292412159516999e-02
1.651200786875490000e+15,8.590292412159516999e-02
1.651200786877506500e+15,8.590292412159516999e-02
1.651200786879523000e+15,8.590292412159516999e-02
1.651200786881539250e+15,8.590292412159518387e-02
1.651200786883555750e+15,8.590292412159518387e-02
1.651200786885572250e+15,8.590292412159516999e-02
1.651200786887588500e+15,8.590292412159516999e-02
1.651200786889605000e+15,8.590292412159516999e-02
1.651200786891621500e+15,8.590292412159516999e-02
1.651200786893637750e+15,8.590292412159516999e-02
1.651200786895654250e+15,8.590292412159516999e-02
1.651200786897670750e+15,8.590292412159516999e-02
1.651200786899687000e+15,8.590292412159516999e-02
1.651200786901703500e+15,8.590292412159516999e-02
1.651200786903720000e+15,8.590292412159516999e-02
1.651200786905736250e+15,8.590292412159516999e-02
1.651200786907752750e+15,8.590292412159516999e-02
1.651200786909769000e+15,8.590292412159516999e-02
1.651200786911785500e+15,8.590292412159516999e-02
1.651200786913802000e+15,8.590292412159516999e-02
1.651200786915818250e+15,8.590292412159516999e-02
1.651200786917834750e+15,8.590292412159516999e-02
1.651200786919851250e+15,8.590292412159516999e-02
1.651200786921867500e+15,8.590292412159516999e-02
1.651200786923884000e+15,8.590292412159516999e-02
1.651200786925900500e+15,8.590292412159516999e-02
1.651200786927916750e+15,8.590292412159516999e-02
1.651200786929933250e+15,8.590292412159516999e-02
1.651200786931949750e+15,8.590292412159516999e-02
1.651200786933966000e+15,8.590292412159516999e-02
1.651200786935982500e+15,8.590292412159516999e-02
1.651200786937999000e+15,8.590292412159516999e-02
1.651200786940015250e+15,8.590292412159516999e-02
1.651200786942031750e+15,8.590292412159516999e-02
1.651200786944048000e+15,8.590292412159518387e-02
1.651200786946064500e+15,8.590292412159516999e-02
1.651200786948081000e+15,8.647673702229700943e-02
1.651200786950097250e+15,8.730787945120511984e-02
1.651200786952113750e+15,8.813912493559108996e-02
1.651200786954130250e+15,8.897037041997704621e-02
1.651200786956146500e+15,8.980151284888515661e-02
1.651200786958163000e+15,9.063275833327111286e-02
1.651200786960179500e+15,9.146400381765708298e-02
1.651200786962195750e+15,9.203884727313751957e-02
1.651200786964212250e+15,9.203884727313765834e-02
1.651200786966228750e+15,9.203884727313776937e-02
1.651200786968245000e+15,9.203884727313790814e-02
1.651200786970261500e+15,9.203884727313801917e-02
1.651200786972278000e+15,9.203884727313814407e-02
1.651200786974294250e+15,9.203884727313826897e-02
1.651200786976310750e+15,9.199901456803322164e-02
1.651200786978327000e+15,9.159895134677155382e-02
1.651200786980343500e+15,9.119883852064675223e-02
1.651200786982360000e+15,9.079872569452195064e-02
1.651200786984376250e+15,9.039866247326031057e-02
1.651200786986392750e+15,8.999854964713550898e-02
1.651200786988409250e+15,8.959843682101070739e-02
1.651200786990425500e+15,8.919837359974905344e-02
1.651200786992442000e+15,8.879826077362423797e-02
1.651200786994458500e+15,8.839814794749945026e-02
1.651200786996474750e+15,8.799808472623779632e-02
1.651200786998491250e+15,8.759797190011299473e-02
1.651200787000507750e+15,8.719785907398819313e-02
1.651200787002524000e+15,8.679779585272653919e-02
1.651200787004540500e+15,8.639768302660173760e-02
1.651200787006557000e+15,8.599757020047693601e-02
1.651200787008573250e+15,8.590292412159694635e-02
1.651200787010589750e+15,8.590292412159694635e-02
1.651200787012606000e+15,8.590292412159694635e-02
1.651200787014622500e+15,8.590292412159694635e-02
1.651200787016639000e+15,8.590292412159694635e-02
1.651200787018655250e+15,8.590292412159694635e-02
1.651200787020671750e+15,8.558930711382817247e-02
1.651200787022688250e+15,8.444312007954499211e-02
1.651200787024704500e+15,8.329707514630746434e-02
1.651200787026721000e+15,8.215088811202429786e-02
1.651200787028737500e+15,8.100470107774113138e-02
1.651200787030753750e+15,7.985865614450360361e-02
1.651200787032770250e+15,7.976700097005375023e-02
1.651200787034786750e+15,7.976700097005373635e-02
1.651200787036803000e+15,7.976700097005373635e-02
1.651200787038819500e+15,7.976700097005375023e-02
1.651200787040835750e+15,7.976700097005373635e-02
1.651200787042852250e+15,7.977181768106113291e-02
1.651200787044868750e+15,8.205720538610070114e-02
1.651200787046885000e+15,8.434230975519865781e-02
1.651200787048901500e+15,8.662769746023821216e-02
1.651200787050918000e+15,8.891308516527776651e-02
1.651200787052934250e+15,9.119818953437573705e-02
1.651200787054950750e+15,9.150349475012807543e-02
1.651200787056967250e+15,9.065663194357895249e-02
1.651200787058983500e+15,8.980987412869938236e-02
1.651200787061000000e+15,8.896301132215024554e-02
1.651200787063016500e+15,8.811614851560113648e-02
1.651200787065032750e+15,8.726939070072153859e-02
1.651200787067049250e+15,8.642252789417241565e-02
1.651200787069065750e+15,8.557566508762329271e-02
1.651200787071082000e+15,8.472890727274370870e-02
1.651200787073098500e+15,8.388204446619459964e-02
1.651200787075114750e+15,8.303528665131501563e-02
1.651200787077131250e+15,8.218842384476589269e-02
1.651200787079147750e+15,8.134156103821675587e-02
1.651200787081164000e+15,8.049480322333717186e-02
1.651200787083180500e+15,8.008054354637900163e-02
1.651200787085197000e+15,8.231073262984799077e-02
1.651200787087213250e+15,8.454064522074525301e-02
1.651200787089229750e+15,8.677083430421425603e-02
1.651200787091246250e+15,8.900102338768325905e-02
1.651200787093262500e+15,9.123093597858053516e-02
1.651200787095279000e+15,9.171197083681267848e-02
1.651200787097295500e+15,9.119941536725668929e-02
1.651200787099311750e+15,9.068692344288661888e-02
1.651200787101328250e+15,9.017436797333061582e-02
1.651200787103344750e+15,8.966181250377464051e-02
1.651200787105361000e+15,8.914932057940455623e-02
1.651200787107377500e+15,8.863676510984858092e-02
1.651200787109393750e+15,8.812427318547849664e-02
1.651200787111410250e+15,8.761171771592250745e-02
1.651200787113426750e+15,8.709916224636653215e-02
1.651200787115443000e+15,8.658667032199646174e-02
1.651200787117459500e+15,8.607411485244047256e-02
1.651200787119476000e+15,8.590292412159687696e-02
1.651200787121492250e+15,8.590292412159676594e-02
1.651200787123508750e+15,8.590292412159666879e-02
1.651200787125525250e+15,8.590292412159655777e-02
1.651200787127541500e+15,8.590292412159644675e-02
1.651200787129558000e+15,8.590292412159634960e-02
1.651200787131574500e+15,8.590292412159623858e-02
1.651200787133590750e+15,8.590292412159612756e-02
1.651200787135607250e+15,8.529070570699821829e-02
1.651200787137623750e+15,8.361163269368770967e-02
1.651200787139640000e+15,8.193276784712817673e-02
1.651200787141656500e+15,8.025369483381766811e-02
1.651200787143672750e+15,8.100277364866123597e-02
1.651200787145689250e+15,8.274325599991810831e-02
1.651200787147705750e+15,8.448373835117498065e-02
1.651200787149722000e+15,8.622400492232382141e-02
1.651200787151738500e+15,8.796448727358069375e-02
1.651200787153755000e+15,8.970496962483757997e-02
1.651200787155771250e+15,9.144523619598642072e-02
1.651200787157787750e+15,9.137420979962301848e-02
1.651200787159804250e+15,9.036556147198895883e-02
1.651200787161820500e+15,8.935703819373844170e-02
1.651200787163837000e+15,8.834838986610439593e-02
1.651200787165853500e+15,8.733974153847033628e-02
1.651200787167869750e+15,8.633121826021983303e-02
1.651200787169886250e+15,8.532256993258578726e-02
1.651200787171902750e+15,8.431392160495174148e-02
1.651200787173919000e+15,8.330539832670122435e-02
1.651200787175935500e+15,8.229674999906719246e-02
1.651200787177951750e+15,8.128822672081667533e-02
1.651200787179968250e+15,8.027957839318261568e-02
1.651200787181984750e+15,7.858756463212338006e-02
1.651200787184001000e+15,7.618974409635477507e-02
1.651200787186017500e+15,7.379162624867846576e-02
1.651200787188034000e+15,7.139350840100212869e-02
1.651200787190050250e+15,6.899568786523352371e-02
1.651200787192066750e+15,6.845569559588524089e-02
1.651200787194083250e+15,7.102201660703434671e-02
1.651200787196099500e+15,7.358801945292048341e-02
1.651200787198116000e+15,7.615434046406957536e-02
1.651200787200132500e+15,7.872066147521868118e-02
1.651200787202148750e+15,8.128666432110481788e-02
1.651200787204165250e+15,8.385298533225392370e-02
1.651200787206181750e+15,8.477923265258617558e-02
1.651200787208198000e+15,7.919539303609529624e-02
1.651200787210214500e+15,7.361086106503322846e-02
1.651200787212230750e+15,6.802702144854234911e-02
1.651200787214247250e+15,6.244248947748028133e-02
1.651200787216263750e+15,5.685795750641823437e-02
1.651200787218280000e+15,5.476169789624527051e-02
1.651200787220296500e+15,5.410893667044274630e-02
1.651200787222313000e+15,5.345617544464021514e-02
1.651200787224329250e+15,5.280349514633903008e-02
1.651200787226345750e+15,5.215073392053649892e-02
1.651200787228362250e+15,5.149797269473398165e-02
1.651200787230378500e+15,5.084529239643278964e-02
1.651200787232395000e+15,5.019253117063026542e-02
1.651200787234411500e+15,4.953976994482773427e-02
1.651200787236427750e+15,4.993307925377644257e-02
1.651200787238444250e+15,5.268918759244971967e-02
1.651200787240460750e+15,5.544529593112298982e-02
1.651200787242477000e+15,5.820106257523408044e-02
1.651200787244493500e+15,6.095717091390735060e-02
1.651200787246509750e+15,6.371293755801843428e-02
1.651200787248526250e+15,6.646904589669171137e-02
1.651200787250542750e+15,6.685805653899275225e-02
1.651200787252559000e+15,6.584320439557825311e-02
1.651200787254575500e+15,6.482822641804800168e-02
1.651200787256592000e+15,6.381324844051776413e-02
1.651200787258608250e+15,6.279839629710326498e-02
1.651200787260624750e+15,6.178341831957302049e-02
1.651200787262641250e+15,6.076844034204278988e-02
1.651200787264657500e+15,5.975358819862827686e-02
1.651200787266674000e+15,5.873861022109803931e-02
1.651200787268690500e+15,5.772363224356779482e-02
1.651200787270706750e+15,5.670878010015328874e-02
1.651200787272723250e+15,5.569380212262305119e-02
1.651200787274739750e+15,5.484868736438214265e-02
1.651200787276756000e+15,5.415043953424900081e-02
1.651200787278772500e+15,5.345210512657957297e-02
1.651200787280788750e+15,5.275385729644643806e-02
1.651200787282805250e+15,5.205552288877700329e-02
1.651200787284821750e+15,5.135718848110758239e-02
1.651200787286838000e+15,5.065894065097444054e-02
1.651200787288854500e+15,4.996060624330501965e-02
1.651200787290871000e+15,4.926227183563558487e-02
1.651200787292887250e+15,4.908738521234123908e-02
1.651200787294903750e+15,4.908738521234123908e-02
1.651200787296920250e+15,4.908738521234123908e-02
1.651200787298936500e+15,4.908738521234123908e-02
1.651200787300953000e+15,4.908738521234123908e-02
1.651200787302969500e+15,4.908738521234123908e-02
1.651200787304985750e+15,4.908738521234123908e-02
1.651200787307002250e+15,4.908738521234123908e-02
1.651200787309018750e+15,4.908738521234123214e-02
1.651200787311035000e+15,4.908738521234123908e-02
1.651200787313051500e+15,4.908738521234123908e-02
1.651200787315067750e+15,4.908738521234113500e-02
1.651200787317084250e+15,4.908738521234093377e-02
1.651200787319100750e+15,4.908738521234071867e-02
1.651200787321117000e+15,4.908738521234051744e-02
1.651200787323133500e+15,4.908738521234030927e-02
1.651200787325150000e+15,4.908738521234010110e-02
1.651200787327166250e+15,4.908738521233988600e-02
1.651200787329182750e+15,4.908738521233967783e-02
1.651200787331199250e+15,4.908738521233947660e-02
1.651200787333215500e+15,4.908738521233964314e-02
1.651200787335232000e+15,4.908738521233985130e-02
1.651200787337248500e+15,4.908738521234004559e-02
1.651200787339264750e+15,4.908738521234023988e-02
1.651200787341281250e+15,4.908738521234044805e-02
1.651200787343297750e+15,4.908738521234063540e-02
1.651200787345314000e+15,4.908738521234084357e-02
1.651200787347330500e+15,4.908738521234103785e-02
1.651200787349346750e+15,4.908738521234123908e-02
1.651200787351363250e+15,4.908738521234123214e-02
1.651200787353379750e+15,4.908738521234123908e-02
1.651200787355396000e+15,4.908738521234123908e-02
1.651200787357412500e+15,4.908738521234123908e-02
1.651200787359429000e+15,4.908738521234123908e-02
1.651200787361445250e+15,4.921678042769798977e-02
1.651200787363461750e+15,5.003924048054862739e-02
1.651200787365478250e+15,5.086170053339927194e-02
1.651200787367494500e+15,5.168405861996516054e-02
1.651200787369511000e+15,5.250651867281580509e-02
1.651200787371527500e+15,5.332897872566644965e-02
1.651200787373543750e+15,5.415133681223233131e-02
1.651200787375560250e+15,5.497379686508298280e-02
1.651200787377576750e+15,5.522330836388325559e-02
1.651200787379593000e+15,5.522330836388281844e-02
1.651200787381609500e+15,5.522330836388238129e-02
1.651200787383625750e+15,5.522330836388193720e-02
1.651200787385642250e+15,5.522330836388150699e-02
1.651200787387658750e+15,5.522330836388106290e-02
1.651200787389675000e+15,5.407465329896666423e-02
1.651200787391691500e+15,5.222902545960445703e-02
1.651200787393708000e+15,5.038339762024225676e-02
1.651200787395724250e+15,4.853799859663003591e-02
1.651200787397740750e+15,4.669237075726784258e-02
1.651200787399757250e+15,4.484674291790563538e-02
1.651200787401773500e+15,4.300134389429342147e-02
1.651200787403790000e+15,4.394426110609893354e-02
1.651200787405806500e+15,4.496463790265910199e-02
1.651200787407822750e+15,4.598488819577313536e-02
1.651200787409839250e+15,4.700526499233331074e-02
1.651200787411855750e+15,4.802564178889348612e-02
1.651200787413872000e+15,4.904589208200751949e-02
1.651200787415888500e+15,4.908738521234116275e-02
1.651200787417904750e+15,4.908738521234108643e-02
1.651200787419921250e+15,4.908738521234101010e-02
1.651200787421937750e+15,4.908738521234092683e-02
1.651200787423954000e+15,4.908738521234085050e-02
1.651200787425970500e+15,4.908738521234076724e-02
1.651200787427987000e+15,4.908738521234069091e-02
1.651200787430003250e+15,4.908738521234060764e-02
1.651200787432019750e+15,4.908738521234053132e-02
1.651200787434036250e+15,4.908738521234045499e-02
1.651200787436052500e+15,4.908738521234037172e-02
1.651200787438069000e+15,4.908738521234046193e-02
1.651200787440085500e+15,4.908738521234062846e-02
1.651200787442101750e+15,4.908738521234078112e-02
1.651200787444118250e+15,4.908738521234094765e-02
1.651200787446134750e+15,4.908738521234110030e-02
1.651200787448151000e+15,4.915141468390712975e-02
1.651200787450167500e+15,4.986084012024019629e-02
1.651200787452183750e+15,5.057017760400243922e-02
1.651200787454200250e+15,5.127960304033550576e-02
1.651200787456216750e+15,5.198902847666858618e-02
1.651200787458233000e+15,5.269836596043081522e-02
1.651200787460249500e+15,5.340779139676388870e-02
1.651200787462266000e+15,5.411721683309696218e-02
1.651200787464282250e+15,5.482655431685919817e-02
1.651200787466298750e+15,5.508154265039061359e-02
1.651200787468315250e+15,5.475988801043726872e-02
1.651200787470331500e+15,5.443827324832176823e-02
1.651200787472348000e+15,5.411661860836842336e-02
1.651200787474364500e+15,5.379496396841508543e-02
1.651200787476380750e+15,5.347334920629957800e-02
1.651200787478397250e+15,5.315169456634624701e-02
1.651200787480413750e+15,5.283003992639290214e-02
1.651200787482430000e+15,5.250842516427739470e-02
1.651200787484446500e+15,5.218677052432404984e-02
1.651200787486462750e+15,5.186515576220854934e-02
1.651200787488479250e+15,5.154350112225521141e-02
1.651200787490495750e+15,5.122184648230186654e-02
1.651200787492512000e+15,5.090023172018636605e-02
1.651200787494528500e+15,5.057857708023302118e-02
1.651200787496545000e+15,5.025692244027968325e-02
1.651200787498561250e+15,4.993530767816417582e-02
1.651200787500577750e+15,4.961365303821083789e-02
1.651200787502594250e+15,4.929199839825749996e-02
1.651200787504610500e+15,4.908738521234123908e-02
1.651200787506627000e+15,4.908738521234124602e-02
1.651200787508643500e+15,4.908738521234123908e-02
1.651200787510659750e+15,4.908738521234123908e-02
1.651200787512676250e+15,4.908738521234123908e-02
1.651200787514692750e+15,4.908738521234123908e-02
1.651200787516709000e+15,4.908738521234123908e-02
1.651200787518725500e+15,4.915638894262221170e-02
1.651200787520741750e+15,4.981733322375757333e-02
1.651200787522758250e+15,5.047835945706667660e-02
1.651200787524774750e+15,5.113938569037576598e-02
1.651200787526791000e+15,5.180032997151114149e-02
1.651200787528807500e+15,5.246135620482024475e-02
1.651200787530824000e+15,5.312238243812934801e-02
1.651200787532840250e+15,5.378332671926470965e-02
1.651200787534856750e+15,5.444435295257380597e-02
1.651200787536873250e+15,5.510537918588290923e-02
1.651200787538889500e+15,5.455868031833542575e-02
1.651200787540906000e+15,5.374961152639914225e-02
1.651200787542922500e+15,5.294054273446287262e-02
1.651200787544938750e+15,5.213157424860046657e-02
1.651200787546955250e+15,5.132250545666419694e-02
1.651200787548971750e+15,5.051343666472791344e-02
1.651200787550988000e+15,4.970446817886552127e-02
1.651200787553004500e+15,4.908738521234038560e-02
1.651200787555020750e+15,4.908738521234054519e-02
1.651200787557037250e+15,4.908738521234070479e-02
1.651200787559053750e+15,4.908738521234085744e-02
1.651200787561070000e+15,4.908738521234101704e-02
1.651200787563086500e+15,4.908738521234117663e-02
1.651200787565103000e+15,4.908738521234123908e-02
1.651200787567119250e+15,4.908738521234123908e-02
1.651200787569135750e+15,4.908738521234123908e-02
1.651200787571152250e+15,4.908738521234123908e-02
1.651200787573168500e+15,4.908738521234123908e-02
1.651200787575185000e+15,4.908738521234123908e-02
1.651200787577201500e+15,4.908738521234123908e-02
1.651200787579217750e+15,4.908738521234123908e-02
1.651200787581234250e+15,4.908738521234123908e-02
1.651200787583250750e+15,4.908738521234123908e-02
1.651200787585267000e+15,4.859722916196518999e-02
1.651200787587283500e+15,4.808028372494464048e-02
1.651200787589299750e+15,4.756340237736582377e-02
1.651200787591316250e+15,4.704645694034528119e-02
1.651200787593332750e+15,4.652951150332472474e-02
1.651200787595349000e+15,4.601263015574590109e-02
1.651200787597365500e+15,4.549568471872535158e-02
1.651200787599382000e+15,4.497873928170480207e-02
1.651200787601398250e+15,4.446185793412598536e-02
1.651200787603414750e+15,4.394491249710542891e-02
1.651200787605431250e+15,4.342796706008488633e-02
1.651200787607447500e+15,4.286140448029595457e-02
1.651200787609464000e+15,4.170838155278842885e-02
1.651200787611480500e+15,4.055535862528089619e-02
1.651200787613496750e+15,3.940247864631384045e-02
1.651200787615513250e+15,3.824945571880631473e-02
1.651200787617529750e+15,3.709643279129878901e-02
1.651200787619546000e+15,3.603315740372932396e-02
1.651200787621562500e+15,3.499861818674851466e-02
1.651200787623578750e+15,3.396420722903091549e-02
1.651200787625595250e+15,3.292966801205010619e-02
1.651200787627611750e+15,3.189512879506929688e-02
1.651200787629628000e+15,3.086071783735169077e-02
1.651200787631644500e+15,3.134893432575024813e-02
1.651200787633661000e+15,3.216028442641144514e-02
1.651200787635677250e+15,3.297153393816852629e-02
1.651200787637693750e+15,3.378288403882972329e-02
1.651200787639710250e+15,3.459423413949092030e-02
1.651200787641726500e+15,3.540548365124800145e-02
1.651200787643743000e+15,3.621683375190920540e-02
1.651200787645759500e+15,3.681553890925307743e-02
1.651200787647775750e+15,3.681553890925319539e-02
1.651200787649792250e+15,3.681553890925331335e-02
1.651200787651808750e+15,3.681553890925343131e-02
1.651200787653825000e+15,3.681553890925355621e-02
1.651200787655841500e+15,3.681553890925366723e-02
1.651200787657857750e+15,3.681553890925379213e-02
1.651200787659874250e+15,3.681553890925390315e-02
1.651200787661890750e+15,3.681553890925393091e-02
1.651200787663907000e+15,3.681553890925393091e-02
1.651200787665923500e+15,3.681553890925393091e-02
1.651200787667940000e+15,3.681553890925393091e-02
1.651200787669956250e+15,3.681553890925393091e-02
1.651200787671972750e+15,3.681553890925393091e-02
1.651200787673989250e+15,3.681553890925393091e-02
1.651200787676005500e+15,3.681553890925393091e-02
1.651200787678022000e+15,3.681553890925393091e-02
1.651200787680038500e+15,3.681553890925393091e-02
1.651200787682054750e+15,3.681553890925393091e-02
1.651200787684071250e+15,3.681553890925393091e-02
1.651200787686087750e+15,3.681553890925393091e-02
1.651200787688104000e+15,3.681553890925393091e-02
1.651200787690120500e+15,3.681553890925384070e-02
1.651200787692136750e+15,3.681553890925375050e-02
1.651200787694153250e+15,3.681553890925365335e-02
1.651200787696169750e+15,3.681553890925356315e-02
1.651200787698186000e+15,3.681553890925347294e-02
1.651200787700202500e+15,3.681553890925338274e-02
1.651200787702219000e+15,3.681553890925328559e-02
1.651200787704235250e+15,3.681553890925319539e-02
1.651200787706251750e+15,3.681553890925310518e-02
1.651200787708268250e+15,3.681553890925307049e-02
1.651200787710284500e+15,3.681553890925317457e-02
1.651200787712301000e+15,3.681553890925326478e-02
1.651200787714317500e+15,3.681553890925335498e-02
1.651200787716333750e+15,3.681553890925345907e-02
1.651200787718350250e+15,3.681553890925354927e-02
1.651200787720366750e+15,3.681553890925364642e-02
1.651200787722383000e+15,3.681553890925374356e-02
1.651200787724399500e+15,3.681553890925384070e-02
1.651200787726415750e+15,3.681553890925393785e-02
1.651200787728432250e+15,3.681553890925393091e-02
1.651200787730448750e+15,3.681553890925393091e-02
1.651200787732465000e+15,3.681553890925393091e-02
1.651200787734481500e+15,3.681553890925393091e-02
1.651200787736498000e+15,3.681553890925393091e-02
1.651200787738514250e+15,3.681553890925393091e-02
1.651200787740530750e+15,3.681553890925393091e-02
1.651200787742547250e+15,3.681553890925393785e-02
1.651200787744563500e+15,3.681553890925393785e-02
1.651200787746580000e+15,3.681553890925393091e-02
1.651200787748596500e+15,3.681553890925393091e-02
1.651200787750612750e+15,3.681553890925393091e-02
1.651200787752629250e+15,3.681553890925393091e-02
1.651200787754645750e+15,3.681553890925393091e-02
1.651200787756662000e+15,3.681553890925393091e-02
1.651200787758678500e+15,3.681553890925393785e-02
1.651200787760694750e+15,3.681553890925386846e-02
1.651200787762711250e+15,3.681553890925374356e-02
1.651200787764727750e+15,3.681553890925361866e-02
1.651200787766744000e+15,3.681553890925349376e-02
1.651200787768760500e+15,3.681553890925336192e-02
1.651200787770777000e+15,3.681553890925324396e-02
1.651200787772793250e+15,3.681553890925311212e-02
1.651200787774809750e+15,3.681553890925311906e-02
1.651200787776826250e+15,3.681553890925330641e-02
1.651200787778842500e+15,3.681553890925348682e-02
1.651200787780859000e+15,3.681553890925366723e-02
1.651200787782875500e+15,3.681553890925384764e-02
1.651200787784891750e+15,3.681553890925393091e-02
1.651200787786908250e+15,3.681553890925393091e-02
1.651200787788924750e+15,3.681553890925393785e-02
1.651200787790941000e+15,3.681553890925393091e-02
1.651200787792957500e+15,3.681553890925393091e-02
1.651200787794973750e+15,3.681553890925393091e-02
1.651200787796990250e+15,3.681553890925393091e-02
1.651200787799006750e+15,3.681553890925393091e-02
1.651200787801023000e+15,3.681553890925393091e-02
1.651200787803039500e+15,3.681553890925393091e-02
1.651200787805056000e+15,3.681553890925396560e-02
1.651200787807072250e+15,3.681553890925427092e-02
1.651200787809088750e+15,3.681553890925458317e-02
1.651200787811105250e+15,3.681553890925488848e-02
1.651200787813121500e+15,3.681553890925518685e-02
1.651200787815138000e+15,3.681553890925549216e-02
1.651200787817154500e+15,3.681553890925570727e-02
1.651200787819170750e+15,3.681553890925570727e-02
1.651200787821187250e+15,3.681553890925570727e-02
1.651200787823203750e+15,3.681553890925570727e-02
1.651200787825220000e+15,3.681553890925570727e-02
1.651200787827236500e+15,3.681553890925570727e-02
1.651200787829252750e+15,3.681553890925570727e-02
1.651200787831269250e+15,3.681553890925570727e-02
1.651200787833285750e+15,3.681553890925570727e-02
1.651200787835302000e+15,3.681553890925570727e-02
1.651200787837318500e+15,3.681553890925570727e-02
1.651200787839335000e+15,3.681553890925571421e-02
1.651200787841351250e+15,3.681553890925570727e-02
1.651200787843367750e+15,3.681553890925571421e-02
1.651200787845384250e+15,3.681553890925570727e-02
1.651200787847400500e+15,3.681553890925570727e-02
1.651200787849417000e+15,3.681553890925570727e-02
1.651200787851433500e+15,3.681553890925570727e-02
1.651200787853449750e+15,3.681553890925570727e-02
1.651200787855466250e+15,3.681553890925570727e-02
1.651200787857482750e+15,3.681553890925570727e-02
1.651200787859499000e+15,3.681553890925570727e-02
1.651200787861515500e+15,3.681553890925570727e-02
1.651200787863531750e+15,3.681553890925570727e-02
1.651200787865548250e+15,3.681553890925570727e-02
1.651200787867564750e+15,3.681553890925570727e-02
1.651200787869581000e+15,3.681553890925570727e-02
1.651200787871597500e+15,3.681553890925570727e-02
1.651200787873614000e+15,3.681553890925570727e-02
1.651200787875630250e+15,3.681553890925570727e-02
1.651200787877646750e+15,3.681553890925570727e-02
1.651200787879663250e+15,3.681553890925570727e-02
1.651200787881679500e+15,3.681553890925570727e-02
1.651200787883696000e+15,3.681553890925570727e-02
1.651200787885712500e+15,3.681553890925570727e-02
1.651200787887728750e+15,3.681553890925570727e-02
1.651200787889745250e+15,3.681553890925570727e-02
1.651200787891761750e+15,3.681553890925570727e-02
1.651200787893778000e+15,3.681553890925571421e-02
1.651200787895794500e+15,3.681553890925570727e-02
1.651200787897810750e+15,3.681553890925570727e-02
1.651200787899827250e+15,3.681553890925570727e-02
1.651200787901843750e+15,3.681553890925570727e-02
1.651200787903860000e+15,3.681553890925570727e-02
1.651200787905876500e+15,3.681553890925570727e-02
1.651200787907893000e+15,3.681553890925570727e-02
1.651200787909909250e+15,3.681553890925570727e-02
1.651200787911925750e+15,3.681553890925570727e-02
1.651200787913942250e+15,3.681553890925570727e-02
1.651200787915958500e+15,3.681553890925570727e-02
1.651200787917975000e+15,3.681553890925570727e-02
1.651200787919991500e+15,3.681553890925570727e-02
1.651200787922007750e+15,3.681553890925571421e-02
1.651200787924024250e+15,3.681553890925570727e-02
1.651200787926040750e+15,3.681553890925570727e-02
1.651200787928057000e+15,3.681553890925570727e-02
1.651200787930073500e+15,3.681553890925570727e-02
1.651200787932089750e+15,3.681553890925570727e-02
1.651200787934106250e+15,3.681553890925571421e-02
1.651200787936122750e+15,3.681553890925570727e-02
1.651200787938139000e+15,3.681553890925570727e-02
1.651200787940155500e+15,3.681553890925570727e-02
1.651200787942172000e+15,3.681553890925570727e-02
1.651200787944188250e+15,3.681553890925570727e-02
1.651200787946204750e+15,3.681553890925570727e-02
1.651200787948221250e+15,3.681553890925570727e-02
1.651200787950237500e+15,3.681553890925570033e-02
1.651200787952254000e+15,3.681553890925570033e-02
1.651200787954270500e+15,3.681553890925570033e-02
1.651200787956286750e+15,3.681553890925569339e-02
1.651200787958303250e+15,3.681553890925569339e-02
1.651200787960319750e+15,3.681553890925569339e-02
1.651200787962336000e+15,3.681553890925569339e-02
1.651200787964352500e+15,3.681553890925568645e-02
1.651200787966368750e+15,3.681553890925568645e-02
1.651200787968385250e+15,3.681553890925568645e-02
1.651200787970401750e+15,3.681553890925568645e-02
1.651200787972418000e+15,3.681553890925567951e-02
1.651200787974434500e+15,3.721523812863431618e-02
1.651200787976451000e+15,3.776672186170104695e-02
1.651200787978467250e+15,3.831813722336521039e-02
1.651200787980483750e+15,3.886962095643194115e-02
1.651200787982500250e+15,3.942110468949866497e-02
1.651200787984516500e+15,3.997252005116283535e-02
1.651200787986533000e+15,4.052400378422955224e-02
1.651200787988549500e+15,4.107548751729628300e-02
1.651200787990565750e+15,4.162690287896044644e-02
1.651200787992582250e+15,4.217838661202717720e-02
1.651200787994598750e+15,4.272987034509390797e-02
1.651200787996615000e+15,4.234925475930385874e-02
1.651200787998631500e+15,4.134233019590174973e-02
1.651200788000647750e+15,4.033553046817575649e-02
1.651200788002664250e+15,3.932860590477364748e-02
1.651200788004680750e+15,3.832168134137154542e-02
1.651200788006697000e+15,3.731488161364553829e-02
1.651200788008713500e+15,3.681553890925570033e-02
1.651200788010730000e+15,3.681553890925570727e-02
1.651200788012746250e+15,3.681553890925570727e-02
1.651200788014762750e+15,3.681553890925570033e-02
1.651200788016779250e+15,3.681553890925570727e-02
1.651200788018795500e+15,3.681553890925571421e-02
1.651200788020812000e+15,3.681553890925570727e-02
1.651200788022828500e+15,3.681553890925570727e-02
1.651200788024844750e+15,3.681553890925570727e-02
1.651200788026861250e+15,3.681553890925571421e-02
1.651200788028877750e+15,3.744069254704386618e-02
1.651200788030894000e+15,3.846985443493149137e-02
1.651200788032910500e+15,3.949914393123670625e-02
1.651200788034926750e+15,4.052830581912433838e-02
1.651200788036943250e+15,4.155759531542955326e-02
1.651200788038959750e+15,4.258688481173477508e-02
1.651200788040976000e+15,4.218336553706874409e-02
1.651200788042992500e+15,4.099375982270617169e-02
1.651200788045009000e+15,3.980415410834360623e-02
1.651200788047025250e+15,3.861469587795257619e-02
1.651200788049041750e+15,3.742509016359000379e-02
1.651200788051058250e+15,3.681553890925570033e-02
1.651200788053074500e+15,3.681553890925570727e-02
1.651200788055091000e+15,3.681553890925570727e-02
1.651200788057107500e+15,3.681553890925570727e-02
1.651200788059123750e+15,3.681553890925570727e-02
1.651200788061140250e+15,3.681553890925570727e-02
1.651200788063156750e+15,3.681553890925570727e-02
1.651200788065173000e+15,3.681553890925570727e-02
1.651200788067189500e+15,3.681553890925570727e-02
1.651200788069205750e+15,3.681553890925571421e-02
1.651200788071222250e+15,3.681553890925570727e-02
1.651200788073238750e+15,3.681553890925570727e-02
1.651200788075255000e+15,3.681553890925570727e-02
1.651200788077271500e+15,3.681553890925570727e-02
1.651200788079288000e+15,3.681553890925570727e-02
1.651200788081304250e+15,3.681553890925570727e-02
1.651200788083320750e+15,3.738542509689354865e-02
1.651200788085337250e+15,3.815014011760337054e-02
1.651200788087353500e+15,3.891476033109516480e-02
1.651200788089370000e+15,3.967947535180499363e-02
1.651200788091386500e+15,4.044419037251482246e-02
1.651200788093402750e+15,4.120881058600661673e-02
1.651200788095419250e+15,4.197352560671643862e-02
1.651200788097435750e+15,4.273824062742627439e-02
1.651200788099452000e+15,4.350286084091806171e-02
1.651200788101468500e+15,4.426757586162789054e-02
1.651200788103484750e+15,4.503219607511967787e-02
1.651200788105501250e+15,4.579691109582950670e-02
1.651200788107517750e+15,4.656162611653934247e-02
1.651200788109534000e+15,4.732624633003112286e-02
1.651200788111550500e+15,4.809096135074095862e-02
1.651200788113567000e+15,4.885567637145078745e-02
1.651200788115583250e+15,4.659334919854171697e-02
1.651200788117599750e+15,4.301446741820025288e-02
1.651200788119616250e+15,3.943558563785879573e-02
1.651200788121632500e+15,3.585714755721735453e-02
1.651200788123649000e+15,3.227826577687589737e-02
1.651200788125665500e+15,2.869938399653443328e-02
1.651200788127681750e+15,2.512094591589298861e-02
1.651200788129698250e+15,2.549714538364598534e-02
1.651200788131714750e+15,2.663395988521581603e-02
1.651200788133731000e+15,2.777063344772023185e-02
1.651200788135747500e+15,2.890744794929005906e-02
1.651200788137763750e+15,3.004412151179447488e-02
1.651200788139780250e+15,3.118093601336430556e-02
1.651200788141796750e+15,3.231775051493412931e-02
1.651200788143813000e+15,3.345442407743854513e-02
1.651200788145829500e+15,3.459123857900837928e-02
1.651200788147846000e+15,3.572805308057820650e-02
1.651200788149862250e+15,3.681553890925570727e-02
1.651200788151878750e+15,3.681553890925570727e-02
1.651200788153895250e+15,3.681553890925570727e-02
1.651200788155911500e+15,3.681553890925570727e-02
1.651200788157928000e+15,3.681553890925570727e-02
1.651200788159944500e+15,3.700671789358495750e-02
1.651200788161960750e+15,3.801184078055714483e-02
1.651200788163977250e+15,3.901708829528966610e-02
1.651200788165993750e+15,4.002233581002218044e-02
1.651200788168010000e+15,4.102745869699436776e-02
1.651200788170026500e+15,4.203270621172688903e-02
1.651200788172042750e+15,4.303782909869907636e-02
1.651200788174059250e+15,4.404307661343159763e-02
1.651200788176075750e+15,4.504832412816410503e-02
1.651200788178092000e+15,4.605344701513630623e-02
1.651200788180108500e+15,4.705869452986881363e-02
1.651200788182125000e+15,4.806394204460132796e-02
1.651200788184141250e+15,4.906906493157352916e-02
1.651200788186157750e+15,4.908738521234038560e-02
1.651200788188174250e+15,4.908738521234036478e-02
1.651200788190190500e+15,4.908738521234035090e-02
1.651200788192207000e+15,4.908738521234033703e-02
1.651200788194223500e+15,4.908738521234031621e-02
1.651200788196239750e+15,4.908738521234029539e-02
1.651200788198256250e+15,4.812634664882930319e-02
1.651200788200272750e+15,4.683546620698422758e-02
1.651200788202289000e+15,4.554474580486662927e-02
1.651200788204305500e+15,4.425386536302156060e-02
1.651200788206321750e+15,4.296314496090396229e-02
1.651200788208338250e+15,4.167226451905889362e-02
1.651200788210354750e+15,4.038138407721381801e-02
1.651200788212371000e+15,3.909066367509621970e-02
1.651200788214387500e+15,3.779978323325114409e-02
1.651200788216404000e+15,3.792597686814525720e-02
1.651200788218420250e+15,4.260013247276123183e-02
1.651200788220436750e+15,4.727486763789855162e-02
1.651200788222453250e+15,5.194960280303585753e-02
1.651200788224469500e+15,5.662375840765183910e-02
1.651200788226486000e+15,6.129849357278915889e-02
1.651200788228502500e+15,6.597322873792647868e-02
1.651200788230518750e+15,6.664691132563943521e-02
1.651200788232535250e+15,6.538897222081176130e-02
1.651200788234551750e+15,6.413103311598408740e-02
1.651200788236568000e+15,6.287324996690953072e-02
1.651200788238584500e+15,6.161531086208185681e-02
1.651200788240600750e+15,6.197564534178905821e-02
1.651200788242617250e+15,6.274973749863872741e-02
1.651200788244633750e+15,6.352382965548838967e-02
1.651200788246650000e+15,6.429782584256904521e-02
1.651200788248666500e+15,6.507191799941872135e-02
1.651200788250683000e+15,6.584601015626839748e-02
1.651200788252699250e+15,6.662000634334905302e-02
1.651200788254715750e+15,6.739409850019871528e-02
1.651200788256732250e+15,6.641434819030757331e-02
1.651200788258748500e+15,6.517141303641225958e-02
1.651200788260765000e+15,6.392832376780471781e-02
1.651200788262781500e+15,6.268523449919718993e-02
1.651200788264797750e+15,6.144229934530186232e-02
1.651200788266814250e+15,6.019921007669433444e-02
1.651200788268830750e+15,5.895612080808680655e-02
1.651200788270847000e+15,5.771318565419147895e-02
1.651200788272863500e+15,5.647009638558395106e-02
1.651200788274879750e+15,5.522716123168861652e-02
1.651200788276896250e+15,5.522330836388360253e-02
1.651200788278912750e+15,5.522330836388358866e-02
1.651200788280929000e+15,5.522330836388356784e-02
1.651200788282945500e+15,5.522330836388354702e-02
1.651200788284962000e+15,5.522330836388353315e-02
1.651200788286978250e+15,5.522330836388351927e-02
1.651200788288994750e+15,5.639880213707765266e-02
1.651200788291011250e+15,5.992222568764769136e-02
1.651200788293027500e+15,6.344521241407310996e-02
1.651200788295044000e+15,6.696863596464314172e-02
1.651200788297060500e+15,7.049205951521318736e-02
1.651200788299076750e+15,7.368986358441502460e-02
1.651200788301093250e+15,7.422930156824408821e-02
1.651200788303109750e+15,7.476873955207313793e-02
1.651200788305126000e+15,7.530811065789773384e-02
1.651200788307142500e+15,7.584754864172678357e-02
1.651200788309158750e+15,7.638691974755137948e-02
1.651200788311175250e+15,7.692635773138042921e-02
1.651200788313191750e+15,7.746579571520947893e-02
1.651200788315208000e+15,7.800516682103408872e-02
1.651200788317224500e+15,7.854460480486313845e-02
1.651200788319241000e+15,7.908404278869217430e-02
1.651200788321257250e+15,7.962341389451679796e-02
1.651200788323273750e+15,8.063886886745097460e-02
1.651200788325290250e+15,8.182698957371993542e-02
1.651200788327306500e+15,8.301496298012450703e-02
1.651200788329323000e+15,8.420308368639348173e-02
1.651200788331339500e+15,8.539120439266245643e-02
1.651200788333355750e+15,8.502948919697950192e-02
1.651200788335372250e+15,8.349493766094007174e-02
1.651200788337388750e+15,8.196038612490062769e-02
1.651200788339405000e+15,8.042602483824577708e-02
1.651200788341421500e+15,7.889147330220633303e-02
1.651200788343437750e+15,7.735711201555148242e-02
1.651200788345454250e+15,7.582256047951203837e-02
1.651200788347470750e+15,7.428800894347259431e-02
1.651200788349487000e+15,7.298127580760550848e-02
1.651200788351503500e+15,7.184482675731065915e-02
1.651200788353520000e+15,7.070837770701583758e-02
1.651200788355536250e+15,6.957206955047877395e-02
1.651200788357552750e+15,6.843562050018392462e-02
1.651200788359569250e+15,6.729917144988908917e-02
1.651200788361585500e+15,6.616286329335202554e-02
1.651200788363602000e+15,6.502641424305719009e-02
1.651200788365618500e+15,6.388996519276234076e-02
1.651200788367634750e+15,6.275365703622529101e-02
1.651200788369651250e+15,6.161720798593044862e-02
1.651200788371667750e+15,6.302187735853188866e-02
1.651200788373684000e+15,6.517251708983098912e-02
1.651200788375700500e+15,6.732342348445698177e-02
1.651200788377716750e+15,6.947406321575608223e-02
1.651200788379733250e+15,7.162496961038207488e-02
1.651200788381749750e+15,7.370618616547461310e-02
1.651200788383766000e+15,7.482174568344548971e-02
1.651200788385782500e+15,7.593744352249735818e-02
1.651200788387799000e+15,7.705314136154921278e-02
1.651200788389815250e+15,7.816870087952010326e-02
1.651200788391831750e+15,7.928439871857197174e-02
1.651200788393848250e+15,7.976700097005375023e-02
1.651200788395864500e+15,7.976700097005373635e-02
1.651200788397881000e+15,7.976700097005373635e-02
1.651200788399897500e+15,7.976700097005373635e-02
1.651200788401913750e+15,7.976700097005373635e-02
1.651200788403930250e+15,7.976700097005373635e-02
1.651200788405946750e+15,7.976700097005373635e-02
1.651200788407963000e+15,8.065504252900045079e-02
1.651200788409979500e+15,8.155041043080847596e-02
1.651200788411995750e+15,8.244566732742163173e-02
1.651200788414012250e+15,8.334103522922964302e-02
1.651200788416028750e+15,8.423640313103768207e-02
1.651200788418045000e+15,8.513166002765082396e-02
1.651200788420061500e+15,8.614271586108934731e-02
1.651200788422078000e+15,8.787273390290774311e-02
1.651200788424094250e+15,8.960253746195377678e-02
1.651200788426110750e+15,9.133255550377215870e-02
1.651200788428127250e+15,9.153355463679760384e-02
1.651200788430143500e+15,9.067975511614217998e-02
1.651200788432160000e+15,8.982584973069807077e-02
1.651200788434176500e+15,8.897194434525396156e-02
1.651200788436192750e+15,8.811814482459852382e-02
1.651200788438209250e+15,8.726423943915442849e-02
1.651200788440225750e+15,8.641033405371031928e-02
1.651200788442242000e+15,8.612719512865421589e-02
1.651200788444258500e+15,8.668005880314418043e-02
1.651200788446274750e+15,8.723285393515030350e-02
1.651200788448291250e+15,8.778571760964024029e-02
1.651200788450307750e+15,8.833858128413019095e-02
1.651200788452324000e+15,8.889137641613631402e-02
1.651200788454340500e+15,8.944424009062627856e-02
1.651200788456357000e+15,8.999710376511622922e-02
1.651200788458373250e+15,9.054989889712236617e-02
1.651200788460389750e+15,9.110276257161231683e-02
1.651200788462406250e+15,9.165562624610226750e-02
1.651200788464422500e+15,9.203884727313839387e-02
1.651200788466439000e+15,9.203884727313839387e-02
1.651200788468455500e+15,9.203884727313837999e-02
1.651200788470471750e+15,9.203884727313837999e-02
1.651200788472488250e+15,9.203884727313837999e-02
1.651200788474504750e+15,9.203884727313837999e-02
1.651200788476521000e+15,9.203884727313837999e-02
1.651200788478537500e+15,9.203884727313837999e-02
1.651200788480553750e+15,9.203884727313837999e-02
1.651200788482570250e+15,9.203884727313837999e-02
1.651200788484586750e+15,9.203884727313837999e-02
1.651200788486603000e+15,9.203884727313836611e-02
1.651200788488619500e+15,9.203884727313837999e-02
1.651200788490636000e+15,9.203884727313837999e-02
1.651200788492652250e+15,9.203884727313837999e-02
1.651200788494668750e+15,9.203884727313837999e-02
1.651200788496685250e+15,9.203884727313836611e-02
1.651200788498701500e+15,9.203884727313837999e-02
1.651200788500718000e+15,9.203884727313836611e-02
1.651200788502734500e+15,9.203884727313836611e-02
1.651200788504750750e+15,9.203884727313837999e-02
1.651200788506767250e+15,9.203884727313836611e-02
1.651200788508783750e+15,9.203884727313837999e-02
1.651200788510800000e+15,9.203884727313836611e-02
1.651200788512816500e+15,9.221313951142699750e-02
1.651200788514832750e+15,9.281539611031207337e-02
1.651200788516849250e+15,9.341772738453489600e-02
1.651200788518865750e+15,9.402005865875770474e-02
1.651200788520882000e+15,9.462231525764278062e-02
1.651200788522898500e+15,9.522464653186560324e-02
1.651200788524915000e+15,9.582697780608842586e-02
1.651200788526931250e+15,9.642923440497348786e-02
1.651200788528947750e+15,9.703156567919631048e-02
1.651200788530964250e+15,9.763389695341913310e-02
1.651200788532980500e+15,9.817477042468070181e-02
1.651200788534997000e+15,9.817477042468070181e-02
1.651200788537013500e+15,9.817477042468070181e-02
1.651200788539029750e+15,9.817477042468070181e-02
1.651200788541046250e+15,9.817477042468070181e-02
1.651200788543062750e+15,9.817477042468070181e-02
1.651200788545079000e+15,9.817477042468070181e-02
1.651200788547095500e+15,9.817477042468070181e-02
1.651200788549111750e+15,9.817477042468070181e-02
1.651200788551128250e+15,9.817477042468070181e-02
1.651200788553144750e+15,9.817477042468070181e-02
1.651200788555161000e+15,9.817477042468071569e-02
1.651200788557177500e+15,9.817477042468070181e-02
1.651200788559194000e+15,9.817477042468070181e-02
1.651200788561210250e+15,9.817477042468070181e-02
1.651200788563226750e+15,9.817477042468070181e-02
1.651200788565243250e+15,9.817477042468070181e-02
1.651200788567259500e+15,9.817477042468070181e-02
1.651200788569276000e+15,9.817477042468070181e-02
1.651200788571292500e+15,9.817477042468070181e-02
1.651200788573308750e+15,9.817477042468071569e-02
1.651200788575325250e+15,9.817477042468070181e-02
1.651200788577341750e+15,9.817477042468071569e-02
1.651200788579358000e+15,9.817477042468070181e-02
1.651200788581374500e+15,9.817477042468071569e-02
1.651200788583390750e+15,9.817477042468070181e-02
1.651200788585407250e+15,9.817477042468070181e-02
1.651200788587423750e+15,9.817477042468070181e-02
1.651200788589440000e+15,9.817477042468070181e-02
1.651200788591456500e+15,9.817477042468070181e-02
1.651200788593473000e+15,9.817477042468070181e-02
1.651200788595489250e+15,9.817477042468070181e-02
1.651200788597505750e+15,9.817477042468071569e-02
1.651200788599522250e+15,9.817477042468070181e-02
1.651200788601538500e+15,9.962706688252578879e-02
1.651200788603555000e+15,1.012070808060459570e-01
1.651200788605571500e+15,1.027870947295661253e-01
1.651200788607587750e+15,1.042781593990050187e-01
1.651200788609604250e+15,1.033638016518067804e-01
1.651200788611620750e+15,1.024494439046085559e-01
1.651200788613637000e+15,1.015351995169128385e-01
1.651200788615653500e+15,1.006208417697146001e-01
1.651200788617669750e+15,9.970659738201886890e-02
1.651200788619686250e+15,9.879223963482065829e-02
1.651200788621702750e+15,9.817477042468070181e-02
1.651200788623719000e+15,9.817477042468070181e-02
1.651200788625735500e+15,9.817477042468070181e-02
1.651200788627752000e+15,9.817477042468070181e-02
1.651200788629768250e+15,9.817477042468070181e-02
1.651200788631784750e+15,9.817477042468071569e-02
1.651200788633801250e+15,9.817477042468068793e-02
1.651200788635817500e+15,9.817477042468070181e-02
1.651200788637834000e+15,9.817477042468070181e-02
1.651200788639850500e+15,9.817477042468070181e-02
1.651200788641866750e+15,9.817477042468068793e-02
1.651200788643883250e+15,9.817477042468070181e-02
1.651200788645899750e+15,9.817477042468071569e-02
1.651200788647916000e+15,9.817477042468070181e-02
1.651200788649932500e+15,9.817477042468070181e-02
1.651200788651948750e+15,9.817477042468070181e-02
1.651200788653965250e+15,9.817477042468070181e-02
1.651200788655981750e+15,9.817477042468070181e-02
1.651200788657998000e+15,9.817477042468070181e-02
1.651200788660014500e+15,9.817477042468070181e-02
1.651200788662031000e+15,9.817477042468070181e-02
1.651200788664047250e+15,9.817477042468070181e-02
1.651200788666063750e+15,9.817477042468070181e-02
1.651200788668080250e+15,9.817477042468070181e-02
1.651200788670096500e+15,9.817477042468070181e-02
1.651200788672113000e+15,9.817477042468070181e-02
1.651200788674129500e+15,9.817477042468070181e-02
1.651200788676145750e+15,9.817477042468070181e-02
1.651200788678162250e+15,9.817477042468070181e-02
1.651200788680178750e+15,9.817477042468070181e-02
1.651200788682195000e+15,9.817477042468070181e-02
1.651200788684211500e+15,9.817477042468070181e-02
1.651200788686227750e+15,9.817477042468070181e-02
1.651200788688244250e+15,9.817477042468070181e-02
1.651200788690260750e+15,9.817477042468070181e-02
1.651200788692277000e+15,9.817477042468070181e-02
1.651200788694293500e+15,9.817477042468070181e-02
1.651200788696310000e+15,9.817477042468070181e-02
1.651200788698326250e+15,9.817477042468070181e-02
1.651200788700342750e+15,9.817477042468070181e-02
1.651200788702359250e+15,9.817477042468071569e-02
1.651200788704375500e+15,9.817477042468086834e-02
1.651200788706392000e+15,9.817477042468100712e-02
1.651200788708408500e+15,9.817477042468114590e-02
1.651200788710424750e+15,9.817477042468128468e-02
1.651200788712441250e+15,9.817477042468142345e-02
1.651200788714457750e+15,9.817477042468156223e-02
1.651200788716474000e+15,9.817477042468143733e-02
1.651200788718490500e+15,9.817477042468122916e-02
1.651200788720506750e+15,9.817477042468102100e-02
1.651200788722523250e+15,9.817477042468082671e-02
1.651200788724539750e+15,9.817477042468063242e-02
1.651200788726556000e+15,9.817477042468047976e-02
1.651200788728572500e+15,9.817477042468053527e-02
1.651200788730589000e+15,9.817477042468057691e-02
1.651200788732605250e+15,9.817477042468060466e-02
1.651200788734621750e+15,9.817477042468064630e-02
1.651200788736638250e+15,9.817477042468067405e-02
1.651200788738654500e+15,9.817477042468067405e-02
1.651200788740671000e+15,9.817477042468064630e-02
1.651200788742687500e+15,9.817477042468060466e-02
1.651200788744703750e+15,9.817477042468056303e-02
1.651200788746720250e+15,9.817477042468052140e-02
1.651200788748736750e+15,9.817477042468049364e-02
1.651200788750753000e+15,9.817477042468047976e-02
1.651200788752769500e+15,9.817477042468047976e-02
1.651200788754785750e+15,9.817477042468047976e-02
1.651200788756802250e+15,9.817477042468047976e-02
1.651200788758818750e+15,9.817477042468047976e-02
1.651200788760835000e+15,9.817477042468047976e-02
1.651200788762851500e+15,9.817477042468047976e-02
1.651200788764868000e+15,9.817477042468047976e-02
1.651200788766884250e+15,9.817477042468047976e-02
1.651200788768900750e+15,9.817477042468047976e-02
1.651200788770917250e+15,9.817477042468047976e-02
1.651200788772933500e+15,9.817477042468047976e-02
1.651200788774950000e+15,9.817477042468047976e-02
1.651200788776966500e+15,9.817477042468047976e-02
1.651200788778982750e+15,9.817477042468047976e-02
1.651200788780999250e+15,9.817477042468046589e-02
1.651200788783015750e+15,9.817477042468047976e-02
1.651200788785032000e+15,9.817477042468047976e-02
1.651200788787048500e+15,9.817477042468047976e-02
1.651200788789064750e+15,9.817477042468047976e-02
1.651200788791081250e+15,9.817477042468047976e-02
1.651200788793097750e+15,9.817477042468047976e-02
1.651200788795114000e+15,9.817477042468047976e-02
1.651200788797130500e+15,9.817477042468047976e-02
1.651200788799147000e+15,9.817477042468046589e-02
1.651200788801163250e+15,9.817477042468047976e-02
1.651200788803179750e+15,9.817477042468047976e-02
1.651200788805196250e+15,9.817477042468047976e-02
1.651200788807212500e+15,9.817477042468049364e-02
1.651200788809229000e+15,9.817477042468047976e-02
1.651200788811245500e+15,9.817477042468047976e-02
1.651200788813261750e+15,9.817477042468049364e-02
1.651200788815278250e+15,9.817477042468047976e-02
1.651200788817294750e+15,9.817477042468047976e-02
1.651200788819311000e+15,9.817477042468047976e-02
1.651200788821327500e+15,9.817477042468046589e-02
1.651200788823343750e+15,9.817477042468047976e-02
1.651200788825360250e+15,9.817477042468047976e-02
1.651200788827376750e+15,9.817477042468047976e-02
1.651200788829393000e+15,9.817477042468046589e-02
1.651200788831409500e+15,9.817477042468047976e-02
1.651200788833426000e+15,9.817477042468046589e-02
1.651200788835442250e+15,9.817477042468047976e-02
1.651200788837458750e+15,9.817477042468047976e-02
1.651200788839475250e+15,9.817477042468047976e-02
1.651200788841491500e+15,9.817477042468047976e-02
1.651200788843508000e+15,9.817477042468047976e-02
1.651200788845524500e+15,9.817477042468046589e-02
1.651200788847540750e+15,9.817477042468046589e-02
1.651200788849557250e+15,9.817477042468047976e-02
1.651200788851573750e+15,9.817477042468046589e-02
1.651200788853590000e+15,9.817477042468047976e-02
1.651200788855606500e+15,9.817477042468047976e-02
1.651200788857622750e+15,9.817477042468047976e-02
1.651200788859639250e+15,9.817477042468047976e-02
1.651200788861655750e+15,9.817477042468047976e-02
1.651200788863672000e+15,9.817477042468047976e-02
1.651200788865688500e+15,9.817477042468047976e-02
1.651200788867705000e+15,9.817477042468047976e-02
1.651200788869721250e+15,9.817477042468047976e-02
1.651200788871737750e+15,9.817477042468047976e-02
1.651200788873754250e+15,9.817477042468046589e-02
1.651200788875770500e+15,9.710883389752220096e-02
1.651200788877787000e+15,9.602461649171403768e-02
1.651200788879803500e+15,9.494039908590584664e-02
1.651200788881819750e+15,9.385631609832303934e-02
1.651200788883836250e+15,9.277209869251487606e-02
1.651200788885852750e+15,9.221790770935031634e-02
1.651200788887869000e+15,9.277099940526835342e-02
1.651200788889885500e+15,9.332415968044195653e-02
1.651200788891901750e+15,9.387725137635999362e-02
1.651200788893918250e+15,9.443041165153359673e-02
1.651200788895934750e+15,9.498357192670717208e-02
1.651200788897951000e+15,9.553666362262523692e-02
1.651200788899967500e+15,9.608982389779882616e-02
1.651200788901984000e+15,9.664298417297240151e-02
1.651200788904000250e+15,9.719607586889046635e-02
1.651200788906016750e+15,9.774923614406405559e-02
1.651200788908033250e+15,9.817477042468047976e-02
1.651200788910049500e+15,9.817477042468047976e-02
1.651200788912066000e+15,9.817477042468047976e-02
1.651200788914082500e+15,9.817477042468047976e-02
1.651200788916098750e+15,9.817477042468046589e-02
1.651200788918115250e+15,9.817477042468047976e-02
1.651200788920131750e+15,9.743354586820168750e-02
1.651200788922148000e+15,9.641740171589818775e-02
1.651200788924164500e+15,9.540113156927948479e-02
1.651200788926180750e+15,9.438498741697598504e-02
1.651200788928197250e+15,9.336871727035726820e-02
1.651200788930213750e+15,9.235244712373856524e-02
1.651200788932230000e+15,9.203884727313921266e-02
1.651200788934246500e+15,9.203884727313911551e-02
1.651200788936263000e+15,9.203884727313904612e-02
1.651200788938279250e+15,9.203884727313894898e-02
1.651200788940295750e+15,9.203884727313885183e-02
1.651200788942312250e+15,9.203884727313876857e-02
1.651200788944328500e+15,9.203884727313868530e-02
1.651200788946345000e+15,9.203884727313860203e-02
1.651200788948361500e+15,9.203884727313850489e-02
1.651200788950377750e+15,9.203884727313843550e-02
1.651200788952394250e+15,9.203884727313839387e-02
1.651200788954410750e+15,9.203884727313843550e-02
1.651200788956427000e+15,9.203884727313846326e-02
1.651200788958443500e+15,9.203884727313849101e-02
1.651200788960459750e+15,9.203884727313851877e-02
1.651200788962476250e+15,9.203884727313857428e-02
1.651200788964492750e+15,9.203884727313860203e-02
1.651200788966509000e+15,9.203884727313857428e-02
1.651200788968525500e+15,9.203884727313853265e-02
1.651200788970542000e+15,9.203884727313851877e-02
1.651200788972558250e+15,9.203884727313847713e-02
1.651200788974574750e+15,9.203884727313843550e-02
1.651200788976591250e+15,9.203884727313840775e-02
1.651200788978607500e+15,9.203884727313839387e-02
1.651200788980624000e+15,9.203884727313837999e-02
1.651200788982640500e+15,9.203884727313837999e-02
1.651200788984656750e+15,9.203884727313837999e-02
1.651200788986673250e+15,9.203884727313837999e-02
1.651200788988689750e+15,9.203884727313837999e-02
1.651200788990706000e+15,9.203884727313837999e-02
1.651200788992722500e+15,9.203884727313837999e-02
1.651200788994738750e+15,9.203884727313837999e-02
1.651200788996755250e+15,9.203884727313839387e-02
1.651200788998771750e+15,9.203884727313837999e-02
1.651200789000788000e+15,9.203884727313833836e-02
1.651200789002804500e+15,9.203884727313829672e-02
1.651200789004821000e+15,9.203884727313824121e-02
1.651200789006837250e+15,9.203884727313819958e-02
1.651200789008853750e+15,9.203884727313814407e-02
1.651200789010870250e+15,9.203884727313814407e-02
1.651200789012886500e+15,9.203884727313814407e-02
1.651200789014903000e+15,9.203884727313814407e-02
1.651200789016919500e+15,9.203884727313815795e-02
1.651200789018935750e+15,9.203884727313814407e-02
1.651200789020952250e+15,9.203884727313815795e-02
1.651200789022968750e+15,9.161525604210241092e-02
1.651200789024985000e+15,9.029266088983635419e-02
1.651200789027001500e+15,8.896990174561092424e-02
1.651200789029017750e+15,8.764730659334486751e-02
1.651200789031034250e+15,8.632454744911943756e-02
1.651200789033050750e+15,8.522232465212237207e-02
1.651200789035067000e+15,8.422341023514234859e-02
1.651200789037083500e+15,8.322437196020610051e-02
1.651200789039100000e+15,8.222533368526983855e-02
1.651200789041116250e+15,8.122641926828980119e-02
1.651200789043132750e+15,8.022738099335355311e-02
1.651200789045149250e+15,8.033064429943122253e-02
1.651200789047165500e+15,8.137589227630666333e-02
1.651200789049182000e+15,8.242126985615504109e-02
1.651200789051198500e+15,8.346664743600343273e-02
1.651200789053214750e+15,8.451189541287887352e-02
1.651200789055231250e+15,8.555727299272726516e-02
1.651200789057247750e+15,8.590292412159604429e-02
1.651200789059264000e+15,8.590292412159605817e-02
1.651200789061280500e+15,8.590292412159605817e-02
1.651200789063296750e+15,8.590292412159605817e-02
1.651200789065313250e+15,8.590292412159605817e-02
1.651200789067329750e+15,8.590292412159605817e-02
1.651200789069346000e+15,8.590292412159605817e-02
1.651200789071362500e+15,8.590292412159605817e-02
1.651200789073379000e+15,8.590292412159605817e-02
1.651200789075395250e+15,8.590292412159605817e-02
1.651200789077411750e+15,8.590292412159605817e-02
1.651200789079428250e+15,8.590292412159605817e-02
1.651200789081444500e+15,8.590292412159605817e-02
1.651200789083461000e+15,8.590292412159605817e-02
1.651200789085477500e+15,8.590292412159607205e-02
1.651200789087493750e+15,8.590292412159605817e-02
1.651200789089510250e+15,8.590292412159605817e-02
1.651200789091526750e+15,8.590292412159605817e-02
1.651200789093543000e+15,8.590292412159605817e-02
1.651200789095559500e+15,8.590292412159605817e-02
1.651200789097575750e+15,8.590292412159605817e-02
1.651200789099592250e+15,8.590292412159605817e-02
1.651200789101608750e+15,8.590292412159605817e-02
1.651200789103625000e+15,8.590292412159604429e-02
1.651200789105641500e+15,8.590292412159604429e-02
1.651200789107658000e+15,8.590292412159604429e-02
1.651200789109674250e+15,8.590292412159607205e-02
1.651200789111690750e+15,8.590292412159607205e-02
1.651200789113707250e+15,8.590292412159607205e-02
1.651200789115723500e+15,8.590292412159607205e-02
1.651200789117740000e+15,8.590292412159605817e-02
1.651200789119756500e+15,8.590292412159605817e-02
1.651200789121772750e+15,8.590292412159607205e-02
1.651200789123789250e+15,8.590292412159605817e-02
1.651200789125805750e+15,8.590292412159605817e-02
1.651200789127822000e+15,8.590292412159603042e-02
1.651200789129838500e+15,8.590292412159600266e-02
1.651200789131854750e+15,8.590292412159597490e-02
1.651200789133871250e+15,8.590292412159596103e-02
1.651200789135887750e+15,8.590292412159594715e-02
1.651200789137904000e+15,8.590292412159591939e-02
1.651200789139920500e+15,8.590292412159589164e-02
1.651200789141937000e+15,8.590292412159587776e-02
1.651200789143953250e+15,8.590292412159586388e-02
1.651200789145969750e+15,8.590292412159586388e-02
1.651200789147986250e+15,8.590292412159587776e-02
1.651200789150002500e+15,8.590292412159589164e-02
1.651200789152019000e+15,8.590292412159591939e-02
1.651200789154035500e+15,8.590292412159593327e-02
1.651200789156051750e+15,8.590292412159596103e-02
1.651200789158068250e+15,8.590292412159597490e-02
1.651200789160084750e+15,8.590292412159600266e-02
1.651200789162101000e+15,8.590292412159601654e-02
1.651200789164117500e+15,8.590292412159604429e-02
1.651200789166133750e+15,8.590292412159605817e-02
1.651200789168150250e+15,8.590292412159603042e-02
1.651200789170166750e+15,8.590292412159601654e-02
1.651200789172183000e+15,8.590292412159600266e-02
1.651200789174199500e+15,8.590292412159598878e-02
1.651200789176216000e+15,8.590292412159596103e-02
1.651200789178232250e+15,8.590292412159596103e-02
1.651200789180248750e+15,8.590292412159591939e-02
1.651200789182265250e+15,8.590292412159591939e-02
1.651200789184281500e+15,8.590292412159589164e-02
1.651200789186298000e+15,8.590292412159587776e-02
1.651200789188314500e+15,8.590292412159586388e-02
1.651200789190330750e+15,8.590292412159585000e-02
1.651200789192347250e+15,8.590292412159583613e-02
1.651200789194363500e+15,8.590292412159582225e-02
1.651200789196380000e+15,8.590292412159583613e-02
1.651200789198396500e+15,8.590292412159583613e-02
1.651200789200412750e+15,8.590292412159583613e-02
1.651200789202429250e+15,8.590292412159583613e-02
1.651200789204445750e+15,8.590292412159583613e-02
1.651200789206462000e+15,8.590292412159583613e-02
1.651200789208478500e+15,8.590292412159583613e-02
1.651200789210495000e+15,8.590292412159583613e-02
1.651200789212511250e+15,8.590292412159583613e-02
1.651200789214527750e+15,8.590292412159585000e-02
1.651200789216544250e+15,8.590292412159583613e-02
1.651200789218560500e+15,8.590292412159583613e-02
1.651200789220577000e+15,8.590292412159583613e-02
1.651200789222593500e+15,8.590292412159583613e-02
1.651200789224609750e+15,8.590292412159583613e-02
1.651200789226626250e+15,8.590292412159583613e-02
1.651200789228642500e+15,8.590292412159583613e-02
1.651200789230659000e+15,8.590292412159583613e-02
1.651200789232675500e+15,8.590292412159583613e-02
1.651200789234691750e+15,8.590292412159583613e-02
1.651200789236708250e+15,8.590292412159583613e-02
1.651200789238724750e+15,8.590292412159583613e-02
1.651200789240741000e+15,8.590292412159583613e-02
1.651200789242757500e+15,8.590292412159582225e-02
1.651200789244774000e+15,8.590292412159585000e-02
1.651200789246790250e+15,8.590292412159583613e-02
1.651200789248806750e+15,8.590292412159583613e-02
1.651200789250823250e+15,8.590292412159583613e-02
1.651200789252839500e+15,8.590292412159583613e-02
1.651200789254856000e+15,8.590292412159583613e-02
1.651200789256872500e+15,8.590292412159582225e-02
1.651200789258888750e+15,8.590292412159583613e-02
1.651200789260905250e+15,8.590292412159579449e-02
1.651200789262921500e+15,8.590292412159572510e-02
1.651200789264938000e+15,8.590292412159565572e-02
1.651200789266954500e+15,8.590292412159557245e-02
1.651200789268970750e+15,8.590292412159548918e-02
1.651200789270987250e+15,8.590292412159541979e-02
1.651200789273003750e+15,8.590292412159533653e-02
1.651200789275020000e+15,8.590292412159525326e-02
1.651200789277036500e+15,8.590292412159518387e-02
1.651200789279053000e+15,8.590292412159511448e-02
1.651200789281069250e+15,8.590292412159503121e-02
1.651200789283085750e+15,8.590292412159496183e-02
1.651200789285102250e+15,8.538081247154515052e-02
1.651200789287118500e+15,8.479311806014926123e-02
1.651200789289135000e+15,8.420535077901852850e-02
1.651200789291151500e+15,8.361758349788782352e-02
1.651200789293167750e+15,8.302988908649192035e-02
1.651200789295184250e+15,8.244212180536120149e-02
1.651200789297200500e+15,8.185442739396531220e-02
1.651200789299217000e+15,8.126666011283457947e-02
1.651200789301233500e+15,8.067889283170384673e-02
1.651200789303249750e+15,8.009119842030795744e-02
1.651200789305266250e+15,7.999731139759024001e-02
1.651200789307282750e+15,8.051090938169570832e-02
1.651200789309299000e+15,8.102444369136722890e-02
1.651200789311315500e+15,8.153804167547268333e-02
1.651200789313332000e+15,8.205163965957815164e-02
1.651200789315348250e+15,8.256517396924967223e-02
1.651200789317364750e+15,8.307877195335514053e-02
1.651200789319381250e+15,8.359236993746059496e-02
1.651200789321397500e+15,8.410590424713212943e-02
1.651200789323414000e+15,8.461950223123759773e-02
1.651200789325430500e+15,8.513310021534303829e-02
1.651200789327446750e+15,8.564663452501457275e-02
1.651200789329463250e+15,8.590292412159573898e-02
1.651200789331479500e+15,8.590292412159555857e-02
1.651200789333496000e+15,8.590292412159536428e-02
1.651200789335512500e+15,8.590292412159518387e-02
1.651200789337528750e+15,8.590292412159500346e-02
1.651200789339545250e+15,8.527880249062382012e-02
1.651200789341561750e+15,8.445743439217168191e-02
1.651200789343578000e+15,8.363616812462688899e-02
1.651200789345594500e+15,8.281480002617475078e-02
1.651200789347611000e+15,8.199343192772262645e-02
1.651200789349627250e+15,8.117216566017781965e-02
1.651200789351643750e+15,8.035079756172569532e-02
1.651200789353660250e+15,7.946862034823135024e-02
1.651200789355676500e+15,7.843714168770951622e-02
1.651200789357693000e+15,7.740553513150751075e-02
1.651200789359709500e+15,7.637392857530550527e-02
1.651200789361725750e+15,7.534244991478364351e-02
1.651200789363742250e+15,7.431084335858165191e-02
1.651200789365758500e+15,7.405722663825857477e-02
1.651200789367775000e+15,7.530715986738140133e-02
1.651200789369791500e+15,7.655709309650424177e-02
1.651200789371807750e+15,7.780687136241988544e-02
1.651200789373824250e+15,7.905680459154271200e-02
1.651200789375840750e+15,7.937184860823096044e-02
1.651200789377857000e+15,7.845686043765938422e-02
1.651200789379873500e+15,7.754175881536178039e-02
1.651200789381890000e+15,7.662665719306416268e-02
1.651200789383906250e+15,7.571166902249261421e-02
1.651200789385922750e+15,7.479656740019499650e-02
1.651200789387939250e+15,7.388146577789739267e-02
1.651200789389955500e+15,7.296647760732583032e-02
1.651200789391972000e+15,7.205137598502821261e-02
1.651200789393988500e+15,7.113627436273060878e-02
1.651200789396004750e+15,7.022128619215904644e-02
1.651200789398021250e+15,6.930618456986142872e-02
1.651200789400037500e+15,6.839119639928986638e-02
1.651200789402054000e+15,6.749515466696820454e-02
1.651200789404070500e+15,6.749515466696821842e-02
1.651200789406086750e+15,6.749515466696824617e-02
1.651200789408103250e+15,6.749515466696826005e-02
1.651200789410119750e+15,6.749515466696827393e-02
1.651200789412136000e+15,6.749515466696828780e-02
1.651200789414152500e+15,6.749515466696831556e-02
1.651200789416169000e+15,6.749515466696834332e-02
1.651200789418185250e+15,6.749515466696835719e-02
1.651200789420201750e+15,6.749515466696838495e-02
1.651200789422218250e+15,6.749515466696839883e-02
1.651200789424234500e+15,6.749515466696842658e-02
1.651200789426251000e+15,6.749515466696839883e-02
1.651200789428267500e+15,6.749515466696834332e-02
1.651200789430283750e+15,6.749515466696831556e-02
1.651200789432300250e+15,6.749515466696826005e-02
1.651200789434316500e+15,6.749515466696821842e-02
1.651200789436333000e+15,6.749515466696820454e-02
1.651200789438349500e+15,6.749515466696820454e-02
1.651200789440365750e+15,6.749515466696820454e-02
1.651200789442382250e+15,6.749515466696820454e-02
1.651200789444398750e+15,6.749515466696820454e-02
1.651200789446415000e+15,6.749515466696820454e-02
1.651200789448431500e+15,6.749515466696820454e-02
1.651200789450448000e+15,6.749515466696820454e-02
1.651200789452464250e+15,6.749515466696820454e-02
1.651200789454480750e+15,6.749515466696820454e-02
1.651200789456497250e+15,6.749515466696820454e-02
1.651200789458513500e+15,6.749515466696821842e-02
1.651200789460530000e+15,6.749515466696820454e-02
1.651200789462546500e+15,6.749515466696820454e-02
1.651200789464562750e+15,6.749515466696820454e-02
1.651200789466579250e+15,6.749515466696820454e-02
1.651200789468595500e+15,6.749515466696820454e-02
1.651200789470612000e+15,6.749515466696820454e-02
1.651200789472628500e+15,6.749515466696820454e-02
1.651200789474644750e+15,6.749515466696820454e-02
1.651200789476661250e+15,6.749515466696820454e-02
1.651200789478677750e+15,6.749515466696820454e-02
1.651200789480694000e+15,6.749515466696821842e-02
1.651200789482710500e+15,6.749515466696820454e-02
1.651200789484727000e+15,6.749515466696821842e-02
1.651200789486743250e+15,6.749515466696820454e-02
1.651200789488759750e+15,6.749515466696820454e-02
1.651200789490776250e+15,6.749515466696821842e-02
1.651200789492792500e+15,6.749515466696820454e-02
1.651200789494809000e+15,6.749515466696820454e-02
1.651200789496825500e+15,6.749515466696820454e-02
1.651200789498841750e+15,6.749515466696820454e-02
1.651200789500858250e+15,6.749515466696820454e-02
1.651200789502874500e+15,6.749515466696820454e-02
1.651200789504891000e+15,6.749515466696823229e-02
1.651200789506907500e+15,6.749515466696827393e-02
1.651200789508923750e+15,6.749515466696830168e-02
1.651200789510940250e+15,6.749515466696834332e-02
1.651200789512956750e+15,6.749515466696838495e-02
1.651200789514973000e+15,6.749515466696841270e-02
1.651200789516989500e+15,6.706747044195768281e-02
1.651200789519006000e+15,6.651657600584516550e-02
1.651200789521022250e+15,6.596574986807582364e-02
1.651200789523038750e+15,6.541485543196329244e-02
1.651200789525055250e+15,6.486396099585076125e-02
1.651200789527071500e+15,6.431313485808143326e-02
1.651200789529088000e+15,6.376224042196890207e-02
1.651200789531104500e+15,6.321134598585637088e-02
1.651200789533120750e+15,6.266051984808702902e-02
1.651200789535137250e+15,6.210962541197449782e-02
1.651200789537153500e+15,6.155879927420516290e-02
1.651200789539170000e+15,6.100705811665314837e-02
1.651200789541186500e+15,6.045483598708593920e-02
1.651200789543202750e+15,5.990268232046561808e-02
1.651200789545219250e+15,5.935046019089841585e-02
1.651200789547235750e+15,5.879823806133120667e-02
1.651200789549252000e+15,5.824608439471087862e-02
1.651200789551268500e+15,5.769386226514367638e-02
1.651200789553285000e+15,5.714164013557646027e-02
1.651200789555301250e+15,5.658948646895613221e-02
1.651200789557317750e+15,5.603726433938893692e-02
1.651200789559334250e+15,5.548504220982172080e-02
1.651200789561350500e+15,5.586057665320029453e-02
1.651200789563367000e+15,5.707231781812885374e-02
1.651200789565383500e+15,5.828405898305741295e-02
1.651200789567399750e+15,5.949564991972353112e-02
1.651200789569416250e+15,6.070739108465209033e-02
1.651200789571432500e+15,6.070676434468864208e-02
1.651200789573449000e+15,5.929431125849160544e-02
1.651200789575465500e+15,5.788185817229457575e-02
1.651200789577481750e+15,5.646958019805964346e-02
1.651200789579498250e+15,5.511870623930904128e-02
1.651200789581514750e+15,5.422964329218776108e-02
1.651200789583531000e+15,5.334069056859078867e-02
1.651200789585547500e+15,5.245162762146950847e-02
1.651200789587564000e+15,5.156256467434822133e-02
1.651200789589580250e+15,5.067361195075126279e-02
1.651200789591596750e+15,4.978454900362997565e-02
1.651200789593613250e+15,4.908738521234035090e-02
1.651200789595629500e+15,4.908738521234035090e-02
1.651200789597646000e+15,4.908738521234035090e-02
1.651200789599662500e+15,4.908738521234035090e-02
1.651200789601678750e+15,4.908738521234035090e-02
1.651200789603695250e+15,4.908738521234035090e-02
1.651200789605711500e+15,4.953126299274643318e-02
1.651200789607728000e+15,5.188983886676189206e-02
1.651200789609744500e+15,5.424841474077735093e-02
1.651200789611760750e+15,5.660669820518779427e-02
1.651200789613777250e+15,5.896527407920325314e-02
1.651200789615793750e+15,6.132384995321871202e-02
1.651200789617810000e+15,5.830613061874134750e-02
1.651200789619826500e+15,5.520614171735031134e-02
1.651200789621843000e+15,5.210615281595928211e-02
1.651200789623859250e+15,4.900654824247569624e-02
1.651200789625875750e+15,4.590655934108466701e-02
1.651200789627892250e+15,4.295146206079757806e-02
1.651200789629908500e+15,4.295146206079758500e-02
1.651200789631925000e+15,4.295146206079758500e-02
1.651200789633941500e+15,4.295146206079758500e-02
1.651200789635957750e+15,4.295146206079758500e-02
1.651200789637974250e+15,4.295146206079758500e-02
1.651200789639990500e+15,4.256723978213824977e-02
1.651200789642007000e+15,4.126398624989845165e-02
1.651200789644023500e+15,3.996073271765865353e-02
1.651200789646039750e+15,3.865764075912728887e-02
1.651200789648056250e+15,3.735438722688748381e-02
1.651200789650072750e+15,3.739976553198019749e-02
1.651200789652089000e+15,3.839570459608394881e-02
1.651200789654105500e+15,3.939176714922230926e-02
1.651200789656122000e+15,4.038782970236065584e-02
1.651200789658138250e+15,4.138376876646440716e-02
1.651200789660154750e+15,4.237983131960276068e-02
1.651200789662171250e+15,4.236099370286698640e-02
1.651200789664187500e+15,4.097544604307346711e-02
1.651200789666204000e+15,3.958972658567799785e-02
1.651200789668220500e+15,3.820400712828251472e-02
1.651200789670236750e+15,3.681845946848899542e-02
1.651200789672253250e+15,3.746459591192038280e-02
1.651200789674269500e+15,3.811494312604519347e-02
1.651200789676286000e+15,3.876537097838626822e-02
1.651200789678302500e+15,3.941579883072734297e-02
1.651200789680318750e+15,4.006614604485215364e-02
1.651200789682335250e+15,4.071657389719322145e-02
1.651200789684351750e+15,4.136700174953428927e-02
1.651200789686368000e+15,4.201734896365910688e-02
1.651200789688384500e+15,4.266777681600017469e-02
1.651200789690401000e+15,4.250774619084253525e-02
1.651200789692417250e+15,4.172090175566497278e-02
1.651200789694433750e+15,4.093395975763122752e-02
1.651200789696450250e+15,4.014701775959747532e-02
1.651200789698466500e+15,3.936017332441991284e-02
1.651200789700483000e+15,3.857323132638616064e-02
1.651200789702499500e+15,3.778628932835241538e-02
1.651200789704515750e+15,3.699944489317485291e-02
1.651200789706532250e+15,3.784212349673062720e-02
1.651200789708548500e+15,3.918161624838683438e-02
1.651200789710565000e+15,4.052127508717902338e-02
1.651200789712581500e+15,4.186093392597121238e-02
1.651200789714597750e+15,4.283875007603995394e-02
1.651200789716614250e+15,4.223225583384176973e-02
1.651200789718630750e+15,4.162576159164358552e-02
1.651200789720647000e+15,4.101934254089621007e-02
1.651200789722663500e+15,4.041284829869802586e-02
1.651200789724680000e+15,3.980635405649984859e-02
1.651200789726696250e+15,3.919993500575247314e-02
1.651200789728712750e+15,3.859344076355428893e-02
1.651200789730729250e+15,3.798694652135611166e-02
1.651200789732745500e+15,3.738052747060873621e-02
1.651200789734762000e+15,3.688935613486007958e-02
1.651200789736778500e+15,3.796799697132473284e-02
1.651200789738794750e+15,3.904650408093140318e-02
1.651200789740811250e+15,4.012514491739604949e-02
1.651200789742827500e+15,4.120365202700272678e-02
1.651200789744844000e+15,4.228229286346736615e-02
1.651200789746860500e+15,4.314700948679745657e-02
1.651200789748876750e+15,4.366206173718459316e-02
1.651200789750893250e+15,4.417717785021901822e-02
1.651200789752909750e+15,4.469229396325345022e-02
1.651200789754926000e+15,4.520734621364058681e-02
1.651200789756942500e+15,4.572246232667500493e-02
1.651200789758959000e+15,4.623757843970943693e-02
1.651200789760975250e+15,4.675263069009656658e-02
1.651200789762991750e+15,4.726774680313099164e-02
1.651200789765008250e+15,4.778286291616541670e-02
1.651200789767024500e+15,4.829791516655255329e-02
1.651200789769041000e+15,4.881303127958697835e-02
1.651200789771057500e+15,4.852334468075732155e-02
1.651200789773073750e+15,4.731671685921241821e-02
1.651200789775090250e+15,4.610993942479441055e-02
1.651200789777106500e+15,4.490331160324951415e-02
1.651200789779123000e+15,4.369653416883151342e-02
1.651200789781139500e+15,4.295146206079759194e-02
1.651200789783155750e+15,4.295146206079761969e-02
1.651200789785172250e+15,4.295146206079764051e-02
1.651200789787188750e+15,4.295146206079766132e-02
1.651200789789205000e+15,4.295146206079768214e-02
1.651200789791221500e+15,4.295146206079770990e-02
1.651200789793238000e+15,4.295146206079772377e-02
1.651200789795254250e+15,4.295146206079775153e-02
1.651200789797270750e+15,4.295146206079777929e-02
1.651200789799287250e+15,4.295146206079779316e-02
1.651200789801303500e+15,4.295146206079782092e-02
1.651200789803320000e+15,4.295146206079784174e-02
1.651200789805336500e+15,4.295146206079786949e-02
1.651200789807352750e+15,4.295146206079789031e-02
1.651200789809369250e+15,4.295146206079791112e-02
1.651200789811385500e+15,4.295146206079793194e-02
1.651200789813402000e+15,4.295146206079795970e-02
1.651200789815418500e+15,4.295146206079798051e-02
1.651200789817434750e+15,4.295146206079800827e-02
1.651200789819451250e+15,4.295146206079802215e-02
1.651200789821467750e+15,4.159315027775991463e-02
1.651200789823484000e+15,4.001896080654244320e-02
1.651200789825500500e+15,3.844457614754180630e-02
1.651200789827517000e+15,3.687019148854117634e-02
1.651200789829533250e+15,3.529600201732370490e-02
1.651200789831549750e+15,3.372161735832307494e-02
1.651200789833566250e+15,3.214723269932243804e-02
1.651200789835582500e+15,3.087745525462654017e-02
1.651200789837599000e+15,3.380011712662039924e-02
1.651200789839615500e+15,3.672277899861425138e-02
1.651200789841631750e+15,3.964507852720716707e-02
1.651200789843648250e+15,4.256774039920101921e-02
1.651200789845664500e+15,4.197883258435772258e-02
1.651200789847681000e+15,4.085904535099096901e-02
1.651200789849697500e+15,3.973925811762420851e-02
1.651200789851713750e+15,3.861960971233002748e-02
1.651200789853730250e+15,3.749982247896327392e-02
1.651200789855746750e+15,3.638003524559650648e-02
1.651200789857763000e+15,3.526038684030231851e-02
1.651200789859779500e+15,3.414059960693556495e-02
1.651200789861796000e+15,3.302081237356881138e-02
1.651200789863812250e+15,3.190116396827462342e-02
1.651200789865828750e+15,3.078137673490786638e-02
1.651200789867845250e+15,3.122395067750759895e-02
1.651200789869861500e+15,3.182262258916006281e-02
1.651200789871878000e+15,3.242136873167571209e-02
1.651200789873894500e+15,3.302011487419136831e-02
1.651200789875910750e+15,3.361878678584382524e-02
1.651200789877927250e+15,3.421753292835948146e-02
1.651200789879943500e+15,3.481620484001194532e-02
1.651200789881960000e+15,3.541495098252760154e-02
1.651200789883976500e+15,3.601369712504325082e-02
1.651200789885992750e+15,3.661236903669571469e-02
1.651200789888009250e+15,3.681553890925526318e-02
1.651200789890025750e+15,3.681553890925526318e-02
1.651200789892042000e+15,3.681553890925526318e-02
1.651200789894058500e+15,3.681553890925527012e-02
1.651200789896075000e+15,3.681553890925526318e-02
1.651200789898091250e+15,3.681553890925526318e-02
1.651200789900107750e+15,3.681553890925526318e-02
1.651200789902124250e+15,3.681553890925526318e-02
1.651200789904140500e+15,3.681553890925526318e-02
1.651200789906157000e+15,3.681553890925526318e-02
1.651200789908173500e+15,3.681553890925526318e-02
1.651200789910189750e+15,3.681553890925527012e-02
1.651200789912206250e+15,3.650745812592487427e-02
1.651200789914222500e+15,3.589076129853355918e-02
1.651200789916239000e+15,3.527398800532359491e-02
1.651200789918255500e+15,3.465721471211363064e-02
1.651200789920271750e+15,3.404051788472231554e-02
1.651200789922288250e+15,3.342374459151234434e-02
1.651200789924304750e+15,3.280697129830238007e-02
1.651200789926321000e+15,3.219027447091106497e-02
1.651200789928337500e+15,3.157350117770110071e-02
1.651200789930354000e+15,3.095672788449113644e-02
1.651200789932370250e+15,3.017962246017162967e-02
1.651200789934386750e+15,2.927150583374329984e-02
1.651200789936403250e+15,2.836338920731496654e-02
1.651200789938419500e+15,2.745538516663253992e-02
1.651200789940436000e+15,2.654726854020421009e-02
1.651200789942452500e+15,2.563915191377588026e-02
1.651200789944468750e+15,2.473114787309345364e-02
1.651200789946485250e+15,2.479320372408383780e-02
1.651200789948501500e+15,2.510757759784944601e-02
1.651200789950518000e+15,2.542199045163660506e-02
1.651200789952534500e+15,2.573640330542376065e-02
1.651200789954550750e+15,2.605077717918937580e-02
1.651200789956567250e+15,2.636519003297652791e-02
1.651200789958583750e+15,2.667960288676368696e-02
1.651200789960600000e+15,2.699397676052930212e-02
1.651200789962616500e+15,2.730838961431645423e-02
1.651200789964633000e+15,2.762280246810361328e-02
1.651200789966649250e+15,2.793717634186922497e-02
1.651200789968665750e+15,2.825158919565638055e-02
1.651200789970682250e+15,2.856600204944353960e-02
1.651200789972698500e+15,2.888037592320914781e-02
1.651200789974715000e+15,2.919478877699630687e-02
1.651200789976731500e+15,2.950920163078346245e-02
1.651200789978747750e+15,2.982357550454907413e-02
1.651200789980764250e+15,3.013798835833622972e-02
1.651200789982780500e+15,3.045236223210183793e-02
1.651200789984797000e+15,3.067961575771294483e-02
1.651200789986813500e+15,3.067961575771294483e-02
1.651200789988829750e+15,3.067961575771294136e-02
1.651200789990846250e+15,3.067961575771294136e-02
1.651200789992862750e+15,3.067961575771294483e-02
1.651200789994879000e+15,3.067961575771294136e-02
1.651200789996895500e+15,3.067961575771294136e-02
1.651200789998912000e+15,3.067961575771294483e-02
1.651200790000928250e+15,3.067961575771294136e-02
1.651200790002944750e+15,3.067961575771294136e-02
1.651200790004961250e+15,3.067961575771294483e-02
1.651200790006977500e+15,3.058542114928250455e-02
1.651200790008994000e+15,2.994045195437597742e-02
1.651200790011010500e+15,2.929548275946944336e-02
1.651200790013026750e+15,2.865059352603017279e-02
1.651200790015043250e+15,2.800562433112364219e-02
1.651200790017059500e+15,2.736073509768436468e-02
1.651200790019076000e+15,2.671576590277783755e-02
1.651200790021092500e+15,2.607079670787130696e-02
1.651200790023108750e+15,2.542590747443203292e-02
1.651200790025125250e+15,2.478093827952550232e-02
1.651200790027141750e+15,2.518650720490651571e-02
1.651200790029158000e+15,2.620323592403029159e-02
1.651200790031174500e+15,2.722009070995123209e-02
1.651200790033191000e+15,2.823694549587216912e-02
1.651200790035207250e+15,2.925367421499594153e-02
1.651200790037223750e+15,3.027052900091688203e-02
1.651200790039240250e+15,3.097469681183417228e-02
1.651200790041256500e+15,3.146833479181577325e-02
1.651200790043273000e+15,3.196203397923445128e-02
1.651200790045289500e+15,3.245573316665312930e-02
1.651200790047305750e+15,3.294937114663473721e-02
1.651200790049322250e+15,3.344307033405341523e-02
1.651200790051338500e+15,3.393670831403501620e-02
1.651200790053355000e+15,3.443040750145369422e-02
1.651200790055371500e+15,3.492410668887237224e-02
1.651200790057387750e+15,3.541774466885397321e-02
1.651200790059404250e+15,3.591144385627265123e-02
1.651200790061420750e+15,3.640514304369132925e-02
1.651200790063437000e+15,3.681553890925570727e-02
1.651200790065453500e+15,3.681553890925570727e-02
1.651200790067470000e+15,3.681553890925570727e-02
1.651200790069486250e+15,3.681553890925570727e-02
1.651200790071502750e+15,3.681553890925570727e-02
1.651200790073519250e+15,3.672132782030500947e-02
1.651200790075535500e+15,3.583473221658577818e-02
1.651200790077552000e+15,3.494802668160756909e-02
1.651200790079568500e+15,3.406132114662935306e-02
1.651200790081584750e+15,3.317472554291012871e-02
1.651200790083601250e+15,3.228802000793191962e-02
1.651200790085617500e+15,3.140142440421268832e-02
1.651200790087634000e+15,3.067961575771292401e-02
1.651200790089650500e+15,3.067961575771283034e-02
1.651200790091666750e+15,3.067961575771273319e-02
1.651200790093683250e+15,3.067961575771264299e-02
1.651200790095699750e+15,3.067961575771254584e-02
1.651200790097716000e+15,3.067961575771253543e-02
1.651200790099732500e+15,3.067961575771262217e-02
1.651200790101749000e+15,3.067961575771271238e-02
1.651200790103765250e+15,3.067961575771279564e-02
1.651200790105781750e+15,3.067961575771288585e-02
1.651200790107798250e+15,3.067961575771294136e-02
1.651200790109814500e+15,3.067961575771294483e-02
1.651200790111831000e+15,3.067961575771294136e-02
1.651200790113847500e+15,3.067961575771294483e-02
1.651200790115863750e+15,3.067961575771294136e-02
1.651200790117880250e+15,3.067961575771294136e-02
1.651200790119896500e+15,3.067961575771294136e-02
1.651200790121913000e+15,3.067961575771294483e-02
1.651200790123929500e+15,2.974572884093700312e-02
1.651200790125945750e+15,2.875963326830045796e-02
1.651200790127962250e+15,2.777341542714901676e-02
1.651200790129978750e+15,2.678719758599757556e-02
1.651200790131995000e+15,2.580110201336103040e-02
1.651200790134011500e+15,2.481488417220958573e-02
1.651200790136028000e+15,2.502430978525160485e-02
1.651200790138044250e+15,2.568713084361202645e-02
1.651200790140060750e+15,2.635003408685258897e-02
1.651200790142077250e+15,2.701293733009314801e-02
1.651200790144093500e+15,2.767575838845356268e-02
1.651200790146110000e+15,2.833866163169412866e-02
1.651200790148126500e+15,2.900156487493468771e-02
1.651200790150142750e+15,2.966438593329510584e-02
1.651200790152159250e+15,3.032728917653566836e-02
1.651200790154175500e+15,3.067961575771253890e-02
1.651200790156192000e+15,3.067961575771262564e-02
1.651200790158208500e+15,3.067961575771271238e-02
1.651200790160224750e+15,3.067961575771280258e-02
1.651200790162241250e+15,3.067961575771288932e-02
1.651200790164257750e+15,3.067961575771294136e-02
1.651200790166274000e+15,3.067961575771294136e-02
1.651200790168290500e+15,3.067961575771294136e-02
1.651200790170307000e+15,3.067961575771294136e-02
1.651200790172323250e+15,3.067961575771294136e-02
1.651200790174339750e+15,3.067961575771294136e-02
1.651200790176356250e+15,3.067961575771294136e-02
1.651200790178372500e+15,3.008617730706623916e-02
1.651200790180389000e+15,2.939265737908648007e-02
1.651200790182405500e+15,2.869913745110672099e-02
1.651200790184421750e+15,2.800570350377758894e-02
1.651200790186438250e+15,2.731218357579782985e-02
1.651200790188454500e+15,2.661874962846870127e-02
1.651200790190471000e+15,2.592522970048894218e-02
1.651200790192487500e+15,2.523170977250918309e-02
1.651200790194503750e+15,2.454768602722910351e-02
1.651200790196520250e+15,2.505897069810042455e-02
1.651200790198536750e+15,2.557025536897174905e-02
1.651200790200553000e+15,2.608147665220720765e-02
1.651200790202569500e+15,2.659276132307852869e-02
1.651200790204586000e+15,2.710404599394984973e-02
1.651200790206602250e+15,2.761526727718530833e-02
1.651200790208618750e+15,2.812655194805663283e-02
1.651200790210635250e+15,2.863783661892795387e-02
1.651200790212651500e+15,2.914905790216341247e-02
1.651200790214668000e+15,2.966034257303473351e-02
1.651200790216684500e+15,3.017162724390605455e-02
1.651200790218700750e+15,3.068293578063653951e-02
1.651200790220717250e+15,3.120802019054524576e-02
1.651200790222733500e+15,3.173303950196524476e-02
1.651200790224750000e+15,3.225812391187394407e-02
1.651200790226766500e+15,3.278320832178265032e-02
1.651200790228782750e+15,3.330822763320263891e-02
1.651200790230799250e+15,3.383331204311134516e-02
1.651200790232815750e+15,3.435839645302005141e-02
1.651200790234832000e+15,3.488341576444004000e-02
1.651200790236848500e+15,3.540850017434874625e-02
1.651200790238865000e+15,3.593358458425744556e-02
1.651200790240881250e+15,3.645860389567744803e-02
1.651200790242897750e+15,3.640701510524491785e-02
1.651200790244914250e+15,3.513130739980231676e-02
1.651200790246930500e+15,3.385575785301399299e-02
1.651200790248947000e+15,3.258005014757139883e-02
1.651200790250963500e+15,3.130434244212879774e-02
1.651200790252979750e+15,3.067961575771293789e-02
1.651200790254996250e+15,3.067961575771293789e-02
1.651200790257012500e+15,3.067961575771294136e-02
1.651200790259029000e+15,3.067961575771293789e-02
1.651200790261045500e+15,3.067961575771293789e-02
1.651200790263061750e+15,3.067961575771293789e-02
1.651200790265078250e+15,3.067961575771294136e-02
1.651200790267094750e+15,3.067961575771296565e-02
1.651200790269111000e+15,3.067961575771301422e-02
1.651200790271127500e+15,3.067961575771307320e-02
1.651200790273144000e+15,3.067961575771312177e-02
1.651200790275160250e+15,3.067961575771317728e-02
1.651200790277176750e+15,3.067961575771323279e-02
1.651200790279193250e+15,3.067961575771328137e-02
1.651200790281209500e+15,3.067961575771333688e-02
1.651200790283226000e+15,3.061057117014013423e-02
1.651200790285242500e+15,3.000258684332149720e-02
1.651200790287258750e+15,2.939467789269017278e-02
1.651200790289275250e+15,2.878669356587154268e-02
1.651200790291291500e+15,2.817878461524021827e-02
1.651200790293308000e+15,2.757080028842158470e-02
1.651200790295324500e+15,2.696281596160295113e-02
1.651200790297340750e+15,2.635490701097162672e-02
1.651200790299357250e+15,2.574692268415299662e-02
1.651200790301373750e+15,2.513893835733436305e-02
1.651200790303390000e+15,2.458165515641954138e-02
1.651200790305406500e+15,2.640430950348979927e-02
1.651200790307423000e+15,2.822696385056005369e-02
1.651200790309439250e+15,3.004939223006930504e-02
1.651200790311455750e+15,3.187204657713955946e-02
1.651200790313472250e+15,3.369470092420982082e-02
1.651200790315488500e+15,3.551712930371907218e-02
1.651200790317505000e+15,3.611608226069228794e-02
1.651200790319521500e+15,3.368426444719242047e-02
1.651200790321537750e+15,3.125274812362727889e-02
1.651200790323554250e+15,2.882093031012741141e-02
1.651200790325570500e+15,2.638941398656226983e-02
1.651200790327587000e+15,2.470413910631232349e-02
1.651200790329603500e+15,2.536986002717145361e-02
1.651200790331619750e+15,2.603549841382269206e-02
1.651200790333636250e+15,2.670121933468182218e-02
1.651200790335652750e+15,2.736694025554094883e-02
1.651200790337669000e+15,2.803257864219218382e-02
1.651200790339685500e+15,2.869829956305131741e-02
1.651200790341702000e+15,2.936402048391044753e-02
1.651200790343718250e+15,3.002965887056168251e-02
1.651200790345734750e+15,3.067961575771338892e-02
1.651200790347751250e+15,3.067961575771338545e-02
1.651200790349767500e+15,3.067961575771338545e-02
1.651200790351784000e+15,3.067961575771338545e-02
1.651200790353800500e+15,3.067961575771338545e-02
1.651200790355816750e+15,3.067961575771338545e-02
1.651200790357833250e+15,3.067961575771338545e-02
1.651200790359849500e+15,3.067961575771338892e-02
1.651200790361866000e+15,3.067961575771330912e-02
1.651200790363882500e+15,3.067961575771322585e-02
1.651200790365898750e+15,3.067961575771314259e-02
1.651200790367915250e+15,3.067961575771306279e-02
1.651200790369931750e+15,3.067961575771297952e-02
1.651200790371948000e+15,3.067961575771293789e-02
1.651200790373964500e+15,3.067961575771294136e-02
1.651200790375981000e+15,3.067961575771293789e-02
1.651200790377997250e+15,3.067961575771294136e-02
1.651200790380013750e+15,3.067961575771293789e-02
1.651200790382030250e+15,3.067961575771294136e-02
1.651200790384046500e+15,3.067961575771294136e-02
1.651200790386063000e+15,3.067961575771294136e-02
1.651200790388079500e+15,3.067961575771294136e-02
1.651200790390095750e+15,3.067961575771294136e-02
1.651200790392112250e+15,3.067961575771294136e-02
1.651200790394128500e+15,3.067961575771294136e-02
1.651200790396145000e+15,3.215606743978565579e-02
1.651200790398161500e+15,3.371321431054905698e-02
1.651200790400177750e+15,3.527016813062180955e-02
1.651200790402194250e+15,3.680908383005723067e-02
1.651200790404210750e+15,3.595553188227267050e-02
1.651200790406227000e+15,3.510208575545856885e-02
1.651200790408243500e+15,3.424853380767400174e-02
1.651200790410260000e+15,3.339498185988943463e-02
1.651200790412276250e+15,3.254153573307533298e-02
1.651200790414292750e+15,3.168798378529076587e-02
1.651200790416309250e+15,3.083443183750619876e-02
1.651200790418325500e+15,3.067961575771330912e-02
1.651200790420342000e+15,3.067961575771322238e-02
1.651200790422358500e+15,3.067961575771313218e-02
1.651200790424374750e+15,3.067961575771303850e-02
1.651200790426391250e+15,3.067961575771294830e-02
1.651200790428407500e+15,3.067961575771294136e-02
1.651200790430424000e+15,3.067961575771294136e-02
1.651200790432440500e+15,3.067961575771294136e-02
1.651200790434456750e+15,3.067961575771294136e-02
1.651200790436473250e+15,3.067961575771294136e-02
1.651200790438489750e+15,3.067961575771294483e-02
1.651200790440506000e+15,3.067961575771294483e-02
1.651200790442522500e+15,3.067961575771294136e-02
1.651200790444539000e+15,3.067961575771294136e-02
1.651200790446555250e+15,3.067961575771294136e-02
1.651200790448571750e+15,3.067961575771294136e-02
1.651200790450588250e+15,3.067961575771294136e-02
1.651200790452604500e+15,3.067961575771294483e-02
1.651200790454621000e+15,3.067961575771294483e-02
1.651200790456637500e+15,3.067961575771294136e-02
1.651200790458653750e+15,3.067961575771294483e-02
1.651200790460670250e+15,3.067961575771294136e-02
1.651200790462686500e+15,3.067961575771294136e-02
1.651200790464703000e+15,3.067961575771293789e-02
1.651200790466719500e+15,3.067961575771293789e-02
1.651200790468735750e+15,3.067961575771294136e-02
1.651200790470752250e+15,3.067961575771293789e-02
1.651200790472768750e+15,3.067961575771294136e-02
1.651200790474785000e+15,3.067961575771294136e-02
1.651200790476801500e+15,3.067961575771294136e-02
1.651200790478818000e+15,3.067961575771294136e-02
1.651200790480834250e+15,3.067961575771294136e-02
1.651200790482850750e+15,3.067961575771293442e-02
1.651200790484867250e+15,3.067961575771293789e-02
1.651200790486883500e+15,3.067961575771293789e-02
1.651200790488900000e+15,3.067961575771294136e-02
1.651200790490916500e+15,3.067961575771294136e-02
1.651200790492932750e+15,3.067961575771294136e-02
1.651200790494949250e+15,3.067961575771294136e-02
1.651200790496965500e+15,3.067961575771294136e-02
1.651200790498982000e+15,3.067961575771294830e-02
1.651200790500998500e+15,3.067961575771302463e-02
1.651200790503014750e+15,3.067961575771310095e-02
1.651200790505031250e+15,3.067961575771317381e-02
1.651200790507047750e+15,3.067961575771325361e-02
1.651200790509064000e+15,3.067961575771332300e-02
1.651200790511080500e+15,3.067961575771336810e-02
1.651200790513097000e+15,3.067961575771329177e-02
1.651200790515113250e+15,3.067961575771320504e-02
1.651200790517129750e+15,3.067961575771312871e-02
1.651200790519146250e+15,3.067961575771304544e-02
1.651200790521162500e+15,3.067961575771296565e-02
1.651200790523179000e+15,3.067961575771300381e-02
1.651200790525195500e+15,3.067961575771309402e-02
1.651200790527211750e+15,3.067961575771317728e-02
1.651200790529228250e+15,3.067961575771327096e-02
1.651200790531244500e+15,3.067961575771335769e-02
1.651200790533261000e+15,3.067961575771334728e-02
1.651200790535277500e+15,3.067961575771328483e-02
1.651200790537293750e+15,3.067961575771321892e-02
1.651200790539310250e+15,3.067961575771316340e-02
1.651200790541326750e+15,3.067961575771309748e-02
1.651200790543343000e+15,3.067961575771303850e-02
1.651200790545359500e+15,3.067961575771297605e-02
1.651200790547376000e+15,3.067961575771294136e-02
1.651200790549392250e+15,3.067961575771294136e-02
1.651200790551408750e+15,3.067961575771294136e-02
1.651200790553425250e+15,3.067961575771294136e-02
1.651200790555441500e+15,3.067961575771294483e-02
1.651200790557458000e+15,3.067961575771296912e-02
1.651200790559474500e+15,3.067961575771304544e-02
1.651200790561490750e+15,3.067961575771311830e-02
1.651200790563507250e+15,3.067961575771319116e-02
1.651200790565523500e+15,3.067961575771326749e-02
1.651200790567540000e+15,3.067961575771334382e-02
1.651200790569556500e+15,3.067961575771334728e-02
1.651200790571572750e+15,3.067961575771326402e-02
1.651200790573589250e+15,3.067961575771318075e-02
1.651200790575605750e+15,3.067961575771309402e-02
1.651200790577622000e+15,3.067961575771300728e-02
1.651200790579638500e+15,3.067961575771294136e-02
1.651200790581655000e+15,3.067961575771294483e-02
1.651200790583671250e+15,3.067961575771294136e-02
1.651200790585687750e+15,3.067961575771294136e-02
1.651200790587704250e+15,3.067961575771294136e-02
1.651200790589720500e+15,3.067961575771294483e-02
1.651200790591737000e+15,3.067961575771294136e-02
1.651200790593753500e+15,3.067961575771294136e-02
1.651200790595769750e+15,3.067961575771294136e-02
1.651200790597786250e+15,3.067961575771294136e-02
1.651200790599802500e+15,3.067961575771294136e-02
1.651200790601819000e+15,3.067961575771297952e-02
1.651200790603835500e+15,3.067961575771304544e-02
1.651200790605851750e+15,3.067961575771311483e-02
1.651200790607868250e+15,3.067961575771318075e-02
1.651200790609884750e+15,3.067961575771325014e-02
1.651200790611901000e+15,3.067961575771331606e-02
1.651200790613917500e+15,3.067961575771338545e-02
1.651200790615934000e+15,3.067961575771338545e-02
1.651200790617950250e+15,3.067961575771338545e-02
1.651200790619966750e+15,3.067961575771338545e-02
1.651200790621983250e+15,3.067961575771338545e-02
1.651200790623999500e+15,3.067961575771332647e-02
1.651200790626016000e+15,3.067961575771326749e-02
1.651200790628032500e+15,3.067961575771320504e-02
1.651200790630048750e+15,3.067961575771314259e-02
1.651200790632065250e+15,3.067961575771308708e-02
1.651200790634081500e+15,3.067961575771302463e-02
1.651200790636098000e+15,3.067961575771296565e-02
1.651200790638114500e+15,3.067961575771288585e-02
1.651200790640130750e+15,3.067961575771278870e-02
1.651200790642147250e+15,3.067961575771269850e-02
1.651200790644163750e+15,3.067961575771260829e-02
1.651200790646180000e+15,3.067961575771251462e-02
1.651200790648196500e+15,3.067961575771256666e-02
1.651200790650213000e+15,3.067961575771264299e-02
1.651200790652229250e+15,3.067961575771271932e-02
1.651200790654245750e+15,3.067961575771279911e-02
1.651200790656262250e+15,3.067961575771287544e-02
1.651200790658278500e+15,3.067961575771293095e-02
1.651200790660295000e+15,3.067961575771285809e-02
1.651200790662311500e+15,3.067961575771278870e-02
1.651200790664327750e+15,3.067961575771271238e-02
1.651200790666344250e+15,3.067961575771264299e-02
1.651200790668360500e+15,3.067961575771256666e-02
1.651200790670377000e+15,3.067961575771249380e-02
1.651200790672393500e+15,3.067961575771249727e-02
1.651200790674409750e+15,3.067961575771249380e-02
1.651200790676426250e+15,3.067961575771249033e-02
1.651200790678442750e+15,3.067961575771249727e-02
1.651200790680459000e+15,3.067961575771249380e-02
1.651200790682475500e+15,3.067961575771249727e-02
1.651200790684492000e+15,3.067961575771249727e-02
1.651200790686508250e+15,3.067961575771249727e-02
1.651200790688524750e+15,3.067961575771249727e-02
1.651200790690541250e+15,3.067961575771249727e-02
1.651200790692557500e+15,3.067961575771250074e-02
1.651200790694574000e+15,3.067961575771249727e-02
1.651200790696590500e+15,3.067961575771249727e-02
1.651200790698606750e+15,3.067961575771249727e-02
1.651200790700623250e+15,3.067961575771249727e-02
1.651200790702639500e+15,3.067961575771249727e-02
1.651200790704656000e+15,3.067961575771249727e-02
1.651200790706672500e+15,3.067961575771249727e-02
1.651200790708688750e+15,3.067961575771250074e-02
1.651200790710705250e+15,3.067961575771249727e-02
1.651200790712721750e+15,3.067961575771249727e-02
1.651200790714738000e+15,3.067961575771250074e-02
1.651200790716754500e+15,3.067961575771249727e-02
1.651200790718771000e+15,3.067961575771250074e-02
1.651200790720787250e+15,3.067961575771249727e-02
1.651200790722803750e+15,3.067961575771249727e-02
1.651200790724820250e+15,3.067961575771249727e-02
1.651200790726836500e+15,3.067961575771249727e-02
1.651200790728853000e+15,3.067961575771249727e-02
1.651200790730869500e+15,3.067961575771249727e-02
1.651200790732885750e+15,3.067961575771249727e-02
1.651200790734902250e+15,3.067961575771249727e-02
1.651200790736918500e+15,3.067961575771249727e-02
1.651200790738935000e+15,3.067961575771249380e-02
1.651200790740951500e+15,3.067961575771249727e-02
1.651200790742967750e+15,3.067961575771249727e-02
1.651200790744984250e+15,3.067961575771249727e-02
1.651200790747000750e+15,3.067961575771249727e-02
1.651200790749017000e+15,3.067961575771249727e-02
1.651200790751033500e+15,3.067961575771249727e-02
1.651200790753050000e+15,3.067961575771249727e-02
1.651200790755066250e+15,3.067961575771249727e-02
1.651200790757082750e+15,3.067961575771249727e-02
1.651200790759099250e+15,3.067961575771249727e-02
1.651200790761115500e+15,3.067961575771249727e-02
1.651200790763132000e+15,3.067961575771249727e-02
1.651200790765148500e+15,3.067961575771249727e-02
1.651200790767164750e+15,3.067961575771249380e-02
1.651200790769181250e+15,3.067961575771250074e-02
1.651200790771197500e+15,3.067961575771250074e-02
1.651200790773214000e+15,3.067961575771249727e-02
1.651200790775230500e+15,3.067961575771249727e-02
1.651200790777246750e+15,3.067961575771250074e-02
1.651200790779263250e+15,3.067961575771249727e-02
1.651200790781279750e+15,3.067961575771249727e-02
1.651200790783296000e+15,3.067961575771250074e-02
1.651200790785312500e+15,3.067961575771249727e-02
1.651200790787329000e+15,3.067961575771249727e-02
1.651200790789345250e+15,3.067961575771249727e-02
1.651200790791361750e+15,3.067961575771250074e-02
1.651200790793378250e+15,3.067961575771249727e-02
1.651200790795394500e+15,3.067961575771250074e-02
1.651200790797411000e+15,3.067961575771249727e-02
1.651200790799427500e+15,3.067961575771249727e-02
1.651200790801443750e+15,3.067961575771249727e-02
1.651200790803460250e+15,3.087516979900778100e-02
1.651200790805476500e+15,3.138050249463306129e-02
1.651200790807493000e+15,3.188589784775314878e-02
1.651200790809509500e+15,3.239129320087323627e-02
1.651200790811525750e+15,3.289662589649852004e-02
1.651200790813542250e+15,3.340202124961860752e-02
1.651200790815558750e+15,3.390741660273868807e-02
1.651200790817575000e+15,3.441274929836397184e-02
1.651200790819591500e+15,3.491814465148405933e-02
1.651200790821608000e+15,3.542354000460415375e-02
1.651200790823624250e+15,3.592887270022943058e-02
1.651200790825640750e+15,3.643426805334951113e-02
1.651200790827657250e+15,3.681553890925526318e-02
1.651200790829673500e+15,3.681553890925526318e-02
1.651200790831690000e+15,3.681553890925526318e-02
1.651200790833706500e+15,3.681553890925526318e-02
1.651200790835722750e+15,3.681553890925526318e-02
1.651200790837739250e+15,3.681553890925526318e-02
1.651200790839755500e+15,3.623060578310942359e-02
1.651200790841772000e+15,3.530148593366233545e-02
1.651200790843788500e+15,3.437236608421524731e-02
1.651200790845804750e+15,3.344336142443458948e-02
1.651200790847821250e+15,3.251424157498750134e-02
1.651200790849837750e+15,3.158512172554041320e-02
1.651200790851854000e+15,3.071198692567819744e-02
1.651200790853870500e+15,3.199191751790804450e-02
1.651200790855887000e+15,3.327184811013790544e-02
1.651200790857903250e+15,3.455162002017184153e-02
1.651200790859919750e+15,3.583155061240170247e-02
1.651200790861936250e+15,3.711148120463154954e-02
1.651200790863952500e+15,3.839125311466548562e-02
1.651200790865969000e+15,3.967118370689534657e-02
1.651200790867985500e+15,4.095111429912519363e-02
1.651200790870001750e+15,4.223088620915912972e-02
1.651200790872018250e+15,4.255789031050304788e-02
1.651200790874034500e+15,4.165742047614121035e-02
1.651200790876051000e+15,4.075683899021901452e-02
1.651200790878067500e+15,3.985625750429681868e-02
1.651200790880083750e+15,3.895578766993498115e-02
1.651200790882100250e+15,3.805520618401278532e-02
1.651200790884116750e+15,3.715462469809058949e-02
1.651200790886133000e+15,3.681553890925527012e-02
1.651200790888149500e+15,3.681553890925526318e-02
1.651200790890166000e+15,3.681553890925526318e-02
1.651200790892182250e+15,3.681553890925526318e-02
1.651200790894198750e+15,3.681553890925526318e-02
1.651200790896215250e+15,3.701937670618454107e-02
1.651200790898231500e+15,3.761393433086249183e-02
1.651200790900248000e+15,3.820856567626267075e-02
1.651200790902264500e+15,3.880319702166284968e-02
1.651200790904280750e+15,3.939775464634080737e-02
1.651200790906297250e+15,3.999238599174098630e-02
1.651200790908313500e+15,4.058694361641894399e-02
1.651200790910330000e+15,4.118157496181912292e-02
1.651200790912346500e+15,4.177620630721929490e-02
1.651200790914362750e+15,4.237076393189725954e-02
1.651200790916379250e+15,4.295146206079847317e-02
1.651200790918395750e+15,4.295146206079847317e-02
1.651200790920412000e+15,4.295146206079847317e-02
1.651200790922428500e+15,4.295146206079847317e-02
1.651200790924445000e+15,4.295146206079847317e-02
1.651200790926461250e+15,4.295146206079847317e-02
1.651200790928477750e+15,4.295146206079847317e-02
1.651200790930494250e+15,4.243034304100207210e-02
1.651200790932510500e+15,4.184245314106389141e-02
1.651200790934527000e+15,4.125449034715175656e-02
1.651200790936543500e+15,4.066652755323962865e-02
1.651200790938559750e+15,4.007863765330145489e-02
1.651200790940576250e+15,3.949067485938932698e-02
1.651200790942592500e+15,3.890278495945113935e-02
1.651200790944609000e+15,3.831482216553901143e-02
1.651200790946625500e+15,3.772685937162688352e-02
1.651200790948641750e+15,3.713896947168870283e-02
1.651200790950658250e+15,3.734450282784488456e-02
1.651200790952674750e+15,3.852020494064286454e-02
1.651200790954691000e+15,3.969576129319875302e-02
1.651200790956707500e+15,4.087146340599673300e-02
1.651200790958724000e+15,4.204716551879471992e-02
1.651200790960740250e+15,4.314755618404676057e-02
1.651200790962756750e+15,4.399747300195341881e-02
1.651200790964773250e+15,4.484738981986007011e-02
1.651200790966789500e+15,4.569720126746944222e-02
1.651200790968806000e+15,4.654711808537609352e-02
1.651200790970822500e+15,4.739703490328274482e-02
1.651200790972838750e+15,4.824684635089211693e-02
1.651200790974855250e+15,4.906386073743351783e-02
1.651200790976871500e+15,4.693212039896575705e-02
1.651200790978888000e+15,4.480011574055522278e-02
1.651200790980904500e+15,4.266811108214468851e-02
1.651200790982920750e+15,4.053637074367692078e-02
1.651200790984937250e+15,3.840436608526638651e-02
1.651200790986953750e+15,3.681553890925527012e-02
1.651200790988970000e+15,3.681553890925526318e-02
1.651200790990986500e+15,3.681553890925526318e-02
1.651200790993003000e+15,3.681553890925526318e-02
1.651200790995019250e+15,3.681553890925526318e-02
1.651200790997035750e+15,3.681553890925526318e-02
1.651200790999052250e+15,3.681553890925526318e-02
1.651200791001068500e+15,3.681553890925526318e-02
1.651200791003085000e+15,3.681553890925526318e-02
1.651200791005101500e+15,3.681553890925526318e-02
1.651200791007117750e+15,3.689635343739536277e-02
1.651200791009134250e+15,3.747067060389587534e-02
1.651200791011150500e+15,3.804491656816894052e-02
1.651200791013167000e+15,3.861923373466944615e-02
1.651200791015183500e+15,3.919355090116995177e-02
1.651200791017199750e+15,3.976779686544301695e-02
1.651200791019216250e+15,4.034211403194352952e-02
1.651200791021232750e+15,4.091643119844402821e-02
1.651200791023249000e+15,4.149067716271710032e-02
1.651200791025265500e+15,4.206499432921759901e-02
1.651200791027282000e+15,4.263931149571811158e-02
1.651200791029298250e+15,4.295146206079847317e-02
1.651200791031314750e+15,4.295146206079846624e-02
1.651200791033331250e+15,4.295146206079847317e-02
1.651200791035347500e+15,4.295146206079847317e-02
1.651200791037364000e+15,4.295146206079847317e-02
1.651200791039380500e+15,4.295146206079847317e-02
1.651200791041396750e+15,4.295146206079847317e-02
1.651200791043413250e+15,4.295146206079847317e-02
1.651200791045429500e+15,4.295146206079847317e-02
1.651200791047446000e+15,4.295146206079846624e-02
1.651200791049462500e+15,4.282972377718479579e-02
1.651200791051478750e+15,4.203920907722964728e-02
1.651200791053495250e+15,4.124859635933277729e-02
1.651200791055511750e+15,4.045798364143591425e-02
1.651200791057528000e+15,3.966746894148076574e-02
1.651200791059544500e+15,3.887685622358389576e-02
1.651200791061561000e+15,3.808624350568702577e-02
1.651200791063577250e+15,3.729572880573187033e-02
1.651200791065593750e+15,3.726716270355091842e-02
1.651200791067610250e+15,3.841739873916354825e-02
1.651200791069626500e+15,3.956749217174673067e-02
1.651200791071643000e+15,4.071772820735936049e-02
1.651200791073659500e+15,4.186796424297199726e-02
1.651200791075675750e+15,4.298918753491159928e-02
1.651200791077692250e+15,4.364077998501877942e-02
1.651200791079708500e+15,4.429229165252612788e-02
1.651200791081725000e+15,4.494388410263329414e-02
1.651200791083741500e+15,4.559547655274047429e-02
1.651200791085757750e+15,4.624698822024782968e-02
1.651200791087774250e+15,4.689858067035500289e-02
1.651200791089790750e+15,4.755017312046217609e-02
1.651200791091807000e+15,4.820168478796953149e-02
1.651200791093823500e+15,4.885327723807670469e-02
1.651200791095840000e+15,4.908738521234035784e-02
1.651200791097856250e+15,4.908738521234035090e-02
1.651200791099872750e+15,4.908738521234035784e-02
1.651200791101889250e+15,4.908738521234035090e-02
1.651200791103905500e+15,4.908738521234035784e-02
1.651200791105922000e+15,4.946954575936070991e-02
1.651200791107938500e+15,5.002878142196341693e-02
1.651200791109954750e+15,5.058794775210115335e-02
1.651200791111971250e+15,5.114718341470385343e-02
1.651200791113987500e+15,5.170634974484158985e-02
1.651200791116004000e+15,5.226558540744430381e-02
1.651200791118020500e+15,5.282482107004702471e-02
1.651200791120036750e+15,5.338398740018474725e-02
1.651200791122053250e+15,5.394322306278746815e-02
1.651200791124069750e+15,5.450245872539017516e-02
1.651200791126086000e+15,5.506162505552791159e-02
1.651200791128102500e+15,5.522330836388273517e-02
1.651200791130119000e+15,5.522330836388281150e-02
1.651200791132135250e+15,5.522330836388288783e-02
1.651200791134151750e+15,5.522330836388296416e-02
1.651200791136168250e+15,5.522330836388304048e-02
1.651200791138184500e+15,5.522330836388310987e-02
1.651200791140201000e+15,5.522330836388307518e-02
1.651200791142217500e+15,5.522330836388304048e-02
1.651200791144233750e+15,5.522330836388299885e-02
1.651200791146250250e+15,5.522330836388295722e-02
1.651200791148266500e+15,5.522330836388290864e-02
1.651200791150283000e+15,5.522330836388288089e-02
1.651200791152299500e+15,5.522330836388283926e-02
1.651200791154315750e+15,5.522330836388279762e-02
1.651200791156332250e+15,5.522330836388275599e-02
1.651200791158348750e+15,5.522330836388272129e-02
1.651200791160365000e+15,5.522330836388267966e-02
1.651200791162381500e+15,5.610166996571317594e-02
1.651200791164398000e+15,5.709869567361704201e-02
1.651200791166414250e+15,5.809559777307705952e-02
1.651200791168430750e+15,5.909262348098093254e-02
1.651200791170447250e+15,6.008964918888478474e-02
1.651200791172463500e+15,6.108655128834481612e-02
1.651200791174480000e+15,6.096916306600040636e-02
1.651200791176496500e+15,6.043225314909496382e-02
1.651200791178512750e+15,5.989540979677133309e-02
1.651200791180529250e+15,5.935849987986588361e-02
1.651200791182545500e+15,5.882165652754225288e-02
1.651200791184562000e+15,5.828474661063680340e-02
1.651200791186578500e+15,5.774783669373136086e-02
1.651200791188594750e+15,5.721099334140773013e-02
1.651200791190611250e+15,5.667408342450228065e-02
1.651200791192627750e+15,5.613717350759684505e-02
1.651200791194644000e+15,5.560033015527320044e-02
1.651200791196660500e+15,5.548913491698181932e-02
1.651200791198677000e+15,5.638178977846981799e-02
1.651200791200693250e+15,5.727433397111805768e-02
1.651200791202709750e+15,5.816698883260604247e-02
1.651200791204726250e+15,5.905964369409404113e-02
1.651200791206742500e+15,5.995218788674227389e-02
1.651200791208759000e+15,6.084484274823026562e-02
1.651200791210775500e+15,6.112950070295589816e-02
1.651200791212791750e+15,6.058743545937287506e-02
1.651200791214808250e+15,6.004530300373236984e-02
1.651200791216824500e+15,5.950323776014934674e-02
1.651200791218841000e+15,5.896110530450883458e-02
1.651200791220857500e+15,5.841897284886833630e-02
1.651200791222873750e+15,5.787690760528529932e-02
1.651200791224890250e+15,5.733477514964480104e-02
1.651200791226906750e+15,5.679264269400428888e-02
1.651200791228923000e+15,5.625057745042126578e-02
1.651200791230939500e+15,5.570844499478075362e-02
1.651200791232956000e+15,5.522330836388401193e-02
1.651200791234972250e+15,5.522330836388400499e-02
1.651200791236988750e+15,5.522330836388400499e-02
1.651200791239005250e+15,5.522330836388401193e-02
1.651200791241021500e+15,5.522330836388401193e-02
1.651200791243038000e+15,5.522330836388400499e-02
1.651200791245054500e+15,5.522330836388401193e-02
1.651200791247070750e+15,5.522330836388400499e-02
1.651200791249087250e+15,5.522330836388400499e-02
1.651200791251103500e+15,5.522330836388400499e-02
1.651200791253120000e+15,5.522330836388400499e-02
1.651200791255136500e+15,5.522330836388400499e-02
1.651200791257152750e+15,5.522330836388400499e-02
1.651200791259169250e+15,5.522330836388400499e-02
1.651200791261185750e+15,5.522330836388400499e-02
1.651200791263202000e+15,5.522330836388400499e-02
1.651200791265218500e+15,5.522330836388401193e-02
1.651200791267235000e+15,5.522330836388400499e-02
1.651200791269251250e+15,5.522330836388400499e-02
1.651200791271267750e+15,5.522330836388400499e-02
1.651200791273284250e+15,5.522330836388400499e-02
1.651200791275300500e+15,5.522330836388401193e-02
1.651200791277317000e+15,5.522330836388400499e-02
1.651200791279333500e+15,5.522330836388400499e-02
1.651200791281349750e+15,5.522330836388400499e-02
1.651200791283366250e+15,5.522330836388400499e-02
1.651200791285382500e+15,5.522330836388399805e-02
1.651200791287399000e+15,5.522330836388383846e-02
1.651200791289415500e+15,5.522330836388363029e-02
1.651200791291431750e+15,5.522330836388341518e-02
1.651200791293448250e+15,5.522330836388321396e-02
1.651200791295464750e+15,5.522330836388300579e-02
1.651200791297481000e+15,5.522330836388279068e-02
1.651200791299497500e+15,5.522330836388276987e-02
1.651200791301514000e+15,5.522330836388302661e-02
1.651200791303530250e+15,5.522330836388328335e-02
1.651200791305546750e+15,5.522330836388353315e-02
1.651200791307563250e+15,5.522330836388378295e-02
1.651200791309579500e+15,5.529215136319755308e-02
1.651200791311596000e+15,5.584412714099383501e-02
1.651200791313612500e+15,5.639610291879012388e-02
1.651200791315628750e+15,5.694801026418151724e-02
1.651200791317645250e+15,5.749998604197779917e-02
1.651200791319661500e+15,5.805189338736919946e-02
1.651200791321678000e+15,5.860386916516548139e-02
1.651200791323694500e+15,5.915584494296177720e-02
1.651200791325710750e+15,5.970775228835317056e-02
1.651200791327727250e+15,6.025972806614945942e-02
1.651200791329743750e+15,6.081170384394574135e-02
1.651200791331760000e+15,6.134904212565552017e-02
1.651200791333776500e+15,6.006486059632677732e-02
1.651200791335793000e+15,5.878067906699803447e-02
1.651200791337809250e+15,5.749665674688443640e-02
1.651200791339825750e+15,5.621247521755570048e-02
1.651200791341842250e+15,5.522330836388357478e-02
1.651200791343858500e+15,5.522330836388365111e-02
1.651200791345875000e+15,5.522330836388371356e-02
1.651200791347891250e+15,5.522330836388378988e-02
1.651200791349907750e+15,5.522330836388385927e-02
1.651200791351924250e+15,5.522330836388394254e-02
1.651200791353940500e+15,5.522330836388400499e-02
1.651200791355957000e+15,5.522330836388400499e-02
1.651200791357973500e+15,5.522330836388400499e-02
1.651200791359989750e+15,5.522330836388400499e-02
1.651200791362006250e+15,5.522330836388400499e-02
1.651200791364022750e+15,5.522330836388400499e-02
1.651200791366039000e+15,5.522330836388401193e-02
1.651200791368055500e+15,5.522330836388401193e-02
1.651200791370072000e+15,5.570795203801704593e-02
1.651200791372088250e+15,5.638185742282447732e-02
1.651200791374104750e+15,5.705584636688604272e-02
1.651200791376121250e+15,5.772983531094762200e-02
1.651200791378137500e+15,5.840374069575503257e-02
1.651200791380154000e+15,5.907772963981661185e-02
1.651200791382170250e+15,5.975163502462402243e-02
1.651200791384186750e+15,6.042562396868560171e-02
1.651200791386203250e+15,6.109961291274718098e-02
1.651200791388219500e+15,6.135923151542495291e-02
1.651200791390236000e+15,6.135923151542488352e-02
1.651200791392252500e+15,6.135923151542480719e-02
1.651200791394268750e+15,6.135923151542474474e-02
1.651200791396285250e+15,6.135923151542467535e-02
1.651200791398301750e+15,6.135923151542459902e-02
1.651200791400318000e+15,6.135923151542454351e-02
1.651200791402334500e+15,6.135923151542454351e-02
1.651200791404351000e+15,6.135923151542455045e-02
1.651200791406367250e+15,6.135923151542455045e-02
1.651200791408383750e+15,6.135923151542455045e-02
1.651200791410400250e+15,6.135923151542455045e-02
1.651200791412416500e+15,6.135923151542455045e-02
1.651200791414433000e+15,6.135923151542462678e-02
1.651200791416449250e+15,6.135923151542470311e-02
1.651200791418465750e+15,6.135923151542478637e-02
1.651200791420482250e+15,6.135923151542486270e-02
1.651200791422498500e+15,6.135923151542493903e-02
1.651200791424515000e+15,6.135923151542503617e-02
1.651200791426531500e+15,6.135923151542523046e-02
1.651200791428547750e+15,6.135923151542541781e-02
1.651200791430564250e+15,6.135923151542560516e-02
1.651200791432580750e+15,6.135923151542579945e-02
1.651200791434597000e+15,6.171606343817004348e-02
1.651200791436613500e+15,6.235566483569321417e-02
1.651200791438630000e+15,6.299526623321639873e-02
1.651200791440646250e+15,6.363478833475674779e-02
1.651200791442662750e+15,6.427438973227994623e-02
1.651200791444679250e+15,6.491399112980313080e-02
1.651200791446695500e+15,6.555351323134347985e-02
1.651200791448712000e+15,6.619311462886666442e-02
1.651200791450728250e+15,6.683263673040701347e-02
1.651200791452744750e+15,6.747223812793019804e-02
1.651200791454761250e+15,6.749515466696864863e-02
1.651200791456777500e+15,6.749515466696864863e-02
1.651200791458794000e+15,6.749515466696864863e-02
1.651200791460810500e+15,6.749515466696866250e-02
1.651200791462826750e+15,6.749515466696866250e-02
1.651200791464843250e+15,6.749515466696864863e-02
1.651200791466859750e+15,6.749515466696866250e-02
1.651200791468876000e+15,6.703976811810248571e-02
1.651200791470892500e+15,6.643761272414272501e-02
1.651200791472909000e+15,6.583545733018296431e-02
1.651200791474925250e+15,6.523337658975580933e-02
1.651200791476941750e+15,6.463122119579606251e-02
1.651200791478958250e+15,6.402906580183628793e-02
1.651200791480974500e+15,6.342698506140914683e-02
1.651200791482991000e+15,6.282482966744938613e-02
1.651200791485007250e+15,6.222274892702223115e-02
1.651200791487023750e+15,6.162059353306247045e-02
1.651200791489040250e+15,6.135923151542631987e-02
1.651200791491056500e+15,6.135923151542632681e-02
1.651200791493073000e+15,6.135923151542632681e-02
1.651200791495089500e+15,6.135923151542631987e-02
1.651200791497105750e+15,6.135923151542632681e-02
1.651200791499122250e+15,6.135923151542631987e-02
1.651200791501138750e+15,6.135923151542633375e-02
1.651200791503155000e+15,6.135923151542632681e-02
1.651200791505171500e+15,6.135923151542632681e-02
1.651200791507188000e+15,6.135923151542632681e-02
1.651200791509204250e+15,6.135923151542632681e-02
1.651200791511220750e+15,6.135923151542631987e-02
1.651200791513237250e+15,6.135923151542632681e-02
1.651200791515253500e+15,6.135923151542632681e-02
1.651200791517270000e+15,6.135923151542632681e-02
1.651200791519286250e+15,6.135923151542632681e-02
1.651200791521302750e+15,6.135923151542631987e-02
1.651200791523319250e+15,6.135923151542632681e-02
1.651200791525335500e+15,6.135923151542632681e-02
1.651200791527352000e+15,6.135923151542632681e-02
1.651200791529368500e+15,6.135923151542631987e-02
1.651200791531384750e+15,6.135923151542631987e-02
1.651200791533401250e+15,6.149081934862379167e-02
1.651200791535417750e+15,6.201392800440044817e-02
1.651200791537434000e+15,6.253697180663683741e-02
1.651200791539450500e+15,6.306008046241347309e-02
1.651200791541467000e+15,6.358318911819012265e-02
1.651200791543483250e+15,6.410623292042651189e-02
1.651200791545499750e+15,6.462934157620316145e-02
1.651200791547516250e+15,6.515245023197981100e-02
1.651200791549532500e+15,6.567549403421618637e-02
1.651200791551549000e+15,6.619860268999284980e-02
1.651200791553565250e+15,6.672164649222923904e-02
1.651200791555581750e+15,6.724475514800588860e-02
1.651200791557598250e+15,6.749515466696864863e-02
1.651200791559614500e+15,6.749515466696864863e-02
1.651200791561631000e+15,6.749515466696864863e-02
1.651200791563647500e+15,6.749515466696864863e-02
1.651200791565663750e+15,6.749515466696864863e-02
1.651200791567680250e+15,6.635480745482488785e-02
1.651200791569696750e+15,6.516964566985496143e-02
1.651200791571713000e+15,6.398463081791069818e-02
1.651200791573729500e+15,6.279946903294078564e-02
1.651200791575746000e+15,6.161430724797085923e-02
1.651200791577762250e+15,6.171431031019321278e-02
1.651200791579778750e+15,6.216684081400003503e-02
1.651200791581795250e+15,6.261937131780685728e-02
1.651200791583811500e+15,6.307184571815423191e-02
1.651200791585828000e+15,6.352437622196105416e-02
1.651200791587844250e+15,6.397685062230842878e-02
1.651200791589860750e+15,6.442938112611525103e-02
1.651200791591877250e+15,6.488191162992205940e-02
1.651200791593893500e+15,6.533438603026944791e-02
1.651200791595910000e+15,6.578691653407625628e-02
1.651200791597926500e+15,6.623944703788307853e-02
1.651200791599942750e+15,6.669192143823046703e-02
1.651200791601959250e+15,6.714445194203727540e-02
1.651200791603975750e+15,6.777174667273183628e-02
1.651200791605992000e+15,6.900079048897436729e-02
1.651200791608008500e+15,7.022998669750654677e-02
1.651200791610025000e+15,7.145918290603875400e-02
1.651200791612041250e+15,7.268822672228128501e-02
1.651200791614057750e+15,7.363107781851098432e-02
1.651200791616074250e+15,7.363107781851097045e-02
1.651200791618090500e+15,7.363107781851097045e-02
1.651200791620107000e+15,7.363107781851097045e-02
1.651200791622123250e+15,7.363107781851097045e-02
1.651200791624139750e+15,7.363107781851097045e-02
1.651200791626156250e+15,7.363107781851097045e-02
1.651200791628172500e+15,7.363107781851097045e-02
1.651200791630189000e+15,7.363107781851097045e-02
1.651200791632205500e+15,7.363107781851097045e-02
1.651200791634221750e+15,7.363107781851097045e-02
1.651200791636238250e+15,7.363107781851097045e-02
1.651200791638254750e+15,7.363107781851097045e-02
1.651200791640271000e+15,7.363107781851097045e-02
1.651200791642287500e+15,7.363107781851097045e-02
1.651200791644304000e+15,7.363107781851097045e-02
1.651200791646320250e+15,7.363107781851097045e-02
1.651200791648336750e+15,7.304817279733645530e-02
1.651200791650353250e+15,7.201596381801844693e-02
1.651200791652369500e+15,7.098388280906731129e-02
1.651200791654386000e+15,6.995167382974928905e-02
1.651200791656402250e+15,6.891959282079815341e-02
1.651200791658418750e+15,6.788738384148014504e-02
1.651200791660435250e+15,6.685517486216212280e-02
1.651200791662451500e+15,6.582309385321098716e-02
1.651200791664468000e+15,6.479088487389297879e-02
1.651200791666484500e+15,6.375867589457495654e-02
1.651200791668500750e+15,6.272659488562382091e-02
1.651200791670517250e+15,6.169438590630580560e-02
1.651200791672533750e+15,6.314469101190331446e-02
1.651200791674550000e+15,6.578829865631066753e-02
1.651200791676566500e+15,6.843223408839868571e-02
1.651200791678583000e+15,7.107616952048667613e-02
1.651200791680599250e+15,7.371977716489404309e-02
1.651200791682615750e+15,7.636371259698204739e-02
1.651200791684632250e+15,7.900764802907005169e-02
1.651200791686648500e+15,8.165125567347741864e-02
1.651200791688665000e+15,8.429519110556542294e-02
1.651200791690681250e+15,8.693879874997277601e-02
1.651200791692697750e+15,8.958273418206078031e-02
1.651200791694714250e+15,9.197048742001559529e-02
1.651200791696730500e+15,9.100831950476453991e-02
1.651200791698747000e+15,9.004603228785008906e-02
1.651200791700763500e+15,8.908374507093563821e-02
1.651200791702779750e+15,8.812157715568458283e-02
1.651200791704796250e+15,8.715928993877013198e-02
1.651200791706812750e+15,8.619700272185568113e-02
1.651200791708829000e+15,8.627853813174732323e-02
1.651200791710845500e+15,8.681955645422589907e-02
1.651200791712862000e+15,8.736057477670447491e-02
1.651200791714878250e+15,8.790152602525266867e-02
1.651200791716894750e+15,8.844254434773124451e-02
1.651200791718911250e+15,8.898356267020983423e-02
1.651200791720927500e+15,8.952451391875801412e-02
1.651200791722944000e+15,9.006553224123658996e-02
1.651200791724960250e+15,9.060648348978478372e-02
1.651200791726976750e+15,9.114750181226337344e-02
1.651200791728993250e+15,9.168852013474193541e-02
1.651200791731009500e+15,8.995914618826257592e-02
1.651200791733026000e+15,8.405665887277763426e-02
1.651200791735042500e+15,7.815417155729269261e-02
1.651200791737058750e+15,7.225241601558848870e-02
1.651200791739075250e+15,6.801076461822316843e-02
1.651200791741091750e+15,7.066821501235662217e-02
1.651200791743108000e+15,7.332533594326244575e-02
1.651200791745124500e+15,7.598278633739589949e-02
1.651200791747141000e+15,7.864023673152936711e-02
1.651200791749157250e+15,8.129735766243519068e-02
1.651200791751173750e+15,8.395480805656864443e-02
1.651200791753190250e+15,8.606753041327856735e-02
1.651200791755206500e+15,8.668413503121602526e-02
1.651200791757223000e+15,8.730081610353883359e-02
1.651200791759239250e+15,8.791742072147629150e-02
1.651200791761255750e+15,8.853410179379911371e-02
1.651200791763272250e+15,8.915078286612194980e-02
1.651200791765288500e+15,8.976738748405940771e-02
1.651200791767305000e+15,9.038406855638222992e-02
1.651200791769321500e+15,9.100074962870505213e-02
1.651200791771337750e+15,9.161735424664251004e-02
1.651200791773354250e+15,9.240205181303839943e-02
1.651200791775370750e+15,9.354956760576603469e-02
1.651200791777387000e+15,9.469694113271225067e-02
1.651200791779403500e+15,9.584445692543985817e-02
1.651200791781420000e+15,9.699197271816747956e-02
1.651200791783436250e+15,9.813934624511370941e-02
1.651200791785452750e+15,9.928686203784131692e-02
1.651200791787469250e+15,1.004343778305689383e-01
1.651200791789485500e+15,1.015817513575151820e-01
1.651200791791502000e+15,1.027292671502427895e-01
1.651200791793518250e+15,1.038766406771890055e-01
1.651200791795534750e+15,1.052301286964872074e-01
1.651200791797551250e+15,1.067089250434557768e-01
1.651200791799567500e+15,1.081875380534113307e-01
1.651200791801584000e+15,1.096663344003799001e-01
1.651200791803600500e+15,1.111451307473484695e-01
1.651200791805616750e+15,1.126237437573040234e-01
1.651200791807633250e+15,1.141025401042725790e-01
1.651200791809649750e+15,1.155813364512411484e-01
1.651200791811666000e+15,1.167614481953234418e-01
1.651200791813682500e+15,1.173156242617491712e-01
1.651200791815699000e+15,1.178698003281748730e-01
1.651200791817715250e+15,1.184239076894101073e-01
1.651200791819731750e+15,1.189780837558358229e-01
1.651200791821748250e+15,1.195322598222615385e-01
1.651200791823764500e+15,1.200863671834967589e-01
1.651200791825781000e+15,1.206405432499224883e-01
1.651200791827797250e+15,1.211946506111576949e-01
1.651200791829813750e+15,1.217488266775834105e-01
1.651200791831830250e+15,1.223030027440091400e-01
1.651200791833846500e+15,1.223998245100129389e-01
1.651200791835863000e+15,1.211262178157168218e-01
1.651200791837879500e+15,1.198526111214206907e-01
1.651200791839895750e+15,1.185791623253013849e-01
1.651200791841912250e+15,1.173055556310052538e-01
1.651200791843928750e+15,1.167485596504799772e-01
1.651200791845945000e+15,1.171325428608309127e-01
1.651200791847961500e+15,1.175165736822432749e-01
1.651200791849978000e+15,1.179006045036556510e-01
1.651200791851994250e+15,1.182845877140066004e-01
1.651200791854010750e+15,1.186686185354189627e-01
1.651200791856027250e+15,1.190526493568313388e-01
1.651200791858043500e+15,1.194366325671822882e-01
1.651200791860060000e+15,1.198206633885946504e-01
1.651200791862076250e+15,1.202046465989456137e-01
1.651200791864092750e+15,1.205886774203579759e-01
1.651200791866109250e+15,1.209727082417703381e-01
1.651200791868125500e+15,1.213566914521213014e-01
1.651200791870142000e+15,1.217407222735336636e-01
1.651200791872158500e+15,1.221247530949460119e-01
1.651200791874174750e+15,1.225087363052969613e-01
1.651200791876191250e+15,1.227184630308513491e-01
1.651200791878207750e+15,1.227184630308513907e-01
1.651200791880224000e+15,1.227184630308514324e-01
1.651200791882240500e+15,1.227184630308514740e-01
1.651200791884257000e+15,1.227184630308515156e-01
1.651200791886273250e+15,1.227184630308515573e-01
1.651200791888289750e+15,1.227184630308515989e-01
1.651200791890306250e+15,1.227184630308516544e-01
1.651200791892322500e+15,1.227184630308516822e-01
1.651200791894339000e+15,1.227184630308517377e-01
1.651200791896355250e+15,1.226066754853400304e-01
1.651200791898371750e+15,1.215545420639892460e-01
1.651200791900388250e+15,1.205024086426384755e-01
1.651200791902404500e+15,1.194504056618309051e-01
1.651200791904421000e+15,1.183982722404801347e-01
1.651200791906437500e+15,1.173461388191293503e-01
1.651200791908453750e+15,1.165825398793094297e-01
1.651200791910470250e+15,1.165825398793094436e-01
1.651200791912486750e+15,1.165825398793094575e-01
1.651200791914503000e+15,1.165825398793094436e-01
1.651200791916519500e+15,1.165825398793094436e-01
1.651200791918536000e+15,1.165825398793094297e-01
1.651200791920552250e+15,1.165825398793093326e-01
1.651200791922568750e+15,1.165825398793092493e-01
1.651200791924585250e+15,1.165825398793091661e-01
1.651200791926601500e+15,1.165825398793090828e-01
1.651200791928618000e+15,1.165825398793089995e-01
1.651200791930634250e+15,1.165825398793089163e-01
1.651200791932650750e+15,1.165825398793088330e-01
1.651200791934667250e+15,1.165825398793087497e-01
1.651200791936683500e+15,1.165825398793086665e-01
1.651200791938700000e+15,1.165825398793085832e-01
1.651200791940716500e+15,1.171122015478968520e-01
1.651200791942732750e+15,1.180461152683088683e-01
1.651200791944749250e+15,1.189801447870743323e-01
1.651200791946765750e+15,1.199141743058397824e-01
1.651200791948782000e+15,1.208480880262517987e-01
1.651200791950798500e+15,1.217821175450172766e-01
1.651200791952815000e+15,1.227161470637827129e-01
1.651200791954831250e+15,1.235972549868821213e-01
1.651200791956847750e+15,1.244783408684662362e-01
1.651200791958864250e+15,1.253594267500503789e-01
1.651200791960880500e+15,1.262404033970843387e-01
1.651200791962897000e+15,1.271214892786685091e-01
1.651200791964913250e+15,1.280024659257024688e-01
1.651200791966929750e+15,1.288334340200058548e-01
1.651200791968946250e+15,1.282004746873331991e-01
1.651200791970962500e+15,1.275675938271788323e-01
1.651200791972979000e+15,1.269346344945061766e-01
1.651200791974995500e+15,1.263016751618335209e-01
1.651200791977011750e+15,1.256687943016791820e-01
1.651200791979028250e+15,1.250358349690065263e-01
1.651200791981044750e+15,1.244028756363338706e-01
1.651200791983061000e+15,1.237699947761795038e-01
1.651200791985077500e+15,1.231370354435068482e-01
1.651200791987094000e+15,1.227184630308517377e-01
1.651200791989110250e+15,1.227184630308516544e-01
1.651200791991126750e+15,1.227184630308515711e-01
1.651200791993143250e+15,1.227184630308514879e-01
1.651200791995159500e+15,1.227184630308514185e-01
1.651200791997176000e+15,1.227184630308513352e-01
1.651200791999192250e+15,1.219035644592162404e-01
1.651200792001208750e+15,1.209768801396323423e-01
1.651200792003225250e+15,1.200501958200484581e-01
1.651200792005241500e+15,1.191236263881808449e-01
1.651200792007258000e+15,1.181969420685969330e-01
1.651200792009274500e+15,1.172702577490130488e-01
1.651200792011290750e+15,1.170066284508538418e-01
1.651200792013307250e+15,1.186519860353065225e-01
1.651200792015323750e+15,1.202973436197592172e-01
1.651200792017340000e+15,1.219424972174050076e-01
1.651200792019356500e+15,1.227184630308513075e-01
1.651200792021373000e+15,1.227184630308513213e-01
1.651200792023389250e+15,1.227184630308513075e-01
1.651200792025405750e+15,1.227184630308513075e-01
1.651200792027422250e+15,1.227184630308513213e-01
1.651200792029438500e+15,1.227184630308513075e-01
1.651200792031455000e+15,1.227184630308513213e-01
1.651200792033471250e+15,1.227184630308513075e-01
1.651200792035487750e+15,1.227184630308513213e-01
1.651200792037504250e+15,1.227184630308512936e-01
1.651200792039520500e+15,1.227184630308513213e-01
1.651200792041537000e+15,1.227184630308513213e-01
1.651200792043553500e+15,1.227184630308513213e-01
1.651200792045569750e+15,1.227184630308513769e-01
1.651200792047586250e+15,1.227184630308514601e-01
1.651200792049602750e+15,1.227184630308515295e-01
1.651200792051619000e+15,1.227184630308515989e-01
1.651200792053635500e+15,1.227184630308516683e-01
1.651200792055652000e+15,1.227184630308517377e-01
1.651200792057668250e+15,1.227184630308517377e-01
1.651200792059684750e+15,1.227184630308516267e-01
1.651200792061701250e+15,1.227184630308515434e-01
1.651200792063717500e+15,1.227184630308514601e-01
1.651200792065734000e+15,1.227184630308513769e-01
1.651200792067750250e+15,1.231115102821025153e-01
1.651200792069766750e+15,1.240233075580852717e-01
1.651200792071783250e+15,1.249351048340680281e-01
1.651200792073799500e+15,1.258467890679882961e-01
1.651200792075816000e+15,1.267585863439710525e-01
1.651200792077832500e+15,1.276703836199538089e-01
1.651200792079848750e+15,1.285820678538740769e-01
1.651200792081865250e+15,1.284353746267654361e-01
1.651200792083881750e+15,1.278379294777994279e-01
1.651200792085898000e+15,1.272405583984030919e-01
1.651200792087914500e+15,1.266431132494370837e-01
1.651200792089931000e+15,1.260456681004710755e-01
1.651200792091947250e+15,1.254482970210747395e-01
1.651200792093963750e+15,1.248508518721087313e-01
1.651200792095980250e+15,1.242534067231427231e-01
1.651200792097996500e+15,1.236560356437464009e-01
1.651200792100013000e+15,1.230585904947803927e-01
1.651200792102029250e+15,1.227184630308512797e-01
1.651200792104045750e+15,1.227184630308512103e-01
1.651200792106062250e+15,1.227184630308511409e-01
1.651200792108078500e+15,1.227184630308510438e-01
1.651200792110095000e+15,1.227184630308509744e-01
1.651200792112111500e+15,1.227184630308508911e-01
1.651200792114127750e+15,1.227184630308509189e-01
1.651200792116144250e+15,1.227184630308509605e-01
1.651200792118160750e+15,1.227184630308510160e-01
1.651200792120177000e+15,1.227184630308510577e-01
1.651200792122193500e+15,1.227184630308510993e-01
1.651200792124210000e+15,1.227184630308511548e-01
1.651200792126226250e+15,1.227184630308511826e-01
1.651200792128242750e+15,1.227184630308512381e-01
1.651200792130259250e+15,1.227184630308512936e-01
1.651200792132275500e+15,1.225991325337888044e-01
1.651200792134292000e+15,1.220577828210181182e-01
1.651200792136308250e+15,1.215165002232626440e-01
1.651200792138324750e+15,1.209751505104919578e-01
1.651200792140341250e+15,1.204338007977212577e-01
1.651200792142357500e+15,1.198925181999657974e-01
1.651200792144374000e+15,1.193511684871950973e-01
1.651200792146390500e+15,1.188098187744244111e-01
1.651200792148406750e+15,1.182685361766689369e-01
1.651200792150423250e+15,1.177271864638982507e-01
1.651200792152439750e+15,1.171858367511275645e-01
1.651200792154456000e+15,1.166445541533720903e-01
1.651200792156472500e+15,1.165825398793081252e-01
1.651200792158489000e+15,1.165825398793081252e-01
1.651200792160505250e+15,1.165825398793081114e-01
1.651200792162521750e+15,1.165825398793081252e-01
1.651200792164538250e+15,1.165825398793081114e-01
1.651200792166554500e+15,1.165825398793081114e-01
1.651200792168571000e+15,1.166327264976364658e-01
1.651200792170587250e+15,1.176151417326319476e-01
1.651200792172603750e+15,1.185976787798078413e-01
1.651200792174620250e+15,1.195802158269837212e-01
1.651200792176636500e+15,1.205626310619792030e-01
1.651200792178653000e+15,1.215451681091550967e-01
1.651200792180669500e+15,1.225277051563309905e-01
1.651200792182685750e+15,1.227184630308508773e-01
1.651200792184702250e+15,1.227184630308508773e-01
1.651200792186718750e+15,1.227184630308508773e-01
1.651200792188735000e+15,1.227184630308508773e-01
1.651200792190751500e+15,1.227184630308508773e-01
1.651200792192768000e+15,1.227184630308508773e-01
1.651200792194784250e+15,1.227184630308508773e-01
1.651200792196800750e+15,1.227184630308508911e-01
1.651200792198817250e+15,1.227184630308508773e-01
1.651200792200833500e+15,1.227184630308508911e-01
1.651200792202850000e+15,1.227184630308508911e-01
1.651200792204866250e+15,1.227184630308508773e-01
1.651200792206882750e+15,1.227184630308508773e-01
1.651200792208899250e+15,1.227184630308508773e-01
1.651200792210915500e+15,1.227184630308508634e-01
1.651200792212932000e+15,1.227184630308508773e-01
1.651200792214948500e+15,1.227184630308508773e-01
1.651200792216964750e+15,1.227184630308508773e-01
1.651200792218981250e+15,1.227184630308508773e-01
1.651200792220997750e+15,1.227184630308508773e-01
1.651200792223014000e+15,1.227184630308508773e-01
1.651200792225030500e+15,1.227184630308508773e-01
1.651200792227047000e+15,1.227184630308508773e-01
1.651200792229063250e+15,1.227184630308508773e-01
1.651200792231079750e+15,1.227184630308508773e-01
1.651200792233096250e+15,1.227184630308508773e-01
1.651200792235112500e+15,1.227184630308508773e-01
1.651200792237129000e+15,1.227184630308508773e-01
1.651200792239145250e+15,1.239591805087278398e-01
1.651200792241161750e+15,1.252081044044667246e-01
1.651200792243178250e+15,1.264570283002056095e-01
1.651200792245194500e+15,1.277057973578716032e-01
1.651200792247211000e+15,1.288543861823931991e-01
1.651200792249227500e+15,1.288543861823931991e-01
1.651200792251243750e+15,1.288543861823931991e-01
1.651200792253260250e+15,1.288543861823931991e-01
1.651200792255276750e+15,1.288543861823931991e-01
1.651200792257293000e+15,1.288543861823931991e-01
1.651200792259309500e+15,1.288543861823931991e-01
1.651200792261326000e+15,1.288543861823931991e-01
1.651200792263342250e+15,1.288543861823931991e-01
1.651200792265358750e+15,1.288543861823931991e-01
1.651200792267375250e+15,1.288543861823931991e-01
1.651200792269391500e+15,1.288543861823931991e-01
1.651200792271408000e+15,1.276342825108925383e-01
1.651200792273424250e+15,1.262614956650983666e-01
1.651200792275440750e+15,1.248885386039482182e-01
1.651200792277457250e+15,1.235155815427980697e-01
1.651200792279473500e+15,1.233472259716615893e-01
1.651200792281490000e+15,1.248468125714780608e-01
1.651200792283506500e+15,1.263463991712944767e-01
1.651200792285522750e+15,1.278457998565808440e-01
1.651200792287539250e+15,1.293453864563972877e-01
1.651200792289555750e+15,1.308449730562137592e-01
1.651200792291572000e+15,1.323443737415000987e-01
1.651200792293588500e+15,1.338439603413165424e-01
1.651200792295605000e+15,1.349903093339359650e-01
1.651200792297621250e+15,1.349903093339359650e-01
1.651200792299637750e+15,1.349903093339359650e-01
1.651200792301654250e+15,1.349903093339359650e-01
1.651200792303670500e+15,1.349903093339359650e-01
1.651200792305687000e+15,1.349903093339359927e-01
1.651200792307703250e+15,1.349903093339360760e-01
1.651200792309719750e+15,1.349903093339361315e-01
1.651200792311736250e+15,1.349903093339362148e-01
1.651200792313752500e+15,1.349903093339362981e-01
1.651200792315769000e+15,1.349903093339363536e-01
1.651200792317785500e+15,1.353253577965562726e-01
1.651200792319801750e+15,1.359672024167532245e-01
1.651200792321818250e+15,1.366091266209080446e-01
1.651200792323834750e+15,1.372510508250628647e-01
1.651200792325851000e+15,1.378928954452598443e-01
1.651200792327867500e+15,1.385348196494146367e-01
1.651200792329884000e+15,1.391767438535694845e-01
1.651200792331900250e+15,1.398185884737664364e-01
1.651200792333916750e+15,1.404605126779212565e-01
1.651200792335933250e+15,1.411024368820760766e-01
1.651200792337949500e+15,1.411262324854782868e-01
1.651200792339966000e+15,1.411262324854782868e-01
1.651200792341982250e+15,1.411262324854782868e-01
1.651200792343998750e+15,1.411262324854782868e-01
1.651200792346015250e+15,1.411262324854782868e-01
1.651200792348031500e+15,1.411262324854782868e-01
1.651200792350048000e+15,1.411262324854782868e-01
1.651200792352064500e+15,1.411262324854782868e-01
1.651200792354080750e+15,1.411262324854782868e-01
1.651200792356097250e+15,1.411262324854782868e-01
1.651200792358113750e+15,1.411262324854782868e-01
1.651200792360130000e+15,1.411262324854782868e-01
1.651200792362146500e+15,1.411262324854782868e-01
1.651200792364163000e+15,1.407854762110609392e-01
1.651200792366179250e+15,1.396209849597151997e-01
1.651200792368195750e+15,1.384563493201175777e-01
1.651200792370212250e+15,1.372917136805199556e-01
1.651200792372228500e+15,1.361272224291742161e-01
1.651200792374245000e+15,1.350174244426888825e-01
1.651200792376261250e+15,1.361564002348355507e-01
1.651200792378277750e+15,1.372955172515069600e-01
1.651200792380294250e+15,1.384346342681784248e-01
1.651200792382310500e+15,1.395736100603250929e-01
1.651200792384327000e+15,1.407127270769965299e-01
1.651200792386343500e+15,1.411262324854783146e-01
1.651200792388359750e+15,1.411262324854782868e-01
1.651200792390376250e+15,1.411262324854782868e-01
1.651200792392392750e+15,1.411262324854782868e-01
1.651200792394409000e+15,1.411262324854782868e-01
1.651200792396425500e+15,1.411262324854782868e-01
1.651200792398442000e+15,1.411262324854782868e-01
1.651200792400458250e+15,1.411262324854782868e-01
1.651200792402474750e+15,1.411262324854782868e-01
1.651200792404491250e+15,1.411262324854782868e-01
1.651200792406507500e+15,1.411262324854782868e-01
1.651200792408524000e+15,1.411262324854783146e-01
1.651200792410540250e+15,1.411262324854783701e-01
1.651200792412556750e+15,1.411262324854784533e-01
1.651200792414573250e+15,1.411262324854785644e-01
1.651200792416589500e+15,1.411262324854786754e-01
1.651200792418606000e+15,1.411262324854787031e-01
1.651200792420622500e+15,1.411262324854786476e-01
1.651200792422638750e+15,1.411262324854785921e-01
1.651200792424655250e+15,1.411262324854785366e-01
1.651200792426671750e+15,1.411262324854784811e-01
1.651200792428688000e+15,1.411262324854784256e-01
1.651200792430704500e+15,1.411262324854783701e-01
1.651200792432721000e+15,1.411262324854783146e-01
1.651200792434737250e+15,1.411262324854782868e-01
1.651200792436753750e+15,1.411262324854782868e-01
1.651200792438770250e+15,1.411262324854782868e-01
1.651200792440786500e+15,1.411262324854782868e-01
1.651200792442803000e+15,1.411262324854782868e-01
1.651200792444819250e+15,1.411262324854783146e-01
1.651200792446835750e+15,1.411262324854783701e-01
1.651200792448852250e+15,1.411262324854783978e-01
1.651200792450868500e+15,1.411262324854784533e-01
1.651200792452885000e+15,1.411262324854785088e-01
1.651200792454901500e+15,1.411262324854785644e-01
1.651200792456917750e+15,1.411262324854785921e-01
1.651200792458934250e+15,1.411262324854786199e-01
1.651200792460950750e+15,1.411262324854786754e-01
1.651200792462967000e+15,1.411262324854787031e-01
1.651200792464983500e+15,1.419374318408290203e-01
1.651200792467000000e+15,1.429665501170566677e-01
1.651200792469016250e+15,1.439955408060941133e-01
1.651200792471032750e+15,1.450246590823217607e-01
1.651200792473049250e+15,1.460537773585494081e-01
1.651200792475065500e+15,1.470827680475868537e-01
1.651200792477082000e+15,1.472621556370210527e-01
1.651200792479098250e+15,1.472621556370210527e-01
1.651200792481114750e+15,1.472621556370210527e-01
1.651200792483131250e+15,1.472621556370210527e-01
1.651200792485147500e+15,1.472621556370210527e-01
1.651200792487164000e+15,1.472621556370210250e-01
1.651200792489180500e+15,1.472621556370210527e-01
1.651200792491196750e+15,1.472621556370210527e-01
1.651200792493213250e+15,1.472621556370210527e-01
1.651200792495229750e+15,1.472621556370210527e-01
1.651200792497246000e+15,1.472621556370210527e-01
1.651200792499262500e+15,1.472621556370210527e-01
1.651200792501279000e+15,1.472621556370210527e-01
1.651200792503295250e+15,1.472621556370211082e-01
1.651200792505311750e+15,1.472621556370211637e-01
1.651200792507328250e+15,1.472621556370212192e-01
1.651200792509344500e+15,1.472621556370213025e-01
1.651200792511361000e+15,1.472621556370213303e-01
1.651200792513377250e+15,1.472621556370214135e-01
1.651200792515393750e+15,1.472621556370214968e-01
1.651200792517410250e+15,1.472621556370215246e-01
1.651200792519426500e+15,1.472621556370214968e-01
1.651200792521443000e+15,1.472621556370214968e-01
1.651200792523459500e+15,1.472621556370214968e-01
1.651200792525475750e+15,1.472621556370214968e-01
1.651200792527492250e+15,1.472621556370214968e-01
1.651200792529508750e+15,1.472621556370215246e-01
1.651200792531525000e+15,1.472621556370215246e-01
1.651200792533541500e+15,1.472621556370214968e-01
1.651200792535558000e+15,1.472621556370214968e-01
1.651200792537574250e+15,1.472621556370215523e-01
1.651200792539590750e+15,1.472621556370216078e-01
1.651200792541607250e+15,1.472621556370216633e-01
1.651200792543623500e+15,1.472621556370217466e-01
1.651200792545640000e+15,1.472621556370218021e-01
1.651200792547656250e+15,1.472621556370218854e-01
1.651200792549672750e+15,1.472621556370219131e-01
1.651200792551689250e+15,1.472621556370219409e-01
1.651200792553705500e+15,1.472621556370219409e-01
1.651200792555722000e+15,1.472621556370219409e-01
1.651200792557738500e+15,1.472621556370219409e-01
1.651200792559754750e+15,1.472621556370219409e-01
1.651200792561771250e+15,1.472621556370219409e-01
1.651200792563787750e+15,1.472621556370219409e-01
1.651200792565804000e+15,1.472621556370219409e-01
1.651200792567820500e+15,1.472621556370219409e-01
1.651200792569837000e+15,1.472621556370219131e-01
1.651200792571853250e+15,1.472621556370219409e-01
1.651200792573869750e+15,1.472621556370218854e-01
1.651200792575886250e+15,1.472621556370218576e-01
1.651200792577902500e+15,1.472621556370218299e-01
1.651200792579919000e+15,1.472621556370217744e-01
1.651200792581935250e+15,1.472621556370217744e-01
1.651200792583951750e+15,1.472621556370217188e-01
1.651200792585968250e+15,1.472621556370216911e-01
1.651200792587984500e+15,1.472621556370216633e-01
1.651200792590001000e+15,1.472621556370216078e-01
1.651200792592017500e+15,1.472621556370215801e-01
1.651200792594033750e+15,1.472621556370215523e-01
1.651200792596050250e+15,1.472621556370215246e-01
1.651200792598066750e+15,1.472621556370214690e-01
1.651200792600083000e+15,1.472621556370213580e-01
1.651200792602099500e+15,1.472621556370213025e-01
1.651200792604116000e+15,1.472621556370212470e-01
1.651200792606132250e+15,1.472621556370211637e-01
1.651200792608148750e+15,1.472621556370211082e-01
1.651200792610165250e+15,1.472621556370211082e-01
1.651200792612181500e+15,1.472621556370212470e-01
1.651200792614198000e+15,1.472621556370213858e-01
1.651200792616214250e+15,1.472621556370214968e-01
1.651200792618230750e+15,1.472621556370216633e-01
1.651200792620247250e+15,1.472621556370218299e-01
1.651200792622263500e+15,1.472621556370219409e-01
1.651200792624280000e+15,1.472621556370219409e-01
1.651200792626296500e+15,1.472621556370219409e-01
1.651200792628312750e+15,1.472621556370219409e-01
1.651200792630329250e+15,1.472621556370219409e-01
1.651200792632345750e+15,1.472621556370219409e-01
1.651200792634362000e+15,1.472621556370219409e-01
1.651200792636378500e+15,1.472621556370219409e-01
1.651200792638395000e+15,1.472621556370219409e-01
1.651200792640411250e+15,1.472621556370219131e-01
1.651200792642427750e+15,1.472621556370219409e-01
1.651200792644444250e+15,1.472621556370219409e-01
1.651200792646460500e+15,1.472621556370219409e-01
1.651200792648477000e+15,1.472621556370219409e-01
1.651200792650493250e+15,1.472621556370219409e-01
1.651200792652509750e+15,1.472621556370219409e-01
1.651200792654526250e+15,1.472621556370219409e-01
1.651200792656542500e+15,1.472621556370219131e-01
1.651200792658559000e+15,1.472621556370219409e-01
1.651200792660575500e+15,1.472621556370219409e-01
1.651200792662591750e+15,1.472621556370219409e-01
1.651200792664608250e+15,1.472621556370219409e-01
1.651200792666624750e+15,1.472621556370219409e-01
1.651200792668641000e+15,1.472621556370219131e-01
1.651200792670657500e+15,1.472621556370219409e-01
1.651200792672674000e+15,1.472621556370219131e-01
1.651200792674690250e+15,1.472621556370219131e-01
1.651200792676706750e+15,1.472621556370219409e-01
1.651200792678723250e+15,1.472621556370219686e-01
1.651200792680739500e+15,1.472621556370219409e-01
1.651200792682756000e+15,1.472621556370219409e-01
1.651200792684772250e+15,1.472621556370219686e-01
1.651200792686788750e+15,1.472621556370219686e-01
1.651200792688805250e+15,1.473526758778288537e-01
1.651200792690821500e+15,1.486179197982928912e-01
1.651200792692838000e+15,1.498833205995901974e-01
1.651200792694854500e+15,1.511487214008874758e-01
1.651200792696870750e+15,1.524139653213515411e-01
1.651200792698887250e+15,1.531864260334523664e-01
1.651200792700903750e+15,1.522342837452580755e-01
1.651200792702920000e+15,1.512822595009873927e-01
1.651200792704936500e+15,1.503301172127930740e-01
1.651200792706953000e+15,1.493779749245987554e-01
1.651200792708969250e+15,1.484259506803281281e-01
1.651200792710985750e+15,1.474738083921338094e-01
1.651200792713002250e+15,1.481180358720487478e-01
1.651200792715018500e+15,1.492184143345851588e-01
1.651200792717035000e+15,1.503189292358646512e-01
1.651200792719051250e+15,1.514193076984011177e-01
1.651200792721067750e+15,1.525198225996805546e-01
1.651200792723084250e+15,1.532029777030344264e-01
1.651200792725100500e+15,1.522370536669398755e-01
1.651200792727117000e+15,1.512710098634509059e-01
1.651200792729133500e+15,1.503049660599619086e-01
1.651200792731149750e+15,1.493390420238673577e-01
1.651200792733166250e+15,1.483729982203783881e-01
1.651200792735182750e+15,1.474069544168893908e-01
1.651200792737199000e+15,1.477559797569321098e-01
1.651200792739215500e+15,1.483369577836536057e-01
1.651200792741232000e+15,1.489179358103751016e-01
1.651200792743248250e+15,1.494988418090744675e-01
1.651200792745264750e+15,1.500798198357959634e-01
1.651200792747281250e+15,1.506607978625174593e-01
1.651200792749297500e+15,1.512417038612167974e-01
1.651200792751314000e+15,1.518226818879382933e-01
1.651200792753330250e+15,1.524035878866376592e-01
1.651200792755346750e+15,1.529845659133591274e-01
1.651200792757363250e+15,1.533980787885647346e-01
1.651200792759379500e+15,1.533980787885647068e-01
1.651200792761396000e+15,1.533980787885647346e-01
1.651200792763412500e+15,1.533980787885647068e-01
1.651200792765428750e+15,1.533980787885647068e-01
1.651200792767445250e+15,1.533980787885647346e-01
1.651200792769461750e+15,1.533980787885647346e-01
1.651200792771478000e+15,1.538110401715028219e-01
1.651200792773494500e+15,1.544486639300745867e-01
1.651200792775511000e+15,1.550862876886463793e-01
1.651200792777527250e+15,1.557238323964174054e-01
1.651200792779543750e+15,1.563614561549891702e-01
1.651200792781560250e+15,1.569990799135609350e-01
1.651200792783576500e+15,1.576366246213319888e-01
1.651200792785593000e+15,1.582742483799037536e-01
1.651200792787609250e+15,1.589117930876748352e-01
1.651200792789625750e+15,1.595340019401070286e-01
1.651200792791642250e+15,1.595340019401070286e-01
1.651200792793658500e+15,1.595340019401070286e-01
1.651200792795675000e+15,1.595340019401070286e-01
1.651200792797691500e+15,1.595340019401070286e-01
1.651200792799707750e+15,1.595340019401070286e-01
1.651200792801724250e+15,1.595340019401070286e-01
1.651200792803740750e+15,1.597613091707507926e-01
1.651200792805757000e+15,1.609908415752725752e-01
1.651200792807773500e+15,1.622205264326653240e-01
1.651200792809790000e+15,1.634502112900581006e-01
1.651200792811806250e+15,1.646797436945798832e-01
1.651200792813822750e+15,1.656699250916497945e-01
1.651200792815839250e+15,1.656699250916497945e-01
1.651200792817855500e+15,1.656699250916497945e-01
1.651200792819872000e+15,1.656699250916497945e-01
1.651200792821888250e+15,1.656699250916497945e-01
1.651200792823904750e+15,1.656699250916497945e-01
1.651200792825921250e+15,1.656699250916498223e-01
1.651200792827937500e+15,1.656699250916497945e-01
1.651200792829954000e+15,1.656699250916497945e-01
1.651200792831970500e+15,1.656699250916497945e-01
1.651200792833986750e+15,1.656699250916497945e-01
1.651200792836003250e+15,1.656699250916498223e-01
1.651200792838019750e+15,1.656702599488398819e-01
1.651200792840036000e+15,1.665704676949139873e-01
1.651200792842052500e+15,1.674707870600514736e-01
1.651200792844069000e+15,1.683711064251889045e-01
1.651200792846085250e+15,1.692713141712630098e-01
1.651200792848101750e+15,1.701716335364004684e-01
1.651200792850118250e+15,1.710719529015379547e-01
1.651200792852134500e+15,1.716796330256783465e-01
1.651200792854151000e+15,1.709963766871127888e-01
1.651200792856167250e+15,1.703132050567469080e-01
1.651200792858183750e+15,1.696299487181814059e-01
1.651200792860200250e+15,1.689466923796158482e-01
1.651200792862216500e+15,1.682635207492499951e-01
1.651200792864233000e+15,1.675802644106844652e-01
1.651200792866249500e+15,1.668970080721189353e-01
1.651200792868265750e+15,1.662138364417530545e-01
1.651200792870282250e+15,1.659784278602878804e-01
1.651200792872298750e+15,1.674911228948359476e-01
1.651200792874315000e+15,1.690036303897069769e-01
1.651200792876331500e+15,1.705163254242549886e-01
1.651200792878348000e+15,1.720290204588030003e-01
1.651200792880364250e+15,1.735415279536740296e-01
1.651200792882380750e+15,1.750542229882220413e-01
1.651200792884397250e+15,1.765669180227700807e-01
1.651200792886413500e+15,1.778837988945649595e-01
1.651200792888430000e+15,1.772467332455542333e-01
1.651200792890446250e+15,1.766097465781513443e-01
1.651200792892462750e+15,1.759726809291405902e-01
1.651200792894479250e+15,1.753356152801298362e-01
1.651200792896495500e+15,1.746986286127269472e-01
1.651200792898512000e+15,1.740615629637161654e-01
1.651200792900528500e+15,1.734244973147054392e-01
1.651200792902544750e+15,1.727875106473025224e-01
1.651200792904561250e+15,1.721504449982917684e-01
1.651200792906577750e+15,1.718058482431921163e-01
1.651200792908594000e+15,1.718058482431921163e-01
1.651200792910610500e+15,1.718058482431920886e-01
1.651200792912627000e+15,1.718058482431921163e-01
1.651200792914643250e+15,1.718058482431921163e-01
1.651200792916659750e+15,1.718058482431920886e-01
1.651200792918676250e+15,1.718058482431921163e-01
1.651200792920692500e+15,1.718058482431921163e-01
1.651200792922709000e+15,1.718058482431921163e-01
1.651200792924725250e+15,1.718058482431921163e-01
1.651200792926741750e+15,1.718058482431921163e-01
1.651200792928758250e+15,1.718058482431921163e-01
1.651200792930774500e+15,1.718058482431921163e-01
1.651200792932791000e+15,1.718058482431921163e-01
1.651200792934807500e+15,1.718058482431921163e-01
1.651200792936823750e+15,1.718058482431921163e-01
1.651200792938840250e+15,1.718058482431921163e-01
1.651200792940856750e+15,1.718058482431921163e-01
1.651200792942873000e+15,1.718058482431921163e-01
1.651200792944889500e+15,1.718058482431921163e-01
1.651200792946906000e+15,1.718058482431921163e-01
1.651200792948922250e+15,1.718058482431921163e-01
1.651200792950938750e+15,1.713479541082220670e-01
1.651200792952955250e+15,1.708282729357627483e-01
1.651200792954971500e+15,1.703086561919139319e-01
1.651200792956988000e+15,1.697889750194545855e-01
1.651200792959004250e+15,1.692693582756057968e-01
1.651200792961020750e+15,1.687496771031464504e-01
1.651200792963037250e+15,1.682299959306871318e-01
1.651200792965053500e+15,1.677103791868383431e-01
1.651200792967070000e+15,1.671906980143789967e-01
1.651200792969086500e+15,1.666710168419196780e-01
1.651200792971102750e+15,1.661514000980708616e-01
1.651200792973119250e+15,1.658009420306126858e-01
1.651200792975135750e+15,1.675830375275282891e-01
1.651200792977152000e+15,1.693649120852550871e-01
1.651200792979168500e+15,1.711470075821707182e-01
1.651200792981185000e+15,1.729291030790863215e-01
1.651200792983201250e+15,1.747109776368130918e-01
1.651200792985217750e+15,1.764930731337287229e-01
1.651200792987234250e+15,1.779417713947348823e-01
1.651200792989250500e+15,1.779417713947347990e-01
1.651200792991267000e+15,1.779417713947347157e-01
1.651200792993283250e+15,1.779417713947346324e-01
1.651200792995299750e+15,1.779417713947345492e-01
1.651200792997316250e+15,1.779417713947344659e-01
1.651200792999332500e+15,1.775414700490850484e-01
1.651200793001349000e+15,1.769830420563475726e-01
1.651200793003365500e+15,1.764246140636100968e-01
1.651200793005381750e+15,1.758662553032049602e-01
1.651200793007398250e+15,1.753078273104674845e-01
1.651200793009414750e+15,1.747493993177300364e-01
1.651200793011431000e+15,1.741910405573248721e-01
1.651200793013447500e+15,1.736326125645873963e-01
1.651200793015464000e+15,1.730741845718499206e-01
1.651200793017480250e+15,1.725158258114448395e-01
1.651200793019496750e+15,1.719573978187073360e-01
1.651200793021513250e+15,1.711416468808994451e-01
1.651200793023529500e+15,1.702301641538458976e-01
1.651200793025546000e+15,1.693185684097152088e-01
1.651200793027562250e+15,1.684070856826616058e-01
1.651200793029578750e+15,1.674954899385309171e-01
1.651200793031595250e+15,1.665838941944002283e-01
1.651200793033611500e+15,1.656724114673466530e-01
1.651200793035628000e+15,1.699421804219542476e-01
1.651200793037644500e+15,1.742261201900094369e-01
1.651200793039660750e+15,1.785095288472577091e-01
1.651200793041677250e+15,1.827934686153128985e-01
1.651200793043693750e+15,1.870774083833680601e-01
1.651200793045710000e+15,1.902136176978194981e-01
1.651200793047726500e+15,1.902136176978195259e-01
1.651200793049743000e+15,1.902136176978195259e-01
1.651200793051759250e+15,1.902136176978195259e-01
1.651200793053775750e+15,1.902136176978195259e-01
1.651200793055792250e+15,1.902136176978195259e-01
1.651200793057808500e+15,1.902136176978195259e-01
1.651200793059825000e+15,1.902136176978195259e-01
1.651200793061841250e+15,1.902136176978194981e-01
1.651200793063857750e+15,1.902136176978195259e-01
1.651200793065874250e+15,1.902136176978194981e-01
1.651200793067890500e+15,1.902136176978195259e-01
1.651200793069907000e+15,1.902136176978195259e-01
1.651200793071923500e+15,1.902136176978195259e-01
1.651200793073939750e+15,1.902136176978195259e-01
1.651200793075956250e+15,1.902136176978195259e-01
1.651200793077972750e+15,1.902136176978195259e-01
1.651200793079989000e+15,1.902136176978195259e-01
1.651200793082005500e+15,1.902136176978195259e-01
1.651200793084022000e+15,1.902136176978195259e-01
1.651200793086038250e+15,1.902136176978195259e-01
1.651200793088054750e+15,1.902136176978195259e-01
1.651200793090071250e+15,1.902136176978195259e-01
1.651200793092087500e+15,1.902136176978195259e-01
1.651200793094104000e+15,1.902136176978195259e-01
1.651200793096120250e+15,1.902136176978194981e-01
1.651200793098136750e+15,1.902136176978195259e-01
1.651200793100153250e+15,1.902136176978195259e-01
1.651200793102169500e+15,1.902136176978195259e-01
1.651200793104186000e+15,1.902136176978195259e-01
1.651200793106202500e+15,1.902136176978195259e-01
1.651200793108218750e+15,1.902136176978195259e-01
1.651200793110235250e+15,1.902136176978194981e-01
1.651200793112251750e+15,1.902136176978195259e-01
1.651200793114268000e+15,1.902136176978195259e-01
1.651200793116284500e+15,1.902136176978195536e-01
1.651200793118301000e+15,1.902136176978195259e-01
1.651200793120317250e+15,1.902136176978195259e-01
1.651200793122333750e+15,1.902136176978195259e-01
1.651200793124350250e+15,1.902136176978195259e-01
1.651200793126366500e+15,1.902136176978195259e-01
1.651200793128383000e+15,1.902136176978195259e-01
1.651200793130399250e+15,1.902136176978195259e-01
1.651200793132415750e+15,1.902136176978195259e-01
1.651200793134432250e+15,1.902136176978195259e-01
1.651200793136448500e+15,1.902136176978195536e-01
1.651200793138465000e+15,1.902136176978195259e-01
1.651200793140481500e+15,1.902136176978195259e-01
1.651200793142497750e+15,1.902136176978195259e-01
1.651200793144514250e+15,1.902136176978195259e-01
1.651200793146530750e+15,1.902136176978195259e-01
1.651200793148547000e+15,1.902136176978195259e-01
1.651200793150563500e+15,1.902136176978195536e-01
1.651200793152580000e+15,1.902136176978195259e-01
1.651200793154596250e+15,1.902136176978194981e-01
1.651200793156612750e+15,1.902136176978194981e-01
1.651200793158629250e+15,1.902136176978195259e-01
1.651200793160645500e+15,1.902136176978194981e-01
1.651200793162662000e+15,1.902136176978194704e-01
1.651200793164678250e+15,1.902136176978194981e-01
1.651200793166694750e+15,1.902136176978195259e-01
1.651200793168711250e+15,1.902136176978195259e-01
1.651200793170727500e+15,1.909736758494995634e-01
1.651200793172744000e+15,1.919294957826849779e-01
1.651200793174760500e+15,1.928853157158703646e-01
1.651200793176776750e+15,1.938410171491880551e-01
1.651200793178793250e+15,1.947968370823734696e-01
1.651200793180809750e+15,1.957526570155588563e-01
1.651200793182826000e+15,1.959767564331726386e-01
1.651200793184842500e+15,1.949837316309988577e-01
1.651200793186859000e+15,1.939907068288251046e-01
1.651200793188875250e+15,1.929978051390741078e-01
1.651200793190891750e+15,1.920047803369003547e-01
1.651200793192908250e+15,1.910117555347266016e-01
1.651200793194924500e+15,1.902136176978195259e-01
1.651200793196941000e+15,1.902136176978195259e-01
1.651200793198957250e+15,1.902136176978195259e-01
1.651200793200973750e+15,1.902136176978195259e-01
1.651200793202990250e+15,1.902136176978195259e-01
1.651200793205006500e+15,1.902136176978195259e-01
1.651200793207023000e+15,1.902136176978195259e-01
1.651200793209039500e+15,1.902136176978195259e-01
1.651200793211055750e+15,1.902136176978195259e-01
1.651200793213072250e+15,1.902136176978194981e-01
1.651200793215088750e+15,1.902136176978195259e-01
1.651200793217105000e+15,1.902136176978195259e-01
1.651200793219121500e+15,1.902136176978195259e-01
1.651200793221138000e+15,1.902136176978195259e-01
1.651200793223154250e+15,1.902136176978195259e-01
1.651200793225170750e+15,1.902136176978195259e-01
1.651200793227187250e+15,1.902136176978195536e-01
1.651200793229203500e+15,1.902136176978195536e-01
1.651200793231220000e+15,1.902136176978195259e-01
1.651200793233236250e+15,1.902136176978195259e-01
1.651200793235252750e+15,1.902136176978195259e-01
1.651200793237269250e+15,1.912017551004737692e-01
1.651200793239285500e+15,1.930291635279918760e-01
1.651200793241302000e+15,1.948567985405599279e-01
1.651200793243318500e+15,1.966844335531279242e-01
1.651200793245334750e+15,1.985118419806460310e-01
1.651200793247351250e+15,2.003394769932140829e-01
1.651200793249367750e+15,2.021671120057821069e-01
1.651200793251384000e+15,2.014253506827227425e-01
1.651200793253400500e+15,2.001414356640358050e-01
1.651200793255417000e+15,1.988575206453488953e-01
1.651200793257433250e+15,1.975737648028358384e-01
1.651200793259449750e+15,1.963495408493618477e-01
1.651200793261466250e+15,1.963495408493618477e-01
1.651200793263482500e+15,1.963495408493618477e-01
1.651200793265499000e+15,1.963495408493618477e-01
1.651200793267515250e+15,1.963495408493618477e-01
1.651200793269531750e+15,1.963495408493618755e-01
1.651200793271548250e+15,1.963495408493618477e-01
1.651200793273564500e+15,1.963495408493618477e-01
1.651200793275581000e+15,1.963495408493618477e-01
1.651200793277597500e+15,1.963495408493618477e-01
1.651200793279613750e+15,1.963495408493618477e-01
1.651200793281630250e+15,1.963495408493618755e-01
1.651200793283646750e+15,1.972921285846437889e-01
1.651200793285663000e+15,1.988709385711543709e-01
1.651200793287679500e+15,2.004499443183576646e-01
1.651200793289696000e+15,2.020289500655609860e-01
1.651200793291712250e+15,2.036077600520716235e-01
1.651200793293728750e+15,2.051867657992749172e-01
1.651200793295745250e+15,2.067657715464782109e-01
1.651200793297761500e+15,2.083445815329888484e-01
1.651200793299778000e+15,2.086213871524464913e-01
1.651200793301794250e+15,2.086213871524464913e-01
1.651200793303810750e+15,2.086213871524464913e-01
1.651200793305827250e+15,2.086213871524464913e-01
1.651200793307843500e+15,2.086213871524464913e-01
1.651200793309860000e+15,2.086213871524464913e-01
1.651200793311876500e+15,2.086213871524464913e-01
1.651200793313892750e+15,2.086213871524464913e-01
1.651200793315909250e+15,2.086213871524464913e-01
1.651200793317925750e+15,2.086213871524464913e-01
1.651200793319942000e+15,2.085595621158609081e-01
1.651200793321958500e+15,2.079902918588981964e-01
1.651200793323975000e+15,2.074210216019355124e-01
1.651200793325991250e+15,2.068518219214985909e-01
1.651200793328007750e+15,2.062825516645359070e-01
1.651200793330024250e+15,2.057132814075732230e-01
1.651200793332040500e+15,2.051440817271362738e-01
1.651200793334057000e+15,2.045748114701735898e-01
1.651200793336073250e+15,2.040056117897366961e-01
1.651200793338089750e+15,2.034363415327739844e-01
1.651200793340106250e+15,2.028670712758113004e-01
1.651200793342122500e+15,2.028520636173585245e-01
1.651200793344139000e+15,2.039645513924966957e-01
1.651200793346155500e+15,2.050770391676348947e-01
1.651200793348171750e+15,2.061893890196668244e-01
1.651200793350188250e+15,2.073018767948049956e-01
1.651200793352204750e+15,2.084143645699431668e-01
1.651200793354221000e+15,2.086213871524477959e-01
1.651200793356237500e+15,2.086213871524477681e-01
1.651200793358254000e+15,2.086213871524476848e-01
1.651200793360270250e+15,2.086213871524476571e-01
1.651200793362286750e+15,2.086213871524476293e-01
1.651200793364303250e+15,2.086213871524475461e-01
1.651200793366319500e+15,2.086213871524475461e-01
1.651200793368336000e+15,2.086213871524474905e-01
1.651200793370352250e+15,2.086213871524474628e-01
1.651200793372368750e+15,2.086213871524474073e-01
1.651200793374385250e+15,2.086213871524473795e-01
1.651200793376401500e+15,2.086213871524473795e-01
1.651200793378418000e+15,2.086213871524473795e-01
1.651200793380434500e+15,2.086213871524473795e-01
1.651200793382450750e+15,2.086213871524473795e-01
1.651200793384467250e+15,2.086213871524473795e-01
1.651200793386483750e+15,2.086213871524473240e-01
1.651200793388500000e+15,2.086213871524471852e-01
1.651200793390516500e+15,2.086213871524470465e-01
1.651200793392533000e+15,2.086213871524468799e-01
1.651200793394549250e+15,2.086213871524467411e-01
1.651200793396565750e+15,2.086213871524466024e-01
1.651200793398582250e+15,2.086213871524465191e-01
1.651200793400598500e+15,2.086213871524466579e-01
1.651200793402615000e+15,2.086213871524467689e-01
1.651200793404631250e+15,2.086213871524468799e-01
1.651200793406647750e+15,2.086213871524470465e-01
1.651200793408664250e+15,2.086213871524471575e-01
1.651200793410680500e+15,2.086213871524472685e-01
1.651200793412697000e+15,2.086213871524473795e-01
1.651200793414713500e+15,2.086213871524473795e-01
1.651200793416729750e+15,2.086213871524473795e-01
1.651200793418746250e+15,2.086213871524473795e-01
1.651200793420762750e+15,2.086213871524473795e-01
1.651200793422779000e+15,2.086213871524473795e-01
1.651200793424795500e+15,2.086213871524473795e-01
1.651200793426812000e+15,2.086213871524474073e-01
1.651200793428828250e+15,2.086213871524474073e-01
1.651200793430844750e+15,2.086213871524473795e-01
1.651200793432861250e+15,2.086213871524473518e-01
1.651200793434877500e+15,2.086213871524473795e-01
1.651200793436894000e+15,2.086213871524473795e-01
1.651200793438910250e+15,2.086213871524473795e-01
1.651200793440926750e+15,2.086213871524473795e-01
1.651200793442943250e+15,2.086213871524473795e-01
1.651200793444959500e+15,2.086213871524473795e-01
1.651200793446976000e+15,2.086213871524473518e-01
1.651200793448992500e+15,2.086213871524473795e-01
1.651200793451008750e+15,2.086213871524473795e-01
1.651200793453025250e+15,2.088676468114614992e-01
1.651200793455041750e+15,2.095131880560529014e-01
1.651200793457058000e+15,2.101586492682560037e-01
1.651200793459074500e+15,2.108041905128474336e-01
1.651200793461091000e+15,2.114497317574389190e-01
1.651200793463107250e+15,2.120951929696419658e-01
1.651200793465123750e+15,2.127407342142333957e-01
1.651200793467140000e+15,2.133861954264364980e-01
1.651200793469156500e+15,2.140317366710279279e-01
1.651200793471173000e+15,2.146772779156193578e-01
1.651200793473189250e+15,2.138344923317131163e-01
1.651200793475205750e+15,2.127809254860826560e-01
1.651200793477222250e+15,2.117273586404521957e-01
1.651200793479238500e+15,2.106739224130768362e-01
1.651200793481255000e+15,2.096203555674463481e-01
1.651200793483271500e+15,2.086213871524473795e-01
1.651200793485287750e+15,2.086213871524473795e-01
1.651200793487304250e+15,2.086213871524473795e-01
1.651200793489320750e+15,2.086213871524473795e-01
1.651200793491337000e+15,2.086213871524473795e-01
1.651200793493353500e+15,2.086213871524473795e-01
1.651200793495370000e+15,2.091742118302868381e-01
1.651200793497386250e+15,2.097532418337641757e-01
1.651200793499402750e+15,2.103323436326541840e-01
1.651200793501419000e+15,2.109113736361314939e-01
1.651200793503435500e+15,2.114904754350215299e-01
1.651200793505452000e+15,2.120695772339115381e-01
1.651200793507468250e+15,2.126486072373888481e-01
1.651200793509484750e+15,2.132277090362788841e-01
1.651200793511501250e+15,2.138068108351689200e-01
1.651200793513517500e+15,2.143858408386462022e-01
1.651200793515534000e+15,2.140485839778346333e-01
1.651200793517550500e+15,2.120718943005305834e-01
1.651200793519566750e+15,2.100954496876547006e-01
1.651200793521583250e+15,2.081187600103506230e-01
1.651200793523599750e+15,2.061420703330466009e-01
1.651200793525616000e+15,2.041656257201706626e-01
1.651200793527632500e+15,2.024854640009050855e-01
1.651200793529649000e+15,2.024854640009051687e-01
1.651200793531665250e+15,2.024854640009051965e-01
1.651200793533681750e+15,2.024854640009052520e-01
1.651200793535698000e+15,2.024854640009053353e-01
1.651200793537714500e+15,2.024854640009053908e-01
1.651200793539731000e+15,2.024854640009054740e-01
1.651200793541747250e+15,2.024854640009055018e-01
1.651200793543763750e+15,2.024854640009055018e-01
1.651200793545780250e+15,2.024854640009055018e-01
1.651200793547796500e+15,2.024854640009055018e-01
1.651200793549813000e+15,2.024854640009055018e-01
1.651200793551829500e+15,2.024854640009055018e-01
1.651200793553845750e+15,2.024854640009055018e-01
1.651200793555862250e+15,2.024854640009055018e-01
1.651200793557878750e+15,2.024854640009055018e-01
1.651200793559895000e+15,2.024854640009055018e-01
1.651200793561911500e+15,2.024854640009055018e-01
1.651200793563928000e+15,2.024854640009054740e-01
1.651200793565944250e+15,2.024854640009055018e-01
1.651200793567960750e+15,2.024854640009055018e-01
1.651200793569977000e+15,2.024854640009055018e-01
1.651200793571993500e+15,2.024854640009055018e-01
1.651200793574010000e+15,2.024854640009055018e-01
1.651200793576026250e+15,2.034332801678176428e-01
1.651200793578042750e+15,2.044651448192298937e-01
1.651200793580059250e+15,2.054970094706421169e-01
1.651200793582075500e+15,2.065287461943763059e-01
1.651200793584092000e+15,2.075606108457885290e-01
1.651200793586108500e+15,2.085924754972007800e-01
1.651200793588124750e+15,2.096242122209349412e-01
1.651200793590141250e+15,2.106560768723471644e-01
1.651200793592157750e+15,2.116879415237594431e-01
1.651200793594174000e+15,2.127196782474935766e-01
1.651200793596190500e+15,2.137515428989058275e-01
1.651200793598207000e+15,2.147573103039892572e-01
1.651200793600223250e+15,2.147573103039892572e-01
1.651200793602239750e+15,2.147573103039892572e-01
1.651200793604256000e+15,2.147573103039892295e-01
1.651200793606272500e+15,2.147573103039892295e-01
1.651200793608289000e+15,2.147573103039892572e-01
1.651200793610305250e+15,2.147573103039892850e-01
1.651200793612321750e+15,2.147573103039892572e-01
1.651200793614338250e+15,2.147573103039892572e-01
1.651200793616354500e+15,2.147573103039892572e-01
1.651200793618371000e+15,2.147573103039892572e-01
1.651200793620387500e+15,2.141860609295916096e-01
1.651200793622403750e+15,2.131636183631208104e-01
1.651200793624420250e+15,2.121410490213783140e-01
1.651200793626436750e+15,2.111184796796358176e-01
1.651200793628453000e+15,2.100960371131650739e-01
1.651200793630469500e+15,2.090734677714225775e-01
1.651200793632486000e+15,2.080508984296800534e-01
1.651200793634502250e+15,2.070284558632092820e-01
1.651200793636518750e+15,2.060058865214668133e-01
1.651200793638535000e+15,2.049834439549960419e-01
1.651200793640551500e+15,2.039608746132535455e-01
1.651200793642568000e+15,2.029383052715110491e-01
1.651200793644584250e+15,2.024854640009054740e-01
1.651200793646600750e+15,2.024854640009055018e-01
1.651200793648617250e+15,2.024854640009054740e-01
1.651200793650633500e+15,2.024854640009054740e-01
1.651200793652650000e+15,2.024854640009055018e-01
1.651200793654666500e+15,2.024854640009054740e-01
1.651200793656682750e+15,2.024854640009055018e-01
1.651200793658699250e+15,2.024854640009055018e-01
1.651200793660715750e+15,2.024854640009055295e-01
1.651200793662732000e+15,2.024854640009055018e-01
1.651200793664748500e+15,2.024854640009055018e-01
1.651200793666765000e+15,2.024854640009055018e-01
1.651200793668781250e+15,2.024854640009055018e-01
1.651200793670797750e+15,2.024854640009054740e-01
1.651200793672814000e+15,2.024854640009055018e-01
1.651200793674830500e+15,2.024854640009055018e-01
1.651200793676847000e+15,2.024854640009055018e-01
1.651200793678863250e+15,2.024854640009055018e-01
1.651200793680879750e+15,2.024854640009055018e-01
1.651200793682896250e+15,2.024854640009055018e-01
1.651200793684912500e+15,2.024854640009055018e-01
1.651200793686929000e+15,2.024854640009055018e-01
1.651200793688945500e+15,2.024854640009055018e-01
1.651200793690961750e+15,2.024854640009055018e-01
1.651200793692978250e+15,2.024854640009055018e-01
1.651200793694994750e+15,2.024854640009055018e-01
1.651200793697011000e+15,2.024854640009055018e-01
1.651200793699027500e+15,2.024854640009055018e-01
1.651200793701044000e+15,2.024854640009055018e-01
1.651200793703060250e+15,2.024854640009055018e-01
1.651200793705076750e+15,2.024854640009055018e-01
1.651200793707093000e+15,2.024854640009055018e-01
1.651200793709109500e+15,2.024854640009055018e-01
1.651200793711126000e+15,2.024854640009055018e-01
1.651200793713142250e+15,2.024854640009055295e-01
1.651200793715158750e+15,2.024854640009055018e-01
1.651200793717175250e+15,2.024854640009055018e-01
1.651200793719191500e+15,2.024854640009055018e-01
1.651200793721208000e+15,2.024854640009055295e-01
1.651200793723224500e+15,2.024854640009055295e-01
1.651200793725240750e+15,2.024854640009055295e-01
1.651200793727257250e+15,2.044134604287883294e-01
1.651200793729273750e+15,2.064338864632566661e-01
1.651200793731290000e+15,2.084540620109863185e-01
1.651200793733306500e+15,2.104744880454546552e-01
1.651200793735323000e+15,2.124949140799230196e-01
1.651200793737339250e+15,2.145150896276526720e-01
1.651200793739355750e+15,2.147573103039893960e-01
1.651200793741372000e+15,2.147573103039895348e-01
1.651200793743388500e+15,2.147573103039897013e-01
1.651200793745405000e+15,2.147573103039898679e-01
1.651200793747421250e+15,2.147573103039900067e-01
1.651200793749437750e+15,2.146129366050235077e-01
1.651200793751454250e+15,2.139524044122472768e-01
1.651200793753470500e+15,2.132919541103949768e-01
1.651200793755487000e+15,2.126314219176186904e-01
1.651200793757503500e+15,2.119708897248424317e-01
1.651200793759519750e+15,2.113104394229901317e-01
1.651200793761536250e+15,2.106499072302138731e-01
1.651200793763552750e+15,2.099893750374376145e-01
1.651200793765569000e+15,2.093289247355853144e-01
1.651200793767585500e+15,2.086683925428090280e-01
1.651200793769602000e+15,2.081070164742558903e-01
1.651200793771618250e+15,2.075533059137088798e-01
1.651200793773634750e+15,2.069995266971716985e-01
1.651200793775651000e+15,2.064458161366247158e-01
1.651200793777667500e+15,2.058920369200875622e-01
1.651200793779684000e+15,2.053382577035504086e-01
1.651200793781700250e+15,2.047845471430034259e-01
1.651200793783716750e+15,2.042307679264662723e-01
1.651200793785733250e+15,2.036769887099291187e-01
1.651200793787749500e+15,2.031232781493821082e-01
1.651200793789766000e+15,2.025694989328449547e-01
1.651200793791782500e+15,2.031302297307666649e-01
1.651200793793798750e+15,2.038902466280698433e-01
1.651200793795815250e+15,2.046503577618140890e-01
1.651200793797831750e+15,2.054104688955583069e-01
1.651200793799848000e+15,2.061704857928614854e-01
1.651200793801864500e+15,2.069305969266057033e-01
1.651200793803881000e+15,2.076907080603499489e-01
1.651200793805897250e+15,2.084507249576530996e-01
1.651200793807913750e+15,2.078252495961726010e-01
1.651200793809930000e+15,2.067987349053083401e-01
1.651200793811946500e+15,2.057720929342591876e-01
1.651200793813963000e+15,2.047454509632100628e-01
1.651200793815979250e+15,2.037189362723457742e-01
1.651200793817995750e+15,2.026922943012966494e-01
1.651200793820012250e+15,2.033515553626490113e-01
1.651200793822028500e+15,2.044360184634814726e-01
1.651200793824045000e+15,2.055206160296704776e-01
1.651200793826061500e+15,2.066052135958594826e-01
1.651200793828077750e+15,2.076896766966918884e-01
1.651200793830094250e+15,2.086213871524473795e-01
1.651200793832110750e+15,2.086213871524474628e-01
1.651200793834127000e+15,2.086213871524474905e-01
1.651200793836143500e+15,2.086213871524476016e-01
1.651200793838160000e+15,2.086213871524476571e-01
1.651200793840176250e+15,2.086213871524477403e-01
1.651200793842192750e+15,2.086213871524477681e-01
1.651200793844209000e+15,2.086213871524478514e-01
1.651200793846225500e+15,2.086213871524478236e-01
1.651200793848242000e+15,2.086213871524478514e-01
1.651200793850258250e+15,2.086213871524478236e-01
1.651200793852274750e+15,2.086213871524478514e-01
1.651200793854291250e+15,2.086213871524478236e-01
1.651200793856307500e+15,2.091161195552506680e-01
1.651200793858324000e+15,2.101591178722940212e-01
1.651200793860340500e+15,2.112021161893373744e-01
1.651200793862356750e+15,2.122449851983820579e-01
1.651200793864373250e+15,2.132879835154253834e-01
1.651200793866389750e+15,2.143309818324687088e-01
1.651200793868406000e+15,2.147573103039901454e-01
1.651200793870422500e+15,2.147573103039901454e-01
1.651200793872439000e+15,2.147573103039901454e-01
1.651200793874455250e+15,2.147573103039901454e-01
1.651200793876471750e+15,2.147573103039901454e-01
1.651200793878488000e+15,2.147573103039901732e-01
1.651200793880504500e+15,2.147573103039901454e-01
1.651200793882521000e+15,2.147573103039901454e-01
1.651200793884537250e+15,2.147573103039901454e-01
1.651200793886553750e+15,2.147573103039901454e-01
1.651200793888570250e+15,2.147573103039901454e-01
1.651200793890586500e+15,2.147573103039901732e-01
1.651200793892603000e+15,2.143558463578149054e-01
1.651200793894619500e+15,2.137029818034097695e-01
1.651200793896635750e+15,2.130501981893163643e-01
1.651200793898652250e+15,2.123973336349112284e-01
1.651200793900668750e+15,2.117444690805061480e-01
1.651200793902685000e+15,2.110916854664127151e-01
1.651200793904701500e+15,2.104388209120075792e-01
1.651200793906718000e+15,2.097859563576024711e-01
1.651200793908734250e+15,2.091331727435090659e-01
1.651200793910750750e+15,2.086213871524473795e-01
1.651200793912767000e+15,2.086213871524473518e-01
1.651200793914783500e+15,2.086213871524473795e-01
1.651200793916800000e+15,2.086213871524473795e-01
1.651200793918816250e+15,2.086213871524473795e-01
1.651200793920832750e+15,2.086213871524473795e-01
1.651200793922849250e+15,2.086213871524473795e-01
1.651200793924865500e+15,2.086213871524473795e-01
1.651200793926882000e+15,2.086213871524473518e-01
1.651200793928898500e+15,2.086213871524473795e-01
1.651200793930914750e+15,2.086213871524473795e-01
1.651200793932931250e+15,2.086213871524473795e-01
1.651200793934947750e+15,2.086213871524473795e-01
1.651200793936964000e+15,2.086213871524473795e-01
1.651200793938980500e+15,2.086213871524474350e-01
1.651200793940997000e+15,2.086213871524474905e-01
1.651200793943013250e+15,2.086213871524475461e-01
1.651200793945029750e+15,2.086213871524475738e-01
1.651200793947046000e+15,2.086213871524476293e-01
1.651200793949062500e+15,2.086213871524476571e-01
1.651200793951079000e+15,2.086213871524476848e-01
1.651200793953095250e+15,2.086213871524477403e-01
1.651200793955111750e+15,2.086213871524477959e-01
1.651200793957128250e+15,2.086213871524478236e-01
1.651200793959144500e+15,2.086213871524478236e-01
1.651200793961161000e+15,2.086213871524478236e-01
1.651200793963177500e+15,2.086213871524477959e-01
1.651200793965193750e+15,2.086213871524478236e-01
1.651200793967210250e+15,2.086213871524478236e-01
1.651200793969226750e+15,2.086213871524477959e-01
1.651200793971243000e+15,2.086213871524478236e-01
1.651200793973259500e+15,2.086213871524477959e-01
1.651200793975276000e+15,2.086213871524477959e-01
1.651200793977292250e+15,2.086213871524478236e-01
1.651200793979308750e+15,2.086213871524477959e-01
1.651200793981325000e+15,2.086213871524478236e-01
1.651200793983341500e+15,2.086213871524478236e-01
1.651200793985358000e+15,2.086213871524477959e-01
1.651200793987374250e+15,2.086213871524478236e-01
1.651200793989390750e+15,2.086213871524478236e-01
1.651200793991407250e+15,2.086213871524477959e-01
1.651200793993423500e+15,2.086213871524477959e-01
1.651200793995440000e+15,2.086213871524477959e-01
1.651200793997456500e+15,2.086213871524478236e-01
1.651200793999472750e+15,2.086213871524477681e-01
1.651200794001489250e+15,2.086213871524477126e-01
1.651200794003505750e+15,2.086213871524476016e-01
1.651200794005522000e+15,2.086213871524475461e-01
1.651200794007538500e+15,2.086213871524474628e-01
1.651200794009555000e+15,2.086213871524473795e-01
1.651200794011571250e+15,2.086213871524473518e-01
1.651200794013587750e+15,2.086213871524473240e-01
1.651200794015604000e+15,2.086213871524472685e-01
1.651200794017620500e+15,2.086213871524472130e-01
1.651200794019637000e+15,2.086213871524471575e-01
1.651200794021653250e+15,2.086213871524471297e-01
1.651200794023669750e+15,2.086213871524470742e-01
1.651200794025686250e+15,2.086213871524470742e-01
1.651200794027702500e+15,2.086213871524470187e-01
1.651200794029719000e+15,2.086213871524469632e-01
1.651200794031735500e+15,2.086213871524469077e-01
1.651200794033751750e+15,2.086213871524469354e-01
1.651200794035768250e+15,2.086213871524469077e-01
1.651200794037784750e+15,2.086213871524469354e-01
1.651200794039801000e+15,2.086213871524469354e-01
1.651200794041817500e+15,2.086213871524469354e-01
1.651200794043834000e+15,2.086213871524469077e-01
1.651200794045850250e+15,2.086213871524469354e-01
1.651200794047866750e+15,2.086213871524469354e-01
1.651200794049883000e+15,2.086213871524469354e-01
1.651200794051899500e+15,2.086213871524469354e-01
1.651200794053916000e+15,2.086213871524469354e-01
1.651200794055932250e+15,2.086213871524469354e-01
1.651200794057948750e+15,2.086213871524469354e-01
1.651200794059965250e+15,2.086213871524469354e-01
1.651200794061981500e+15,2.086213871524469354e-01
1.651200794063998000e+15,2.086213871524469077e-01
1.651200794066014500e+15,2.086213871524469354e-01
1.651200794068030750e+15,2.086213871524469354e-01
1.651200794070047250e+15,2.086213871524469354e-01
1.651200794072063750e+15,2.086213871524469077e-01
1.651200794074080000e+15,2.086213871524469632e-01
1.651200794076096500e+15,2.086213871524470742e-01
1.651200794078113000e+15,2.086213871524472130e-01
1.651200794080129250e+15,2.086213871524473518e-01
1.651200794082145750e+15,2.086213871524474905e-01
1.651200794084162000e+15,2.086213871524476293e-01
1.651200794086178500e+15,2.086213871524477681e-01
1.651200794088195000e+15,2.082734099234522240e-01
1.651200794090211250e+15,2.077039220273788345e-01
1.651200794092227750e+15,2.071343635190430743e-01
1.651200794094244250e+15,2.065648050107073419e-01
1.651200794096260500e+15,2.059953171146339246e-01
1.651200794098277000e+15,2.054257586062981367e-01
1.651200794100293500e+15,2.048562000979624043e-01
1.651200794102309750e+15,2.042867122018890425e-01
1.651200794104326250e+15,2.037171536935532823e-01
1.651200794106342750e+15,2.031475951852175221e-01
1.651200794108359000e+15,2.025781072891441326e-01
1.651200794110375500e+15,2.024854640009050299e-01
1.651200794112392000e+15,2.024854640009049744e-01
1.651200794114408250e+15,2.024854640009049189e-01
1.651200794116424750e+15,2.024854640009048634e-01
1.651200794118441000e+15,2.024854640009047801e-01
1.651200794120457500e+15,2.024854640009047246e-01
1.651200794122474000e+15,2.024854640009046691e-01
1.651200794124490250e+15,2.024854640009046136e-01
1.651200794126506750e+15,2.024854640009045581e-01
1.651200794128523250e+15,2.024854640009045026e-01
1.651200794130539500e+15,2.024854640009044471e-01
1.651200794132556000e+15,2.024854640009043916e-01
1.651200794134572500e+15,2.024854640009043083e-01
1.651200794136588750e+15,2.024854640009042528e-01
1.651200794138605250e+15,2.024854640009041973e-01
1.651200794140621750e+15,2.024854640009042250e-01
1.651200794142638000e+15,2.024854640009042805e-01
1.651200794144654500e+15,2.024854640009043361e-01
1.651200794146671000e+15,2.024854640009043638e-01
1.651200794148687250e+15,2.024854640009044471e-01
1.651200794150703750e+15,2.024854640009045026e-01
1.651200794152720000e+15,2.024854640009045581e-01
1.651200794154736500e+15,2.024854640009046136e-01
1.651200794156753000e+15,2.024854640009045859e-01
1.651200794158769250e+15,2.024854640009046136e-01
1.651200794160785750e+15,2.024854640009046136e-01
1.651200794162802250e+15,2.024854640009046136e-01
1.651200794164818500e+15,2.024854640009046136e-01
1.651200794166835000e+15,2.024854640009045859e-01
1.651200794168851500e+15,2.024854640009045859e-01
1.651200794170867750e+15,2.024854640009046136e-01
1.651200794172884250e+15,2.024854640009045859e-01
1.651200794174900750e+15,2.024854640009046136e-01
1.651200794176917000e+15,2.024854640009046136e-01
1.651200794178933500e+15,2.024854640009046136e-01
1.651200794180950000e+15,2.024854640009046136e-01
1.651200794182966250e+15,2.024854640009046136e-01
1.651200794184982750e+15,2.024854640009046136e-01
1.651200794186999000e+15,2.024854640009045859e-01
1.651200794189015500e+15,2.024854640009046136e-01
1.651200794191032000e+15,2.024854640009046136e-01
1.651200794193048250e+15,2.024854640009046136e-01
1.651200794195064750e+15,2.024854640009046136e-01
1.651200794197081250e+15,2.024854640009046414e-01
1.651200794199097500e+15,2.024854640009046414e-01
1.651200794201114000e+15,2.024854640009045859e-01
1.651200794203130500e+15,2.024854640009045859e-01
1.651200794205146750e+15,2.024854640009046136e-01
1.651200794207163250e+15,2.024854640009045859e-01
1.651200794209179750e+15,2.024854640009046136e-01
1.651200794211196000e+15,2.024854640009046136e-01
1.651200794213212500e+15,2.024854640009045859e-01
1.651200794215229000e+15,2.024854640009046136e-01
1.651200794217245250e+15,2.024854640009046136e-01
1.651200794219261750e+15,2.024854640009046136e-01
1.651200794221278000e+15,2.024854640009046136e-01
1.651200794223294500e+15,2.024854640009046136e-01
1.651200794225311000e+15,2.024854640009046136e-01
1.651200794227327250e+15,2.024854640009046136e-01
1.651200794229343750e+15,2.024854640009046136e-01
1.651200794231360250e+15,2.024854640009046136e-01
1.651200794233376500e+15,2.024854640009046136e-01
1.651200794235393000e+15,2.024854640009046136e-01
1.651200794237409500e+15,2.024854640009046136e-01
1.651200794239425750e+15,2.024854640009046136e-01
1.651200794241442250e+15,2.024854640009046136e-01
1.651200794243458750e+15,2.024854640009046136e-01
1.651200794245475000e+15,2.024854640009045859e-01
1.651200794247491500e+15,2.024854640009046136e-01
1.651200794249508000e+15,2.024854640009046136e-01
1.651200794251524250e+15,2.024854640009046136e-01
1.651200794253540750e+15,2.024854640009046136e-01
1.651200794255557000e+15,2.024854640009046136e-01
1.651200794257573500e+15,2.024854640009046136e-01
1.651200794259590000e+15,2.024854640009046414e-01
1.651200794261606250e+15,2.024854640009046136e-01
1.651200794263622750e+15,2.024854640009046414e-01
1.651200794265639250e+15,2.024854640009046136e-01
1.651200794267655500e+15,2.024854640009046136e-01
1.651200794269672000e+15,2.024854640009046136e-01
1.651200794271688500e+15,2.024854640009046136e-01
1.651200794273704750e+15,2.024854640009046136e-01
1.651200794275721250e+15,2.024854640009046414e-01
1.651200794277737750e+15,2.024854640009046136e-01
1.651200794279754000e+15,2.024854640009046136e-01
1.651200794281770500e+15,2.024854640009046136e-01
1.651200794283787000e+15,2.024854640009046136e-01
1.651200794285803250e+15,2.024854640009046136e-01
1.651200794287819750e+15,2.024854640009046136e-01
1.651200794289836000e+15,2.024854640009046136e-01
1.651200794291852500e+15,2.024854640009046136e-01
1.651200794293869000e+15,2.024854640009046136e-01
1.651200794295885250e+15,2.024854640009046136e-01
1.651200794297901750e+15,2.024854640009045859e-01
1.651200794299918250e+15,2.024854640009046136e-01
1.651200794301934500e+15,2.024854640009046136e-01
1.651200794303951000e+15,2.024854640009046136e-01
1.651200794305967500e+15,2.024854640009046136e-01
1.651200794307983750e+15,2.024854640009046136e-01
1.651200794310000250e+15,2.024854640009046136e-01
1.651200794312016750e+15,2.024854640009046136e-01
1.651200794314033000e+15,2.024854640009046136e-01
1.651200794316049500e+15,2.024854640009046136e-01
1.651200794318066000e+15,2.024854640009045859e-01
1.651200794320082250e+15,2.024854640009046136e-01
1.651200794322098750e+15,2.024854640009046136e-01
1.651200794324115000e+15,2.024854640009046136e-01
1.651200794326131500e+15,2.024854640009046136e-01
1.651200794328148000e+15,2.024854640009046136e-01
1.651200794330164250e+15,2.024854640009046136e-01
1.651200794332180750e+15,2.024854640009046136e-01
1.651200794334197250e+15,2.024854640009046136e-01
1.651200794336213500e+15,2.024854640009046136e-01
1.651200794338230000e+15,2.024854640009046136e-01
1.651200794340246500e+15,2.024854640009046136e-01
1.651200794342262750e+15,2.024854640009046136e-01
1.651200794344279250e+15,2.024854640009046136e-01
1.651200794346295750e+15,2.024854640009046136e-01
1.651200794348312000e+15,2.024854640009046136e-01
1.651200794350328500e+15,2.022386861868709085e-01
1.651200794352345000e+15,2.017398115382503798e-01
1.651200794354361250e+15,2.012409987387059895e-01
1.651200794356377750e+15,2.007421240900854609e-01
1.651200794358394000e+15,2.002433112905410983e-01
1.651200794360410500e+15,1.997444366419205419e-01
1.651200794362427000e+15,1.992455619933000133e-01
1.651200794364443250e+15,1.987467491937556230e-01
1.651200794366459750e+15,1.982478745451351221e-01
1.651200794368476250e+15,1.977489998965145657e-01
1.651200794370492500e+15,1.972501870969702031e-01
1.651200794372509000e+15,1.967513124483496745e-01
1.651200794374525500e+15,1.964424627506262122e-01
1.651200794376541750e+15,1.969197972306901967e-01
1.651200794378558250e+15,1.973971908966786204e-01
1.651200794380574750e+15,1.978745845626669608e-01
1.651200794382591000e+15,1.983519190427309731e-01
1.651200794384607500e+15,1.988293127087193968e-01
1.651200794386624000e+15,1.993067063747077650e-01
1.651200794388640250e+15,1.997840408547717495e-01
1.651200794390656750e+15,2.002614345207601454e-01
1.651200794392673000e+15,2.007387690008241576e-01
1.651200794394689500e+15,2.012161626668125258e-01
1.651200794396706000e+15,2.016935563328009495e-01
1.651200794398722250e+15,2.021708908128649340e-01
1.651200794400738750e+15,2.024854640009046414e-01
1.651200794402755250e+15,2.024854640009046136e-01
1.651200794404771500e+15,2.024854640009046136e-01
1.651200794406788000e+15,2.024854640009046136e-01
1.651200794408804500e+15,2.024854640009046136e-01
1.651200794410820750e+15,2.024854640009046136e-01
1.651200794412837250e+15,2.024854640009046136e-01
1.651200794414853750e+15,2.033709825076425171e-01
1.651200794416870000e+15,2.048716563376155042e-01
1.651200794418886500e+15,2.063725162399790702e-01
1.651200794420903000e+15,2.078733761423426363e-01
1.651200794422919250e+15,2.078201795487285841e-01
1.651200794424935750e+15,2.062225181070494184e-01
1.651200794426952000e+15,2.046250547389434904e-01
1.651200794428968500e+15,2.030273932972643525e-01
1.651200794430985000e+15,2.014297318555851868e-01
1.651200794433001250e+15,1.998322684874792865e-01
1.651200794435017750e+15,1.982346070458001208e-01
1.651200794437034250e+15,1.966369456041209551e-01
1.651200794439050500e+15,1.963495408493632077e-01
1.651200794441067000e+15,1.963495408493632077e-01
1.651200794443083500e+15,1.963495408493631800e-01
1.651200794445099750e+15,1.963495408493632077e-01
1.651200794447116250e+15,1.963495408493632077e-01
1.651200794449132750e+15,1.963495408493631800e-01
1.651200794451149000e+15,1.963495408493632077e-01
1.651200794453165500e+15,1.963495408493632077e-01
1.651200794455182000e+15,1.963495408493631800e-01
1.651200794457198250e+15,1.963495408493631522e-01
1.651200794459214750e+15,1.963495408493631800e-01
1.651200794461231000e+15,1.963495408493631800e-01
1.651200794463247500e+15,1.963495408493631522e-01
1.651200794465264000e+15,1.963495408493631800e-01
1.651200794467280250e+15,1.963495408493631800e-01
1.651200794469296750e+15,1.963495408493631800e-01
1.651200794471313250e+15,1.963495408493631522e-01
1.651200794473329500e+15,1.963495408493631800e-01
1.651200794475346000e+15,1.963495408493631800e-01
1.651200794477362500e+15,1.963495408493631800e-01
1.651200794479378750e+15,1.963495408493631800e-01
1.651200794481395250e+15,1.963495408493631800e-01
1.651200794483411750e+15,1.963495408493631800e-01
1.651200794485428000e+15,1.963495408493631800e-01
1.651200794487444500e+15,1.963495408493631800e-01
1.651200794489461000e+15,1.963495408493631800e-01
1.651200794491477250e+15,1.963495408493632077e-01
1.651200794493493750e+15,1.963495408493631522e-01
1.651200794495510000e+15,1.963495408493631522e-01
1.651200794497526500e+15,1.963495408493631522e-01
1.651200794499543000e+15,1.963495408493631800e-01
1.651200794501559250e+15,1.963495408493631522e-01
1.651200794503575750e+15,1.963495408493631522e-01
1.651200794505592250e+15,1.963495408493631800e-01
1.651200794507608500e+15,1.963495408493631800e-01
1.651200794509625000e+15,1.963495408493631800e-01
1.651200794511641500e+15,1.963495408493631800e-01
1.651200794513657750e+15,1.963495408493631800e-01
1.651200794515674250e+15,1.963495408493631800e-01
1.651200794517690750e+15,1.963495408493631800e-01
1.651200794519707000e+15,1.963495408493631800e-01
1.651200794521723500e+15,1.963495408493632077e-01
1.651200794523740000e+15,1.963495408493631800e-01
1.651200794525756250e+15,1.963495408493632077e-01
1.651200794527772750e+15,1.963495408493631800e-01
1.651200794529789000e+15,1.963495408493631800e-01
1.651200794531805500e+15,1.963495408493631800e-01
1.651200794533822000e+15,1.963495408493631800e-01
1.651200794535838250e+15,1.963495408493631800e-01
1.651200794537854750e+15,1.963495408493631800e-01
1.651200794539871250e+15,1.963495408493631800e-01
1.651200794541887500e+15,1.963495408493631800e-01
1.651200794543904000e+15,1.963495408493631800e-01
1.651200794545920500e+15,1.963495408493631800e-01
1.651200794547936750e+15,1.963495408493631800e-01
1.651200794549953250e+15,1.963495408493632077e-01
1.651200794551969750e+15,1.963495408493631800e-01
1.651200794553986000e+15,1.963495408493630967e-01
1.651200794556002500e+15,1.963495408493630134e-01
1.651200794558019000e+15,1.963495408493629024e-01
1.651200794560035250e+15,1.963495408493627914e-01
1.651200794562051750e+15,1.963495408493626804e-01
1.651200794564068000e+15,1.963495408493625971e-01
1.651200794566084500e+15,1.963495408493624861e-01
1.651200794568101000e+15,1.963495408493624028e-01
1.651200794570117250e+15,1.963495408493622918e-01
1.651200794572133750e+15,1.963495408493621530e-01
1.651200794574150250e+15,1.963495408493620697e-01
1.651200794576166500e+15,1.963495408493619865e-01
1.651200794578183000e+15,1.963495408493618477e-01
1.651200794580199500e+15,1.963495408493620697e-01
1.651200794582215750e+15,1.963495408493623196e-01
1.651200794584232250e+15,1.963495408493625694e-01
1.651200794586248750e+15,1.963495408493628192e-01
1.651200794588265000e+15,1.963495408493630690e-01
1.651200794590281500e+15,1.963495408493630134e-01
1.651200794592298000e+15,1.963495408493628469e-01
1.651200794594314250e+15,1.963495408493626249e-01
1.651200794596330750e+15,1.963495408493624028e-01
1.651200794598347000e+15,1.963495408493621808e-01
1.651200794600363500e+15,1.963495408493619587e-01
1.651200794602380000e+15,1.963495408493618477e-01
1.651200794604396250e+15,1.963495408493618477e-01
1.651200794606412750e+15,1.963495408493618477e-01
1.651200794608429250e+15,1.963495408493618477e-01
1.651200794610445500e+15,1.963495408493618477e-01
1.651200794612462000e+15,1.963495408493618477e-01
1.651200794614478500e+15,1.963495408493618477e-01
1.651200794616494750e+15,1.963495408493618477e-01
1.651200794618511250e+15,1.963495408493618477e-01
1.651200794620527750e+15,1.963495408493618477e-01
1.651200794622544000e+15,1.963495408493618477e-01
1.651200794624560500e+15,1.963495408493618477e-01
1.651200794626577000e+15,1.963495408493618477e-01
1.651200794628593250e+15,1.963495408493618755e-01
1.651200794630609750e+15,1.963495408493618477e-01
1.651200794632626000e+15,1.963495408493618755e-01
1.651200794634642500e+15,1.963495408493618477e-01
1.651200794636659000e+15,1.963495408493618477e-01
1.651200794638675250e+15,1.963495408493618477e-01
1.651200794640691750e+15,1.963495408493618477e-01
1.651200794642708250e+15,1.963495408493618477e-01
1.651200794644724500e+15,1.963495408493618477e-01
1.651200794646741000e+15,1.963495408493618477e-01
1.651200794648757500e+15,1.963495408493618477e-01
1.651200794650773750e+15,1.963495408493618477e-01
1.651200794652790250e+15,1.963495408493618477e-01
1.651200794654806750e+15,1.963495408493618477e-01
1.651200794656823000e+15,1.963495408493618755e-01
1.651200794658839500e+15,1.963495408493618755e-01
1.651200794660856000e+15,1.963495408493618477e-01
1.651200794662872250e+15,1.963495408493618755e-01
1.651200794664888750e+15,1.963495408493618755e-01
1.651200794666905000e+15,1.963495408493618477e-01
1.651200794668921500e+15,1.963495408493618477e-01
1.651200794670938000e+15,1.963495408493618477e-01
1.651200794672954250e+15,1.963495408493618477e-01
1.651200794674970750e+15,1.963495408493618477e-01
1.651200794676987250e+15,1.963495408493618477e-01
1.651200794679003500e+15,1.963495408493618477e-01
1.651200794681020000e+15,1.963495408493618477e-01
1.651200794683036500e+15,1.963495408493618477e-01
1.651200794685052750e+15,1.963495408493618477e-01
1.651200794687069250e+15,1.963495408493618477e-01
1.651200794689085750e+15,1.963495408493618477e-01
1.651200794691102000e+15,1.963495408493618199e-01
1.651200794693118500e+15,1.963495408493618477e-01
1.651200794695135000e+15,1.963495408493618477e-01
1.651200794697151250e+15,1.963495408493618477e-01
1.651200794699167750e+15,1.963495408493618477e-01
1.651200794701184000e+15,1.963495408493618477e-01
1.651200794703200500e+15,1.963495408493618199e-01
1.651200794705217000e+15,1.963495408493618755e-01
1.651200794707233250e+15,1.963495408493618755e-01
1.651200794709249750e+15,1.963495408493618477e-01
1.651200794711266250e+15,1.963495408493618755e-01
1.651200794713282500e+15,1.963495408493618755e-01
1.651200794715299000e+15,1.963495408493618755e-01
1.651200794717315500e+15,1.963495408493618477e-01
1.651200794719331750e+15,1.963495408493618477e-01
1.651200794721348250e+15,1.963495408493618477e-01
1.651200794723364750e+15,1.963495408493618477e-01
1.651200794725381000e+15,1.963495408493618477e-01
1.651200794727397500e+15,1.963495408493618477e-01
1.651200794729414000e+15,1.963495408493618477e-01
1.651200794731430250e+15,1.963495408493618477e-01
1.651200794733446750e+15,1.963495408493618477e-01
1.651200794735463000e+15,1.963495408493618477e-01
1.651200794737479500e+15,1.963495408493618477e-01
1.651200794739496000e+15,1.963495408493618477e-01
1.651200794741512250e+15,1.963495408493618477e-01
1.651200794743528750e+15,1.963495408493618477e-01
1.651200794745545250e+15,1.963495408493618199e-01
1.651200794747561500e+15,1.963495408493617367e-01
1.651200794749578000e+15,1.963495408493617367e-01
1.651200794751594500e+15,1.963495408493616534e-01
1.651200794753610750e+15,1.963495408493615701e-01
1.651200794755627250e+15,1.963495408493615424e-01
1.651200794757643750e+15,1.963495408493614591e-01
1.651200794759660000e+15,1.963495408493614036e-01
1.651200794761676500e+15,1.963495408493614591e-01
1.651200794763693000e+15,1.963495408493615146e-01
1.651200794765709250e+15,1.963495408493615701e-01
1.651200794767725750e+15,1.963495408493615701e-01
1.651200794769742000e+15,1.963495408493616257e-01
1.651200794771758500e+15,1.963495408493616812e-01
1.651200794773775000e+15,1.963495408493617089e-01
1.651200794775791250e+15,1.963495408493617367e-01
1.651200794777807750e+15,1.963495408493617922e-01
1.651200794779824250e+15,1.963495408493618477e-01
1.651200794781840500e+15,1.963495408493618477e-01
1.651200794783857000e+15,1.963495408493618199e-01
1.651200794785873500e+15,1.963495408493618477e-01
1.651200794787889750e+15,1.963495408493618477e-01
1.651200794789906250e+15,1.963495408493618477e-01
1.651200794791922750e+15,1.963495408493618199e-01
1.651200794793939000e+15,1.963495408493618477e-01
1.651200794795955500e+15,1.963495408493618477e-01
1.651200794797972000e+15,1.963495408493618477e-01
1.651200794799988250e+15,1.963495408493618477e-01
1.651200794802004750e+15,1.963495408493618477e-01
1.651200794804021000e+15,1.963495408493618477e-01
1.651200794806037500e+15,1.963495408493618477e-01
1.651200794808054000e+15,1.963495408493618199e-01
1.651200794810070250e+15,1.963495408493618477e-01
1.651200794812086750e+15,1.963495408493618477e-01
1.651200794814103250e+15,1.963495408493618477e-01
1.651200794816119500e+15,1.963495408493618477e-01
1.651200794818136000e+15,1.963495408493618477e-01
1.651200794820152500e+15,1.963495408493618477e-01
1.651200794822168750e+15,1.963495408493618477e-01
1.651200794824185250e+15,1.963495408493618199e-01
1.651200794826201750e+15,1.963495408493618199e-01
1.651200794828218000e+15,1.963495408493618477e-01
1.651200794830234500e+15,1.963495408493618755e-01
1.651200794832251000e+15,1.963495408493618755e-01
1.651200794834267250e+15,1.963495408493618477e-01
1.651200794836283750e+15,1.963495408493618477e-01
1.651200794838300000e+15,1.963495408493618755e-01
1.651200794840316500e+15,1.963495408493620420e-01
1.651200794842333000e+15,1.963495408493622918e-01
1.651200794844349250e+15,1.963495408493625138e-01
1.651200794846365750e+15,1.963495408493627359e-01
1.651200794848382250e+15,1.963495408493629579e-01
1.651200794850398500e+15,1.963495408493632077e-01
1.651200794852415000e+15,1.963495408493634575e-01
1.651200794854431500e+15,1.963495408493635686e-01
1.651200794856447750e+15,1.963495408493634298e-01
1.651200794858464250e+15,1.963495408493632632e-01
1.651200794860480750e+15,1.963495408493630690e-01
1.651200794862497000e+15,1.963495408493629024e-01
1.651200794864513500e+15,1.963495408493627359e-01
1.651200794866530000e+15,1.963495408493625694e-01
1.651200794868546250e+15,1.963495408493623751e-01
1.651200794870562750e+15,1.963495408493622085e-01
1.651200794872579000e+15,1.963495408493620420e-01
1.651200794874595500e+15,1.963495408493618755e-01
1.651200794876612000e+15,1.963495408493618477e-01
1.651200794878628250e+15,1.963495408493618755e-01
1.651200794880644750e+15,1.963495408493618477e-01
1.651200794882661250e+15,1.963495408493618477e-01
1.651200794884677500e+15,1.963495408493618477e-01
1.651200794886694000e+15,1.963495408493618477e-01
1.651200794888710500e+15,1.963495408493618477e-01
1.651200794890726750e+15,1.963495408493618199e-01
1.651200794892743250e+15,1.963495408493620697e-01
1.651200794894759750e+15,1.963495408493624583e-01
1.651200794896776000e+15,1.963495408493627914e-01
1.651200794898792500e+15,1.963495408493631800e-01
1.651200794900809000e+15,1.963495408493635408e-01
1.651200794902825250e+15,1.963495408493634298e-01
1.651200794904841750e+15,1.963495408493631800e-01
1.651200794906858000e+15,1.963495408493628747e-01
1.651200794908874500e+15,1.963495408493625971e-01
1.651200794910891000e+15,1.963495408493623196e-01
1.651200794912907250e+15,1.963495408493620697e-01
1.651200794914923750e+15,1.963495408493618755e-01
1.651200794916940250e+15,1.963495408493618477e-01
1.651200794918956500e+15,1.963495408493618755e-01
1.651200794920973000e+15,1.963495408493618477e-01
1.651200794922989500e+15,1.963495408493618477e-01
1.651200794925005750e+15,1.963495408493618477e-01
1.651200794927022250e+15,1.963495408493618755e-01
1.651200794929038750e+15,1.965030504194405503e-01
1.651200794931055000e+15,1.970650362036824310e-01
1.651200794933071500e+15,1.976270916699805480e-01
1.651200794935088000e+15,1.981891471362787205e-01
1.651200794937104250e+15,1.987511329205205735e-01
1.651200794939120750e+15,1.993131883868187182e-01
1.651200794941137000e+15,1.998751741710605989e-01
1.651200794943153500e+15,2.004372296373587437e-01
1.651200794945170000e+15,2.009992851036569161e-01
1.651200794947186250e+15,2.015612708878987414e-01
1.651200794949202750e+15,2.021233263541969138e-01
1.651200794951219250e+15,2.019786709469622299e-01
1.651200794953235500e+15,2.005540331010045862e-01
1.651200794955252000e+15,1.991292186105526885e-01
1.651200794957268500e+15,1.977044041201007907e-01
1.651200794959284750e+15,1.963495408493636241e-01
1.651200794961301250e+15,1.963495408493634853e-01
1.651200794963317750e+15,1.963495408493633188e-01
1.651200794965334000e+15,1.963495408493632355e-01
1.651200794967350500e+15,1.963495408493630967e-01
1.651200794969367000e+15,1.963495408493629579e-01
1.651200794971383250e+15,1.963495408493627914e-01
1.651200794973399750e+15,1.963495408493626804e-01
1.651200794975416000e+15,1.963495408493625694e-01
1.651200794977432500e+15,1.963495408493624028e-01
1.651200794979449000e+15,1.963495408493622918e-01
1.651200794981465250e+15,1.963495408493621253e-01
1.651200794983481750e+15,1.963495408493620142e-01
1.651200794985498250e+15,1.963495408493618755e-01
1.651200794987514500e+15,1.947917085309329721e-01
1.651200794989531000e+15,1.929055669097310410e-01
1.651200794991547500e+15,1.910194252885291100e-01
1.651200794993563750e+15,1.891335175058619367e-01
1.651200794995580250e+15,1.872473758846600056e-01
1.651200794997596750e+15,1.853612342634581023e-01
1.651200794999613000e+15,1.849240287740765432e-01
1.651200795001629500e+15,1.875740799702823036e-01
1.651200795003646000e+15,1.902241311664880641e-01
1.651200795005662250e+15,1.928738538167979188e-01
1.651200795007678750e+15,1.955239050130036793e-01
1.651200795009695000e+15,1.963495408493618755e-01
1.651200795011711500e+15,1.963495408493618477e-01
1.651200795013728000e+15,1.963495408493618477e-01
1.651200795015744250e+15,1.963495408493618477e-01
1.651200795017760750e+15,1.963495408493618477e-01
1.651200795019777250e+15,1.963495408493618477e-01
1.651200795021793500e+15,1.963495408493618477e-01
1.651200795023810000e+15,1.963495408493618477e-01
1.651200795025826500e+15,1.963495408493618477e-01
1.651200795027842750e+15,1.963495408493618755e-01
1.651200795029859250e+15,1.963495408493618477e-01
1.651200795031875750e+15,1.963495408493618199e-01
1.651200795033892000e+15,1.963495408493618477e-01
1.651200795035908500e+15,1.963495408493618755e-01
1.651200795037925000e+15,1.963495408493618477e-01
1.651200795039941250e+15,1.963495408493618477e-01
1.651200795041957750e+15,1.963495408493618477e-01
1.651200795043974000e+15,1.963495408493618477e-01
1.651200795045990500e+15,1.963495408493618755e-01
1.651200795048007000e+15,1.963495408493618477e-01
1.651200795050023250e+15,1.963495408493618755e-01
1.651200795052039750e+15,1.963495408493618477e-01
1.651200795054056250e+15,1.961440429749001513e-01
1.651200795056072500e+15,1.955895630961669296e-01
1.651200795058089000e+15,1.950350144660537577e-01
1.651200795060105500e+15,1.944804658359406413e-01
1.651200795062121750e+15,1.939259859572073919e-01
1.651200795064138250e+15,1.933714373270942477e-01
1.651200795066154750e+15,1.928168886969811036e-01
1.651200795068171000e+15,1.922624088182478819e-01
1.651200795070187500e+15,1.917078601881347377e-01
1.651200795072204000e+15,1.911533115580216213e-01
1.651200795074220250e+15,1.905988316792883441e-01
1.651200795076236750e+15,1.899096599600434143e-01
1.651200795078253000e+15,1.889143618864877472e-01
1.651200795080269500e+15,1.879189404033755062e-01
1.651200795082286000e+15,1.869235189202632652e-01
1.651200795084302250e+15,1.859282208467075981e-01
1.651200795086318750e+15,1.849327993635953571e-01
1.651200795088335250e+15,1.841492048437694817e-01
1.651200795090351500e+15,1.846564436733839631e-01
1.651200795092368000e+15,1.851637453968396629e-01
1.651200795094384500e+15,1.856710471202954182e-01
1.651200795096400750e+15,1.861782859499099274e-01
1.651200795098417250e+15,1.866855876733656272e-01
1.651200795100433750e+15,1.871928893968213548e-01
1.651200795102450000e+15,1.877001282264358362e-01
1.651200795104466500e+15,1.882074299498915637e-01
1.651200795106483000e+15,1.887147316733472635e-01
1.651200795108499250e+15,1.892219705029617449e-01
1.651200795110515750e+15,1.897292722264174725e-01
1.651200795112532000e+15,1.902136176978199422e-01
1.651200795114548500e+15,1.902136176978198312e-01
1.651200795116565000e+15,1.902136176978197479e-01
1.651200795118581250e+15,1.902136176978196369e-01
1.651200795120597750e+15,1.902136176978195259e-01
1.651200795122614250e+15,1.902136176978194149e-01
1.651200795124630500e+15,1.902136176978193038e-01
1.651200795126647000e+15,1.902136176978191928e-01
1.651200795128663500e+15,1.902136176978191096e-01
1.651200795130679750e+15,1.902136176978191373e-01
1.651200795132696250e+15,1.902136176978192483e-01
1.651200795134712750e+15,1.902136176978193038e-01
1.651200795136729000e+15,1.902136176978193871e-01
1.651200795138745500e+15,1.902136176978194704e-01
1.651200795140762000e+15,1.902136176978195259e-01
1.651200795142778250e+15,1.902136176978196369e-01
1.651200795144794750e+15,1.902136176978196924e-01
1.651200795146811000e+15,1.902136176978197757e-01
1.651200795148827500e+15,1.902136176978198590e-01
1.651200795150844000e+15,1.902136176978199422e-01
1.651200795152860250e+15,1.909007930250403440e-01
1.651200795154876750e+15,1.918510340998491326e-01
1.651200795156893250e+15,1.928012751746579212e-01
1.651200795158909500e+15,1.937513984412501389e-01
1.651200795160926000e+15,1.947016395160588997e-01
1.651200795162942500e+15,1.956518805908676883e-01
1.651200795164958750e+15,1.963495408493622918e-01
1.651200795166975250e+15,1.963495408493622363e-01
1.651200795168991750e+15,1.963495408493621530e-01
1.651200795171008000e+15,1.963495408493620975e-01
1.651200795173024500e+15,1.963495408493620420e-01
1.651200795175041000e+15,1.963495408493619587e-01
1.651200795177057250e+15,1.963495408493619310e-01
1.651200795179073750e+15,1.962557021679354474e-01
1.651200795181090000e+15,1.951476363323513541e-01
1.651200795183106500e+15,1.940394331048471699e-01
1.651200795185123000e+15,1.929312298773430134e-01
1.651200795187139250e+15,1.918231640417588924e-01
1.651200795189155750e+15,1.907149608142547081e-01
1.651200795191172250e+15,1.902136176978198590e-01
1.651200795193188500e+15,1.902136176978196369e-01
1.651200795195205000e+15,1.902136176978194149e-01
1.651200795197221500e+15,1.902136176978192206e-01
1.651200795199237750e+15,1.897199114046868307e-01
1.651200795201254250e+15,1.885844010082213251e-01
1.651200795203270750e+15,1.874488906117558196e-01
1.651200795205287000e+15,1.863135209926764513e-01
1.651200795207303500e+15,1.851780105962109180e-01
1.651200795209320000e+15,1.840425001997454124e-01
1.651200795211336250e+15,1.829071305806660164e-01
1.651200795213352750e+15,1.817716201842005386e-01
1.651200795215369000e+15,1.806362505651211425e-01
1.651200795217385500e+15,1.795007401686556092e-01
1.651200795219402000e+15,1.783652297721901314e-01
1.651200795221418250e+15,1.785651514047250921e-01
1.651200795223434750e+15,1.795594529986732357e-01
1.651200795225451250e+15,1.805537545926213516e-01
1.651200795227467500e+15,1.815479329158536659e-01
1.651200795229484000e+15,1.825422345098017818e-01
1.651200795231500500e+15,1.835365361037498977e-01
1.651200795233516750e+15,1.840776945462780922e-01
1.651200795235533250e+15,1.840776945462780922e-01
1.651200795237549750e+15,1.840776945462780922e-01
1.651200795239566000e+15,1.840776945462780922e-01
1.651200795241582500e+15,1.840776945462780922e-01
1.651200795243599000e+15,1.840776945462780922e-01
1.651200795245615250e+15,1.840776945462780922e-01
1.651200795247631750e+15,1.840776945462780922e-01
1.651200795249648000e+15,1.840776945462780922e-01
1.651200795251664500e+15,1.840776945462780645e-01
1.651200795253681000e+15,1.840776945462780645e-01
1.651200795255697250e+15,1.840776945462780922e-01
1.651200795257713750e+15,1.840776945462780922e-01
1.651200795259730250e+15,1.840776945462780645e-01
1.651200795261746500e+15,1.840776945462780922e-01
1.651200795263763000e+15,1.840776945462780645e-01
1.651200795265779500e+15,1.840776945462780645e-01
1.651200795267795750e+15,1.840776945462780645e-01
1.651200795269812250e+15,1.840776945462780367e-01
1.651200795271828750e+15,1.840776945462778424e-01
1.651200795273845000e+15,1.840776945462777037e-01
1.651200795275861500e+15,1.840776945462775649e-01
1.651200795277878000e+15,1.840776945462774261e-01
1.651200795279894250e+15,1.840776945462772596e-01
1.651200795281910750e+15,1.840776945462771208e-01
1.651200795283927000e+15,1.840776945462769820e-01
1.651200795285943500e+15,1.840776945462768155e-01
1.651200795287960000e+15,1.840776945462766767e-01
1.651200795289976250e+15,1.840776945462765102e-01
1.651200795291992750e+15,1.840776945462763714e-01
1.651200795294009250e+15,1.840776945462764269e-01
1.651200795296025500e+15,1.840776945462766490e-01
1.651200795298042000e+15,1.840776945462768432e-01
1.651200795300058500e+15,1.840776945462770375e-01
1.651200795302074750e+15,1.840776945462772596e-01
1.651200795304091250e+15,1.840776945462774816e-01
1.651200795306107750e+15,1.840776945462776759e-01
1.651200795308124000e+15,1.840776945462778980e-01
1.651200795310140500e+15,1.840066800042612083e-01
1.651200795312157000e+15,1.826620713284206055e-01
1.651200795314173250e+15,1.813176293533829142e-01
1.651200795316189750e+15,1.799730206775423114e-01
1.651200795318206000e+15,1.786285787025045646e-01
1.651200795320222500e+15,1.781221644267427517e-01
1.651200795322239000e+15,1.784909049731615294e-01
1.651200795324255250e+15,1.788595998041641599e-01
1.651200795326271750e+15,1.792283403505829098e-01
1.651200795328288250e+15,1.795970808970016597e-01
1.651200795330304500e+15,1.799657757280043180e-01
1.651200795332321000e+15,1.803345162744230679e-01
1.651200795334337500e+15,1.807032568208418455e-01
1.651200795336353750e+15,1.810719516518444761e-01
1.651200795338370250e+15,1.814406921982632537e-01
1.651200795340386750e+15,1.818094327446820035e-01
1.651200795342403000e+15,1.821781275756846619e-01
1.651200795344419500e+15,1.825468681221034117e-01
1.651200795346436000e+15,1.829156086685221616e-01
1.651200795348452250e+15,1.832843034995248199e-01
1.651200795350468750e+15,1.836530440459435698e-01
1.651200795352485000e+15,1.840217388769462004e-01
1.651200795354501500e+15,1.837196941863924460e-01
1.651200795356518000e+15,1.832976493306743837e-01
1.651200795358534250e+15,1.828756567988908122e-01
1.651200795360550750e+15,1.824536119431727221e-01
1.651200795362567250e+15,1.820315670874546599e-01
1.651200795364583500e+15,1.816095745556710606e-01
1.651200795366600000e+15,1.811875296999529983e-01
1.651200795368616500e+15,1.807654848442349360e-01
1.651200795370632750e+15,1.803434923124513645e-01
1.651200795372649250e+15,1.799214474567332744e-01
1.651200795374665750e+15,1.794994026010152122e-01
1.651200795376682000e+15,1.790774100692316129e-01
1.651200795378698500e+15,1.786553652135135228e-01
1.651200795380715000e+15,1.782333203577954606e-01
1.651200795382731250e+15,1.775003291571481401e-01
1.651200795384747750e+15,1.760720607703209484e-01
1.651200795386764000e+15,1.746439694561923162e-01
1.651200795388780500e+15,1.732157010693650689e-01
1.651200795390797000e+15,1.718058482431912282e-01
1.651200795392813250e+15,1.718058482431912282e-01
1.651200795394829750e+15,1.718058482431912004e-01
1.651200795396846250e+15,1.718058482431912282e-01
1.651200795398862500e+15,1.718058482431912282e-01
1.651200795400879000e+15,1.718058482431912282e-01
1.651200795402895500e+15,1.718058482431912282e-01
1.651200795404911750e+15,1.718058482431912282e-01
1.651200795406928250e+15,1.718058482431912282e-01
1.651200795408944750e+15,1.718058482431912282e-01
1.651200795410961000e+15,1.718058482431912282e-01
1.651200795412977500e+15,1.718058482431912282e-01
1.651200795414994000e+15,1.715351340421196746e-01
1.651200795417010250e+15,1.710000090343642420e-01
1.651200795419026750e+15,1.704648176750889754e-01
1.651200795421043000e+15,1.699296926673335983e-01
1.651200795423059500e+15,1.693945013080583040e-01
1.651200795425076000e+15,1.688593099487830373e-01
1.651200795427092250e+15,1.683241849410276325e-01
1.651200795429108750e+15,1.677889935817523659e-01
1.651200795431125250e+15,1.672538022224770715e-01
1.651200795433141500e+15,1.667186772147216667e-01
1.651200795435158000e+15,1.661834858554464001e-01
1.651200795437174500e+15,1.656699250916488786e-01
1.651200795439190750e+15,1.656699250916489063e-01
1.651200795441207250e+15,1.656699250916489063e-01
1.651200795443223750e+15,1.656699250916488786e-01
1.651200795445240000e+15,1.656699250916489063e-01
1.651200795447256500e+15,1.656699250916489063e-01
1.651200795449273000e+15,1.656699250916488786e-01
1.651200795451289250e+15,1.656699250916489063e-01
1.651200795453305750e+15,1.656699250916489063e-01
1.651200795455322000e+15,1.656699250916489063e-01
1.651200795457338500e+15,1.656699250916489063e-01
1.651200795459355000e+15,1.656699250916489063e-01
1.651200795461371250e+15,1.656699250916489063e-01
1.651200795463387750e+15,1.656699250916489063e-01
1.651200795465404250e+15,1.656699250916489063e-01
1.651200795467420500e+15,1.656699250916489063e-01
1.651200795469437000e+15,1.656699250916489063e-01
1.651200795471453500e+15,1.656699250916489063e-01
1.651200795473469750e+15,1.656699250916489063e-01
1.651200795475486250e+15,1.656699250916489063e-01
1.651200795477502750e+15,1.663676794198730990e-01
1.651200795479519000e+15,1.672042170528637572e-01
1.651200795481535500e+15,1.680408584102974778e-01
1.651200795483552000e+15,1.688774997677311984e-01
1.651200795485568250e+15,1.697140374007218289e-01
1.651200795487584750e+15,1.705506787581555217e-01
1.651200795489601000e+15,1.713872163911462077e-01
1.651200795491617500e+15,1.701318859970022690e-01
1.651200795493634000e+15,1.667814692531393583e-01
1.651200795495650250e+15,1.634314678845236735e-01
1.651200795497666750e+15,1.600810511406607350e-01
1.651200795499683250e+15,1.567306343967978521e-01
1.651200795501699500e+15,1.533980787885642627e-01
1.651200795503716000e+15,1.533980787885641239e-01
1.651200795505732500e+15,1.533980787885639852e-01
1.651200795507748750e+15,1.533980787885638464e-01
1.651200795509765250e+15,1.533980787885637076e-01
1.651200795511781750e+15,1.533980787885635688e-01
1.651200795513798000e+15,1.533980787885634578e-01
1.651200795515814500e+15,1.539984978664576121e-01
1.651200795517831000e+15,1.552283049467762521e-01
1.651200795519847250e+15,1.564579595590710748e-01
1.651200795521863750e+15,1.576877666393897426e-01
1.651200795523880000e+15,1.589174212516845375e-01
1.651200795525896500e+15,1.601472283320031775e-01
1.651200795527913000e+15,1.613770354123218453e-01
1.651200795529929250e+15,1.626066900246166680e-01
1.651200795531945750e+15,1.638364971049353080e-01
1.651200795533962250e+15,1.650663041852539759e-01
1.651200795535978500e+15,1.651236049324799338e-01
1.651200795537995000e+15,1.640503905136155849e-01
1.651200795540011500e+15,1.629771760947512638e-01
1.651200795542027750e+15,1.619040947299928979e-01
1.651200795544044250e+15,1.608308803111285767e-01
1.651200795546060750e+15,1.597576658922642556e-01
1.651200795548077000e+15,1.589092135421306118e-01
1.651200795550093500e+15,1.581198114089747420e-01
1.651200795552110000e+15,1.573304092758188721e-01
1.651200795554126250e+15,1.565411050105198210e-01
1.651200795556142750e+15,1.557517028773639511e-01
1.651200795558159000e+15,1.549623986120649000e-01
1.651200795560175500e+15,1.541729964789090301e-01
1.651200795562192000e+15,1.533980787885633745e-01
1.651200795564208250e+15,1.533980787885634578e-01
1.651200795566224750e+15,1.533980787885635411e-01
1.651200795568241250e+15,1.533980787885635966e-01
1.651200795570257500e+15,1.533980787885636798e-01
1.651200795572274000e+15,1.533980787885637631e-01
1.651200795574290500e+15,1.533980787885638464e-01
1.651200795576306750e+15,1.533980787885639019e-01
1.651200795578323250e+15,1.533980787885639852e-01
1.651200795580339750e+15,1.533980787885640684e-01
1.651200795582356000e+15,1.533980787885641517e-01
1.651200795584372500e+15,1.533980787885642350e-01
1.651200795586389000e+15,1.533980787885642627e-01
1.651200795588405250e+15,1.533980787885642627e-01
1.651200795590421750e+15,1.533980787885642627e-01
1.651200795592438000e+15,1.533980787885642627e-01
1.651200795594454500e+15,1.533980787885642627e-01
1.651200795596471000e+15,1.533980787885642627e-01
1.651200795598487250e+15,1.533980787885642627e-01
1.651200795600503750e+15,1.533980787885642627e-01
1.651200795602520250e+15,1.533980787885642627e-01
1.651200795604536500e+15,1.533980787885642905e-01
1.651200795606553000e+15,1.533980787885642627e-01
1.651200795608569500e+15,1.533980787885642627e-01
1.651200795610585750e+15,1.533980787885642627e-01
1.651200795612602250e+15,1.533980787885642627e-01
1.651200795614618750e+15,1.533980787885642627e-01
1.651200795616635000e+15,1.533980787885642627e-01
1.651200795618651500e+15,1.533980787885642627e-01
1.651200795620667750e+15,1.533980787885642627e-01
1.651200795622684250e+15,1.533980787885642627e-01
1.651200795624700750e+15,1.533980787885642627e-01
1.651200795626717000e+15,1.533980787885642627e-01
1.651200795628733500e+15,1.533980787885642627e-01
1.651200795630750000e+15,1.533980787885642627e-01
1.651200795632766250e+15,1.533980787885642627e-01
1.651200795634782750e+15,1.533980787885642627e-01
1.651200795636799250e+15,1.533980787885642627e-01
1.651200795638815500e+15,1.535785523487300797e-01
1.651200795640832000e+15,1.539372757928644531e-01
1.651200795642848500e+15,1.542959992369988542e-01
1.651200795644864750e+15,1.546546782076092807e-01
1.651200795646881250e+15,1.550134016517436819e-01
1.651200795648897750e+15,1.553721250958780553e-01
1.651200795650914000e+15,1.557308040664884818e-01
1.651200795652930500e+15,1.560895275106228830e-01
1.651200795654946750e+15,1.564482064812333095e-01
1.651200795656963250e+15,1.568069299253677107e-01
1.651200795658979750e+15,1.571656533695021118e-01
1.651200795660996000e+15,1.575243323401125384e-01
1.651200795663012500e+15,1.578830557842469395e-01
1.651200795665029000e+15,1.582417792283813407e-01
1.651200795667045250e+15,1.586004581989917672e-01
1.651200795669061750e+15,1.589591816431261684e-01
1.651200795671078250e+15,1.593179050872605418e-01
1.651200795673094500e+15,1.595340019401056686e-01
1.651200795675111000e+15,1.595340019401056963e-01
1.651200795677127500e+15,1.595340019401056963e-01
1.651200795679143750e+15,1.595340019401056963e-01
1.651200795681160250e+15,1.595340019401056963e-01
1.651200795683176750e+15,1.595340019401056963e-01
1.651200795685193000e+15,1.595340019401056963e-01
1.651200795687209500e+15,1.595340019401056963e-01
1.651200795689225750e+15,1.595340019401056963e-01
1.651200795691242250e+15,1.595340019401056963e-01
1.651200795693258750e+15,1.595340019401056963e-01
1.651200795695275000e+15,1.595340019401056963e-01
1.651200795697291500e+15,1.587305674376200681e-01
1.651200795699308000e+15,1.560460178530927722e-01
1.651200795701324250e+15,1.533618010914745700e-01
1.651200795703340750e+15,1.506772515069472740e-01
1.651200795705357250e+15,1.479927019224199780e-01
1.651200795707373500e+15,1.453084851608017480e-01
1.651200795709390000e+15,1.426239355762744798e-01
1.651200795711406500e+15,1.411262324854769545e-01
1.651200795713422750e+15,1.411262324854769545e-01
1.651200795715439250e+15,1.411262324854769545e-01
1.651200795717455750e+15,1.411262324854769545e-01
1.651200795719472000e+15,1.411262324854769545e-01
1.651200795721488500e+15,1.411262324854769545e-01
1.651200795723504750e+15,1.411262324854769545e-01
1.651200795725521250e+15,1.411262324854769545e-01
1.651200795727537750e+15,1.411262324854769545e-01
1.651200795729554000e+15,1.411262324854769545e-01
1.651200795731570500e+15,1.411262324854769545e-01
1.651200795733587000e+15,1.411262324854769545e-01
1.651200795735603250e+15,1.411262324854769545e-01
1.651200795737619750e+15,1.408993264120237954e-01
1.651200795739636250e+15,1.399800775981247247e-01
1.651200795741652500e+15,1.390609427501088569e-01
1.651200795743669000e+15,1.381416939362097862e-01
1.651200795745685500e+15,1.372224451223107156e-01
1.651200795747701750e+15,1.363033102742948477e-01
1.651200795749718250e+15,1.353840614603957770e-01
1.651200795751734750e+15,1.349903093339364091e-01
1.651200795753751000e+15,1.349903093339364091e-01
1.651200795755767500e+15,1.349903093339364091e-01
1.651200795757783750e+15,1.349903093339364091e-01
1.651200795759800250e+15,1.349903093339364091e-01
1.651200795761816750e+15,1.349903093339364091e-01
1.651200795763833000e+15,1.349903093339364091e-01
1.651200795765849500e+15,1.349903093339364091e-01
1.651200795767866000e+15,1.349903093339364091e-01
1.651200795769882250e+15,1.349903093339364091e-01
1.651200795771898750e+15,1.349903093339364091e-01
1.651200795773915250e+15,1.349903093339364091e-01
1.651200795775931500e+15,1.349903093339364091e-01
1.651200795777948000e+15,1.349903093339364091e-01
1.651200795779964500e+15,1.349903093339364091e-01
1.651200795781980750e+15,1.349903093339364091e-01
1.651200795783997250e+15,1.349903093339364091e-01
1.651200795786013750e+15,1.349903093339364091e-01
1.651200795788030000e+15,1.349903093339364368e-01
1.651200795790046500e+15,1.349903093339364091e-01
1.651200795792062750e+15,1.349903093339364091e-01
1.651200795794079250e+15,1.349903093339364091e-01
1.651200795796095750e+15,1.349903093339364091e-01
1.651200795798112000e+15,1.349903093339364091e-01
1.651200795800128500e+15,1.349903093339364091e-01
1.651200795802145000e+15,1.349903093339364091e-01
1.651200795804161250e+15,1.349903093339364091e-01
1.651200795806177750e+15,1.349903093339364091e-01
1.651200795808194250e+15,1.349903093339364091e-01
1.651200795810210500e+15,1.349903093339364368e-01
1.651200795812227000e+15,1.349903093339364091e-01
1.651200795814243500e+15,1.349903093339364091e-01
1.651200795816259750e+15,1.349903093339364091e-01
1.651200795818276250e+15,1.349903093339364368e-01
1.651200795820292750e+15,1.349903093339364091e-01
1.651200795822309000e+15,1.349903093339364091e-01
1.651200795824325500e+15,1.349903093339364091e-01
1.651200795826341750e+15,1.349903093339364091e-01
1.651200795828358250e+15,1.349903093339364091e-01
1.651200795830374750e+15,1.349903093339364091e-01
1.651200795832391000e+15,1.349903093339364091e-01
1.651200795834407500e+15,1.349903093339364091e-01
1.651200795836424000e+15,1.349903093339364091e-01
1.651200795838440250e+15,1.349903093339364091e-01
1.651200795840456750e+15,1.349903093339364091e-01
1.651200795842473250e+15,1.349903093339364091e-01
1.651200795844489500e+15,1.349903093339364091e-01
1.651200795846506000e+15,1.349903093339364091e-01
1.651200795848522500e+15,1.349903093339364091e-01
1.651200795850538750e+15,1.349903093339364091e-01
1.651200795852555250e+15,1.349903093339364091e-01
1.651200795854571750e+15,1.349903093339364091e-01
1.651200795856588000e+15,1.349903093339364091e-01
1.651200795858604500e+15,1.349903093339364091e-01
1.651200795860620750e+15,1.349903093339364091e-01
1.651200795862637250e+15,1.349903093339364091e-01
1.651200795864653750e+15,1.349903093339364091e-01
1.651200795866670000e+15,1.349903093339364091e-01
1.651200795868686500e+15,1.349903093339364091e-01
1.651200795870703000e+15,1.349903093339364091e-01
1.651200795872719250e+15,1.349903093339364091e-01
1.651200795874735750e+15,1.349903093339364091e-01
1.651200795876752250e+15,1.349903093339364091e-01
1.651200795878768500e+15,1.349903093339364091e-01
1.651200795880785000e+15,1.349903093339364091e-01
1.651200795882801500e+15,1.349903093339364091e-01
1.651200795884817750e+15,1.349903093339364091e-01
1.651200795886834250e+15,1.349903093339364091e-01
1.651200795888850750e+15,1.349903093339363813e-01
1.651200795890867000e+15,1.349903093339364091e-01
1.651200795892883500e+15,1.349903093339364091e-01
1.651200795894899750e+15,1.349903093339364091e-01
1.651200795896916250e+15,1.349903093339364091e-01
1.651200795898932750e+15,1.349903093339364091e-01
1.651200795900949000e+15,1.349903093339364091e-01
1.651200795902965500e+15,1.349903093339364091e-01
1.651200795904982000e+15,1.349903093339363813e-01
1.651200795906998250e+15,1.349903093339362703e-01
1.651200795909014750e+15,1.349903093339361593e-01
1.651200795911031250e+15,1.349903093339360483e-01
1.651200795913047500e+15,1.349903093339359650e-01
1.651200795915064000e+15,1.349903093339358540e-01
1.651200795917080500e+15,1.349903093339357429e-01
1.651200795919096750e+15,1.349903093339356319e-01
1.651200795921113250e+15,1.349903093339354931e-01
1.651200795923129750e+15,1.349903093339355209e-01
1.651200795925146000e+15,1.349903093339355209e-01
1.651200795927162500e+15,1.349903093339355209e-01
1.651200795929178750e+15,1.349903093339355209e-01
1.651200795931195250e+15,1.349903093339355209e-01
1.651200795933211750e+15,1.349903093339355209e-01
1.651200795935228000e+15,1.349903093339355209e-01
1.651200795937244500e+15,1.349903093339355209e-01
1.651200795939261000e+15,1.349903093339355209e-01
1.651200795941277250e+15,1.349903093339355209e-01
1.651200795943293750e+15,1.348938682341054573e-01
1.651200795945310250e+15,1.342837553625531311e-01
1.651200795947326500e+15,1.336737181310790612e-01
1.651200795949343000e+15,1.330636052595267349e-01
1.651200795951359500e+15,1.324534923879743809e-01
1.651200795953375750e+15,1.318434551565003388e-01
1.651200795955392250e+15,1.312333422849480125e-01
1.651200795957408750e+15,1.306232294133956584e-01
1.651200795959425000e+15,1.300131921819216163e-01
1.651200795961441500e+15,1.294030793103692623e-01
1.651200795963457750e+15,1.289137118103861335e-01
1.651200795965474250e+15,1.295037494372379971e-01
1.651200795967490750e+15,1.300937870640898331e-01
1.651200795969507000e+15,1.306837515397357707e-01
1.651200795971523500e+15,1.312737891665876344e-01
1.651200795973540000e+15,1.318638267934394981e-01
1.651200795975556250e+15,1.324537912690854358e-01
1.651200795977572750e+15,1.330438288959372994e-01
1.651200795979589250e+15,1.336338665227891354e-01
1.651200795981605500e+15,1.342238309984350730e-01
1.651200795983622000e+15,1.348138686252869367e-01
1.651200795985638500e+15,1.338591548018586985e-01
1.651200795987654750e+15,1.322456490888755942e-01
1.651200795989671250e+15,1.306319433131878094e-01
1.651200795991687750e+15,1.290182375375000245e-01
1.651200795993704000e+15,1.274047318245169202e-01
1.651200795995720500e+15,1.257910260488291354e-01
1.651200795997736750e+15,1.241775203358460311e-01
1.651200795999753250e+15,1.227628173043990023e-01
1.651200796001769750e+15,1.232256395171276997e-01
1.651200796003786000e+15,1.236884043504598157e-01
1.651200796005802500e+15,1.241512265631884993e-01
1.651200796007819000e+15,1.246140487759171689e-01
1.651200796009835250e+15,1.250768136092492711e-01
1.651200796011851750e+15,1.255396358219779962e-01
1.651200796013868250e+15,1.260024580347066658e-01
1.651200796015884500e+15,1.264652228680387958e-01
1.651200796017901000e+15,1.269280450807674931e-01
1.651200796019917500e+15,1.273908672934961350e-01
1.651200796021933750e+15,1.278536321268282649e-01
1.651200796023950250e+15,1.283164543395569623e-01
1.651200796025966750e+15,1.287792765522856320e-01
1.651200796027983000e+15,1.281205779119879984e-01
1.651200796029999500e+15,1.272444829580059167e-01
1.651200796032015750e+15,1.263684966198128368e-01
1.651200796034032250e+15,1.254924016658307828e-01
1.651200796036048750e+15,1.246163067118487289e-01
1.651200796038065000e+15,1.237403203736556490e-01
1.651200796040081500e+15,1.228642254196735950e-01
1.651200796042098000e+15,1.237352696966381033e-01
1.651200796044114250e+15,1.249548630576693270e-01
1.651200796046130750e+15,1.261746076392040727e-01
1.651200796048147250e+15,1.273943522207388601e-01
1.651200796050163500e+15,1.286139455817700838e-01
1.651200796052180000e+15,1.288543861823949754e-01
1.651200796054196500e+15,1.288543861823949754e-01
1.651200796056212750e+15,1.288543861823949754e-01
1.651200796058229250e+15,1.288543861823949754e-01
1.651200796060245750e+15,1.288543861823949754e-01
1.651200796062262000e+15,1.285445863566353208e-01
1.651200796064278500e+15,1.275434463748335023e-01
1.651200796066294750e+15,1.265424305115516179e-01
1.651200796068311250e+15,1.255412905297497994e-01
1.651200796070327750e+15,1.245401505479479809e-01
1.651200796072344000e+15,1.235391346846661104e-01
1.651200796074360500e+15,1.227184630308508773e-01
1.651200796076377000e+15,1.227184630308508773e-01
1.651200796078393250e+15,1.227184630308508773e-01
1.651200796080409750e+15,1.227184630308508773e-01
1.651200796082426250e+15,1.227184630308508773e-01
1.651200796084442500e+15,1.227184630308508773e-01
1.651200796086459000e+15,1.227184630308508773e-01
1.651200796088475500e+15,1.227184630308508911e-01
1.651200796090491750e+15,1.227184630308508773e-01
1.651200796092508250e+15,1.227184630308508773e-01
1.651200796094524750e+15,1.239480581861542030e-01
1.651200796096541000e+15,1.257821038542735193e-01
1.651200796098557500e+15,1.276163769304112516e-01
1.651200796100573750e+15,1.294504225985305956e-01
1.651200796102590250e+15,1.312846956746682725e-01
1.651200796104606750e+15,1.331189687508059771e-01
1.651200796106623000e+15,1.349530144189253211e-01
1.651200796108639500e+15,1.333810448936302850e-01
1.651200796110656000e+15,1.317383813938180492e-01
1.651200796112672250e+15,1.300959215468076857e-01
1.651200796114688750e+15,1.284532580469954499e-01
1.651200796116705250e+15,1.268105945471831864e-01
1.651200796118721500e+15,1.251681347001728506e-01
1.651200796120738000e+15,1.235254712003606148e-01
1.651200796122754500e+15,1.218828077005483790e-01
1.651200796124770750e+15,1.202403478535379877e-01
1.651200796126787250e+15,1.185976843537257519e-01
1.651200796128803750e+15,1.169550208539135161e-01
1.651200796130820000e+15,1.165825398793094297e-01
1.651200796132836500e+15,1.165825398793094436e-01
1.651200796134852750e+15,1.165825398793094436e-01
1.651200796136869250e+15,1.165825398793094436e-01
1.651200796138885750e+15,1.165825398793094436e-01
1.651200796140902000e+15,1.161883854582096837e-01
1.651200796142918500e+15,1.153392269217271698e-01
1.651200796144935000e+15,1.144900683852446421e-01
1.651200796146951250e+15,1.136410151250498018e-01
1.651200796148967750e+15,1.127918565885672741e-01
1.651200796150984250e+15,1.119426980520847464e-01
1.651200796153000500e+15,1.110936447918899339e-01
1.651200796155017000e+15,1.102444862554073784e-01
1.651200796157033500e+15,1.093953277189248507e-01
1.651200796159049750e+15,1.085462744587300243e-01
1.651200796161066250e+15,1.076971159222474828e-01
1.651200796163082750e+15,1.068479573857649689e-01
1.651200796165099000e+15,1.059989041255701286e-01
1.651200796167115500e+15,1.051497455890876009e-01
1.651200796169131750e+15,1.043106935762230375e-01
1.651200796171148250e+15,1.043106935762230930e-01
1.651200796173164750e+15,1.043106935762231346e-01
1.651200796175181000e+15,1.043106935762232179e-01
1.651200796177197500e+15,1.043106935762232734e-01
1.651200796179214000e+15,1.043106935762233289e-01
1.651200796181230250e+15,1.043106935762233983e-01
1.651200796183246750e+15,1.043106935762234677e-01
1.651200796185263250e+15,1.043106935762235232e-01
1.651200796187279500e+15,1.043106935762235787e-01
1.651200796189296000e+15,1.043106935762236481e-01
1.651200796191312500e+15,1.043106935762237036e-01
1.651200796193328750e+15,1.043106935762237730e-01
1.651200796195345250e+15,1.043106935762238285e-01
1.651200796197361750e+15,1.043106935762238979e-01
1.651200796199378000e+15,1.043106935762239118e-01
1.651200796201394500e+15,1.043106935762239118e-01
1.651200796203410750e+15,1.043106935762239118e-01
1.651200796205427250e+15,1.043106935762239118e-01
1.651200796207443750e+15,1.043106935762239118e-01
1.651200796209460000e+15,1.043106935762239118e-01
1.651200796211476500e+15,1.043106935762239118e-01
1.651200796213493000e+15,1.043106935762239118e-01
1.651200796215509250e+15,1.043106935762239118e-01
1.651200796217525750e+15,1.043106935762239118e-01
1.651200796219542250e+15,1.043106935762239118e-01
1.651200796221558500e+15,1.043106935762239118e-01
1.651200796223575000e+15,1.043106935762239118e-01
1.651200796225591500e+15,1.043106935762239118e-01
1.651200796227607750e+15,1.043106935762239118e-01
1.651200796229624250e+15,1.043106935762239118e-01
1.651200796231640750e+15,1.043106935762239118e-01
1.651200796233657000e+15,1.043106935762239118e-01
1.651200796235673500e+15,1.043106935762238979e-01
1.651200796237689750e+15,1.043106935762238979e-01
1.651200796239706250e+15,1.043106935762239118e-01
1.651200796241722750e+15,1.043106935762239118e-01
1.651200796243739000e+15,1.043106935762238979e-01
1.651200796245755500e+15,1.043106935762238979e-01
1.651200796247772000e+15,1.043106935762239118e-01
1.651200796249788250e+15,1.043106935762238979e-01
1.651200796251804750e+15,1.043106935762238979e-01
1.651200796253821250e+15,1.043106935762239118e-01
1.651200796255837500e+15,1.043106935762239118e-01
1.651200796257854000e+15,1.043106935762239118e-01
1.651200796259870500e+15,1.043106935762239118e-01
1.651200796261886750e+15,1.043106935762239118e-01
1.651200796263903250e+15,1.043106935762238979e-01
1.651200796265919750e+15,1.043106935762239118e-01
1.651200796267936000e+15,1.043106935762238979e-01
1.651200796269952500e+15,1.043106935762239118e-01
1.651200796271968750e+15,1.043106935762239118e-01
1.651200796273985250e+15,1.043106935762239118e-01
1.651200796276001750e+15,1.043106935762239118e-01
1.651200796278018000e+15,1.043106935762239118e-01
1.651200796280034500e+15,1.043106935762239257e-01
1.651200796282051000e+15,1.043106935762239118e-01
1.651200796284067250e+15,1.043106935762239118e-01
1.651200796286083750e+15,1.043106935762238979e-01
1.651200796288100250e+15,1.043106935762239118e-01
1.651200796290116500e+15,1.043106935762239118e-01
1.651200796292133000e+15,1.043106935762239118e-01
1.651200796294149500e+15,1.043106935762239118e-01
1.651200796296165750e+15,1.043106935762239118e-01
1.651200796298182250e+15,1.043106935762239118e-01
1.651200796300198750e+15,1.043106935762239118e-01
1.651200796302215000e+15,1.043106935762239118e-01
1.651200796304231500e+15,1.043106935762238979e-01
1.651200796306247750e+15,1.043106935762239118e-01
1.651200796308264250e+15,1.043106935762239118e-01
1.651200796310280750e+15,1.043106935762239118e-01
1.651200796312297000e+15,1.043106935762238979e-01
1.651200796314313500e+15,1.043106935762239118e-01
1.651200796316330000e+15,1.043106935762238979e-01
1.651200796318346250e+15,1.043106935762239118e-01
1.651200796320362750e+15,1.043106935762238979e-01
1.651200796322379250e+15,1.043106935762238979e-01
1.651200796324395500e+15,1.043106935762239118e-01
1.651200796326412000e+15,1.043106935762239118e-01
1.651200796328428500e+15,1.043106935762239118e-01
1.651200796330444750e+15,1.043106935762239118e-01
1.651200796332461250e+15,1.043106935762239118e-01
1.651200796334477750e+15,1.043106935762239118e-01
1.651200796336494000e+15,1.043106935762239396e-01
1.651200796338510500e+15,1.043106935762240645e-01
1.651200796340526750e+15,1.043106935762242171e-01
1.651200796342543250e+15,1.043106935762243559e-01
1.651200796344559750e+15,1.043106935762245224e-01
1.651200796346576000e+15,1.043106935762246612e-01
1.651200796348592500e+15,1.043106935762247861e-01
1.651200796350609000e+15,1.043106935762244530e-01
1.651200796352625250e+15,1.043106935762241616e-01
1.651200796354641750e+15,1.043106935762238285e-01
1.651200796356658250e+15,1.043106935762234955e-01
1.651200796358674500e+15,1.043106935762231763e-01
1.651200796360691000e+15,1.043106935762230375e-01
1.651200796362707500e+15,1.043106935762230375e-01
1.651200796364723750e+15,1.043106935762230236e-01
1.651200796366740250e+15,1.043106935762230236e-01
1.651200796368756750e+15,1.043106935762230375e-01
1.651200796370773000e+15,1.043106935762230236e-01
1.651200796372789500e+15,1.043106935762230236e-01
1.651200796374805750e+15,1.043106935762230236e-01
1.651200796376822250e+15,1.043106935762230236e-01
1.651200796378838750e+15,1.043106935762230236e-01
1.651200796380855000e+15,1.043106935762230236e-01
1.651200796382871500e+15,1.043106935762230097e-01
1.651200796384888000e+15,1.039659238217299497e-01
1.651200796386904250e+15,1.033856717203137376e-01
1.651200796388920750e+15,1.028053476719537340e-01
1.651200796390937250e+15,1.022250236235937443e-01
1.651200796392953500e+15,1.016447715221775183e-01
1.651200796394970000e+15,1.010644474738175425e-01
1.651200796396986500e+15,1.004841234254575388e-01
1.651200796399002750e+15,9.990387132404132675e-02
1.651200796401019250e+15,9.932354727568132313e-02
1.651200796403035750e+15,9.874322322732134727e-02
1.651200796405052000e+15,9.818590196668217085e-02
1.651200796407068500e+15,9.873338378239390756e-02
1.651200796409084750e+15,9.928079772284952031e-02
1.651200796411101250e+15,9.982827953856125702e-02
1.651200796413117750e+15,1.003757613542730076e-01
1.651200796415134000e+15,1.009231752947286204e-01
1.651200796417150500e+15,1.014706571104403571e-01
1.651200796419167000e+15,1.020181389261520938e-01
1.651200796421183250e+15,1.025655528666077065e-01
1.651200796423199750e+15,1.031130346823194432e-01
1.651200796425216250e+15,1.036605164980311800e-01
1.651200796427232500e+15,1.042079304384867927e-01
1.651200796429249000e+15,1.043106935762238147e-01
1.651200796431265500e+15,1.043106935762237036e-01
1.651200796433281750e+15,1.043106935762235649e-01
1.651200796435298250e+15,1.043106935762234400e-01
1.651200796437314750e+15,1.043106935762233289e-01
1.651200796439331000e+15,1.043106935762232040e-01
1.651200796441347500e+15,1.043106935762230930e-01
1.651200796443363750e+15,1.041523352590310314e-01
1.651200796445380250e+15,1.036387372749254937e-01
1.651200796447396750e+15,1.031251392908199283e-01
1.651200796449413000e+15,1.026116049811483105e-01
1.651200796451429500e+15,1.020980069970427589e-01
1.651200796453446000e+15,1.015844090129371935e-01
1.651200796455462250e+15,1.010708747032655896e-01
1.651200796457478750e+15,1.005572767191600381e-01
1.651200796459495250e+15,1.000436787350544865e-01
1.651200796461511500e+15,9.953014442538286877e-02
1.651200796463528000e+15,9.901654644127730331e-02
1.651200796465544500e+15,9.850294845717175174e-02
1.651200796467560750e+15,9.859996734655528117e-02
1.651200796469577250e+15,9.977813236608382153e-02
1.651200796471593750e+15,1.009562973856123480e-01
1.651200796473610000e+15,1.021343163395545539e-01
1.651200796475626500e+15,1.033124813590830804e-01
1.651200796477642750e+15,1.041619007033307565e-01
1.651200796479659250e+15,1.031869508148203773e-01
1.651200796481675750e+15,1.022120009263100121e-01
1.651200796483692000e+15,1.012371719093454608e-01
1.651200796485708500e+15,1.002622220208350817e-01
1.651200796487725000e+15,9.928727213232471649e-02
1.651200796489741250e+15,9.831244311536016522e-02
1.651200796491757750e+15,9.733749322684978611e-02
1.651200796493774250e+15,9.636254333833942087e-02
1.651200796495790500e+15,9.538771432137486961e-02
1.651200796497807000e+15,9.441276443286450437e-02
1.651200796499823500e+15,9.343781454435411138e-02
1.651200796501839750e+15,9.246298552738956011e-02
1.651200796503856250e+15,9.203884727313917102e-02
1.651200796505872750e+15,9.203884727313897673e-02
1.651200796507889000e+15,9.203884727313879632e-02
1.651200796509905500e+15,9.203884727313862979e-02
1.651200796511921750e+15,9.203884727313844938e-02
1.651200796513938250e+15,9.140912119294472560e-02
1.651200796515954750e+15,9.047558497481533735e-02
1.651200796517971000e+15,8.954216449388135990e-02
1.651200796519987500e+15,8.860862827575197165e-02
1.651200796522004000e+15,8.767509205762258340e-02
1.651200796524020250e+15,8.674167157668860595e-02
1.651200796526036750e+15,8.609490613034800899e-02
1.651200796528053250e+15,8.798565934475628680e-02
1.651200796530069500e+15,8.987617814889747869e-02
1.651200796532086000e+15,9.176693136330574263e-02
1.651200796534102500e+15,9.365768457771402045e-02
1.651200796536118750e+15,9.554820338185521233e-02
1.651200796538135250e+15,9.743895659626349015e-02
1.651200796540151750e+15,9.775472244258308352e-02
1.651200796542168000e+15,9.706714643778673046e-02
1.651200796544184500e+15,9.637948517868104303e-02
1.651200796546200750e+15,9.569190917388468998e-02
1.651200796548217250e+15,9.500424791477898867e-02
1.651200796550233750e+15,9.431658665567330124e-02
1.651200796552250000e+15,9.362901065087694819e-02
1.651200796554266500e+15,9.294134939177126076e-02
1.651200796556283000e+15,9.225368813266557333e-02
1.651200796558299250e+15,9.149851418529539315e-02
1.651200796560315750e+15,9.071252199655932547e-02
1.651200796562332250e+15,8.992652980782323002e-02
1.651200796564348500e+15,8.914063506418866412e-02
1.651200796566365000e+15,8.835464287545258255e-02
1.651200796568381500e+15,8.756865068671651486e-02
1.651200796570397750e+15,8.678275594308194896e-02
1.651200796572414250e+15,8.599676375434585351e-02
1.651200796574430750e+15,8.642553266571639803e-02
1.651200796576447000e+15,8.701892108023469297e-02
1.651200796578463500e+15,8.761238307050182861e-02
1.651200796580479750e+15,8.820577148502012355e-02
1.651200796582496250e+15,8.879923347528725919e-02
1.651200796584512750e+15,8.939269546555442258e-02
1.651200796586529000e+15,8.998608388007270364e-02
1.651200796588545500e+15,9.057954587033985316e-02
1.651200796590562000e+15,9.117300786060700268e-02
1.651200796592578250e+15,9.176639627512528374e-02
1.651200796594594750e+15,9.203884727313660363e-02
1.651200796596611250e+15,9.203884727313660363e-02
1.651200796598627500e+15,9.203884727313660363e-02
1.651200796600644000e+15,9.203884727313660363e-02
1.651200796602660500e+15,9.203884727313660363e-02
1.651200796604676750e+15,9.203884727313660363e-02
1.651200796606693250e+15,9.203884727313661751e-02
1.651200796608709750e+15,9.203884727313660363e-02
1.651200796610726000e+15,9.203884727313660363e-02
1.651200796612742500e+15,9.203884727313660363e-02
1.651200796614758750e+15,9.203884727313660363e-02
1.651200796616775250e+15,9.203884727313660363e-02
1.651200796618791750e+15,9.203884727313660363e-02
1.651200796620808000e+15,9.203884727313660363e-02
1.651200796622824500e+15,9.203884727313660363e-02
1.651200796624841000e+15,9.203884727313660363e-02
1.651200796626857250e+15,9.203884727313660363e-02
1.651200796628873750e+15,9.203884727313660363e-02
1.651200796630890250e+15,9.203884727313660363e-02
1.651200796632906500e+15,9.203884727313660363e-02
1.651200796634923000e+15,9.203884727313660363e-02
1.651200796636939500e+15,9.203884727313660363e-02
1.651200796638955750e+15,9.203884727313660363e-02
1.651200796640972250e+15,9.203884727313660363e-02
1.651200796642988750e+15,9.203884727313660363e-02
1.651200796645005000e+15,9.203884727313660363e-02
1.651200796647021500e+15,9.203884727313661751e-02
1.651200796649037750e+15,9.203884727313658976e-02
1.651200796651054250e+15,9.203884727313658976e-02
1.651200796653070750e+15,9.203884727313658976e-02
1.651200796655087000e+15,9.203884727313660363e-02
1.651200796657103500e+15,9.203884727313660363e-02
1.651200796659120000e+15,9.203884727313660363e-02
1.651200796661136250e+15,9.203884727313658976e-02
1.651200796663152750e+15,9.203884727313660363e-02
1.651200796665169250e+15,9.203884727313661751e-02
1.651200796667185500e+15,9.203884727313660363e-02
1.651200796669202000e+15,9.203884727313660363e-02
1.651200796671218500e+15,9.203884727313660363e-02
1.651200796673234750e+15,9.203884727313660363e-02
1.651200796675251250e+15,9.203884727313661751e-02
1.651200796677267750e+15,9.203884727313660363e-02
1.651200796679284000e+15,9.203884727313660363e-02
1.651200796681300500e+15,9.203884727313660363e-02
1.651200796683316750e+15,9.203884727313660363e-02
1.651200796685333250e+15,9.203884727313661751e-02
1.651200796687349750e+15,9.203884727313660363e-02
1.651200796689366000e+15,9.203884727313660363e-02
1.651200796691382500e+15,9.203884727313658976e-02
1.651200796693399000e+15,9.203884727313660363e-02
1.651200796695415250e+15,9.203884727313660363e-02
1.651200796697431750e+15,9.203884727313658976e-02
1.651200796699448250e+15,9.203884727313660363e-02
1.651200796701464500e+15,9.203884727313658976e-02
1.651200796703481000e+15,9.203884727313660363e-02
1.651200796705497500e+15,9.203884727313660363e-02
1.651200796707513750e+15,9.203884727313660363e-02
1.651200796709530250e+15,9.203884727313660363e-02
1.651200796711546750e+15,9.203884727313660363e-02
1.651200796713563000e+15,9.203884727313663139e-02
1.651200796715579500e+15,9.203884727313670078e-02
1.651200796717595750e+15,9.203884727313677017e-02
1.651200796719612250e+15,9.203884727313683956e-02
1.651200796721628750e+15,9.203884727313690894e-02
1.651200796723645000e+15,9.203884727313699221e-02
1.651200796725661500e+15,9.203884727313704772e-02
1.651200796727678000e+15,9.203884727313713099e-02
1.651200796729694250e+15,9.203884727313720038e-02
1.651200796731710750e+15,9.203884727313726977e-02
1.651200796733727250e+15,9.203884727313733916e-02
1.651200796735743500e+15,9.203884727313740854e-02
1.651200796737760000e+15,9.203884727313749181e-02
1.651200796739776500e+15,9.203884727313742242e-02
1.651200796741792750e+15,9.203884727313733916e-02
1.651200796743809250e+15,9.203884727313725589e-02
1.651200796745825750e+15,9.203884727313718650e-02
1.651200796747842000e+15,9.203884727313710323e-02
1.651200796749858500e+15,9.203884727313701997e-02
1.651200796751874750e+15,9.203884727313693670e-02
1.651200796753891250e+15,9.203884727313686731e-02
1.651200796755907750e+15,9.203884727313677017e-02
1.651200796757924000e+15,9.203884727313670078e-02
1.651200796759940500e+15,9.203884727313661751e-02
1.651200796761957000e+15,9.203884727313697833e-02
1.651200796763973250e+15,9.203884727313747793e-02
1.651200796765989750e+15,9.203884727313799141e-02
1.651200796768006250e+15,9.203884727313847713e-02
1.651200796770022500e+15,9.203884727313899061e-02
1.651200796772039000e+15,9.203884727313919878e-02
1.651200796774055500e+15,9.203884727313906000e-02
1.651200796776071750e+15,9.203884727313890735e-02
1.651200796778088250e+15,9.203884727313876857e-02
1.651200796780104750e+15,9.203884727313860203e-02
1.651200796782121000e+15,9.203884727313846326e-02
1.651200796784137500e+15,9.203884727313829672e-02
1.651200796786153750e+15,9.203884727313814407e-02
1.651200796788170250e+15,9.203884727313797753e-02
1.651200796790186750e+15,9.203884727313781100e-02
1.651200796792203000e+15,9.203884727313764447e-02
1.651200796794219500e+15,9.201790789136951587e-02
1.651200796796236000e+15,9.146595673666169102e-02
1.651200796798252250e+15,9.091407401130605082e-02
1.651200796800268750e+15,9.036212285659825372e-02
1.651200796802285250e+15,8.981017170189042886e-02
1.651200796804301500e+15,8.925828897653478866e-02
1.651200796806318000e+15,8.870633782182699156e-02
1.651200796808334500e+15,8.815438666711916671e-02
1.651200796810350750e+15,8.760250394176352651e-02
1.651200796812367250e+15,8.705055278705571553e-02
1.651200796814383750e+15,8.649860163234790456e-02
1.651200796816400000e+15,8.594671890699227823e-02
1.651200796818416500e+15,8.590292412159523938e-02
1.651200796820432750e+15,8.590292412159532265e-02
1.651200796822449250e+15,8.590292412159540592e-02
1.651200796824465750e+15,8.590292412159550306e-02
1.651200796826482000e+15,8.590292412159557245e-02
1.651200796828498500e+15,8.590292412159564184e-02
1.651200796830515000e+15,8.590292412159572510e-02
1.651200796832531250e+15,8.590292412159582225e-02
1.651200796834547750e+15,8.590292412159589164e-02
1.651200796836564250e+15,8.590292412159597490e-02
1.651200796838580500e+15,8.578986082804453128e-02
1.651200796840597000e+15,8.481344913020021081e-02
1.651200796842613500e+15,8.383703743235589034e-02
1.651200796844629750e+15,8.286074678728838627e-02
1.651200796846646250e+15,8.188433508944405192e-02
1.651200796848662750e+15,8.090792339159973146e-02
1.651200796850679000e+15,7.993163274653222738e-02
1.651200796852695500e+15,8.154458437485144484e-02
1.651200796854711750e+15,8.368240277027143292e-02
1.651200796856728250e+15,8.582048623926802344e-02
1.651200796858744750e+15,8.795856970826462784e-02
1.651200796860761000e+15,9.009638810368461592e-02
1.651200796862777500e+15,9.195485277681317293e-02
1.651200796864794000e+15,9.103683162863959732e-02
1.651200796866810250e+15,9.011892429414668226e-02
1.651200796868826750e+15,8.920090314597312053e-02
1.651200796870843250e+15,8.828288199779955880e-02
1.651200796872859500e+15,8.736497466330664374e-02
1.651200796874876000e+15,8.644695351513309589e-02
1.651200796876892500e+15,8.590292412159600266e-02
1.651200796878908750e+15,8.590292412159586388e-02
1.651200796880925250e+15,8.590292412159571123e-02
1.651200796882941750e+15,8.590292412159555857e-02
1.651200796884958000e+15,8.590292412159541979e-02
1.651200796886974500e+15,8.590292412159528102e-02
1.651200796888990750e+15,8.555558933025525503e-02
1.651200796891007250e+15,8.443270258598763178e-02
1.651200796893023750e+15,8.330981584171998078e-02
1.651200796895040000e+15,8.218706830979356781e-02
1.651200796897056500e+15,8.106418156552594456e-02
1.651200796899073000e+15,7.994129482125829356e-02
1.651200796901089250e+15,7.976700097005301471e-02
1.651200796903105750e+15,7.976700097005322287e-02
1.651200796905122250e+15,7.976700097005343104e-02
1.651200796907138500e+15,7.976700097005363921e-02
1.651200796909155000e+15,7.976700097005384738e-02
1.651200796911171500e+15,7.976700097005405554e-02
1.651200796913187750e+15,7.976700097005426371e-02
1.651200796915204250e+15,7.976700097005447188e-02
1.651200796917220750e+15,8.000942421473057620e-02
1.651200796919237000e+15,8.114944956068481652e-02
1.651200796921253500e+15,8.228961626130067153e-02
1.651200796923269750e+15,8.342964160725491185e-02
1.651200796925286250e+15,8.456980830787076686e-02
1.651200796927302750e+15,8.570997500848663575e-02
1.651200796929319000e+15,8.539926484104956583e-02
1.651200796931335500e+15,8.479291920569312357e-02
1.651200796933352000e+15,8.418657357033669519e-02
1.651200796935368250e+15,8.358030310800720897e-02
1.651200796937384750e+15,8.297395747265079446e-02
1.651200796939401250e+15,8.236761183729435221e-02
1.651200796941417500e+15,8.176134137496487986e-02
1.651200796943434000e+15,8.115499573960843760e-02
1.651200796945450500e+15,8.054865010425200922e-02
1.651200796947466750e+15,7.994237964192253687e-02
1.651200796949483250e+15,7.976700097005461065e-02
1.651200796951499750e+15,7.976700097005462453e-02
1.651200796953516000e+15,7.976700097005462453e-02
1.651200796955532500e+15,7.976700097005462453e-02
1.651200796957548750e+15,7.976700097005462453e-02
1.651200796959565250e+15,7.976700097005462453e-02
1.651200796961581750e+15,7.976700097005461065e-02
1.651200796963598000e+15,7.976700097005462453e-02
1.651200796965614500e+15,7.976700097005462453e-02
1.651200796967631000e+15,7.976700097005462453e-02
1.651200796969647250e+15,7.976700097005462453e-02
1.651200796971663750e+15,7.976700097005462453e-02
1.651200796973680250e+15,7.976700097005462453e-02
1.651200796975696500e+15,7.976700097005462453e-02
1.651200796977713000e+15,7.976700097005462453e-02
1.651200796979729500e+15,7.976700097005463841e-02
1.651200796981745750e+15,7.976700097005462453e-02
1.651200796983762250e+15,7.976700097005463841e-02
1.651200796985778750e+15,7.976700097005462453e-02
1.651200796987795000e+15,7.976700097005462453e-02
1.651200796989811500e+15,7.976700097005462453e-02
1.651200796991827750e+15,7.976700097005461065e-02
1.651200796993844250e+15,7.976700097005462453e-02
1.651200796995860750e+15,7.976700097005462453e-02
1.651200796997877000e+15,7.976700097005462453e-02
1.651200796999893500e+15,7.976700097005461065e-02
1.651200797001910000e+15,7.976700097005462453e-02
1.651200797003926250e+15,7.976700097005462453e-02
1.651200797005942750e+15,7.976700097005462453e-02
1.651200797007959250e+15,7.976700097005462453e-02
1.651200797009975500e+15,7.976700097005459678e-02
1.651200797011992000e+15,7.976700097005451351e-02
1.651200797014008500e+15,7.976700097005443024e-02
1.651200797016024750e+15,7.976700097005434698e-02
1.651200797018041250e+15,7.976700097005424983e-02
1.651200797020057750e+15,7.976700097005418044e-02
1.651200797022074000e+15,7.976700097005408330e-02
1.651200797024090500e+15,7.976700097005398615e-02
1.651200797026106750e+15,7.976700097005391676e-02
1.651200797028123250e+15,7.976700097005381962e-02
1.651200797030139750e+15,7.976700097005373635e-02
1.651200797032156000e+15,7.976700097005390289e-02
1.651200797034172500e+15,7.976700097005406942e-02
1.651200797036189000e+15,7.976700097005423595e-02
1.651200797038205250e+15,7.976700097005440249e-02
1.651200797040221750e+15,7.976700097005455514e-02
1.651200797042238250e+15,7.976700097005456902e-02
1.651200797044254500e+15,7.976700097005447188e-02
1.651200797046271000e+15,7.976700097005436085e-02
1.651200797048287500e+15,7.976700097005426371e-02
1.651200797050303750e+15,7.976700097005415269e-02
1.651200797052320250e+15,7.976700097005404166e-02
1.651200797054336750e+15,7.976700097005394452e-02
1.651200797056353000e+15,7.976700097005383350e-02
1.651200797058369500e+15,7.976700097005375023e-02
1.651200797060385750e+15,7.976700097005388901e-02
1.651200797062402250e+15,7.976700097005402779e-02
1.651200797064418750e+15,7.976700097005415269e-02
1.651200797066435000e+15,7.976700097005429146e-02
1.651200797068451500e+15,7.976700097005443024e-02
1.651200797070468000e+15,7.976700097005456902e-02
1.651200797072484250e+15,7.976700097005462453e-02
1.651200797074500750e+15,7.976700097005462453e-02
1.651200797076517250e+15,7.976700097005462453e-02
1.651200797078533500e+15,7.976700097005462453e-02
1.651200797080550000e+15,7.976700097005462453e-02
1.651200797082566500e+15,7.976700097005462453e-02
1.651200797084582750e+15,7.976700097005462453e-02
1.651200797086599250e+15,7.976700097005462453e-02
1.651200797088615750e+15,7.976700097005462453e-02
1.651200797090632000e+15,7.976700097005462453e-02
1.651200797092648500e+15,7.976700097005462453e-02
1.651200797094664750e+15,7.976700097005462453e-02
1.651200797096681250e+15,7.976700097005462453e-02
1.651200797098697750e+15,7.976700097005462453e-02
1.651200797100714000e+15,7.976700097005462453e-02
1.651200797102730500e+15,7.976700097005462453e-02
1.651200797104747000e+15,7.976700097005462453e-02
1.651200797106763250e+15,7.976700097005462453e-02
1.651200797108779750e+15,7.976700097005462453e-02
1.651200797110796250e+15,7.976700097005462453e-02
1.651200797112812500e+15,7.976700097005462453e-02
1.651200797114829000e+15,7.976700097005462453e-02
1.651200797116845500e+15,7.976700097005462453e-02
1.651200797118861750e+15,7.976700097005462453e-02
1.651200797120878250e+15,7.976700097005462453e-02
1.651200797122894750e+15,7.976700097005462453e-02
1.651200797124911000e+15,7.976700097005462453e-02
1.651200797126927500e+15,7.976700097005462453e-02
1.651200797128943750e+15,7.976700097005462453e-02
1.651200797130960250e+15,7.976700097005462453e-02
1.651200797132976750e+15,7.976700097005463841e-02
1.651200797134993000e+15,7.976700097005462453e-02
1.651200797137009500e+15,7.976700097005462453e-02
1.651200797139026000e+15,7.976700097005462453e-02
1.651200797141042250e+15,7.976700097005462453e-02
1.651200797143058750e+15,7.976700097005462453e-02
1.651200797145075250e+15,7.976700097005461065e-02
1.651200797147091500e+15,8.028718320696799637e-02
1.651200797149108000e+15,8.082829617097926633e-02
1.651200797151124500e+15,8.136940913499052241e-02
1.651200797153140750e+15,8.191045501333800438e-02
1.651200797155157250e+15,8.245156797734927434e-02
1.651200797157173750e+15,8.299268094136053042e-02
1.651200797159190000e+15,8.353372681970802627e-02
1.651200797161206500e+15,8.407483978371928235e-02
1.651200797163222750e+15,8.461588566206676432e-02
1.651200797165239250e+15,8.515699862607802040e-02
1.651200797167255750e+15,8.569811159008929036e-02
1.651200797169272000e+15,8.590292412159543367e-02
1.651200797171288500e+15,8.590292412159585000e-02
1.651200797173305000e+15,8.590292412159628022e-02
1.651200797175321250e+15,8.590292412159668267e-02
1.651200797177337750e+15,8.549884396110733753e-02
1.651200797179354250e+15,8.442067307969508549e-02
1.651200797181370500e+15,8.334263586687712388e-02
1.651200797183387000e+15,8.226446498546488573e-02
1.651200797185403500e+15,8.118629410405264757e-02
1.651200797187419750e+15,8.010825689123467208e-02
1.651200797189436250e+15,8.059415629904552458e-02
1.651200797191452750e+15,8.180435671327511427e-02
1.651200797193469000e+15,8.301440709026018661e-02
1.651200797195485500e+15,8.422460750448976241e-02
1.651200797197501750e+15,8.543465788147486251e-02
1.651200797199518250e+15,8.558600183222424274e-02
1.651200797201534750e+15,8.506905639520383200e-02
1.651200797203551000e+15,8.455217504762517489e-02
1.651200797205567500e+15,8.403522961060477803e-02
1.651200797207584000e+15,8.351828417358436729e-02
1.651200797209600250e+15,8.300140282600569630e-02
1.651200797211616750e+15,8.248445738898529944e-02
1.651200797213633250e+15,8.196751195196490258e-02
1.651200797215649500e+15,8.145063060438623159e-02
1.651200797217666000e+15,8.093368516736584861e-02
1.651200797219682500e+15,8.041673973034543788e-02
1.651200797221698750e+15,7.989985838276676688e-02
1.651200797223715250e+15,8.012867957819745646e-02
1.651200797225731750e+15,8.061546410235684301e-02
1.651200797227748000e+15,8.110218827633966510e-02
1.651200797229764500e+15,8.158897280049905165e-02
1.651200797231780750e+15,8.207569697448187374e-02
1.651200797233797250e+15,8.256248149864126029e-02
1.651200797235813750e+15,8.304926602280064685e-02
1.651200797237830000e+15,8.353599019678346893e-02
1.651200797239846500e+15,8.402277472094285549e-02
1.651200797241863000e+15,8.450955924510224204e-02
1.651200797243879250e+15,8.499628341908507800e-02
1.651200797245895750e+15,8.548306794324446456e-02
1.651200797247912250e+15,8.590292412159519775e-02
1.651200797249928500e+15,8.590292412159544755e-02
1.651200797251945000e+15,8.590292412159569735e-02
1.651200797253961500e+15,8.590292412159594715e-02
1.651200797255977750e+15,8.590292412159619695e-02
1.651200797257994250e+15,8.590292412159644675e-02
1.651200797260010750e+15,8.590292412159669655e-02
1.651200797262027000e+15,8.590292412159694635e-02
1.651200797264043500e+15,8.590292412159694635e-02
1.651200797266059750e+15,8.590292412159694635e-02
1.651200797268076250e+15,8.590292412159694635e-02
1.651200797270092750e+15,8.590292412159694635e-02
1.651200797272109000e+15,8.590292412159694635e-02
1.651200797274125500e+15,8.590292412159694635e-02
1.651200797276142000e+15,8.590292412159694635e-02
1.651200797278158250e+15,8.590292412159694635e-02
1.651200797280174750e+15,8.590292412159694635e-02
1.651200797282191250e+15,8.590292412159694635e-02
1.651200797284207500e+15,8.590292412159694635e-02
1.651200797286224000e+15,8.590292412159694635e-02
1.651200797288240500e+15,8.590292412159694635e-02
1.651200797290256750e+15,8.590292412159694635e-02
1.651200797292273250e+15,8.590292412159696023e-02
1.651200797294289750e+15,8.590292412159694635e-02
1.651200797296306000e+15,8.590292412159694635e-02
1.651200797298322500e+15,8.624775325188292763e-02
1.651200797300338750e+15,8.720212762928736261e-02
1.651200797302355250e+15,8.815662034201446340e-02
1.651200797304371750e+15,8.911111305474156419e-02
1.651200797306388000e+15,9.006548743214599917e-02
1.651200797308404500e+15,9.101998014487311384e-02
1.651200797310421000e+15,9.197447285760022850e-02
1.651200797312437250e+15,9.104589869703923199e-02
1.651200797314453750e+15,8.998099732557152119e-02
1.651200797316470250e+15,8.891609595410381039e-02
1.651200797318486500e+15,8.785132660611386091e-02
1.651200797320503000e+15,8.678642523464613623e-02
1.651200797322519500e+15,8.614837533884943388e-02
1.651200797324535750e+15,8.758910610096626304e-02
1.651200797326552250e+15,8.903001550297920397e-02
1.651200797328568750e+15,9.047092490499214490e-02
1.651200797330585000e+15,9.191165566710897405e-02
1.651200797332601500e+15,9.203884727313839387e-02
1.651200797334617750e+15,9.203884727313837999e-02
1.651200797336634250e+15,9.203884727313837999e-02
1.651200797338650750e+15,9.203884727313837999e-02
1.651200797340667000e+15,9.203884727313837999e-02
1.651200797342683500e+15,9.203884727313837999e-02
1.651200797344700000e+15,9.203884727313839387e-02
1.651200797346716250e+15,9.203884727313837999e-02
1.651200797348732750e+15,9.203884727313837999e-02
1.651200797350749250e+15,9.203884727313836611e-02
1.651200797352765500e+15,9.203884727313837999e-02
1.651200797354782000e+15,9.203884727313837999e-02
1.651200797356798500e+15,9.203884727313837999e-02
1.651200797358814750e+15,9.203884727313837999e-02
1.651200797360831250e+15,9.203884727313837999e-02
1.651200797362847750e+15,9.203884727313837999e-02
1.651200797364864000e+15,9.203884727313837999e-02
1.651200797366880500e+15,9.203884727313836611e-02
1.651200797368896750e+15,9.195407721477756591e-02
1.651200797370913250e+15,9.108082652417956449e-02
1.651200797372929750e+15,9.020757583358153531e-02
1.651200797374946000e+15,8.933443340614874439e-02
1.651200797376962500e+15,8.846118271555071522e-02
1.651200797378979000e+15,8.758793202495269992e-02
1.651200797380995250e+15,8.671478959751989513e-02
1.651200797383011750e+15,8.590292412159693247e-02
1.651200797385028250e+15,8.590292412159679369e-02
1.651200797387044500e+15,8.590292412159664104e-02
1.651200797389061000e+15,8.590292412159647450e-02
1.651200797391077500e+15,8.590292412159632185e-02
1.651200797393093750e+15,8.590292412159616919e-02
1.651200797395110250e+15,8.590292412159601654e-02
1.651200797397126750e+15,8.590292412159586388e-02
1.651200797399143000e+15,8.590292412159571123e-02
1.651200797401159500e+15,8.590292412159555857e-02
1.651200797403175750e+15,8.590292412159539204e-02
1.651200797405192250e+15,8.590292412159525326e-02
1.651200797407208750e+15,8.590292412159516999e-02
1.651200797409225000e+15,8.590292412159515612e-02
1.651200797411241500e+15,8.590292412159516999e-02
1.651200797413258000e+15,8.590292412159516999e-02
1.651200797415274250e+15,8.590292412159516999e-02
1.651200797417290750e+15,8.590292412159516999e-02
1.651200797419307250e+15,8.590292412159516999e-02
1.651200797421323500e+15,8.590292412159515612e-02
1.651200797423340000e+15,8.590292412159516999e-02
1.651200797425356500e+15,8.590292412159516999e-02
1.651200797427372750e+15,8.590292412159516999e-02
1.651200797429389250e+15,8.593958714233813911e-02
1.651200797431405750e+15,8.650287080960057662e-02
1.651200797433422000e+15,8.706608464253780266e-02
1.651200797435438500e+15,8.762936830980025404e-02
1.651200797437454750e+15,8.819258214273746621e-02
1.651200797439471250e+15,8.875586580999991759e-02
1.651200797441487750e+15,8.931914947726235510e-02
1.651200797443504000e+15,8.988236331019958114e-02
1.651200797445520500e+15,9.044564697746201865e-02
1.651200797447537000e+15,9.100893064472448390e-02
1.651200797449553250e+15,9.157214447766168219e-02
1.651200797451569750e+15,9.225559180007400495e-02
1.651200797453586250e+15,9.351969979303323410e-02
1.651200797455602500e+15,9.478365106543794327e-02
1.651200797457619000e+15,9.604775905839717243e-02
1.651200797459635500e+15,9.731186705135642934e-02
1.651200797461651750e+15,9.817477042468068793e-02
1.651200797463668250e+15,9.817477042468070181e-02
1.651200797465684750e+15,9.817477042468068793e-02
1.651200797467701000e+15,9.817477042468070181e-02
1.651200797469717500e+15,9.817477042468068793e-02
1.651200797471733750e+15,9.817477042468070181e-02
1.651200797473750250e+15,9.817477042468070181e-02
1.651200797475766750e+15,9.817477042468068793e-02
1.651200797477783000e+15,9.817477042468070181e-02
1.651200797479799500e+15,9.817477042468070181e-02
1.651200797481816000e+15,9.817477042468068793e-02
1.651200797483832250e+15,9.817477042468070181e-02
1.651200797485848750e+15,9.817477042468068793e-02
1.651200797487865250e+15,9.817477042468068793e-02
1.651200797489881500e+15,9.817477042468070181e-02
1.651200797491898000e+15,9.817477042468070181e-02
1.651200797493914500e+15,9.817477042468070181e-02
1.651200797495930750e+15,9.817477042468070181e-02
1.651200797497947250e+15,9.817477042468071569e-02
1.651200797499963750e+15,9.787065880127365780e-02
1.651200797501980000e+15,9.677718566583992654e-02
1.651200797503996500e+15,9.568357694787235634e-02
1.651200797506012750e+15,9.459010381243862509e-02
1.651200797508029250e+15,9.349649509447105489e-02
1.651200797510045750e+15,9.240288637650348469e-02
1.651200797512062000e+15,9.203884727313849101e-02
1.651200797514078500e+15,9.203884727313865755e-02
1.651200797516095000e+15,9.203884727313882408e-02
1.651200797518111250e+15,9.203884727313899061e-02
1.651200797520127750e+15,9.203884727313915715e-02
1.651200797522144250e+15,9.203884727313932368e-02
1.651200797524160500e+15,9.203884727313947633e-02
1.651200797526177000e+15,9.203884727313964287e-02
1.651200797528193500e+15,9.203884727313980940e-02
1.651200797530209750e+15,9.203884727313997594e-02
1.651200797532226250e+15,9.203884727314014247e-02
1.651200797534242750e+15,9.203884727313982328e-02
1.651200797536259000e+15,9.203884727313943470e-02
1.651200797538275500e+15,9.203884727313904612e-02
1.651200797540291750e+15,9.203884727313865755e-02
1.651200797542308250e+15,9.203884727313826897e-02
1.651200797544324750e+15,9.203884727313788039e-02
1.651200797546341000e+15,9.203884727313749181e-02
1.651200797548357500e+15,9.241028665657957664e-02
1.651200797550374000e+15,9.278357722060198709e-02
1.651200797552390250e+15,9.315682150510988524e-02
1.651200797554406750e+15,9.353011206913230957e-02
1.651200797556423250e+15,9.390340263315472003e-02
1.651200797558439500e+15,9.427664691766263205e-02
1.651200797560456000e+15,9.464993748168504251e-02
1.651200797562472500e+15,9.502322804570745296e-02
1.651200797564488750e+15,9.539647233021536499e-02
1.651200797566505250e+15,9.576976289423777544e-02
1.651200797568521750e+15,9.614305345826017202e-02
1.651200797570538000e+15,9.651629774276808404e-02
1.651200797572554500e+15,9.688958830679049450e-02
1.651200797574570750e+15,9.726283259129840653e-02
1.651200797576587250e+15,9.763612315532080310e-02
1.651200797578603750e+15,9.800941371934322743e-02
1.651200797580620000e+15,9.784826162543974748e-02
1.651200797582636500e+15,9.726197044674930736e-02
1.651200797584653000e+15,9.667567926805883949e-02
1.651200797586669250e+15,9.608946077610019953e-02
1.651200797588685750e+15,9.550316959740975942e-02
1.651200797590702250e+15,9.491687841871929154e-02
1.651200797592718500e+15,9.433065992676062383e-02
1.651200797594735000e+15,9.374436874807016984e-02
1.651200797596751500e+15,9.315807756937972972e-02
1.651200797598767750e+15,9.257185907742107589e-02
1.651200797600784250e+15,9.203884727313925429e-02
1.651200797602800750e+15,9.203884727313926817e-02
1.651200797604817000e+15,9.203884727313926817e-02
1.651200797606833500e+15,9.203884727313926817e-02
1.651200797608849750e+15,9.203884727313926817e-02
1.651200797610866250e+15,9.203884727313926817e-02
1.651200797612882750e+15,9.203884727313926817e-02
1.651200797614899000e+15,9.203884727313925429e-02
1.651200797616915500e+15,9.203884727313926817e-02
1.651200797618932000e+15,9.203884727313926817e-02
1.651200797620948250e+15,9.203884727313928205e-02
1.651200797622964750e+15,9.203884727313926817e-02
1.651200797624981250e+15,9.203884727313928205e-02
1.651200797626997500e+15,9.203884727313926817e-02
1.651200797629014000e+15,9.203884727313926817e-02
1.651200797631030500e+15,9.203884727313926817e-02
1.651200797633046750e+15,9.203884727313926817e-02
1.651200797635063250e+15,9.203884727313928205e-02
1.651200797637079750e+15,9.203884727313928205e-02
1.651200797639096000e+15,9.203884727313926817e-02
1.651200797641112500e+15,9.203884727313926817e-02
1.651200797643128750e+15,9.203884727313928205e-02
1.651200797645145250e+15,9.203884727313911551e-02
1.651200797647161750e+15,9.203884727313899061e-02
1.651200797649178000e+15,9.203884727313882408e-02
1.651200797651194500e+15,9.203884727313868530e-02
1.651200797653211000e+15,9.203884727313851877e-02
1.651200797655227250e+15,9.203884727313837999e-02
1.651200797657243750e+15,9.203884727313846326e-02
1.651200797659260250e+15,9.203884727313853265e-02
1.651200797661276500e+15,9.203884727313858816e-02
1.651200797663293000e+15,9.203884727313867142e-02
1.651200797665309500e+15,9.203884727313874081e-02
1.651200797667325750e+15,9.203884727313881020e-02
1.651200797669342250e+15,9.203884727313889347e-02
1.651200797671358750e+15,9.203884727313896286e-02
1.651200797673375000e+15,9.203884727313904612e-02
1.651200797675391500e+15,9.203884727313911551e-02
1.651200797677407750e+15,9.203884727313919878e-02
1.651200797679424250e+15,9.203884727313926817e-02
1.651200797681440750e+15,9.203884727313903225e-02
1.651200797683457000e+15,9.203884727313876857e-02
1.651200797685473500e+15,9.203884727313849101e-02
1.651200797687490000e+15,9.203884727313824121e-02
1.651200797689506250e+15,9.203884727313796366e-02
1.651200797691522750e+15,9.203884727313769998e-02
1.651200797693539250e+15,9.191212122121913963e-02
1.651200797695555500e+15,9.130412264375237230e-02
1.651200797697572000e+15,9.069604867898524436e-02
1.651200797699588500e+15,9.008797471421811642e-02
1.651200797701604750e+15,8.947997613675134909e-02
1.651200797703621250e+15,8.887190217198423503e-02
1.651200797705637750e+15,8.826382820721710709e-02
1.651200797707654000e+15,8.765582962975035364e-02
1.651200797709670500e+15,8.704775566498321182e-02
1.651200797711686750e+15,8.643975708751645837e-02
1.651200797713703250e+15,8.595537217849306966e-02
1.651200797715719750e+15,8.640303993185191600e-02
1.651200797717736000e+15,8.685065218462144354e-02
1.651200797719752500e+15,8.729831993798028988e-02
1.651200797721769000e+15,8.774598769133915011e-02
1.651200797723785250e+15,8.819359994410866377e-02
1.651200797725801750e+15,8.864126769746752399e-02
1.651200797727818250e+15,8.908893545082635645e-02
1.651200797729834500e+15,8.953654770359589787e-02
1.651200797731851000e+15,8.998421545695473034e-02
1.651200797733867500e+15,9.043188321031357668e-02
1.651200797735883750e+15,9.087949546308311810e-02
1.651200797737900250e+15,9.132716321644196444e-02
1.651200797739916750e+15,9.177483096980081079e-02
1.651200797741933000e+15,9.203884727313910163e-02
1.651200797743949500e+15,9.203884727313871306e-02
1.651200797745965750e+15,9.203884727313832448e-02
1.651200797747982250e+15,9.203884727313793590e-02
1.651200797749998750e+15,9.203884727313753344e-02
1.651200797752015000e+15,9.203884727313749181e-02
1.651200797754031500e+15,9.203884727313749181e-02
1.651200797756048000e+15,9.203884727313749181e-02
1.651200797758064250e+15,9.203884727313749181e-02
1.651200797760080750e+15,9.203884727313749181e-02
1.651200797762097250e+15,9.203884727313747793e-02
1.651200797764113500e+15,9.203884727313749181e-02
1.651200797766130000e+15,9.203884727313749181e-02
1.651200797768146500e+15,9.203884727313747793e-02
1.651200797770162750e+15,9.203884727313749181e-02
1.651200797772179250e+15,9.203884727313749181e-02
1.651200797774195500e+15,9.203884727313749181e-02
1.651200797776212000e+15,9.203884727313747793e-02
1.651200797778228500e+15,9.203884727313749181e-02
1.651200797780244750e+15,9.203884727313749181e-02
1.651200797782261250e+15,9.203884727313749181e-02
1.651200797784277750e+15,9.203884727313749181e-02
1.651200797786294000e+15,9.203884727313749181e-02
1.651200797788310500e+15,9.203884727313749181e-02
1.651200797790327000e+15,9.203884727313749181e-02
1.651200797792343250e+15,9.203884727313749181e-02
1.651200797794359750e+15,9.203884727313749181e-02
1.651200797796376250e+15,9.203884727313750569e-02
1.651200797798392500e+15,9.203884727313750569e-02
1.651200797800409000e+15,9.203884727313747793e-02
1.651200797802425500e+15,9.203884727313749181e-02
1.651200797804441750e+15,9.203884727313749181e-02
1.651200797806458250e+15,9.203884727313749181e-02
1.651200797808474500e+15,9.203884727313749181e-02
1.651200797810491000e+15,9.203884727313749181e-02
1.651200797812507500e+15,8.956782506324709181e-02
1.651200797814523750e+15,8.704327551640568539e-02
1.651200797816540250e+15,8.451841294420199546e-02
1.651200797818556750e+15,8.199355037199829166e-02
1.651200797820573000e+15,7.984346307330872361e-02
1.651200797822589500e+15,8.049130270025689482e-02
1.651200797824606000e+15,8.113914232720507991e-02
1.651200797826622250e+15,8.178690163681789915e-02
1.651200797828638750e+15,8.243474126376608424e-02
1.651200797830655250e+15,8.308258089071426933e-02
1.651200797832671500e+15,8.373034020032710245e-02
1.651200797834688000e+15,8.437817982727528754e-02
1.651200797836704500e+15,8.502601945422345875e-02
1.651200797838720750e+15,8.567377876383629187e-02
1.651200797840737250e+15,8.590292412159516999e-02
1.651200797842753500e+15,8.590292412159516999e-02
1.651200797844770000e+15,8.590292412159516999e-02
1.651200797846786500e+15,8.590292412159516999e-02
1.651200797848802750e+15,8.590292412159516999e-02
1.651200797850819250e+15,8.590292412159516999e-02
1.651200797852835750e+15,8.590292412159516999e-02
1.651200797854852000e+15,8.638757975055454119e-02
1.651200797856868500e+15,8.696382271977423639e-02
1.651200797858885000e+15,8.754006568899391771e-02
1.651200797860901250e+15,8.811623721723056690e-02
1.651200797862917750e+15,8.869248018645024823e-02
1.651200797864934250e+15,8.926872315566992955e-02
1.651200797866950500e+15,8.984489468390657874e-02
1.651200797868967000e+15,9.042113765312627394e-02
1.651200797870983500e+15,9.099738062234594138e-02
1.651200797872999750e+15,9.157355215058259057e-02
1.651200797875016250e+15,9.203884727313754732e-02
1.651200797877032500e+15,9.203884727313788039e-02
1.651200797879049000e+15,9.203884727313821346e-02
1.651200797881065500e+15,9.203884727313854652e-02
1.651200797883081750e+15,9.203884727313887959e-02
1.651200797885098250e+15,9.203884727313921266e-02
1.651200797887114750e+15,9.203884727313906000e-02
1.651200797889131000e+15,9.203884727313879632e-02
1.651200797891147500e+15,9.203884727313851877e-02
1.651200797893164000e+15,9.203884727313826897e-02
1.651200797895180250e+15,9.203884727313799141e-02
1.651200797897196750e+15,9.203884727313774161e-02
1.651200797899213250e+15,9.203884727313750569e-02
1.651200797901229500e+15,9.203884727313768610e-02
1.651200797903246000e+15,9.203884727313785263e-02
1.651200797905262500e+15,9.203884727313801917e-02
1.651200797907278750e+15,9.203884727313818570e-02
1.651200797909295250e+15,9.203884727313835223e-02
1.651200797911311500e+15,9.203884727313851877e-02
1.651200797913328000e+15,9.203884727313868530e-02
1.651200797915344500e+15,9.203884727313885183e-02
1.651200797917360750e+15,9.203884727313903225e-02
1.651200797919377250e+15,9.203884727313919878e-02
1.651200797921393750e+15,9.157236059576144560e-02
1.651200797923410000e+15,9.071944401152835791e-02
1.651200797925426500e+15,8.986642167198416464e-02
1.651200797927443000e+15,8.901339933243995750e-02
1.651200797929459250e+15,8.816048274820688369e-02
1.651200797931475750e+15,8.730746040866267654e-02
1.651200797933492250e+15,8.645443806911846940e-02
1.651200797935508500e+15,8.590292412159516999e-02
1.651200797937525000e+15,8.590292412159515612e-02
1.651200797939541500e+15,8.590292412159515612e-02
1.651200797941557750e+15,8.590292412159515612e-02
1.651200797943574250e+15,8.590292412159516999e-02
1.651200797945590500e+15,8.590292412159516999e-02
1.651200797947607000e+15,8.590292412159516999e-02
1.651200797949623500e+15,8.590292412159516999e-02
1.651200797951639750e+15,8.726615604879893462e-02
1.651200797953656250e+15,8.973879574405993487e-02
1.651200797955672750e+15,9.221143543932092124e-02
1.651200797957689000e+15,9.468376858366506221e-02
1.651200797959705500e+15,9.715640827892604858e-02
1.651200797961722000e+15,9.817477042468070181e-02
1.651200797963738250e+15,9.817477042468071569e-02
1.651200797965754750e+15,9.817477042468070181e-02
1.651200797967771250e+15,9.817477042468070181e-02
1.651200797969787500e+15,9.817477042468070181e-02
1.651200797971804000e+15,9.817477042468070181e-02
1.651200797973820500e+15,9.817477042468071569e-02
1.651200797975836750e+15,9.817477042468070181e-02
1.651200797977853250e+15,9.817477042468070181e-02
1.651200797979869500e+15,9.817477042468070181e-02
1.651200797981886000e+15,9.817477042468071569e-02
1.651200797983902500e+15,1.004140849588827378e-01
1.651200797985918750e+15,1.041043325515143836e-01
1.651200797987935250e+15,1.077950377073937510e-01
1.651200797989951750e+15,1.114857428632730907e-01
1.651200797991968000e+15,1.151759904559047643e-01
1.651200797993984500e+15,1.188666956117841178e-01
1.651200797996001000e+15,1.225574007676634852e-01
1.651200797998017250e+15,1.198547104429379256e-01
1.651200798000033750e+15,1.168598928137267595e-01
1.651200798002050250e+15,1.138650751845155518e-01
1.651200798004066500e+15,1.108706288443732368e-01
1.651200798006083000e+15,1.078758112151620430e-01
1.651200798008099500e+15,1.048809935859508768e-01
1.651200798010115750e+15,1.018865472458085203e-01
1.651200798012132250e+15,9.889172961659732641e-02
1.651200798014148500e+15,1.025599945971322063e-01
1.651200798016165000e+15,1.083264142539631658e-01
1.651200798018181500e+15,1.140928339107941392e-01
1.651200798020197750e+15,1.198585386631300653e-01
1.651200798022214250e+15,1.256249583199610109e-01
1.651200798024230750e+15,1.313913779767919843e-01
1.651200798026247000e+15,1.371570827291279382e-01
1.651200798028263500e+15,1.402249347464791518e-01
1.651200798030280000e+15,1.373331815393308841e-01
1.651200798032296250e+15,1.344417868436142416e-01
1.651200798034312750e+15,1.315500336364660017e-01
1.651200798036329250e+15,1.286582804293177618e-01
1.651200798038345500e+15,1.257668857336011192e-01
1.651200798040362000e+15,1.228751325264528516e-01
1.651200798042378500e+15,1.199833793193046116e-01
1.651200798044394750e+15,1.170919846235879691e-01
1.651200798046411250e+15,1.172175179105488102e-01
1.651200798048427500e+15,1.179881872592248859e-01
1.651200798050444000e+15,1.187589521651667840e-01
1.651200798052460500e+15,1.195297170711086543e-01
1.651200798054476750e+15,1.203003864197847578e-01
1.651200798056493250e+15,1.210711513257266281e-01
1.651200798058509750e+15,1.218419162316685261e-01
1.651200798060526000e+15,1.226125855803446019e-01
1.651200798062542500e+15,1.223076459598332749e-01
1.651200798064559000e+15,1.218314099013642071e-01
1.651200798066575250e+15,1.213552328853025747e-01
1.651200798068591750e+15,1.208789968268335069e-01
1.651200798070608250e+15,1.204027607683644252e-01
1.651200798072624500e+15,1.199265837523028067e-01
1.651200798074641000e+15,1.194503476938337250e-01
1.651200798076657500e+15,1.189741116353646433e-01
1.651200798078673750e+15,1.184979346193030109e-01
1.651200798080690250e+15,1.180216985608339292e-01
1.651200798082706500e+15,1.175455215447723106e-01
1.651200798084723000e+15,1.170692854863032289e-01
1.651200798086739500e+15,1.165930494278341473e-01
1.651200798088755750e+15,1.181596117002110674e-01
1.651200798090772250e+15,1.197724760729002580e-01
1.651200798092788750e+15,1.213853404455894486e-01
1.651200798094805000e+15,1.229980048598887654e-01
1.651200798096821500e+15,1.246108692325779421e-01
1.651200798098838000e+15,1.262237336052671188e-01
1.651200798100854250e+15,1.278363980195664495e-01
1.651200798102870750e+15,1.288543861823932268e-01
1.651200798104887250e+15,1.288543861823931991e-01
1.651200798106903500e+15,1.288543861823931991e-01
1.651200798108920000e+15,1.288543861823931991e-01
1.651200798110936500e+15,1.288543861823932268e-01
1.651200798112952750e+15,1.288543861823931991e-01
1.651200798114969250e+15,1.288543861823931991e-01
1.651200798116985500e+15,1.288543861823931991e-01
1.651200798119002000e+15,1.296861062956944921e-01
1.651200798121018500e+15,1.306020886050729968e-01
1.651200798123034750e+15,1.315179573535403823e-01
1.651200798125051250e+15,1.324339396629188870e-01
1.651200798127067750e+15,1.333499219722974471e-01
1.651200798129084000e+15,1.342657907207648049e-01
1.651200798131100500e+15,1.351014329744087972e-01
1.651200798133117000e+15,1.356330600705283884e-01
1.651200798135133250e+15,1.361646212570153947e-01
1.651200798137149750e+15,1.366962483531349859e-01
1.651200798139166250e+15,1.372278754492545494e-01
1.651200798141182500e+15,1.377594366357415834e-01
1.651200798143199000e+15,1.382910637318611191e-01
1.651200798145215500e+15,1.388226908279807104e-01
1.651200798147231750e+15,1.393542520144677166e-01
1.651200798149248250e+15,1.398858791105873078e-01
1.651200798151264500e+15,1.404174402970743141e-01
1.651200798153281000e+15,1.409490673931939053e-01
1.651200798155297500e+15,1.406369815853928118e-01
1.651200798157313750e+15,1.399032871805596379e-01
1.651200798159330250e+15,1.391695018030786046e-01
1.651200798161346750e+15,1.384357164255975714e-01
1.651200798163363000e+15,1.377020220207643975e-01
1.651200798165379500e+15,1.369682366432833365e-01
1.651200798167396000e+15,1.362344512658023310e-01
1.651200798169412250e+15,1.355007568609691293e-01
1.651200798171428750e+15,1.349903093339364091e-01
1.651200798173445250e+15,1.349903093339364091e-01
1.651200798175461500e+15,1.349903093339364091e-01
1.651200798177478000e+15,1.349903093339364091e-01
1.651200798179494500e+15,1.349903093339364091e-01
1.651200798181510750e+15,1.349903093339364091e-01
1.651200798183527250e+15,1.346398362778217506e-01
1.651200798185543500e+15,1.340554729952985191e-01
1.651200798187560000e+15,1.334710372560756753e-01
1.651200798189576500e+15,1.328866015168528314e-01
1.651200798191592750e+15,1.323022382343296277e-01
1.651200798193609250e+15,1.317178024951067838e-01
1.651200798195625750e+15,1.311333667558839400e-01
1.651200798197642000e+15,1.305490034733607085e-01
1.651200798199658500e+15,1.299645677341378647e-01
1.651200798201675000e+15,1.293801319949150208e-01
1.651200798203691250e+15,1.289519406558936876e-01
1.651200798205707750e+15,1.299245913150468001e-01
1.651200798207724250e+15,1.308972419741999405e-01
1.651200798209740500e+15,1.318697720468592349e-01
1.651200798211757000e+15,1.328424227060123752e-01
1.651200798213773500e+15,1.338150733651654878e-01
1.651200798215789750e+15,1.347876034378247823e-01
1.651200798217806250e+15,1.354505324018176748e-01
1.651200798219822500e+15,1.360318478352495752e-01
1.651200798221839000e+15,1.366132353474704408e-01
1.651200798223855500e+15,1.371946228596913619e-01
1.651200798225871750e+15,1.377759382931232346e-01
1.651200798227888250e+15,1.383573258053441279e-01
1.651200798229904750e+15,1.389387133175650213e-01
1.651200798231921000e+15,1.395200287509968939e-01
1.651200798233937500e+15,1.401014162632177873e-01
1.651200798235954000e+15,1.406828037754386806e-01
1.651200798237970250e+15,1.411262324854787309e-01
1.651200798239986750e+15,1.411262324854787309e-01
1.651200798242003250e+15,1.411262324854787309e-01
1.651200798244019500e+15,1.411262324854787309e-01
1.651200798246036000e+15,1.411262324854787309e-01
1.651200798248052500e+15,1.411262324854787309e-01
1.651200798250068750e+15,1.411262324854787309e-01
1.651200798252085250e+15,1.411262324854787031e-01
1.651200798254101500e+15,1.411262324854787309e-01
1.651200798256118000e+15,1.411262324854787309e-01
1.651200798258134500e+15,1.411262324854787309e-01
1.651200798260150750e+15,1.411262324854787309e-01
1.651200798262167250e+15,1.411262324854787309e-01
1.651200798264183750e+15,1.411262324854787309e-01
1.651200798266200000e+15,1.411262324854787309e-01
1.651200798268216500e+15,1.411262324854787309e-01
1.651200798270233000e+15,1.411262324854787309e-01
1.651200798272249250e+15,1.411262324854787309e-01
1.651200798274265750e+15,1.411262324854787309e-01
1.651200798276282250e+15,1.411262324854787309e-01
1.651200798278298500e+15,1.411262324854787309e-01
1.651200798280315000e+15,1.411262324854787309e-01
1.651200798282331500e+15,1.411262324854787309e-01
1.651200798284347750e+15,1.411262324854787309e-01
1.651200798286364250e+15,1.411262324854787309e-01
1.651200798288380500e+15,1.407492420591937576e-01
1.651200798290397000e+15,1.402361126669536551e-01
1.651200798292413500e+15,1.397229832747135803e-01
1.651200798294429750e+15,1.392099174988127297e-01
1.651200798296446250e+15,1.386967881065726549e-01
1.651200798298462750e+15,1.381836587143325801e-01
1.651200798300479000e+15,1.376705929384317018e-01
1.651200798302495500e+15,1.371574635461916269e-01
1.651200798304512000e+15,1.366443341539515521e-01
1.651200798306528250e+15,1.361312683780507016e-01
1.651200798308544750e+15,1.356181389858106268e-01
1.651200798310561250e+15,1.351050095935705242e-01
1.651200798312577500e+15,1.356288222090852869e-01
1.651200798314594000e+15,1.364512822619359245e-01
1.651200798316610500e+15,1.372737423147865621e-01
1.651200798318626750e+15,1.380961004013524507e-01
1.651200798320643250e+15,1.389185604542030883e-01
1.651200798322659500e+15,1.397409185407690047e-01
1.651200798324676000e+15,1.405633785936196423e-01
1.651200798326692500e+15,1.411262324854787586e-01
1.651200798328708750e+15,1.411262324854789252e-01
1.651200798330725250e+15,1.411262324854790640e-01
1.651200798332741750e+15,1.411262324854791750e-01
1.651200798334758000e+15,1.411262324854793138e-01
1.651200798336774500e+15,1.411262324854794525e-01
1.651200798338791000e+15,1.411262324854796191e-01
1.651200798340807250e+15,1.411262324854796191e-01
1.651200798342823750e+15,1.411262324854796191e-01
1.651200798344840250e+15,1.411262324854796191e-01
1.651200798346856500e+15,1.411262324854796191e-01
1.651200798348873000e+15,1.411262324854796191e-01
1.651200798350889500e+15,1.411262324854796191e-01
1.651200798352905750e+15,1.411262324854796468e-01
1.651200798354922250e+15,1.411262324854796191e-01
1.651200798356938500e+15,1.411262324854796191e-01
1.651200798358955000e+15,1.411262324854796191e-01
1.651200798360971500e+15,1.411262324854796191e-01
1.651200798362987750e+15,1.411262324854796191e-01
1.651200798365004250e+15,1.411262324854796191e-01
1.651200798367020750e+15,1.411262324854796191e-01
1.651200798369037000e+15,1.411262324854796191e-01
1.651200798371053500e+15,1.411262324854796191e-01
1.651200798373070000e+15,1.411262324854796191e-01
1.651200798375086250e+15,1.411262324854796191e-01
1.651200798377102750e+15,1.411262324854796191e-01
1.651200798379119250e+15,1.411262324854796191e-01
1.651200798381135500e+15,1.411262324854796191e-01
1.651200798383152000e+15,1.411262324854796191e-01
1.651200798385168500e+15,1.413614931895379179e-01
1.651200798387184750e+15,1.418563751869897083e-01
1.651200798389201250e+15,1.423513185461274810e-01
1.651200798391217500e+15,1.428462005435792714e-01
1.651200798393234000e+15,1.433411439027170164e-01
1.651200798395250500e+15,1.438360872618547892e-01
1.651200798397266750e+15,1.443309692593066074e-01
1.651200798399283250e+15,1.448259126184443524e-01
1.651200798401299750e+15,1.453208559775821251e-01
1.651200798403316000e+15,1.458157379750338878e-01
1.651200798405332500e+15,1.463106813341716883e-01
1.651200798407349000e+15,1.468056246933094611e-01
1.651200798409365250e+15,1.471912849989062966e-01
1.651200798411381750e+15,1.462766568916410159e-01
1.651200798413398250e+15,1.453620287843756798e-01
1.651200798415414500e+15,1.444475140701313720e-01
1.651200798417431000e+15,1.435328859628660636e-01
1.651200798419447500e+15,1.426182578556007552e-01
1.651200798421463750e+15,1.417037431413564197e-01
1.651200798423480250e+15,1.411262324854795913e-01
1.651200798425496500e+15,1.411262324854796191e-01
1.651200798427513000e+15,1.411262324854796191e-01
1.651200798429529500e+15,1.411262324854796191e-01
1.651200798431545750e+15,1.411262324854796191e-01
1.651200798433562250e+15,1.411262324854796191e-01
1.651200798435578750e+15,1.412581279158030001e-01
1.651200798437595000e+15,1.417629863142644275e-01
1.651200798439611500e+15,1.422679073114113402e-01
1.651200798441628000e+15,1.427728283085582528e-01
1.651200798443644250e+15,1.432776867070196802e-01
1.651200798445660750e+15,1.437826077041666206e-01
1.651200798447677250e+15,1.442875287013135055e-01
1.651200798449693500e+15,1.447923870997749329e-01
1.651200798451710000e+15,1.452973080969218456e-01
1.651200798453726500e+15,1.458022290940687582e-01
1.651200798455742750e+15,1.463070874925301856e-01
1.651200798457759250e+15,1.468120084896770983e-01
1.651200798459775500e+15,1.472621556370219409e-01
1.651200798461792000e+15,1.472621556370219131e-01
1.651200798463808500e+15,1.472621556370219409e-01
1.651200798465824750e+15,1.472621556370219409e-01
1.651200798467841250e+15,1.472621556370219409e-01
1.651200798469857750e+15,1.472621556370219409e-01
1.651200798471874000e+15,1.472621556370219409e-01
1.651200798473890500e+15,1.481027036154414223e-01
1.651200798475907000e+15,1.491390625261616587e-01
1.651200798477923250e+15,1.501752929520181468e-01
1.651200798479939750e+15,1.512116518627383832e-01
1.651200798481956250e+15,1.522480107734585919e-01
1.651200798483972500e+15,1.532842411993150800e-01
1.651200798485989000e+15,1.520155416572009366e-01
1.651200798488005500e+15,1.504624017544723968e-01
1.651200798490021750e+15,1.489094544056618896e-01
1.651200798492038250e+15,1.473563145029333499e-01
1.651200798494054500e+15,1.458033671541228149e-01
1.651200798496071000e+15,1.442502272513942752e-01
1.651200798498087500e+15,1.426970873486657354e-01
1.651200798500103750e+15,1.411441399998552282e-01
1.651200798502120250e+15,1.433995463928798841e-01
1.651200798504136750e+15,1.456993770685466039e-01
1.651200798506153000e+15,1.479989226176728345e-01
1.651200798508169500e+15,1.502987532933394987e-01
1.651200798510186000e+15,1.525985839690062185e-01
1.651200798512202250e+15,1.525331904673714045e-01
1.651200798514218750e+15,1.512071708515652646e-01
1.651200798516235250e+15,1.498811512357591524e-01
1.651200798518251500e+15,1.485552960161365121e-01
1.651200798520268000e+15,1.472292764003304000e-01
1.651200798522284500e+15,1.459032567845242601e-01
1.651200798524300750e+15,1.445774015649016198e-01
1.651200798526317250e+15,1.432513819490954798e-01
1.651200798528333500e+15,1.419255267294728395e-01
1.651200798530350000e+15,1.426268429562484175e-01
1.651200798532366500e+15,1.464045970315359935e-01
1.651200798534382750e+15,1.501818827514955768e-01
1.651200798536399250e+15,1.539596368267831250e-01
1.651200798538415750e+15,1.577373909020706733e-01
1.651200798540432000e+15,1.615146766220302565e-01
1.651200798542448500e+15,1.652924306973178326e-01
1.651200798544465000e+15,1.654271314724287401e-01
1.651200798546481250e+15,1.651574165221507962e-01
1.651200798548497750e+15,1.648876681292255619e-01
1.651200798550514250e+15,1.646179197363003277e-01
1.651200798552530500e+15,1.643482047860224116e-01
1.651200798554547000e+15,1.640784563930972051e-01
1.651200798556563500e+15,1.638087080001719709e-01
1.651200798558579750e+15,1.635389930498940270e-01
1.651200798560596250e+15,1.632692446569687927e-01
1.651200798562612500e+15,1.629995297066908488e-01
1.651200798564629000e+15,1.627297813137656424e-01
1.651200798566645500e+15,1.624600329208404081e-01
1.651200798568661750e+15,1.621903179705624920e-01
1.651200798570678250e+15,1.619205695776372300e-01
1.651200798572694750e+15,1.616508211847120235e-01
1.651200798574711000e+15,1.613811062344340796e-01
1.651200798576727500e+15,1.611113578415088732e-01
1.651200798578744000e+15,1.608416094485836667e-01
1.651200798580760250e+15,1.605718944983057228e-01
1.651200798582776750e+15,1.603021461053804886e-01
1.651200798584793250e+15,1.600323977124552544e-01
1.651200798586809500e+15,1.597626827621773105e-01
1.651200798588826000e+15,1.597832218127696324e-01
1.651200798590842500e+15,1.614201985985189158e-01
1.651200798592858750e+15,1.630569724364891449e-01
1.651200798594875250e+15,1.646939492222384560e-01
1.651200798596891500e+15,1.663307230602086850e-01
1.651200798598908000e+15,1.679676998459579962e-01
1.651200798600924500e+15,1.696046766317072796e-01
1.651200798602940750e+15,1.712414504696775086e-01
1.651200798604957250e+15,1.718058482431920608e-01
1.651200798606973750e+15,1.718058482431919776e-01
1.651200798608990000e+15,1.718058482431918943e-01
1.651200798611006500e+15,1.718058482431918388e-01
1.651200798613023000e+15,1.718058482431917833e-01
1.651200798615039250e+15,1.718058482431916723e-01
1.651200798617055750e+15,1.718058482431916167e-01
1.651200798619072250e+15,1.718058482431915335e-01
1.651200798621088500e+15,1.718058482431914502e-01
1.651200798623105000e+15,1.718058482431913947e-01
1.651200798625121500e+15,1.718058482431913392e-01
1.651200798627137750e+15,1.718058482431912559e-01
1.651200798629154250e+15,1.711062702795173029e-01
1.651200798631170500e+15,1.700370839469362572e-01
1.651200798633187000e+15,1.689677650432042100e-01
1.651200798635203500e+15,1.678984461394721905e-01
1.651200798637219750e+15,1.668292598068911448e-01
1.651200798639236250e+15,1.657599409031591253e-01
1.651200798641252750e+15,1.666070335997636431e-01
1.651200798643269000e+15,1.676301526085544891e-01
1.651200798645285500e+15,1.686533984764908845e-01
1.651200798647302000e+15,1.696766443444272521e-01
1.651200798649318250e+15,1.706997633532181535e-01
1.651200798651334750e+15,1.717230092211545212e-01
1.651200798653351250e+15,1.727251949632669092e-01
1.651200798655367500e+15,1.737254015324556367e-01
1.651200798657384000e+15,1.747257321198178726e-01
1.651200798659400500e+15,1.757260627071800807e-01
1.651200798661416750e+15,1.767262692763688359e-01
1.651200798663433250e+15,1.777265998637310440e-01
1.651200798665449500e+15,1.774904747602616129e-01
1.651200798667466000e+15,1.769154102020218666e-01
1.651200798669482500e+15,1.763403456437820649e-01
1.651200798671498750e+15,1.757653523804292572e-01
1.651200798673515250e+15,1.751902878221895110e-01
1.651200798675531750e+15,1.746152232639497370e-01
1.651200798677548000e+15,1.740402300005969294e-01
1.651200798679564500e+15,1.734651654423571554e-01
1.651200798681581000e+15,1.728901008841173814e-01
1.651200798683597250e+15,1.723151076207645738e-01
1.651200798685613750e+15,1.718058482431912282e-01
1.651200798687630250e+15,1.718058482431912282e-01
1.651200798689646500e+15,1.718058482431912282e-01
1.651200798691663000e+15,1.718058482431912282e-01
1.651200798693679500e+15,1.718058482431912282e-01
1.651200798695695750e+15,1.718058482431912282e-01
1.651200798697712250e+15,1.718058482431912282e-01
1.651200798699728500e+15,1.718058482431912282e-01
1.651200798701745000e+15,1.718058482431912282e-01
1.651200798703761500e+15,1.718058482431912282e-01
1.651200798705777750e+15,1.718058482431912004e-01
1.651200798707794250e+15,1.718058482431912282e-01
1.651200798709810750e+15,1.718058482431912004e-01
1.651200798711827000e+15,1.718058482431912282e-01
1.651200798713843500e+15,1.718058482431912282e-01
1.651200798715860000e+15,1.718058482431912282e-01
1.651200798717876250e+15,1.718058482431912004e-01
1.651200798719892750e+15,1.718058482431912282e-01
1.651200798721909250e+15,1.718058482431912282e-01
1.651200798723925500e+15,1.718058482431912282e-01
1.651200798725942000e+15,1.718058482431912282e-01
1.651200798727958500e+15,1.718058482431912282e-01
1.651200798729974750e+15,1.718058482431912282e-01
1.651200798731991250e+15,1.718058482431912282e-01
1.651200798734007500e+15,1.718058482431912282e-01
1.651200798736024000e+15,1.710956646891305111e-01
1.651200798738040500e+15,1.700411100965211753e-01
1.651200798740056750e+15,1.689866862446250673e-01
1.651200798742073250e+15,1.679321316520157592e-01
1.651200798744089750e+15,1.668775770594064511e-01
1.651200798746106000e+15,1.658231532075103154e-01
1.651200798748122500e+15,1.656699250916488786e-01
1.651200798750139000e+15,1.656699250916488786e-01
1.651200798752155250e+15,1.656699250916489063e-01
1.651200798754171750e+15,1.656699250916489063e-01
1.651200798756188250e+15,1.656699250916489063e-01
1.651200798758204500e+15,1.656699250916488786e-01
1.651200798760221000e+15,1.656699250916489063e-01
1.651200798762237500e+15,1.656699250916489063e-01
1.651200798764253750e+15,1.656699250916489063e-01
1.651200798766270250e+15,1.656699250916488786e-01
1.651200798768286500e+15,1.656699250916488786e-01
1.651200798770303000e+15,1.656699250916488786e-01
1.651200798772319500e+15,1.656699250916488786e-01
1.651200798774335750e+15,1.657485995822257918e-01
1.651200798776352250e+15,1.666723091033220916e-01
1.651200798778368750e+15,1.675960186244183914e-01
1.651200798780385000e+15,1.685196136266055855e-01
1.651200798782401500e+15,1.694433231477018853e-01
1.651200798784418000e+15,1.703670326687982128e-01
1.651200798786434250e+15,1.712906276709853792e-01
1.651200798788450750e+15,1.718058482431912559e-01
1.651200798790467250e+15,1.718058482431912282e-01
1.651200798792483500e+15,1.718058482431912559e-01
1.651200798794500000e+15,1.718058482431912282e-01
1.651200798796516500e+15,1.718058482431912282e-01
1.651200798798532750e+15,1.718058482431912282e-01
1.651200798800549250e+15,1.714045306887881370e-01
1.651200798802565500e+15,1.707281198055570215e-01
1.651200798804582000e+15,1.700516250524085615e-01
1.651200798806598500e+15,1.693751302992601016e-01
1.651200798808614750e+15,1.686987194160289860e-01
1.651200798810631250e+15,1.680222246628805538e-01
1.651200798812647750e+15,1.673457299097321216e-01
1.651200798814664000e+15,1.666693190265010061e-01
1.651200798816680500e+15,1.659928242733525183e-01
1.651200798818697000e+15,1.660043060958227013e-01
1.651200798820713250e+15,1.666439604598316526e-01
1.651200798822729750e+15,1.672836941362229879e-01
1.651200798824746250e+15,1.679234278126143509e-01
1.651200798826762500e+15,1.685630821766233023e-01
1.651200798828779000e+15,1.692028158530146653e-01
1.651200798830795500e+15,1.698425495294060283e-01
1.651200798832811750e+15,1.704822038934149797e-01
1.651200798834828250e+15,1.711219375698063427e-01
1.651200798836844500e+15,1.717615919338152664e-01
1.651200798838861000e+15,1.718058482431912282e-01
1.651200798840877500e+15,1.718058482431912282e-01
1.651200798842893750e+15,1.718058482431912004e-01
1.651200798844910250e+15,1.718058482431912282e-01
1.651200798846926750e+15,1.718058482431912282e-01
1.651200798848943000e+15,1.718058482431912282e-01
1.651200798850959500e+15,1.718058482431912282e-01
1.651200798852976000e+15,1.718058482431912282e-01
1.651200798854992250e+15,1.718058482431912004e-01
1.651200798857008750e+15,1.718058482431912282e-01
1.651200798859025250e+15,1.718058482431912282e-01
1.651200798861041500e+15,1.693389480214825549e-01
1.651200798863058000e+15,1.650561203873236460e-01
1.651200798865074500e+15,1.607732927531647371e-01
1.651200798867090750e+15,1.564909960919334542e-01
1.651200798869107250e+15,1.522081684577745175e-01
1.651200798871123500e+15,1.479258717965432068e-01
1.651200798873140000e+15,1.519740137038216587e-01
1.651200798875156500e+15,1.575499889336934856e-01
1.651200798877172750e+15,1.631252728698348586e-01
1.651200798879189250e+15,1.687012480997067132e-01
1.651200798881205750e+15,1.742772233295785678e-01
1.651200798883222000e+15,1.798525072657199131e-01
1.651200798885238500e+15,1.854284824955917399e-01
1.651200798887255000e+15,1.901294672220675552e-01
1.651200798889271250e+15,1.895362210796345814e-01
1.651200798891287750e+15,1.889429013790934475e-01
1.651200798893304250e+15,1.883495816785523136e-01
1.651200798895320500e+15,1.877563355361193120e-01
1.651200798897337000e+15,1.871630158355781504e-01
1.651200798899353500e+15,1.865696961350370164e-01
1.651200798901369750e+15,1.859764499926040426e-01
1.651200798903386250e+15,1.853831302920628810e-01
1.651200798905402500e+15,1.847898841496299072e-01
1.651200798907419000e+15,1.841965644490887732e-01
1.651200798909435500e+15,1.840776945462776482e-01
1.651200798911451750e+15,1.840776945462776482e-01
1.651200798913468250e+15,1.840776945462776482e-01
1.651200798915484750e+15,1.840776945462776482e-01
1.651200798917501000e+15,1.840776945462776482e-01
1.651200798919517500e+15,1.840776945462776482e-01
1.651200798921534000e+15,1.840776945462776482e-01
1.651200798923550250e+15,1.840776945462776482e-01
1.651200798925566750e+15,1.840776945462776204e-01
1.651200798927583250e+15,1.840776945462776482e-01
1.651200798929599500e+15,1.840776945462776482e-01
1.651200798931616000e+15,1.840776945462776482e-01
1.651200798933632500e+15,1.840776945462776482e-01
1.651200798935648750e+15,1.840776945462776482e-01
1.651200798937665250e+15,1.840776945462776482e-01
1.651200798939681500e+15,1.840776945462776482e-01
1.651200798941698000e+15,1.840776945462776482e-01
1.651200798943714500e+15,1.840776945462776482e-01
1.651200798945730750e+15,1.840776945462776482e-01
1.651200798947747250e+15,1.840776945462776482e-01
1.651200798949763750e+15,1.840776945462776482e-01
1.651200798951780000e+15,1.840776945462776482e-01
1.651200798953796500e+15,1.840776945462776482e-01
1.651200798955813000e+15,1.840776945462776482e-01
1.651200798957829250e+15,1.840776945462776482e-01
1.651200798959845750e+15,1.842074525308530775e-01
1.651200798961862250e+15,1.851810598830256616e-01
1.651200798963878500e+15,1.861545465300962765e-01
1.651200798965895000e+15,1.871281538822688328e-01
1.651200798967911500e+15,1.881017612344414447e-01
1.651200798969927750e+15,1.890752478815120874e-01
1.651200798971944250e+15,1.900488552336846437e-01
1.651200798973960500e+15,1.910223418807552864e-01
1.651200798975977000e+15,1.919959492329278428e-01
1.651200798977993500e+15,1.929695565851003991e-01
1.651200798980009750e+15,1.939430432321710696e-01
1.651200798982026250e+15,1.949166505843436259e-01
1.651200798984042750e+15,1.958902579365161822e-01
1.651200798986059000e+15,1.958543708746412482e-01
1.651200798988075500e+15,1.949168025610027721e-01
1.651200798990092000e+15,1.939792342473642961e-01
1.651200798992108250e+15,1.930417821708091120e-01
1.651200798994124750e+15,1.921042138571706359e-01
1.651200798996141250e+15,1.911666455435321599e-01
1.651200798998157500e+15,1.902291934669769757e-01
1.651200799000174000e+15,1.902136176978189153e-01
1.651200799002190500e+15,1.902136176978186932e-01
1.651200799004206750e+15,1.902136176978185267e-01
1.651200799006223250e+15,1.902136176978183046e-01
1.651200799008239500e+15,1.902136176978183046e-01
1.651200799010256000e+15,1.902136176978184989e-01
1.651200799012272500e+15,1.902136176978187210e-01
1.651200799014288750e+15,1.902136176978189153e-01
1.651200799016305250e+15,1.902136176978191373e-01
1.651200799018321750e+15,1.902136176978193316e-01
1.651200799020338000e+15,1.902136176978195536e-01
1.651200799022354500e+15,1.902136176978197479e-01
1.651200799024371000e+15,1.902136176978199422e-01
1.651200799026387250e+15,1.894485987199975296e-01
1.651200799028403750e+15,1.885651852518349658e-01
1.651200799030420250e+15,1.876817717836723742e-01
1.651200799032436500e+15,1.867984678386275799e-01
1.651200799034453000e+15,1.859150543704650160e-01
1.651200799036469500e+15,1.850316409023024244e-01
1.651200799038485750e+15,1.841483369572576578e-01
1.651200799040502250e+15,1.820580597681528134e-01
1.651200799042518500e+15,1.798631595544920581e-01
1.651200799044535000e+15,1.776679871895338603e-01
1.651200799046551500e+15,1.754728148245756347e-01
1.651200799048567750e+15,1.732779146109148516e-01
1.651200799050584250e+15,1.729287576802594761e-01
1.651200799052600750e+15,1.763376351809716747e-01
1.651200799054617000e+15,1.797460900586364541e-01
1.651200799056633500e+15,1.831549675593486526e-01
1.651200799058650000e+15,1.865638450600608511e-01
1.651200799060666250e+15,1.899722999377256305e-01
1.651200799062682750e+15,1.902136176978181936e-01
1.651200799064699250e+15,1.902136176978181936e-01
1.651200799066715500e+15,1.902136176978181936e-01
1.651200799068732000e+15,1.902136176978181659e-01
1.651200799070748500e+15,1.902136176978181936e-01
1.651200799072764750e+15,1.902136176978181659e-01
1.651200799074781250e+15,1.902136176978181659e-01
1.651200799076797500e+15,1.902136176978183046e-01
1.651200799078814000e+15,1.902136176978184712e-01
1.651200799080830500e+15,1.902136176978185822e-01
1.651200799082846750e+15,1.902136176978187210e-01
1.651200799084863250e+15,1.902136176978188598e-01
1.651200799086879750e+15,1.902136176978189985e-01
1.651200799088896000e+15,1.903983575623617863e-01
1.651200799090912500e+15,1.915204296613086110e-01
1.651200799092929000e+15,1.926425017602554635e-01
1.651200799094945250e+15,1.937644347478585383e-01
1.651200799096961750e+15,1.948865068468053630e-01
1.651200799098978250e+15,1.960085789457522432e-01
1.651200799100994500e+15,1.956012120221818917e-01
1.651200799103011000e+15,1.945260391828450286e-01
1.651200799105027500e+15,1.934508663435081655e-01
1.651200799107043750e+15,1.923758268010767325e-01
1.651200799109060250e+15,1.913006539617398694e-01
1.651200799111076500e+15,1.902256144193084364e-01
1.651200799113093000e+15,1.893306682308216193e-01
1.651200799115109500e+15,1.884377556931091657e-01
1.651200799117125750e+15,1.875449538561824170e-01
1.651200799119142250e+15,1.866520413184699634e-01
1.651200799121158750e+15,1.857591287807575375e-01
1.651200799123175000e+15,1.848663269438307888e-01
1.651200799125191500e+15,1.842263657641580177e-01
1.651200799127208000e+15,1.854993827953926588e-01
1.651200799129224250e+15,1.867722420015552331e-01
1.651200799131240750e+15,1.880452590327898743e-01
1.651200799133257250e+15,1.893182760640245155e-01
1.651200799135273500e+15,1.905911352701871175e-01
1.651200799137290000e+15,1.918641523014217309e-01
1.651200799139306500e+15,1.931371693326563999e-01
1.651200799141322750e+15,1.944100285388189464e-01
1.651200799143339250e+15,1.956830455700536153e-01
1.651200799145355500e+15,1.965763817787744006e-01
1.651200799147372000e+15,1.970526178372434822e-01
1.651200799149388500e+15,1.975288538957125639e-01
1.651200799151404750e+15,1.980050309117741825e-01
1.651200799153421250e+15,1.984812669702432641e-01
1.651200799155437750e+15,1.989575030287123458e-01
1.651200799157454000e+15,1.994336800447739644e-01
1.651200799159470500e+15,1.999099161032430461e-01
1.651200799161487000e+15,2.003861521617121277e-01
1.651200799163503250e+15,2.008623291777737463e-01
1.651200799165519750e+15,2.013385652362428557e-01
1.651200799167536250e+15,2.018148012947119097e-01
1.651200799169552500e+15,2.022909783107735282e-01
1.651200799171569000e+15,2.024854640009045859e-01
1.651200799173585500e+15,2.024854640009045859e-01
1.651200799175601750e+15,2.024854640009046136e-01
1.651200799177618250e+15,2.024854640009046136e-01
1.651200799179634500e+15,2.024854640009045859e-01
1.651200799181651000e+15,2.024854640009046136e-01
1.651200799183667500e+15,2.033015387825397868e-01
1.651200799185683750e+15,2.043088303518522109e-01
1.651200799187700250e+15,2.053162468178254541e-01
1.651200799189716750e+15,2.063236632837986972e-01
1.651200799191733000e+15,2.073309548531111490e-01
1.651200799193749500e+15,2.083383713190843645e-01
1.651200799195766000e+15,2.079975991296082738e-01
1.651200799197782250e+15,2.071302111288864656e-01
1.651200799199798750e+15,2.062627155785054789e-01
1.651200799201815250e+15,2.053952200281245477e-01
1.651200799203831500e+15,2.045278320274027395e-01
1.651200799205848000e+15,2.036603364770218083e-01
1.651200799207864500e+15,2.027928409266408771e-01
1.651200799209880750e+15,2.024854640009046136e-01
1.651200799211897250e+15,2.024854640009046136e-01
1.651200799213913500e+15,2.024854640009046136e-01
1.651200799215930000e+15,2.024854640009046136e-01
1.651200799217946500e+15,2.024854640009046136e-01
1.651200799219962750e+15,2.024854640009046136e-01
1.651200799221979250e+15,2.033059860151603671e-01
1.651200799223995750e+15,2.045004149209511402e-01
1.651200799226012000e+15,2.056946957448047009e-01
1.651200799228028500e+15,2.068891246505955017e-01
1.651200799230045000e+15,2.080835535563863303e-01
1.651200799232061250e+15,2.082904480424275229e-01
1.651200799234077750e+15,2.076882926484676373e-01
1.651200799236094250e+15,2.070861372545078072e-01
1.651200799238110500e+15,2.064840565140805828e-01
1.651200799240127000e+15,2.058819011201207250e-01
1.651200799242143500e+15,2.052797457261608949e-01
1.651200799244159750e+15,2.046776649857336428e-01
1.651200799246176250e+15,2.040755095917737849e-01
1.651200799248192500e+15,2.034734288513465605e-01
1.651200799250209000e+15,2.028712734573867027e-01
1.651200799252225500e+15,2.024854640009046136e-01
1.651200799254241750e+15,2.024854640009046136e-01
1.651200799256258250e+15,2.024854640009046136e-01
1.651200799258274750e+15,2.024854640009046136e-01
1.651200799260291000e+15,2.024854640009046136e-01
1.651200799262307500e+15,2.024854640009045859e-01
1.651200799264324000e+15,2.024854640009046136e-01
1.651200799266340250e+15,2.024854640009046136e-01
1.651200799268356750e+15,2.024854640009046136e-01
1.651200799270373250e+15,2.024854640009046136e-01
1.651200799272389500e+15,2.024854640009046136e-01
1.651200799274406000e+15,2.024854640009046136e-01
1.651200799276422500e+15,2.024854640009046136e-01
1.651200799278438750e+15,2.024854640009046136e-01
1.651200799280455250e+15,2.024854640009046136e-01
1.651200799282471500e+15,2.024854640009046136e-01
1.651200799284488000e+15,2.024854640009046136e-01
1.651200799286504500e+15,2.024854640009046136e-01
1.651200799288520750e+15,2.024854640009046136e-01
1.651200799290537250e+15,2.024854640009046136e-01
1.651200799292553750e+15,2.024854640009046136e-01
1.651200799294570000e+15,2.024854640009046136e-01
1.651200799296586500e+15,2.024854640009046136e-01
1.651200799298603000e+15,2.024854640009046136e-01
1.651200799300619250e+15,2.024854640009046691e-01
1.651200799302635750e+15,2.024854640009047524e-01
1.651200799304652250e+15,2.024854640009048357e-01
1.651200799306668500e+15,2.024854640009048912e-01
1.651200799308685000e+15,2.024854640009050022e-01
1.651200799310701500e+15,2.024854640009050577e-01
1.651200799312717750e+15,2.024854640009051132e-01
1.651200799314734250e+15,2.024854640009051687e-01
1.651200799316750500e+15,2.024854640009052520e-01
1.651200799318767000e+15,2.024854640009053353e-01
1.651200799320783500e+15,2.024854640009053908e-01
1.651200799322799750e+15,2.024854640009054740e-01
1.651200799324816250e+15,2.024854640009054185e-01
1.651200799326832750e+15,2.024854640009052797e-01
1.651200799328849000e+15,2.024854640009051410e-01
1.651200799330865500e+15,2.024854640009050022e-01
1.651200799332882000e+15,2.024854640009048357e-01
1.651200799334898250e+15,2.024854640009046969e-01
1.651200799336914750e+15,2.024854640009046136e-01
1.651200799338931250e+15,2.024854640009046136e-01
1.651200799340947500e+15,2.024854640009046414e-01
1.651200799342964000e+15,2.024854640009046136e-01
1.651200799344980500e+15,2.024854640009046136e-01
1.651200799346996750e+15,2.024854640009046136e-01
1.651200799349013250e+15,2.024854640009046136e-01
1.651200799351029500e+15,2.024854640009046136e-01
1.651200799353046000e+15,2.024854640009046136e-01
1.651200799355062500e+15,2.024854640009046136e-01
1.651200799357078750e+15,2.024854640009046136e-01
1.651200799359095250e+15,2.024854640009046136e-01
1.651200799361111750e+15,2.024854640009046136e-01
1.651200799363128000e+15,2.024854640009046136e-01
1.651200799365144500e+15,2.024854640009046136e-01
1.651200799367161000e+15,2.024854640009046136e-01
1.651200799369177250e+15,2.024854640009046136e-01
1.651200799371193750e+15,2.024854640009046136e-01
1.651200799373210250e+15,2.024854640009046136e-01
1.651200799375226500e+15,2.024854640009046136e-01
1.651200799377243000e+15,2.024854640009046136e-01
1.651200799379259500e+15,2.024854640009046136e-01
1.651200799381275750e+15,2.024854640009046136e-01
1.651200799383292250e+15,2.024854640009046136e-01
1.651200799385308500e+15,2.024854640009046136e-01
1.651200799387325000e+15,2.024854640009046136e-01
1.651200799389341500e+15,2.024854640009046136e-01
1.651200799391357750e+15,2.024854640009046136e-01
1.651200799393374250e+15,2.024854640009046414e-01
1.651200799395390750e+15,2.024854640009046414e-01
1.651200799397407000e+15,2.024854640009046136e-01
1.651200799399423500e+15,2.024854640009046136e-01
1.651200799401440000e+15,2.024854640009046136e-01
1.651200799403456250e+15,2.024854640009046136e-01
1.651200799405472750e+15,2.024854640009046414e-01
1.651200799407489250e+15,2.024854640009046136e-01
1.651200799409505500e+15,2.024854640009046414e-01
1.651200799411522000e+15,2.024854640009046136e-01
1.651200799413538500e+15,2.024854640009046414e-01
1.651200799415554750e+15,2.024854640009046136e-01
1.651200799417571250e+15,2.024854640009045859e-01
1.651200799419587500e+15,2.024854640009046136e-01
1.651200799421604000e+15,2.024854640009046136e-01
1.651200799423620500e+15,2.024854640009046136e-01
1.651200799425636750e+15,2.024854640009046136e-01
1.651200799427653250e+15,2.024854640009046136e-01
1.651200799429669750e+15,2.024854640009046136e-01
1.651200799431686000e+15,2.024854640009046136e-01
1.651200799433702500e+15,2.024854640009046136e-01
1.651200799435719000e+15,2.024854640009045859e-01
1.651200799437735250e+15,2.024854640009045859e-01
1.651200799439751750e+15,2.024854640009045859e-01
1.651200799441768250e+15,2.024854640009046136e-01
1.651200799443784500e+15,2.024854640009046136e-01
1.651200799445801000e+15,2.024854640009046136e-01
1.651200799447817500e+15,2.024854640009046136e-01
1.651200799449833750e+15,2.024854640009046136e-01
1.651200799451850250e+15,2.024854640009046136e-01
1.651200799453866500e+15,2.024854640009045859e-01
1.651200799455883000e+15,2.024854640009046136e-01
1.651200799457899500e+15,2.024854640009046136e-01
1.651200799459915750e+15,2.024854640009046136e-01
1.651200799461932250e+15,2.024854640009046136e-01
1.651200799463948750e+15,2.024854640009046136e-01
1.651200799465965000e+15,2.024854640009046136e-01
1.651200799467981500e+15,2.024854640009046136e-01
1.651200799469998000e+15,2.024854640009046136e-01
1.651200799472014250e+15,2.024854640009045859e-01
1.651200799474030750e+15,2.024854640009045859e-01
1.651200799476047250e+15,2.024854640009046136e-01
1.651200799478063500e+15,2.024854640009046136e-01
1.651200799480080000e+15,2.032295317607969720e-01
1.651200799482096500e+15,2.039888498973470299e-01
1.651200799484112750e+15,2.047480738957695723e-01
1.651200799486129250e+15,2.055073920323196579e-01
1.651200799488145500e+15,2.062666160307422003e-01
1.651200799490162000e+15,2.070259341672922582e-01
1.651200799492178500e+15,2.077852523038423438e-01
1.651200799494194750e+15,2.085444763022648584e-01
1.651200799496211250e+15,2.080376385708206932e-01
1.651200799498227750e+15,2.073880984881348033e-01
1.651200799500244000e+15,2.067386389336020036e-01
1.651200799502260500e+15,2.060890988509161414e-01
1.651200799504277000e+15,2.054395587682302515e-01
1.651200799506293250e+15,2.047900992136974518e-01
1.651200799508309750e+15,2.041405591310115897e-01
1.651200799510326250e+15,2.034910190483256998e-01
1.651200799512342500e+15,2.028415594937929001e-01
1.651200799514359000e+15,2.024854640009046136e-01
1.651200799516375500e+15,2.024854640009046136e-01
1.651200799518391750e+15,2.024854640009046136e-01
1.651200799520408250e+15,2.024854640009046136e-01
1.651200799522424500e+15,2.024854640009046136e-01
1.651200799524441000e+15,2.024854640009045859e-01
1.651200799526457500e+15,2.024854640009045859e-01
1.651200799528473750e+15,2.024854640009046136e-01
1.651200799530490250e+15,2.032254212101661239e-01
1.651200799532506750e+15,2.040451568027911999e-01
1.651200799534523000e+15,2.048647907669024493e-01
1.651200799536539500e+15,2.056845263595275808e-01
1.651200799538556000e+15,2.065042619521527123e-01
1.651200799540572250e+15,2.073238959162639616e-01
1.651200799542588750e+15,2.081436315088890376e-01
1.651200799544605250e+15,2.086213871524460473e-01
1.651200799546621500e+15,2.086213871524460473e-01
1.651200799548638000e+15,2.086213871524460473e-01
1.651200799550654500e+15,2.086213871524460473e-01
1.651200799552670750e+15,2.086213871524460473e-01
1.651200799554687250e+15,2.086213871524460473e-01
1.651200799556703500e+15,2.086213871524460473e-01
1.651200799558720000e+15,2.086213871524460473e-01
1.651200799560736500e+15,2.086213871524460473e-01
1.651200799562752750e+15,2.086213871524460473e-01
1.651200799564769250e+15,2.076059373876401049e-01
1.651200799566785750e+15,2.049646546391960533e-01
1.651200799568802000e+15,2.023236993495604319e-01
1.651200799570818500e+15,1.996824166011164081e-01
1.651200799572835000e+15,1.970411338526724121e-01
1.651200799574851250e+15,1.968005601426032480e-01
1.651200799576867750e+15,1.974116674194881516e-01
1.651200799578884250e+15,1.980227746963730273e-01
1.651200799580900500e+15,1.986338062098960688e-01
1.651200799582917000e+15,1.992449134867809724e-01
1.651200799584933500e+15,1.998560207636658759e-01
1.651200799586949750e+15,2.004670522771889174e-01
1.651200799588966250e+15,2.010781595540738209e-01
1.651200799590982500e+15,2.016891910675968624e-01
1.651200799592999000e+15,2.023002983444817660e-01
1.651200799595015500e+15,2.024854640009045859e-01
1.651200799597031750e+15,2.024854640009046136e-01
1.651200799599048250e+15,2.024854640009046136e-01
1.651200799601064750e+15,2.024854640009046136e-01
1.651200799603081000e+15,2.024854640009046136e-01
1.651200799605097500e+15,2.024854640009045859e-01
1.651200799607114000e+15,2.024854640009046136e-01
1.651200799609130250e+15,2.024854640009046136e-01
1.651200799611146750e+15,2.024854640009046136e-01
1.651200799613163250e+15,2.024854640009046136e-01
1.651200799615179500e+15,2.024854640009046136e-01
1.651200799617196000e+15,2.024854640009046136e-01
1.651200799619212500e+15,2.024854640009046136e-01
1.651200799621228750e+15,2.024854640009046136e-01
1.651200799623245250e+15,2.024854640009046136e-01
1.651200799625261500e+15,2.024854640009046136e-01
1.651200799627278000e+15,2.024854640009046136e-01
1.651200799629294500e+15,2.024854640009046414e-01
1.651200799631310750e+15,2.024854640009046414e-01
1.651200799633327250e+15,2.024854640009046136e-01
1.651200799635343750e+15,2.024854640009046414e-01
1.651200799637360000e+15,2.024854640009046136e-01
1.651200799639376500e+15,2.024854640009046136e-01
1.651200799641393000e+15,2.024854640009046136e-01
1.651200799643409250e+15,2.024854640009046136e-01
1.651200799645425750e+15,2.024854640009046136e-01
1.651200799647442250e+15,2.020539233175031590e-01
1.651200799649458500e+15,2.009760739487720660e-01
1.651200799651475000e+15,1.998980909347379820e-01
1.651200799653491500e+15,1.988201079207038702e-01
1.651200799655507750e+15,1.977422585519728049e-01
1.651200799657524250e+15,1.966642755379387209e-01
1.651200799659540500e+15,1.963495408493632077e-01
1.651200799661557000e+15,1.963495408493632077e-01
1.651200799663573500e+15,1.963495408493631800e-01
1.651200799665589750e+15,1.963495408493631800e-01
1.651200799667606250e+15,1.963495408493631800e-01
1.651200799669622750e+15,1.963495408493632077e-01
1.651200799671639000e+15,1.963495408493631522e-01
1.651200799673655500e+15,1.963495408493628192e-01
1.651200799675672000e+15,1.963495408493624583e-01
1.651200799677688250e+15,1.963495408493620697e-01
1.651200799679704750e+15,1.963495408493617367e-01
1.651200799681721250e+15,1.962637881531106854e-01
1.651200799683737500e+15,1.956879384484795648e-01
1.651200799685754000e+15,1.951120173427691173e-01
1.651200799687770500e+15,1.945360962370586422e-01
1.651200799689786750e+15,1.939602465324275216e-01
1.651200799691803250e+15,1.933843254267170741e-01
1.651200799693819500e+15,1.928084757220859258e-01
1.651200799695836000e+15,1.922325546163755061e-01
1.651200799697852500e+15,1.916566335106650310e-01
1.651200799699868750e+15,1.910807838060338826e-01
1.651200799701885250e+15,1.905048627003234352e-01
1.651200799703901750e+15,1.906139306577165349e-01
1.651200799705918000e+15,1.914236933919943873e-01
1.651200799707934500e+15,1.922335565308270211e-01
1.651200799709951000e+15,1.930434196696596549e-01
1.651200799711967250e+15,1.938531824039375073e-01
1.651200799713983750e+15,1.946630455427701967e-01
1.651200799716000250e+15,1.954729086816028305e-01
1.651200799718016500e+15,1.962826714158806829e-01
1.651200799720033000e+15,1.963495408493623473e-01
1.651200799722049500e+15,1.963495408493624583e-01
1.651200799724065750e+15,1.963495408493624861e-01
1.651200799726082250e+15,1.963495408493625694e-01
1.651200799728098500e+15,1.963495408493626804e-01
1.651200799730115000e+15,1.963495408493627359e-01
1.651200799732131500e+15,1.963495408493628192e-01
1.651200799734147750e+15,1.963495408493629024e-01
1.651200799736164250e+15,1.963495408493629579e-01
1.651200799738180750e+15,1.963495408493630690e-01
1.651200799740197000e+15,1.963495408493631245e-01
1.651200799742213500e+15,1.963495408493630967e-01
1.651200799744230000e+15,1.963495408493629579e-01
1.651200799746246250e+15,1.963495408493627914e-01
1.651200799748262750e+15,1.963495408493626249e-01
1.651200799750279250e+15,1.963495408493624583e-01
1.651200799752295500e+15,1.963454080626347853e-01
1.651200799754312000e+15,1.960052544121856644e-01
1.651200799756328500e+15,1.956651007617365157e-01
1.651200799758344750e+15,1.953249892825805745e-01
1.651200799760361250e+15,1.949848356321314258e-01
1.651200799762377500e+15,1.946447241529754568e-01
1.651200799764394000e+15,1.943045705025263081e-01
1.651200799766410500e+15,1.939644168520771872e-01
1.651200799768426750e+15,1.936243053729211905e-01
1.651200799770443250e+15,1.932841517224720973e-01
1.651200799772459750e+15,1.929439980720229486e-01
1.651200799774476000e+15,1.926038865928669797e-01
1.651200799776492500e+15,1.922637329424178310e-01
1.651200799778509000e+15,1.919235792919687378e-01
1.651200799780525250e+15,1.915834678128127411e-01
1.651200799782541750e+15,1.912433141623635924e-01
1.651200799784558250e+15,1.909031605119144992e-01
1.651200799786574500e+15,1.905630490327585025e-01
1.651200799788591000e+15,1.902228953823093816e-01
1.651200799790607500e+15,1.896635691048960681e-01
1.651200799792623750e+15,1.890981673840288479e-01
1.651200799794640250e+15,1.885326955575545860e-01
1.651200799796656500e+15,1.879672938366873935e-01
1.651200799798673000e+15,1.874018220102131593e-01
1.651200799800689500e+15,1.868363501837388696e-01
1.651200799802705750e+15,1.862709484628716772e-01
1.651200799804722250e+15,1.857054766363974152e-01
1.651200799806738750e+15,1.851400048099231532e-01
1.651200799808755000e+15,1.845746030890559330e-01
1.651200799810771500e+15,1.840776945462776482e-01
1.651200799812788000e+15,1.840776945462776482e-01
1.651200799814804250e+15,1.840776945462776482e-01
1.651200799816820750e+15,1.840776945462776482e-01
1.651200799818837250e+15,1.840776945462776482e-01
1.651200799820853500e+15,1.840776945462776204e-01
1.651200799822870000e+15,1.840776945462776482e-01
1.651200799824886500e+15,1.831133598978302301e-01
1.651200799826902750e+15,1.811892235940874007e-01
1.651200799828919250e+15,1.792648487117576295e-01
1.651200799830935500e+15,1.773407124080148278e-01
1.651200799832952000e+15,1.754163375256850288e-01
1.651200799834968500e+15,1.734919626433553130e-01
1.651200799836984750e+15,1.715678263396124836e-01
1.651200799839001250e+15,1.696434514572827124e-01
1.651200799841017750e+15,1.677190765749529411e-01
1.651200799843034000e+15,1.657949402712101394e-01
1.651200799845050500e+15,1.679588326200362747e-01
1.651200799847067000e+15,1.704067679321514261e-01
1.651200799849083250e+15,1.728543997561296786e-01
1.651200799851099750e+15,1.753023350682448023e-01
1.651200799853116250e+15,1.777502703803599815e-01
1.651200799855132500e+15,1.757754315054599892e-01
1.651200799857149000e+15,1.734249206705276158e-01
1.651200799859165500e+15,1.710744098355951870e-01
1.651200799861181750e+15,1.687241904103869428e-01
1.651200799863198250e+15,1.663736795754545139e-01
1.651200799865214500e+15,1.656699250916505162e-01
1.651200799867231000e+15,1.656699250916502941e-01
1.651200799869247500e+15,1.656699250916500721e-01
1.651200799871263750e+15,1.656699250916498500e-01
1.651200799873280250e+15,1.656699250916496002e-01
1.651200799875296750e+15,1.656699250916493504e-01
1.651200799877313000e+15,1.656699250916491284e-01
1.651200799879329500e+15,1.659056273238911916e-01
1.651200799881346000e+15,1.705426375806380623e-01
1.651200799883362250e+15,1.751790729538917069e-01
1.651200799885378750e+15,1.798160832106385776e-01
1.651200799887395250e+15,1.838396693293692929e-01
1.651200799889411500e+15,1.808998938709221738e-01
1.651200799891428000e+15,1.779597539021887664e-01
1.651200799893444250e+15,1.750199784437416195e-01
1.651200799895460750e+15,1.720798384750082399e-01
1.651200799897477250e+15,1.691396985062748881e-01
1.651200799899493500e+15,1.661999230478277412e-01
1.651200799901510000e+15,1.633554774679704114e-01
1.651200799903526500e+15,1.605320753910510490e-01
1.651200799905542750e+15,1.577090233515823225e-01
1.651200799907559250e+15,1.548856212746629601e-01
1.651200799909575750e+15,1.520622191977435977e-01
1.651200799911592000e+15,1.492391671582748991e-01
1.651200799913608500e+15,1.475439642941474283e-01
1.651200799915625000e+15,1.484840257616364401e-01
1.651200799917641250e+15,1.494239706829479930e-01
1.651200799919657750e+15,1.503640321504370048e-01
1.651200799921674250e+15,1.513040936179260165e-01
1.651200799923690500e+15,1.522440385392375695e-01
1.651200799925707000e+15,1.531841000067265812e-01
1.651200799927723250e+15,1.533980787885651509e-01
1.651200799929739750e+15,1.533980787885651509e-01
1.651200799931756250e+15,1.533980787885651509e-01
1.651200799933772500e+15,1.533980787885651509e-01
1.651200799935789000e+15,1.533980787885651509e-01
1.651200799937805500e+15,1.533980787885651509e-01
1.651200799939821750e+15,1.533980787885651509e-01
1.651200799941838250e+15,1.533980787885651509e-01
1.651200799943854750e+15,1.533980787885651509e-01
1.651200799945871000e+15,1.533980787885651509e-01
1.651200799947887500e+15,1.533980787885651509e-01
1.651200799949904000e+15,1.533980787885651509e-01
1.651200799951920250e+15,1.533980787885651509e-01
1.651200799953936750e+15,1.533980787885651509e-01
1.651200799955953250e+15,1.533980787885651509e-01
1.651200799957969500e+15,1.533980787885651509e-01
1.651200799959986000e+15,1.535294327636258782e-01
1.651200799962002250e+15,1.546422161762991132e-01
1.651200799964018750e+15,1.557551375658368653e-01
1.651200799966035250e+15,1.568680589553746729e-01
1.651200799968051500e+15,1.579808423680478802e-01
1.651200799970068000e+15,1.590937637575856600e-01
1.651200799972084500e+15,1.602066851471234399e-01
1.651200799974100750e+15,1.613194685597966749e-01
1.651200799976117250e+15,1.624323899493344547e-01
1.651200799978133750e+15,1.635453113388722346e-01
1.651200799980150000e+15,1.646580947515454418e-01
1.651200799982166500e+15,1.657710161410831939e-01
1.651200799984183000e+15,1.668839375306210016e-01
1.651200799986199250e+15,1.679967209432942088e-01
1.651200799988215750e+15,1.691096423328319887e-01
1.651200799990232250e+15,1.702225637223697685e-01
1.651200799992248500e+15,1.713353471350429758e-01
1.651200799994265000e+15,1.680200310510990003e-01
1.651200799996281250e+15,1.614623386855011111e-01
1.651200799998297750e+15,1.549038332148361952e-01
1.651200800000314250e+15,1.483453277441712514e-01
1.651200800002330500e+15,1.417876353785733623e-01
1.651200800004347000e+15,1.352291299079084186e-01
1.651200800006363500e+15,1.288543861823923109e-01
1.651200800008379750e+15,1.288543861823923109e-01
1.651200800010396250e+15,1.288543861823923109e-01
1.651200800012412750e+15,1.288543861823923109e-01
1.651200800014429000e+15,1.288543861823923109e-01
1.651200800016445500e+15,1.288543861823923109e-01
1.651200800018462000e+15,1.288543861823923109e-01
1.651200800020478250e+15,1.288543861823923109e-01
1.651200800022494750e+15,1.288543861823923109e-01
1.651200800024511250e+15,1.288543861823923109e-01
1.651200800026527500e+15,1.288543861823923109e-01
1.651200800028544000e+15,1.288776716939167843e-01
1.651200800030560250e+15,1.296473341957395387e-01
1.651200800032576750e+15,1.304170921299865615e-01
1.651200800034593250e+15,1.311868500642336122e-01
1.651200800036609500e+15,1.319565125660563665e-01
1.651200800038626000e+15,1.327262705003033894e-01
1.651200800040642500e+15,1.334960284345504400e-01
1.651200800042658750e+15,1.342656909363731943e-01
1.651200800044675250e+15,1.349903093339355209e-01
1.651200800046691750e+15,1.349903093339355209e-01
1.651200800048708000e+15,1.349903093339355209e-01
1.651200800050724500e+15,1.349903093339355209e-01
1.651200800052741000e+15,1.349903093339355209e-01
1.651200800054757250e+15,1.349903093339355209e-01
1.651200800056773750e+15,1.349903093339355209e-01
1.651200800058790250e+15,1.349903093339355209e-01
1.651200800060806500e+15,1.349903093339355209e-01
1.651200800062823000e+15,1.349903093339355209e-01
1.651200800064839250e+15,1.343909996844749877e-01
1.651200800066855750e+15,1.334838817200259820e-01
1.651200800068872250e+15,1.325767637555770040e-01
1.651200800070888500e+15,1.316697582530625965e-01
1.651200800072905000e+15,1.307626402886136185e-01
1.651200800074921500e+15,1.298555223241646406e-01
1.651200800076937750e+15,1.289485168216502609e-01
1.651200800078954250e+15,1.280413988572012829e-01
1.651200800080970750e+15,1.271342808927522772e-01
1.651200800082987000e+15,1.262272753902378974e-01
1.651200800085003500e+15,1.253201574257888917e-01
1.651200800087020000e+15,1.244130394613399138e-01
1.651200800089036250e+15,1.235060339588255063e-01
1.651200800091052750e+15,1.228620668685903722e-01
1.651200800093069250e+15,1.239517268452598048e-01
1.651200800095085500e+15,1.250412517289492542e-01
1.651200800097102000e+15,1.261309117056186868e-01
1.651200800099118250e+15,1.272204365893081501e-01
1.651200800101134750e+15,1.283100965659775827e-01
1.651200800103151250e+15,1.282624083178773300e-01
1.651200800105167500e+15,1.270797723314236460e-01
1.651200800107184000e+15,1.258969897069059374e-01
1.651200800109200500e+15,1.247142070823882565e-01
1.651200800111216750e+15,1.235315710959345725e-01
1.651200800113233250e+15,1.229590781108837044e-01
1.651200800115249750e+15,1.237289318338231636e-01
1.651200800117266000e+15,1.244986901124627565e-01
1.651200800119282500e+15,1.252685438354022573e-01
1.651200800121299000e+15,1.260383975583417304e-01
1.651200800123315250e+15,1.268081558369812956e-01
1.651200800125331750e+15,1.275780095599207964e-01
1.651200800127348250e+15,1.283478632828602695e-01
1.651200800129364500e+15,1.292320615093882907e-01
1.651200800131381000e+15,1.303366043620116377e-01
1.651200800133397250e+15,1.314410102765178889e-01
1.651200800135413750e+15,1.325455531291412359e-01
1.651200800137430250e+15,1.336500959817646106e-01
1.651200800139446500e+15,1.347545018962708618e-01
1.651200800141463000e+15,1.341756448897243326e-01
1.651200800143479500e+15,1.331398499012277914e-01
1.651200800145495750e+15,1.321041833276815070e-01
1.651200800147512250e+15,1.310683883391849935e-01
1.651200800149528750e+15,1.300325933506884801e-01
1.651200800151545000e+15,1.289969267771421957e-01
1.651200800153561500e+15,1.279611317886456823e-01
1.651200800155578000e+15,1.269253368001491689e-01
1.651200800157594250e+15,1.258896702266028844e-01
1.651200800159610750e+15,1.248538752381063710e-01
1.651200800161627250e+15,1.238180802496098437e-01
1.651200800163643500e+15,1.227824136760635593e-01
1.651200800165660000e+15,1.227184630308524593e-01
1.651200800167676250e+15,1.227184630308522650e-01
1.651200800169692750e+15,1.227184630308520430e-01
1.651200800171709250e+15,1.227184630308518487e-01
1.651200800173725500e+15,1.227184630308517793e-01
1.651200800175742000e+15,1.227184630308517793e-01
1.651200800177758500e+15,1.227184630308517793e-01
1.651200800179774750e+15,1.227184630308517654e-01
1.651200800181791250e+15,1.227184630308517654e-01
1.651200800183807750e+15,1.227184630308517793e-01
1.651200800185824000e+15,1.227184630308517654e-01
1.651200800187840500e+15,1.227184630308517654e-01
1.651200800189857000e+15,1.227184630308517793e-01
1.651200800191873250e+15,1.227184630308517654e-01
1.651200800193889750e+15,1.227184630308517793e-01
1.651200800195906250e+15,1.227184630308517793e-01
1.651200800197922500e+15,1.227184630308517654e-01
1.651200800199939000e+15,1.197813698032678953e-01
1.651200800201955250e+15,1.166213301980832673e-01
1.651200800203971750e+15,1.134608987714968847e-01
1.651200800205988250e+15,1.103004673449105022e-01
1.651200800208004500e+15,1.071404277397258742e-01
1.651200800210021000e+15,1.041760554954236639e-01
1.651200800212037500e+15,1.028893365857852238e-01
1.651200800214053750e+15,1.016027771999391816e-01
1.651200800216070250e+15,1.003160582903007414e-01
1.651200800218086750e+15,9.902933938066230124e-02
1.651200800220103000e+15,9.750796678511511328e-02
1.651200800222119500e+15,9.552183748055444179e-02
1.651200800224136000e+15,9.353570817599375642e-02
1.651200800226152250e+15,9.154982510615965186e-02
1.651200800228168750e+15,8.956369580159898036e-02
1.651200800230185250e+15,8.757756649703829499e-02
1.651200800232201500e+15,8.559168342720419043e-02
1.651200800234218000e+15,8.360555412264353281e-02
1.651200800236234250e+15,8.161967105280941437e-02
1.651200800238250750e+15,7.963354174824874288e-02
1.651200800240267250e+15,7.764741244368805750e-02
1.651200800242283500e+15,7.566152937385396682e-02
1.651200800244300000e+15,7.367540006929328145e-02
1.651200800246316500e+15,7.663370204737846025e-02
1.651200800248332750e+15,7.970448120104661749e-02
1.651200800250349250e+15,8.277564110848460721e-02
1.651200800252365750e+15,8.584680101592259693e-02
1.651200800254382000e+15,8.891758016959075417e-02
1.651200800256398500e+15,9.198874007702875777e-02
1.651200800258415000e+15,9.505989998446673361e-02
1.651200800260431250e+15,9.813067913813487697e-02
1.651200800262447750e+15,1.012018390455728806e-01
1.651200800264464250e+15,1.042729989530108703e-01
1.651200800266480500e+15,1.031955038927834106e-01
1.651200800268497000e+15,1.020663148409843846e-01
1.651200800270513250e+15,1.009372657828689623e-01
1.651200800272529750e+15,9.980807673106992239e-02
1.651200800274546250e+15,9.867888767927092408e-02
1.651200800276562500e+15,9.754983862115547411e-02
1.651200800278579000e+15,9.642064956935646192e-02
1.651200800280595500e+15,9.529146051755744973e-02
1.651200800282611750e+15,9.416241145944199975e-02
1.651200800284628250e+15,9.303322240764298756e-02
1.651200800286644750e+15,9.203884727313660363e-02
1.651200800288661000e+15,9.203884727313658976e-02
1.651200800290677500e+15,9.203884727313658976e-02
1.651200800292694000e+15,9.203884727313660363e-02
1.651200800294710250e+15,9.203884727313660363e-02
1.651200800296726750e+15,9.203884727313658976e-02
1.651200800298743250e+15,9.203884727313660363e-02
1.651200800300759500e+15,9.203884727313660363e-02
1.651200800302776000e+15,9.408136665071140103e-02
1.651200800304792250e+15,9.701457868421220487e-02
1.651200800306808750e+15,9.994815441418340718e-02
1.651200800308825250e+15,1.028817301441545817e-01
1.651200800310841500e+15,1.058149421776554133e-01
1.651200800312858000e+15,1.087485179076266018e-01
1.651200800314874500e+15,1.116820936375978041e-01
1.651200800316890750e+15,1.146153056710986218e-01
1.651200800318907250e+15,1.146274580816043637e-01
1.651200800320923750e+15,1.086923095003943657e-01
1.651200800322940000e+15,1.027578967422169975e-01
1.651200800324956500e+15,9.682274816100701342e-02
1.651200800326973000e+15,9.088759957979701543e-02
1.651200800328989250e+15,8.495318682161964730e-02
1.651200800331005750e+15,7.901803824040966318e-02
1.651200800333022250e+15,7.347303388447998240e-02
1.651200800335038500e+15,7.176212874628364047e-02
1.651200800337055000e+15,7.005101146857851957e-02
1.651200800339071250e+15,6.834010633038217764e-02
1.651200800341087750e+15,6.662898905267705674e-02
1.651200800343104250e+15,6.491787177497193584e-02
1.651200800345120500e+15,6.320696663677558003e-02
1.651200800347137000e+15,6.149584935907047994e-02
1.651200800349153500e+15,5.978473208136535905e-02
1.651200800351169750e+15,5.807382694316901017e-02
1.651200800353186250e+15,5.636270966546389621e-02
1.651200800355202750e+15,5.566451201632142270e-02
1.651200800357219000e+15,5.698484873502956960e-02
1.651200800359235500e+15,5.830534916566813136e-02
1.651200800361252000e+15,5.962584959630669312e-02
1.651200800363268250e+15,6.094618631501485390e-02
1.651200800365284750e+15,6.271017773519707572e-02
1.651200800367301250e+15,6.467603236422263258e-02
1.651200800369317500e+15,6.664164327211888339e-02
1.651200800371334000e+15,6.860749790114444024e-02
1.651200800373350250e+15,7.057310880904069106e-02
1.651200800375366750e+15,7.253896343806624791e-02
1.651200800377383250e+15,7.497741071990669803e-02
1.651200800379399500e+15,7.800619031537672776e-02
1.651200800381416000e+15,8.103534545698384828e-02
1.651200800383432500e+15,8.406450059859094104e-02
1.651200800385448750e+15,8.709328019406098464e-02
1.651200800387465250e+15,9.012243533566809128e-02
1.651200800389481750e+15,9.005075127344056019e-02
1.651200800391498000e+15,8.463934586083554645e-02
1.651200800393514500e+15,7.922726947421782073e-02
1.651200800395531000e+15,7.381519308760009501e-02
1.651200800397547250e+15,6.840378767499508128e-02
1.651200800399563750e+15,6.299171128837735556e-02
1.651200800401580250e+15,6.221834006366040032e-02
1.651200800403596500e+15,6.344836144507808029e-02
1.651200800405613000e+15,6.467853533999623483e-02
1.651200800407629250e+15,6.590855672141392174e-02
1.651200800409645750e+15,6.713873061633207628e-02
1.651200800411662250e+15,6.836890451125024470e-02
1.651200800413678500e+15,6.959892589266791774e-02
1.651200800415695000e+15,7.082909978758608616e-02
1.651200800417711500e+15,7.205927368250425458e-02
1.651200800419727750e+15,7.328929506392192761e-02
1.651200800421744250e+15,7.291212075083447486e-02
1.651200800423760750e+15,7.191656577952544593e-02
1.651200800425777000e+15,7.092113423432244712e-02
1.651200800427793500e+15,6.992557926301341820e-02
1.651200800429810000e+15,6.893002429170438927e-02
1.651200800431826250e+15,6.793459274650140434e-02
1.651200800433842750e+15,6.693903777519238929e-02
1.651200800435859250e+15,6.594348280388334649e-02
1.651200800437875500e+15,6.494805125868037543e-02
1.651200800439892000e+15,6.395249628737133263e-02
1.651200800441908250e+15,6.295706474216834769e-02
1.651200800443924750e+15,6.196150977085933265e-02
1.651200800445941250e+15,6.096595479955030372e-02
1.651200800447957500e+15,5.997052325434731185e-02
1.651200800449974000e+15,5.897496828303828292e-02
1.651200800451990500e+15,5.797941331172925400e-02
1.651200800454006750e+15,5.698398176652626906e-02
1.651200800456023250e+15,5.598842679521724014e-02
1.651200800458039750e+15,5.522330836388267272e-02
1.651200800460056000e+15,5.522330836388267272e-02
1.651200800462072500e+15,5.522330836388266578e-02
1.651200800464089000e+15,5.522330836388266578e-02
1.651200800466105250e+15,5.522330836388267272e-02
1.651200800468121750e+15,5.522330836388267272e-02
1.651200800470138250e+15,5.522330836388267272e-02
1.651200800472154500e+15,5.522330836388266578e-02
1.651200800474171000e+15,5.522330836388267272e-02
1.651200800476187250e+15,5.517843899726749407e-02
1.651200800478203750e+15,5.397605922611106721e-02
1.651200800480220250e+15,5.277367945495465423e-02
1.651200800482236500e+15,5.157144875146141283e-02
1.651200800484253000e+15,5.036906898030499985e-02
1.651200800486269500e+15,4.916668920914858687e-02
1.651200800488285750e+15,4.796445850565533853e-02
1.651200800490302250e+15,4.676207873449892555e-02
1.651200800492318750e+15,4.555969896334251257e-02
1.651200800494335000e+15,4.435746825984927116e-02
1.651200800496351500e+15,4.315508848869285125e-02
1.651200800498368000e+15,4.240114768519110539e-02
1.651200800500384250e+15,4.173871702261351679e-02
1.651200800502400750e+15,4.107620422356196566e-02
1.651200800504417250e+15,4.041369142451040064e-02
1.651200800506433500e+15,3.975126076193281899e-02
1.651200800508450000e+15,3.908874796288126091e-02
1.651200800510466250e+15,3.842631730030367232e-02
1.651200800512482750e+15,3.776380450125212118e-02
1.651200800514499250e+15,3.710129170220056311e-02
1.651200800516515500e+15,3.733079825835350363e-02
1.651200800518532000e+15,3.823705249076299328e-02
1.651200800520548500e+15,3.914330672317249682e-02
1.651200800522564750e+15,4.004944860073046675e-02
1.651200800524581250e+15,4.095570283313996335e-02
1.651200800526597750e+15,4.186195706554946688e-02
1.651200800528614000e+15,4.276809894310743682e-02
1.651200800530630500e+15,4.295146206079802909e-02
1.651200800532647000e+15,4.295146206079802909e-02
1.651200800534663250e+15,4.295146206079802909e-02
1.651200800536679750e+15,4.295146206079802909e-02
1.651200800538696250e+15,4.295146206079802909e-02
1.651200800540712500e+15,4.295146206079803602e-02
1.651200800542729000e+15,4.295146206079802909e-02
1.651200800544745250e+15,4.295146206079802909e-02
1.651200800546761750e+15,4.295146206079802909e-02
1.651200800548778250e+15,4.295146206079803602e-02
1.651200800550794500e+15,4.295146206079803602e-02
1.651200800552811000e+15,4.295146206079803602e-02
1.651200800554827500e+15,4.252589156894723971e-02
1.651200800556843750e+15,4.202130085786569963e-02
1.651200800558860250e+15,4.151664758128991578e-02
1.651200800560876750e+15,4.101199430471413193e-02
1.651200800562893000e+15,4.050740359363259185e-02
1.651200800564909500e+15,4.000275031705680107e-02
1.651200800566926000e+15,3.949809704048101722e-02
1.651200800568942250e+15,3.899350632939947714e-02
1.651200800570958750e+15,3.848885305282369329e-02
1.651200800572975250e+15,3.798419977624790944e-02
1.651200800574991500e+15,3.747960906516636936e-02
1.651200800577008000e+15,3.697495578859058551e-02
1.651200800579024250e+15,3.681553890925570727e-02
1.651200800581040750e+15,3.681553890925570033e-02
1.651200800583057250e+15,3.681553890925570727e-02
1.651200800585073500e+15,3.681553890925570727e-02
1.651200800587090000e+15,3.681553890925570727e-02
1.651200800589106500e+15,3.681553890925570727e-02
1.651200800591122750e+15,3.681553890925570033e-02
1.651200800593139250e+15,3.681553890925558931e-02
1.651200800595155750e+15,3.681553890925538808e-02
1.651200800597172000e+15,3.681553890925519379e-02
1.651200800599188500e+15,3.681553890925498562e-02
1.651200800601205000e+15,3.681553890925484684e-02
1.651200800603221250e+15,3.681553890925497868e-02
1.651200800605237750e+15,3.681553890925511052e-02
1.651200800607254250e+15,3.681553890925524930e-02
1.651200800609270500e+15,3.681553890925538808e-02
1.651200800611287000e+15,3.681553890925551992e-02
1.651200800613303250e+15,3.681553890925565176e-02
1.651200800615319750e+15,3.681553890925570727e-02
1.651200800617336250e+15,3.681553890925570727e-02
1.651200800619352500e+15,3.681553890925570727e-02
1.651200800621369000e+15,3.681553890925570727e-02
1.651200800623385500e+15,3.681553890925570727e-02
1.651200800625401750e+15,3.681553890925570033e-02
1.651200800627418250e+15,3.681553890925551298e-02
1.651200800629434750e+15,3.681553890925532563e-02
1.651200800631451000e+15,3.681553890925513828e-02
1.651200800633467500e+15,3.681553890925494399e-02
1.651200800635484000e+15,3.681553890925481909e-02
1.651200800637500250e+15,3.681553890925482603e-02
1.651200800639516750e+15,3.681553890925481909e-02
1.651200800641533250e+15,3.681553890925481909e-02
1.651200800643549500e+15,3.681553890925481909e-02
1.651200800645566000e+15,3.681553890925481909e-02
1.651200800647582250e+15,3.681553890925481909e-02
1.651200800649598750e+15,3.560951469877055020e-02
1.651200800651615250e+15,3.440244294275042469e-02
1.651200800653631500e+15,3.319552083609256937e-02
1.651200800655648000e+15,3.198844908007244386e-02
1.651200800657664500e+15,3.078137732405232529e-02
1.651200800659680750e+15,2.957445521739446997e-02
1.651200800661697250e+15,2.836738346137434794e-02
1.651200800663713750e+15,2.716031170535422590e-02
1.651200800665730000e+15,2.595338959869636711e-02
1.651200800667746500e+15,2.474631784267624507e-02
1.651200800669763000e+15,2.454369260617100812e-02
1.651200800671779250e+15,2.454369260617100812e-02
1.651200800673795750e+15,2.454369260617100812e-02
1.651200800675812250e+15,2.454369260617100812e-02
1.651200800677828500e+15,2.454369260617100812e-02
1.651200800679845000e+15,2.454369260617100812e-02
1.651200800681861250e+15,2.454369260617100812e-02
1.651200800683877750e+15,2.454369260617100812e-02
1.651200800685894250e+15,2.454369260617100812e-02
1.651200800687910500e+15,2.454369260617100465e-02
1.651200800689927000e+15,2.454369260617100812e-02
1.651200800691943500e+15,2.454369260617099077e-02
1.651200800693959750e+15,2.454369260617082077e-02
1.651200800695976250e+15,2.454369260617065771e-02
1.651200800697992750e+15,2.454369260617049464e-02
1.651200800700009000e+15,2.454369260617032811e-02
1.651200800702025500e+15,2.454369260617016504e-02
1.651200800704042000e+15,2.454369260617011647e-02
1.651200800706058250e+15,2.454369260617025872e-02
1.651200800708074750e+15,2.454369260617039750e-02
1.651200800710091250e+15,2.454369260617053974e-02
1.651200800712107500e+15,2.454369260617068546e-02
1.651200800714124000e+15,2.454369260617082771e-02
1.651200800716140250e+15,2.454369260617096649e-02
1.651200800718156750e+15,2.375659743549672978e-02
1.651200800720173250e+15,2.265343329185489848e-02
1.651200800722189500e+15,2.155040591540171441e-02
1.651200800724206000e+15,2.044724177175988658e-02
1.651200800726222500e+15,1.934407762811805875e-02
1.651200800728238750e+15,1.859318567479964490e-02
1.651200800730255250e+15,1.982006609473864825e-02
1.651200800732271750e+15,2.104694651467765160e-02
1.651200800734288000e+15,2.227367482943194005e-02
1.651200800736304500e+15,2.350055524937094686e-02
1.651200800738321000e+15,2.437042951203582247e-02
1.651200800740337250e+15,2.321366887114783076e-02
1.651200800742353750e+15,2.205676480054615668e-02
1.651200800744370250e+15,2.089986072994447566e-02
1.651200800746386500e+15,1.974310008905649089e-02
1.651200800748403000e+15,1.858619601845481681e-02
1.651200800750419250e+15,1.742943537756682509e-02
1.651200800752435750e+15,1.627253130696515102e-02
1.651200800754452250e+15,1.511562723636347347e-02
1.651200800756468500e+15,1.395886659547548349e-02
1.651200800758485000e+15,1.280196252487380941e-02
1.651200800760501500e+15,1.257286997020399914e-02
1.651200800762517750e+15,1.312842051375319799e-02
1.651200800764534250e+15,1.368403994143674654e-02
1.651200800766550750e+15,1.423965936912029856e-02
1.651200800768567000e+15,1.479520991266949567e-02
1.651200800770583500e+15,1.535082934035304422e-02
1.651200800772600000e+15,1.590644876803659624e-02
1.651200800774616250e+15,1.646199931158579335e-02
1.651200800776632750e+15,1.701761873926934537e-02
1.651200800778649250e+15,1.757323816695289392e-02
1.651200800780665500e+15,1.812878871050209104e-02
1.651200800782682000e+15,1.865260161598817149e-02
1.651200800784698250e+15,1.914427775676779894e-02
1.651200800786714750e+15,1.963601486173103400e-02
1.651200800788731250e+15,2.012775196669426558e-02
1.651200800790747500e+15,2.061942810747389304e-02
1.651200800792764000e+15,2.111116521243712463e-02
1.651200800794780500e+15,2.160290231740035968e-02
1.651200800796796750e+15,2.209457845817998367e-02
1.651200800798813250e+15,2.258631556314322220e-02
1.651200800800829750e+15,2.307805266810645378e-02
1.651200800802846000e+15,2.356972880888607777e-02
1.651200800804862500e+15,2.406146591384931283e-02
1.651200800806879000e+15,2.454369260617007137e-02
1.651200800808895250e+15,2.454369260617030729e-02
1.651200800810911750e+15,2.454369260617054668e-02
1.651200800812928250e+15,2.454369260617078261e-02
1.651200800814944500e+15,2.454369260617100465e-02
1.651200800816961000e+15,2.454369260617085893e-02
1.651200800818977250e+15,2.454369260617071322e-02
1.651200800820993750e+15,2.454369260617057097e-02
1.651200800823010250e+15,2.454369260617042525e-02
1.651200800825026500e+15,2.454369260617028300e-02
1.651200800827043000e+15,2.454369260617013729e-02
1.651200800829059500e+15,2.354366025811889876e-02
1.651200800831075750e+15,2.158891937420405471e-02
1.651200800833092250e+15,1.963393611696200719e-02
1.651200800835108750e+15,1.767895285971995967e-02
1.651200800837125000e+15,1.572421197580511909e-02
1.651200800839141500e+15,1.376922871856306983e-02
1.651200800841158000e+15,1.227184630308558733e-02
1.651200800843174250e+15,1.227184630308559253e-02
1.651200800845190750e+15,1.227184630308559600e-02
1.651200800847207250e+15,1.227184630308560120e-02
1.651200800849223500e+15,1.227184630308560467e-02
1.651200800851240000e+15,1.227184630308560814e-02
1.651200800853256250e+15,1.227184630308561161e-02
1.651200800855272750e+15,1.227184630308561855e-02
1.651200800857289250e+15,1.227184630308562202e-02
1.651200800859305500e+15,1.227184630308562549e-02
1.651200800861322000e+15,1.227184630308562896e-02
1.651200800863338500e+15,1.227184630308563416e-02
1.651200800865354750e+15,1.227184630308563937e-02
1.651200800867371250e+15,1.227184630308564284e-02
1.651200800869387750e+15,1.284068228177574419e-02
1.651200800871404000e+15,1.349578183455821430e-02
1.651200800873420500e+15,1.415096261481158316e-02
1.651200800875437000e+15,1.480614339506495375e-02
1.651200800877453250e+15,1.546124294784742559e-02
1.651200800879469750e+15,1.611642372810079271e-02
1.651200800881486250e+15,1.677160450835416330e-02
1.651200800883502500e+15,1.742670406113663514e-02
1.651200800885519000e+15,1.808188484139000227e-02
1.651200800887535250e+15,1.927865110938345450e-02
1.651200800889551750e+15,2.101181948521832141e-02
1.651200800891568250e+15,2.274498786105318138e-02
1.651200800893584500e+15,2.447794136354614070e-02
1.651200800895601000e+15,2.621110973938100067e-02
1.651200800897617500e+15,2.794427811521586758e-02
1.651200800899633750e+15,2.967723161770881996e-02
1.651200800901650250e+15,3.136480996044418990e-02
1.651200800903666750e+15,3.298985448829889339e-02
1.651200800905683000e+15,3.461469754770233470e-02
1.651200800907699500e+15,3.623974207555703125e-02
1.651200800909716000e+15,3.786478660341173474e-02
1.651200800911732250e+15,3.948962966281517606e-02
1.651200800913748750e+15,4.111467419066987261e-02
1.651200800915765250e+15,4.273971871852457610e-02
1.651200800917781500e+15,4.436456177792802436e-02
1.651200800919798000e+15,4.598960630578272091e-02
1.651200800921814250e+15,4.761444936518616222e-02
1.651200800923830750e+15,4.940227251382313389e-02
1.651200800925847250e+15,5.276635327377030699e-02
1.651200800927863500e+15,5.613001696444398780e-02
1.651200800929880000e+15,5.949409772439115396e-02
1.651200800931896500e+15,6.285817848433832011e-02
1.651200800933912750e+15,6.622184217501199399e-02
1.651200800935929250e+15,6.679176150989790672e-02
1.651200800937945750e+15,6.565999027412514066e-02
1.651200800939962000e+15,6.452835935216783003e-02
1.651200800941978500e+15,6.339658811639505009e-02
1.651200800943995000e+15,6.226481688062227016e-02
1.651200800946011250e+15,6.113318595866497340e-02
1.651200800948027750e+15,6.000141472289218653e-02
1.651200800950044250e+15,5.886964348711939965e-02
1.651200800952060500e+15,5.773801256516210290e-02
1.651200800954077000e+15,5.660624132938932296e-02
1.651200800956093250e+15,5.547461040743202620e-02
1.651200800958109750e+15,5.705259940226783261e-02
1.651200800960126250e+15,5.940400362786379951e-02
1.651200800962142500e+15,6.175511633297556258e-02
1.651200800964159000e+15,6.410652055857153642e-02
1.651200800966175500e+15,6.645792478416749638e-02
1.651200800968191750e+15,6.696910167773474643e-02
1.651200800970208250e+15,6.602764540723171649e-02
1.651200800972224750e+15,6.508618913672870043e-02
1.651200800974241000e+15,6.414484958532690184e-02
1.651200800976257500e+15,6.320339331482388578e-02
1.651200800978274000e+15,6.226193704432085585e-02
1.651200800980290250e+15,6.132059749291905726e-02
1.651200800982306750e+15,6.037914122241603426e-02
1.651200800984323250e+15,5.943768495191301127e-02
1.651200800986339500e+15,5.849634540051121268e-02
1.651200800988356000e+15,5.755488913000818968e-02
1.651200800990372250e+15,5.661354957860639803e-02
1.651200800992388750e+15,5.567209330810336809e-02
1.651200800994405250e+15,5.522330836388267272e-02
1.651200800996421500e+15,5.522330836388266578e-02
1.651200800998438000e+15,5.522330836388267272e-02
1.651200801000454500e+15,5.522330836388267272e-02
1.651200801002470750e+15,5.522330836388267272e-02
1.651200801004487250e+15,5.522330836388266578e-02
1.651200801006503750e+15,5.522330836388267272e-02
1.651200801008520000e+15,5.522330836388279762e-02
1.651200801010536500e+15,5.522330836388295028e-02
1.651200801012553000e+15,5.522330836388309599e-02
1.651200801014569250e+15,5.522330836388323477e-02
1.651200801016585750e+15,5.522330836388338049e-02
1.651200801018602250e+15,5.522330836388353315e-02
1.651200801020618500e+15,5.604941848701745083e-02
1.651200801022635000e+15,5.710208898515298226e-02
1.651200801024651250e+15,5.815462897616006932e-02
1.651200801026667750e+15,5.920729947429560075e-02
1.651200801028684250e+15,6.025996997243113912e-02
1.651200801030700500e+15,6.131250996343821924e-02
1.651200801032717000e+15,6.193060118359162980e-02
1.651200801034733500e+15,6.252850825980141303e-02
1.651200801036749750e+15,6.312634120917307023e-02
1.651200801038766250e+15,6.372424828538283959e-02
1.651200801040782750e+15,6.432215536159263669e-02
1.651200801042799000e+15,6.491998831096428002e-02
1.651200801044815500e+15,6.551789538717404937e-02
1.651200801046832000e+15,6.611580246338383260e-02
1.651200801048848250e+15,6.671363541275550368e-02
1.651200801050864750e+15,6.731154248896527303e-02
1.651200801052881250e+15,6.749515466696819066e-02
1.651200801054897500e+15,6.749515466696820454e-02
1.651200801056914000e+15,6.749515466696820454e-02
1.651200801058930250e+15,6.749515466696820454e-02
1.651200801060946750e+15,6.749515466696820454e-02
1.651200801062963250e+15,6.749515466696819066e-02
1.651200801064979500e+15,6.749515466696820454e-02
1.651200801066996000e+15,6.749515466696820454e-02
1.651200801069012500e+15,6.749515466696820454e-02
1.651200801071028750e+15,6.749515466696820454e-02
1.651200801073045250e+15,6.755562586888030907e-02
1.651200801075061750e+15,6.807618159419838444e-02
1.651200801077078000e+15,6.859667278248131328e-02
1.651200801079094500e+15,6.911722850779938865e-02
1.651200801081111000e+15,6.963778423311745014e-02
1.651200801083127250e+15,7.015827542140037898e-02
1.651200801085143750e+15,7.067883114671844047e-02
1.651200801087160250e+15,7.119938687203651584e-02
1.651200801089176500e+15,7.171987806031945856e-02
1.651200801091193000e+15,7.224043378563752005e-02
1.651200801093209250e+15,7.276092497392046277e-02
1.651200801095225750e+15,7.328148069923852426e-02
1.651200801097242250e+15,7.344022181798876003e-02
1.651200801099258500e+15,7.285915211462595797e-02
1.651200801101275000e+15,7.227801036294285997e-02
1.651200801103291500e+15,7.169686861125974808e-02
1.651200801105307750e+15,7.111579890789695990e-02
1.651200801107324250e+15,7.053465715621384802e-02
1.651200801109340750e+15,6.995351540453073613e-02
1.651200801111357000e+15,6.937244570116794795e-02
1.651200801113373500e+15,6.879130394948483607e-02
1.651200801115390000e+15,6.821016219780172418e-02
1.651200801117406250e+15,6.762909249443893600e-02
1.651200801119422750e+15,6.588748581928466352e-02
1.651200801121439250e+15,6.379831924518840347e-02
1.651200801123455500e+15,6.170941168008967082e-02
1.651200801125472000e+15,5.962024510599341076e-02
1.651200801127488250e+15,5.753133754089469198e-02
1.651200801129504750e+15,5.544217096679843887e-02
1.651200801131521250e+15,5.652240475275155385e-02
1.651200801133537500e+15,5.797334124024916546e-02
1.651200801135554000e+15,5.942445763307692419e-02
1.651200801137570500e+15,6.087557402590466904e-02
1.651200801139586750e+15,6.232651051340228759e-02
1.651200801141603250e+15,6.377762690623003938e-02
1.651200801143619750e+15,6.522874329905778423e-02
1.651200801145636000e+15,6.667967978655542360e-02
1.651200801147652500e+15,6.813079617938315458e-02
1.651200801149669000e+15,6.958191257221091330e-02
1.651200801151685250e+15,7.103284905970853880e-02
1.651200801153701750e+15,7.248396545253628365e-02
1.651200801155718250e+15,7.393508184536402850e-02
1.651200801157734500e+15,7.538601833286165399e-02
1.651200801159751000e+15,7.683713472568939884e-02
1.651200801161767250e+15,7.828807121318702433e-02
1.651200801163783750e+15,7.973918760601476918e-02
1.651200801165800250e+15,8.119030399884251403e-02
1.651200801167816500e+15,8.264124048634013953e-02
1.651200801169833000e+15,8.409235687916789825e-02
1.651200801171849500e+15,8.554347327199564310e-02
1.651200801173865750e+15,8.590292412159529489e-02
1.651200801175882250e+15,8.590292412159547530e-02
1.651200801177898750e+15,8.590292412159565572e-02
1.651200801179915000e+15,8.590292412159585000e-02
1.651200801181931500e+15,8.590292412159603042e-02
1.651200801183948000e+15,8.590292412159604429e-02
1.651200801185964250e+15,8.590292412159605817e-02
1.651200801187980750e+15,8.590292412159605817e-02
1.651200801189997250e+15,8.590292412159605817e-02
1.651200801192013500e+15,8.590292412159605817e-02
1.651200801194030000e+15,8.590292412159605817e-02
1.651200801196046250e+15,8.590292412159605817e-02
1.651200801198062750e+15,8.590292412159605817e-02
1.651200801200079250e+15,8.590292412159605817e-02
1.651200801202095500e+15,8.590292412159605817e-02
1.651200801204112000e+15,8.590292412159604429e-02
1.651200801206128500e+15,8.590292412159605817e-02
1.651200801208144750e+15,8.638614628167050336e-02
1.651200801210161250e+15,8.856239973960487732e-02
1.651200801212177750e+15,9.073865319753923742e-02
1.651200801214194000e+15,9.291463684968910564e-02
1.651200801216210500e+15,9.509089030762346573e-02
1.651200801218227000e+15,9.726714376555783970e-02
1.651200801220243250e+15,9.817477042468149284e-02
1.651200801222259750e+15,9.817477042468147896e-02
1.651200801224276250e+15,9.817477042468147896e-02
1.651200801226292500e+15,9.817477042468147896e-02
1.651200801228309000e+15,9.817477042468147896e-02
1.651200801230325250e+15,9.789446426871406537e-02
1.651200801232341750e+15,9.674385385953689076e-02
1.651200801234358250e+15,9.559324345035971615e-02
1.651200801236374500e+15,9.444277569062578537e-02
1.651200801238391000e+15,9.329216528144859688e-02
1.651200801240407500e+15,9.214155487227142227e-02
1.651200801242423750e+15,9.099108711253749149e-02
1.651200801244440250e+15,8.984047670336031688e-02
1.651200801246456750e+15,8.868986629418312839e-02
1.651200801248473000e+15,8.753939853444921149e-02
1.651200801250489500e+15,8.638878812527202300e-02
1.651200801252506000e+15,8.717047451995459106e-02
1.651200801254522250e+15,8.936420712999081084e-02
1.651200801256538750e+15,9.155821174655026651e-02
1.651200801258555250e+15,9.375221636310973605e-02
1.651200801260571500e+15,9.594594897314595583e-02
1.651200801262588000e+15,9.813995358970541150e-02
1.651200801264604250e+15,9.817477042468182591e-02
1.651200801266620750e+15,9.817477042468181203e-02
1.651200801268637250e+15,9.817477042468181203e-02
1.651200801270653500e+15,9.817477042468181203e-02
1.651200801272670000e+15,9.817477042468181203e-02
1.651200801274686500e+15,9.817477042468181203e-02
1.651200801276702750e+15,9.897439237683063051e-02
1.651200801278719250e+15,1.005744297536682319e-01
1.651200801280735750e+15,1.021744671305058194e-01
1.651200801282752000e+15,1.037743061392084193e-01
1.651200801284768500e+15,1.029100626720702988e-01
1.651200801286785000e+15,1.008031083876792244e-01
1.651200801288801250e+15,9.869641531755599106e-02
1.651200801290817750e+15,9.658946103316493059e-02
1.651200801292834250e+15,9.448250674877387012e-02
1.651200801294850500e+15,9.237581367865063675e-02
1.651200801296867000e+15,9.290312647479387342e-02
1.651200801298883250e+15,9.393181770285677357e-02
1.651200801300899750e+15,9.496063648097893828e-02
1.651200801302916250e+15,9.598945525910110299e-02
1.651200801304932500e+15,9.701814648716400313e-02
1.651200801306949000e+15,9.804696526528619560e-02
1.651200801308965500e+15,9.907578404340836031e-02
1.651200801310981750e+15,1.001044752714712466e-01
1.651200801312998250e+15,1.011332940495934390e-01
1.651200801315014750e+15,1.021621128277156038e-01
1.651200801317031000e+15,1.031908040557785039e-01
1.651200801319047500e+15,1.042196228339006686e-01
1.651200801321064000e+15,1.037366707354576700e-01
1.651200801323080250e+15,1.031069789222395366e-01
1.651200801325096750e+15,1.024772090319211737e-01
1.651200801327113250e+15,1.018474391416028246e-01
1.651200801329129500e+15,1.012177473283846912e-01
1.651200801331146000e+15,1.005879774380663422e-01
1.651200801333162250e+15,9.995828562484820878e-02
1.651200801335178750e+15,9.932851573452985972e-02
1.651200801337195250e+15,9.869874584421149677e-02
1.651200801339211500e+15,9.833478660240116409e-02
1.651200801341228000e+15,9.928802920911034002e-02
1.651200801343244500e+15,1.002412718158195160e-01
1.651200801345260750e+15,1.011943962421906484e-01
1.651200801347277250e+15,1.021476388488998105e-01
1.651200801349293750e+15,1.031008814556089864e-01
1.651200801351310000e+15,1.040540058819801189e-01
1.651200801353326500e+15,1.043106935762241061e-01
1.651200801355343000e+15,1.043106935762240783e-01
1.651200801357359250e+15,1.043106935762240645e-01
1.651200801359375750e+15,1.043106935762240228e-01
1.651200801361392250e+15,1.043106935762239951e-01
1.651200801363408500e+15,1.043106935762239673e-01
1.651200801365425000e+15,1.043106935762239396e-01
1.651200801367441250e+15,1.043106935762239118e-01
1.651200801369457750e+15,1.043106935762239118e-01
1.651200801371474250e+15,1.043106935762239118e-01
1.651200801373490500e+15,1.043106935762239118e-01
1.651200801375507000e+15,1.043106935762239118e-01
1.651200801377523500e+15,1.043106935762239118e-01
1.651200801379539750e+15,1.043106935762239118e-01
1.651200801381556250e+15,1.040503813378286652e-01
1.651200801383572750e+15,1.035884058670044627e-01
1.651200801385589000e+15,1.031264876706001477e-01
1.651200801387605500e+15,1.026645121997759452e-01
1.651200801389622000e+15,1.022025367289517428e-01
1.651200801391638250e+15,1.017406185325474277e-01
1.651200801393654750e+15,1.012786430617232253e-01
1.651200801395671250e+15,1.008166675908990229e-01
1.651200801397687500e+15,1.003547493944947078e-01
1.651200801399704000e+15,9.989277392367050534e-02
1.651200801401720250e+15,9.943085572726619026e-02
1.651200801403736750e+15,9.896888025644198783e-02
1.651200801405753250e+15,9.850690478561777152e-02
1.651200801407769500e+15,9.841885444022487051e-02
1.651200801409786000e+15,9.928769012838477293e-02
1.651200801411802500e+15,1.001565258165446615e-01
1.651200801413818750e+15,1.010252537888989555e-01
1.651200801415835250e+15,1.018940894770588440e-01
1.651200801417851750e+15,1.027629251652187325e-01
1.651200801419868000e+15,1.036316531375730127e-01
1.651200801421884500e+15,1.043106935762241338e-01
1.651200801423901000e+15,1.043106935762241061e-01
1.651200801425917250e+15,1.043106935762240922e-01
1.651200801427933750e+15,1.043106935762240783e-01
1.651200801429950250e+15,1.043106935762240506e-01
1.651200801431966500e+15,1.043106935762240506e-01
1.651200801433983000e+15,1.043106935762240228e-01
1.651200801435999250e+15,1.043106935762239951e-01
1.651200801438015750e+15,1.043106935762239812e-01
1.651200801440032250e+15,1.043106935762239673e-01
1.651200801442048500e+15,1.043106935762239534e-01
1.651200801444065000e+15,1.043106935762239396e-01
1.651200801446081500e+15,1.043106935762239257e-01
1.651200801448097750e+15,1.043106935762239396e-01
1.651200801450114250e+15,1.043106935762239534e-01
1.651200801452130750e+15,1.043106935762239673e-01
1.651200801454147000e+15,1.043106935762239951e-01
1.651200801456163500e+15,1.043106935762240089e-01
1.651200801458180000e+15,1.043106935762240228e-01
1.651200801460196250e+15,1.043106935762240367e-01
1.651200801462212750e+15,1.043106935762240506e-01
1.651200801464229250e+15,1.043106935762240783e-01
1.651200801466245500e+15,1.043106935762240922e-01
1.651200801468262000e+15,1.043106935762240922e-01
1.651200801470278250e+15,1.043106935762241061e-01
1.651200801472294750e+15,1.043106935762241338e-01
1.651200801474311250e+15,1.043106935762241338e-01
1.651200801476327500e+15,1.043106935762241338e-01
1.651200801478344000e+15,1.043106935762241338e-01
1.651200801480360500e+15,1.043106935762241338e-01
1.651200801482376750e+15,1.043106935762241338e-01
1.651200801484393250e+15,1.043106935762241338e-01
1.651200801486409750e+15,1.043106935762241338e-01
1.651200801488426000e+15,1.043106935762241338e-01
1.651200801490442500e+15,1.043106935762241338e-01
1.651200801492459000e+15,1.043106935762241338e-01
1.651200801494475250e+15,1.043106935762241338e-01
1.651200801496491750e+15,1.043106935762241200e-01
1.651200801498508250e+15,1.043106935762241338e-01
1.651200801500524500e+15,1.038736631123127196e-01
1.651200801502541000e+15,1.033548100475630144e-01
1.651200801504557250e+15,1.028360213087573388e-01
1.651200801506573750e+15,1.023171682440076335e-01
1.651200801508590250e+15,1.017983151792579144e-01
1.651200801510606500e+15,1.012795264404522666e-01
1.651200801512623000e+15,1.007606733757025474e-01
1.651200801514639500e+15,1.002418203109528144e-01
1.651200801516655750e+15,9.972303157214718050e-02
1.651200801518672250e+15,9.920417850739746135e-02
1.651200801520688750e+15,9.868532544264774220e-02
1.651200801522705000e+15,9.821950376478959244e-02
1.651200801524721500e+15,1.010384031500613511e-01
1.651200801526738000e+15,1.038573025353330959e-01
1.651200801528754250e+15,1.066758524413852494e-01
1.651200801530770750e+15,1.094947518266569941e-01
1.651200801532787250e+15,1.123136512119287389e-01
1.651200801534803500e+15,1.151322011179808924e-01
1.651200801536820000e+15,1.156310506345323980e-01
1.651200801538836250e+15,1.136714590208631609e-01
1.651200801540852750e+15,1.117116244324123236e-01
1.651200801542869250e+15,1.097517898439614864e-01
1.651200801544885500e+15,1.077921982302922493e-01
1.651200801546902000e+15,1.058323636418414260e-01
1.651200801548918500e+15,1.038725290533905887e-01
1.651200801550934750e+15,1.019129374397213517e-01
1.651200801552951250e+15,9.995310285127051442e-02
1.651200801554967750e+15,9.838233924064879177e-02
1.651200801556984000e+15,1.006233599913594345e-01
1.651200801559000500e+15,1.028646586119709716e-01
1.651200801561017000e+15,1.051059572325825087e-01
1.651200801563033250e+15,1.073469779832931514e-01
1.651200801565049750e+15,1.095882766039046885e-01
1.651200801567066250e+15,1.104466167277664418e-01
1.651200801569082500e+15,1.104466167277664557e-01
1.651200801571099000e+15,1.104466167277664557e-01
1.651200801573115250e+15,1.104466167277664557e-01
1.651200801575131750e+15,1.104466167277664557e-01
1.651200801577148250e+15,1.104466167277664557e-01
1.651200801579164500e+15,1.104466167277664418e-01
1.651200801581181000e+15,1.104466167277664557e-01
1.651200801583197500e+15,1.104466167277664557e-01
1.651200801585213750e+15,1.104466167277664557e-01
1.651200801587230250e+15,1.104466167277664557e-01
1.651200801589246750e+15,1.105851073862316597e-01
1.651200801591263000e+15,1.113146483140708548e-01
1.651200801593279500e+15,1.120442796995576584e-01
1.651200801595296000e+15,1.127739110850444620e-01
1.651200801597312250e+15,1.135034520128836572e-01
1.651200801599328750e+15,1.142330833983704608e-01
1.651200801601345250e+15,1.149627147838572505e-01
1.651200801603361500e+15,1.156922557116964456e-01
1.651200801605378000e+15,1.164218870971832492e-01
1.651200801607394250e+15,1.161917749256870802e-01
1.651200801609410750e+15,1.156905966595219437e-01
1.651200801611427250e+15,1.151894183933567933e-01
1.651200801613443500e+15,1.146883022618638837e-01
1.651200801615460000e+15,1.141871239956987333e-01
1.651200801617476500e+15,1.136859457295335829e-01
1.651200801619492750e+15,1.131848295980406593e-01
1.651200801621509250e+15,1.126836513318755228e-01
1.651200801623525750e+15,1.121824730657103864e-01
1.651200801625542000e+15,1.116813569342174489e-01
1.651200801627558500e+15,1.111801786680523124e-01
1.651200801629575000e+15,1.106790004018871759e-01
1.651200801631591250e+15,1.099380335995483599e-01
1.651200801633607750e+15,1.089895407643559216e-01
1.651200801635624250e+15,1.080410479291635112e-01
1.651200801637640500e+15,1.070926726854458111e-01
1.651200801639657000e+15,1.061441798502534006e-01
1.651200801641673250e+15,1.051958046065357283e-01
1.651200801643689750e+15,1.044432598171525367e-01
1.651200801645706250e+15,1.064270804095985845e-01
1.651200801647722500e+15,1.084106550535456903e-01
1.651200801649739000e+15,1.103944756459917381e-01
1.651200801651755500e+15,1.123782962384377859e-01
1.651200801653771750e+15,1.143618708823848917e-01
1.651200801655788250e+15,1.163456914748309257e-01
1.651200801657804750e+15,1.162412334785969392e-01
1.651200801659821000e+15,1.158537019958786468e-01
1.651200801661837500e+15,1.154661224621395532e-01
1.651200801663854000e+15,1.150785429284004457e-01
1.651200801665870250e+15,1.146910114456821672e-01
1.651200801667886750e+15,1.143034319119430597e-01
1.651200801669903250e+15,1.139158523782039523e-01
1.651200801671919500e+15,1.135283208954856599e-01
1.651200801673936000e+15,1.131407413617465663e-01
1.651200801675952250e+15,1.127532098790282739e-01
1.651200801677968750e+15,1.123656303452891803e-01
1.651200801679985250e+15,1.119780508115500867e-01
1.651200801682001500e+15,1.115905193288317943e-01
1.651200801684018000e+15,1.112029397950926729e-01
1.651200801686034500e+15,1.108153602613535793e-01
1.651200801688050750e+15,1.104150407083896168e-01
1.651200801690067250e+15,1.097636540784824866e-01
1.651200801692083750e+15,1.091122674485753286e-01
1.651200801694100000e+15,1.084609615757510248e-01
1.651200801696116500e+15,1.078095749458438946e-01
1.651200801698133000e+15,1.071581883159367504e-01
1.651200801700149250e+15,1.065068824431124189e-01
1.651200801702165750e+15,1.058554958132052887e-01
1.651200801704182250e+15,1.052041091832981723e-01
1.651200801706198500e+15,1.045528033104738269e-01
1.651200801708215000e+15,1.046639866747469672e-01
1.651200801710231250e+15,1.052262023100252325e-01
1.651200801712247750e+15,1.057884876558596310e-01
1.651200801714264250e+15,1.063507730016940156e-01
1.651200801716280500e+15,1.069129886369722948e-01
1.651200801718297000e+15,1.074752739828066794e-01
1.651200801720313500e+15,1.080375593286410918e-01
1.651200801722329750e+15,1.085997749639193433e-01
1.651200801724346250e+15,1.091620603097537417e-01
1.651200801726362750e+15,1.097243456555881541e-01
1.651200801728379000e+15,1.102865612908664056e-01
1.651200801730395500e+15,1.104466167277664418e-01
1.651200801732412000e+15,1.104466167277664002e-01
1.651200801734428250e+15,1.104466167277663724e-01
1.651200801736444750e+15,1.104466167277663446e-01
1.651200801738461250e+15,1.104466167277663169e-01
1.651200801740477500e+15,1.104466167277662753e-01
1.651200801742494000e+15,1.104466167277662475e-01
1.651200801744510250e+15,1.104466167277662336e-01
1.651200801746526750e+15,1.104466167277662336e-01
1.651200801748543250e+15,1.104466167277662475e-01
1.651200801750559500e+15,1.104466167277662336e-01
1.651200801752576000e+15,1.104466167277662336e-01
1.651200801754592500e+15,1.104466167277662336e-01
1.651200801756608750e+15,1.104466167277662336e-01
1.651200801758625250e+15,1.104466167277662475e-01
1.651200801760641750e+15,1.104466167277662336e-01
1.651200801762658000e+15,1.104466167277662336e-01
1.651200801764674500e+15,1.104466167277662197e-01
1.651200801766691000e+15,1.104466167277662059e-01
1.651200801768707250e+15,1.104466167277662059e-01
1.651200801770723750e+15,1.104466167277661920e-01
1.651200801772740250e+15,1.104466167277661642e-01
1.651200801774756500e+15,1.104466167277661504e-01
1.651200801776773000e+15,1.104466167277661504e-01
1.651200801778789250e+15,1.104466167277661504e-01
1.651200801780805750e+15,1.104466167277661226e-01
1.651200801782822250e+15,1.104466167277661087e-01
1.651200801784838500e+15,1.104466167277660948e-01
1.651200801786855000e+15,1.104466167277660948e-01
1.651200801788871500e+15,1.104466167277660671e-01
1.651200801790887750e+15,1.104466167277660671e-01
1.651200801792904250e+15,1.104466167277660532e-01
1.651200801794920750e+15,1.104466167277660393e-01
1.651200801796937000e+15,1.104466167277660116e-01
1.651200801798953500e+15,1.103474874323439603e-01
1.651200801800970000e+15,1.098628953736323355e-01
1.651200801802986250e+15,1.093783633932815524e-01
1.651200801805002750e+15,1.088937713345699138e-01
1.651200801807019250e+15,1.084091792758582751e-01
1.651200801809035500e+15,1.079246472955075198e-01
1.651200801811052000e+15,1.074400552367958672e-01
1.651200801813068250e+15,1.069555232564450981e-01
1.651200801815084750e+15,1.064709311977334594e-01
1.651200801817101250e+15,1.059863391390218207e-01
1.651200801819117500e+15,1.055018071586710515e-01
1.651200801821134000e+15,1.050172150999594267e-01
1.651200801823150500e+15,1.045326230412477880e-01
1.651200801825166750e+15,1.048611886520736947e-01
1.651200801827183250e+15,1.058770416106192408e-01
1.651200801829199750e+15,1.068928945691647731e-01
1.651200801831216000e+15,1.079086215851168956e-01
1.651200801833232500e+15,1.089244745436624140e-01
1.651200801835249000e+15,1.099403275022079601e-01
1.651200801837265250e+15,1.104466167277662336e-01
1.651200801839281750e+15,1.104466167277662336e-01
1.651200801841298250e+15,1.104466167277662336e-01
1.651200801843314500e+15,1.104466167277662336e-01
1.651200801845331000e+15,1.104466167277662336e-01
1.651200801847347250e+15,1.104466167277662336e-01
1.651200801849363750e+15,1.104466167277662336e-01
1.651200801851380250e+15,1.104466167277662336e-01
1.651200801853396500e+15,1.104466167277662336e-01
1.651200801855413000e+15,1.104466167277662336e-01
1.651200801857429500e+15,1.104466167277662336e-01
1.651200801859445750e+15,1.104466167277662197e-01
1.651200801861462250e+15,1.104466167277662059e-01
1.651200801863478750e+15,1.104466167277661781e-01
1.651200801865495000e+15,1.104466167277661504e-01
1.651200801867511500e+15,1.104466167277661087e-01
1.651200801869528000e+15,1.104466167277660671e-01
1.651200801871544250e+15,1.104466167277660255e-01
1.651200801873560750e+15,1.104466167277660255e-01
1.651200801875577250e+15,1.104466167277660393e-01
1.651200801877593500e+15,1.104466167277660532e-01
1.651200801879610000e+15,1.104466167277660948e-01
1.651200801881626250e+15,1.104466167277661087e-01
1.651200801883642750e+15,1.104466167277661226e-01
1.651200801885659250e+15,1.104466167277661504e-01
1.651200801887675500e+15,1.104466167277661920e-01
1.651200801889692000e+15,1.104466167277662059e-01
1.651200801891708500e+15,1.104466167277662336e-01
1.651200801893724750e+15,1.104466167277661920e-01
1.651200801895741250e+15,1.104466167277661642e-01
1.651200801897757750e+15,1.104466167277661087e-01
1.651200801899774000e+15,1.104466167277660671e-01
1.651200801901790500e+15,1.104466167277660255e-01
1.651200801903807000e+15,1.104466167277660255e-01
1.651200801905823250e+15,1.104466167277660671e-01
1.651200801907839750e+15,1.104466167277660671e-01
1.651200801909856250e+15,1.104466167277661226e-01
1.651200801911872500e+15,1.104466167277661226e-01
1.651200801913889000e+15,1.104466167277661642e-01
1.651200801915905250e+15,1.104466167277661781e-01
1.651200801917921750e+15,1.104466167277662059e-01
1.651200801919938250e+15,1.104466167277662336e-01
1.651200801921954500e+15,1.104466167277662336e-01
1.651200801923971000e+15,1.104466167277662336e-01
1.651200801925987500e+15,1.104466167277662197e-01
1.651200801928003750e+15,1.104466167277662336e-01
1.651200801930020250e+15,1.104466167277662336e-01
1.651200801932036750e+15,1.104466167277662336e-01
1.651200801934053000e+15,1.104466167277662336e-01
1.651200801936069500e+15,1.104466167277662475e-01
1.651200801938086000e+15,1.104466167277662336e-01
1.651200801940102250e+15,1.104466167277662336e-01
1.651200801942118750e+15,1.102771951000875578e-01
1.651200801944135250e+15,1.094352019707860724e-01
1.651200801946151500e+15,1.085933132294252534e-01
1.651200801948168000e+15,1.077513201001237819e-01
1.651200801950184250e+15,1.069094313587629630e-01
1.651200801952200750e+15,1.060674382294614915e-01
1.651200801954217250e+15,1.052254451001600200e-01
1.651200801956233500e+15,1.043835563587992149e-01
1.651200801958250000e+15,1.050195728063506584e-01
1.651200801960266500e+15,1.057956069906886565e-01
1.651200801962282750e+15,1.065715449644905333e-01
1.651200801964299250e+15,1.073475791488285452e-01
1.651200801966315750e+15,1.081236133331665572e-01
1.651200801968332000e+15,1.088995513069684340e-01
1.651200801970348500e+15,1.096755854913064321e-01
1.651200801972365000e+15,1.104408896312003147e-01
1.651200801974381250e+15,1.095526389811215390e-01
1.651200801976397750e+15,1.086642781945703490e-01
1.651200801978414250e+15,1.077759174080191451e-01
1.651200801980430500e+15,1.068876667579403694e-01
1.651200801982447000e+15,1.059993059713891655e-01
1.651200801984463250e+15,1.051110553213103899e-01
1.651200801986479750e+15,1.043106935762239118e-01
1.651200801988496250e+15,1.043106935762239118e-01
1.651200801990512500e+15,1.043106935762239118e-01
1.651200801992529000e+15,1.043106935762239118e-01
1.651200801994545500e+15,1.043106935762239118e-01
1.651200801996561750e+15,1.043106935762239118e-01
1.651200801998578250e+15,1.043106935762239118e-01
1.651200802000594750e+15,1.043106935762239118e-01
1.651200802002611000e+15,1.043106935762239257e-01
1.651200802004627500e+15,1.043106935762239257e-01
1.651200802006644000e+15,1.043106935762239257e-01
1.651200802008660250e+15,1.043106935762239257e-01
1.651200802010676750e+15,1.043106935762239257e-01
1.651200802012693250e+15,1.043106935762239396e-01
1.651200802014709500e+15,1.043106935762239396e-01
1.651200802016726000e+15,1.043106935762239257e-01
1.651200802018742250e+15,1.043106935762239118e-01
1.651200802020758750e+15,1.043106935762239118e-01
1.651200802022775250e+15,1.043106935762239257e-01
1.651200802024791500e+15,1.046218039275796374e-01
1.651200802026808000e+15,1.052783753807547684e-01
1.651200802028824500e+15,1.059349468339298855e-01
1.651200802030840750e+15,1.065914368872223766e-01
1.651200802032857250e+15,1.072480083403974938e-01
1.651200802034873750e+15,1.079045797935726109e-01
1.651200802036890000e+15,1.085610698468651297e-01
1.651200802038906500e+15,1.092176413000402330e-01
1.651200802040923000e+15,1.098742127532153501e-01
1.651200802042939250e+15,1.103211335036701074e-01
1.651200802044955750e+15,1.093413196744741078e-01
1.651200802046972000e+15,1.083616273198416274e-01
1.651200802048988500e+15,1.073818134906456417e-01
1.651200802051005000e+15,1.064019996614496699e-01
1.651200802053021250e+15,1.054223073068171757e-01
1.651200802055037750e+15,1.044424934776211900e-01
1.651200802057054250e+15,1.043106935762230236e-01
1.651200802059070500e+15,1.043106935762230236e-01
1.651200802061087000e+15,1.043106935762230236e-01
1.651200802063103500e+15,1.043106935762230236e-01
1.651200802065119750e+15,1.043106935762230236e-01
1.651200802067136250e+15,1.043106935762230236e-01
1.651200802069152750e+15,1.037151018051010593e-01
1.651200802071169000e+15,9.974858848214586404e-02
1.651200802073185500e+15,9.578158334104773519e-02
1.651200802075202000e+15,9.181457819994959246e-02
1.651200802077218250e+15,8.784806487699442501e-02
1.651200802079234750e+15,8.388105973589628228e-02
1.651200802081251000e+15,7.991454641294110095e-02
1.651200802083267500e+15,7.644185355693879080e-02
1.651200802085284000e+15,7.298825594759224267e-02
1.651200802087300250e+15,6.953508650556647352e-02
1.651200802089316750e+15,6.608148889621993927e-02
1.651200802091333250e+15,6.262789128687339113e-02
1.651200802093349500e+15,6.560280935109971678e-02
1.651200802095366000e+15,7.231168799134735092e-02
1.651200802097382500e+15,7.902056663159498506e-02
1.651200802099398750e+15,8.572861352393286449e-02
1.651200802101415250e+15,9.243749216418048475e-02
1.651200802103431750e+15,9.914637080442811889e-02
1.651200802105448000e+15,1.039381706772808112e-01
1.651200802107464500e+15,1.023192214839252906e-01
1.651200802109481000e+15,1.007002722905697700e-01
1.651200802111497250e+15,9.908152380998308528e-02
1.651200802113513750e+15,9.746257461662757859e-02
1.651200802115530000e+15,9.584382613604089385e-02
1.651200802117546500e+15,9.422487694268535940e-02
1.651200802119563000e+15,9.260592774932985272e-02
1.651200802121579250e+15,9.098717926874316797e-02
1.651200802123595750e+15,8.936823007538764740e-02
1.651200802125612250e+15,8.774928088203214072e-02
1.651200802127628500e+15,8.613053240144544209e-02
1.651200802129645000e+15,8.493526966517389587e-02
1.651200802131661500e+15,8.380931743702887959e-02
1.651200802133677750e+15,8.268350480127514834e-02
1.651200802135694250e+15,8.155755257313013207e-02
1.651200802137710750e+15,8.043160034498512967e-02
1.651200802139727000e+15,7.911893952731534341e-02
1.651200802141743500e+15,7.753683795433523318e-02
1.651200802143760000e+15,7.595473638135515071e-02
1.651200802145776250e+15,7.437283095287952617e-02
1.651200802147792750e+15,7.279072937989942982e-02
1.651200802149809000e+15,7.120882395142380528e-02
1.651200802151825500e+15,6.962672237844372281e-02
1.651200802153842000e+15,6.804462080546362646e-02
1.651200802155858250e+15,6.646271537698800191e-02
1.651200802157874750e+15,6.488061380400790557e-02
1.651200802159891250e+15,6.329851223102780922e-02
1.651200802161907500e+15,6.171660680255219161e-02
1.651200802163924000e+15,6.135923151542486964e-02
1.651200802165940500e+15,6.135923151542498760e-02
1.651200802167956750e+15,6.135923151542510556e-02
1.651200802169973250e+15,6.135923151542523046e-02
1.651200802171989750e+15,6.135923151542534149e-02
1.651200802174006000e+15,6.135923151542546639e-02
1.651200802176022500e+15,6.135923151542557741e-02
1.651200802178039000e+15,6.135923151542570231e-02
1.651200802180055250e+15,6.135923151542582721e-02
1.651200802182071750e+15,6.135923151542593823e-02
1.651200802184088000e+15,6.135923151542606313e-02
1.651200802186104500e+15,6.168996881912936631e-02
1.651200802188121000e+15,6.220437820819040703e-02
1.651200802190137250e+15,6.271872382222180853e-02
1.651200802192153750e+15,6.323313321128283537e-02
1.651200802194170250e+15,6.374754260034387610e-02
1.651200802196186500e+15,6.426188821437527066e-02
1.651200802198203000e+15,6.477629760343631138e-02
1.651200802200219500e+15,6.529070699249733822e-02
1.651200802202235750e+15,6.580505260652874666e-02
1.651200802204252250e+15,6.631946199558977351e-02
1.651200802206268750e+15,6.683387138465081423e-02
1.651200802208285000e+15,6.734821699868220879e-02
1.651200802210301500e+15,6.623525910716557275e-02
1.651200802212318000e+15,6.447158024819825417e-02
1.651200802214334250e+15,6.270812004517672955e-02
1.651200802216350750e+15,6.094444118620940404e-02
1.651200802218367000e+15,5.918098098318788636e-02
1.651200802220383500e+15,5.741730212422055390e-02
1.651200802222400000e+15,5.565362326525322839e-02
1.651200802224416250e+15,5.522330836388358172e-02
1.651200802226432750e+15,5.522330836388361641e-02
1.651200802228449250e+15,5.522330836388365805e-02
1.651200802230465500e+15,5.522330836388368580e-02
1.651200802232482000e+15,5.522330836388372743e-02
1.651200802234498500e+15,5.522330836388375519e-02
1.651200802236514750e+15,5.541647209261976043e-02
1.651200802238531250e+15,5.599118940578258485e-02
1.651200802240547750e+15,5.656590671894540234e-02
1.651200802242564000e+15,5.714055278027172641e-02
1.651200802244580500e+15,5.771527009343455084e-02
1.651200802246597000e+15,5.828998740659738220e-02
1.651200802248613250e+15,5.886463346792370627e-02
1.651200802250629750e+15,5.943935078108653070e-02
1.651200802252646000e+15,6.001399684241286170e-02
1.651200802254662500e+15,6.058871415557567919e-02
1.651200802256679000e+15,6.116343146873850362e-02
1.651200802258695250e+15,6.067841550130241568e-02
1.651200802260711750e+15,5.964560339486815743e-02
1.651200802262728250e+15,5.861279128843389918e-02
1.651200802264744500e+15,5.758010722714053398e-02
1.651200802266761000e+15,5.654729512070627573e-02
1.651200802268777500e+15,5.551448301427201748e-02
1.651200802270793750e+15,5.522330836388378295e-02
1.651200802272810250e+15,5.522330836388378295e-02
1.651200802274826750e+15,5.522330836388378295e-02
1.651200802276843000e+15,5.522330836388378295e-02
1.651200802278859500e+15,5.522330836388378295e-02
1.651200802280876000e+15,5.522330836388378295e-02
1.651200802282892250e+15,5.522330836388378295e-02
1.651200802284908750e+15,5.522330836388378988e-02
1.651200802286925000e+15,5.522330836388378295e-02
1.651200802288941500e+15,5.522330836388378295e-02
1.651200802290958000e+15,5.522330836388378295e-02
1.651200802292974250e+15,5.522330836388378295e-02
1.651200802294990750e+15,5.522330836388378295e-02
1.651200802297007250e+15,5.522330836388378295e-02
1.651200802299023500e+15,5.522330836388378295e-02
1.651200802301040000e+15,5.522330836388378295e-02
1.651200802303056500e+15,5.522330836388378295e-02
1.651200802305072750e+15,5.522330836388378295e-02
1.651200802307089250e+15,5.522330836388378295e-02
1.651200802309105750e+15,5.522330836388378988e-02
1.651200802311122000e+15,5.522330836388378295e-02
1.651200802313138500e+15,5.555376917423937577e-02
1.651200802315155000e+15,5.649965167825933554e-02
1.651200802317171250e+15,5.744541691442608261e-02
1.651200802319187750e+15,5.839129941844604238e-02
1.651200802321204000e+15,5.933706465461278945e-02
1.651200802323220500e+15,6.028294715863274228e-02
1.651200802325237000e+15,6.122882966265270899e-02
1.651200802327253250e+15,6.090995736133307525e-02
1.651200802329269750e+15,6.038876574233202621e-02
1.651200802331286250e+15,5.986757412333096329e-02
1.651200802333302500e+15,5.934644712020134549e-02
1.651200802335319000e+15,5.882525550120028951e-02
1.651200802337335500e+15,5.830406388219923353e-02
1.651200802339351750e+15,5.778293687906961573e-02
1.651200802341368250e+15,5.726174526006855281e-02
1.651200802343384750e+15,5.674055364106750377e-02
1.651200802345401000e+15,5.621942663793787209e-02
1.651200802347417500e+15,5.569823501893681611e-02
1.651200802349434000e+15,5.522330836388376213e-02
1.651200802351450250e+15,5.522330836388356090e-02
1.651200802353466750e+15,5.522330836388335273e-02
1.651200802355483000e+15,5.522330836388315151e-02
1.651200802357499500e+15,5.522330836388294334e-02
1.651200802359516000e+15,5.522330836388273517e-02
1.651200802361532250e+15,5.398091802848806187e-02
1.651200802363548750e+15,5.219302856456426581e-02
1.651200802365565250e+15,5.040513910064046976e-02
1.651200802367581500e+15,4.861747129422521602e-02
1.651200802369598000e+15,4.682958183030141996e-02
1.651200802371614500e+15,4.504169236637762391e-02
1.651200802373630750e+15,4.325402455996237017e-02
1.651200802375647250e+15,4.353352351377816343e-02
1.651200802377663750e+15,4.423415143195964794e-02
1.651200802379680000e+15,4.493469248826187368e-02
1.651200802381696500e+15,4.563532040644335819e-02
1.651200802383713000e+15,4.633594832462484964e-02
1.651200802385729250e+15,4.703648938092706844e-02
1.651200802387745750e+15,4.773711729910855989e-02
1.651200802389762000e+15,4.843765835541077869e-02
1.651200802391778500e+15,4.903654173147535544e-02
1.651200802393795000e+15,4.833670637881212068e-02
1.651200802395811250e+15,4.763695778976810569e-02
1.651200802397827750e+15,4.693712243710487786e-02
1.651200802399844250e+15,4.623728708444163615e-02
1.651200802401860500e+15,4.553753849539762810e-02
1.651200802403877000e+15,4.483770314273439334e-02
1.651200802405893500e+15,4.413786779007115857e-02
1.651200802407909750e+15,4.343811920102715052e-02
1.651200802409926250e+15,4.277660746576971568e-02
1.651200802411942750e+15,4.220258338620177380e-02
1.651200802413959000e+15,4.162863047252517851e-02
1.651200802415975500e+15,4.105460639295724357e-02
1.651200802417992000e+15,4.048058231338930169e-02
1.651200802420008250e+15,3.990662939971270640e-02
1.651200802422024750e+15,3.933260532014477145e-02
1.651200802424041000e+15,3.875865240646817617e-02
1.651200802426057500e+15,3.818462832690024122e-02
1.651200802428074000e+15,3.761060424733230628e-02
1.651200802430090250e+15,3.703665133365571099e-02
1.651200802432106750e+15,3.663547427054052175e-02
1.651200802434123250e+15,3.634259236373078850e-02
1.651200802436139500e+15,3.604974676759632735e-02
1.651200802438156000e+15,3.575686486078659410e-02
1.651200802440172500e+15,3.546398295397685391e-02
1.651200802442188750e+15,3.517113735784239970e-02
1.651200802444205250e+15,3.487825545103265257e-02
1.651200802446221750e+15,3.458537354422291932e-02
1.651200802448238000e+15,3.429252794808845817e-02
1.651200802450254500e+15,3.399964604127872492e-02
1.651200802452271000e+15,3.370676413446898473e-02
1.651200802454287250e+15,3.341391853833453052e-02
1.651200802456303750e+15,3.312103663152479033e-02
1.651200802458320000e+15,3.282819103539033612e-02
1.651200802460336500e+15,3.253530912858059593e-02
1.651200802462353000e+15,3.224242722177085574e-02
1.651200802464369250e+15,3.194958162563639459e-02
1.651200802466385750e+15,3.165669971882666134e-02
1.651200802468402250e+15,3.136381781201692115e-02
1.651200802470418500e+15,3.107097221588246694e-02
1.651200802472435000e+15,3.077809030907272328e-02
1.651200802474451500e+15,3.067961575771294136e-02
1.651200802476467750e+15,3.067961575771294136e-02
1.651200802478484250e+15,3.067961575771294136e-02
1.651200802480500750e+15,3.067961575771294136e-02
1.651200802482517000e+15,3.067961575771294136e-02
1.651200802484533500e+15,3.067961575771294483e-02
1.651200802486550000e+15,3.067961575771294136e-02
1.651200802488566250e+15,3.067961575771294136e-02
1.651200802490582750e+15,3.067961575771294136e-02
1.651200802492599000e+15,3.067961575771294136e-02
1.651200802494615500e+15,3.067961575771294136e-02
1.651200802496632000e+15,3.067961575771285115e-02
1.651200802498648250e+15,3.067961575771275401e-02
1.651200802500664750e+15,3.067961575771265686e-02
1.651200802502681250e+15,3.067961575771255972e-02
1.651200802504697500e+15,3.067961575771252503e-02
1.651200802506714000e+15,3.067961575771260829e-02
1.651200802508730500e+15,3.067961575771269503e-02
1.651200802510746750e+15,3.067961575771277483e-02
1.651200802512763250e+15,3.067961575771285809e-02
1.651200802514779750e+15,3.067961575771293789e-02
1.651200802516796000e+15,3.067961575771293789e-02
1.651200802518812500e+15,3.067961575771294136e-02
1.651200802520829000e+15,3.067961575771293442e-02
1.651200802522845250e+15,3.067961575771294136e-02
1.651200802524861750e+15,3.067961575771294136e-02
1.651200802526878000e+15,3.067961575771294136e-02
1.651200802528894500e+15,3.067961575771294136e-02
1.651200802530911000e+15,3.067961575771288932e-02
1.651200802532927250e+15,3.067961575771281646e-02
1.651200802534943750e+15,3.067961575771273319e-02
1.651200802536960250e+15,3.067961575771265686e-02
1.651200802538976500e+15,3.067961575771258401e-02
1.651200802540993000e+15,3.067961575771250421e-02
1.651200802543009500e+15,3.067961575771249727e-02
1.651200802545025750e+15,3.067961575771249727e-02
1.651200802547042250e+15,3.067961575771249727e-02
1.651200802549058750e+15,3.067961575771249727e-02
1.651200802551075000e+15,3.067961575771249727e-02
1.651200802553091500e+15,3.067961575771250421e-02
1.651200802555108000e+15,3.067961575771258401e-02
1.651200802557124250e+15,3.067961575771267074e-02
1.651200802559140750e+15,3.067961575771275401e-02
1.651200802561157000e+15,3.067961575771284075e-02
1.651200802563173500e+15,3.067961575771292401e-02
1.651200802565190000e+15,3.067961575771287891e-02
1.651200802567206250e+15,3.067961575771279911e-02
1.651200802569222750e+15,3.067961575771271932e-02
1.651200802571239250e+15,3.067961575771264299e-02
1.651200802573255500e+15,3.067961575771256319e-02
1.651200802575272000e+15,3.067961575771249380e-02
1.651200802577288500e+15,3.067961575771249727e-02
1.651200802579304750e+15,3.067961575771250074e-02
1.651200802581321250e+15,3.067961575771249727e-02
1.651200802583337750e+15,3.067961575771249727e-02
1.651200802585354000e+15,3.067961575771249727e-02
1.651200802587370500e+15,3.067961575771250074e-02
1.651200802589387000e+15,3.067961575771250074e-02
1.651200802591403250e+15,3.067961575771249727e-02
1.651200802593419750e+15,3.067961575771250421e-02
1.651200802595436000e+15,3.067961575771249727e-02
1.651200802597452500e+15,3.067961575771251115e-02
1.651200802599469000e+15,3.067961575771255278e-02
1.651200802601485250e+15,3.067961575771258748e-02
1.651200802603501750e+15,3.067961575771262911e-02
1.651200802605518250e+15,3.067961575771266727e-02
1.651200802607534500e+15,3.067961575771270544e-02
1.651200802609551000e+15,3.067961575771274360e-02
1.651200802611567500e+15,3.067961575771278523e-02
1.651200802613583750e+15,3.067961575771282340e-02
1.651200802615600250e+15,3.067961575771286156e-02
1.651200802617616750e+15,3.067961575771289973e-02
1.651200802619633000e+15,3.067961575771293789e-02
1.651200802621649500e+15,3.067961575771294136e-02
1.651200802623666000e+15,3.067961575771294136e-02
1.651200802625682250e+15,3.067961575771294136e-02
1.651200802627698750e+15,3.067961575771294136e-02
1.651200802629715000e+15,3.067961575771294136e-02
1.651200802631731500e+15,3.067961575771294136e-02
1.651200802633748000e+15,3.067961575771294483e-02
1.651200802635764250e+15,3.067961575771287891e-02
1.651200802637780750e+15,3.067961575771281299e-02
1.651200802639797250e+15,3.067961575771274707e-02
1.651200802641813500e+15,3.067961575771268462e-02
1.651200802643830000e+15,3.067961575771261523e-02
1.651200802645846500e+15,3.067961575771254931e-02
1.651200802647862750e+15,3.067961575771249727e-02
1.651200802649879250e+15,3.067961575771249727e-02
1.651200802651895750e+15,3.067961575771249727e-02
1.651200802653912000e+15,3.067961575771249727e-02
1.651200802655928500e+15,3.067961575771249727e-02
1.651200802657945000e+15,3.067961575771249727e-02
1.651200802659961250e+15,3.067961575771253196e-02
1.651200802661977750e+15,3.067961575771257360e-02
1.651200802663994000e+15,3.067961575771261523e-02
1.651200802666010500e+15,3.067961575771265686e-02
1.651200802668027000e+15,3.067961575771269850e-02
1.651200802670043250e+15,3.067961575771274013e-02
1.651200802672059750e+15,3.067961575771277830e-02
1.651200802674076250e+15,3.067961575771281993e-02
1.651200802676092500e+15,3.067961575771285809e-02
1.651200802678109000e+15,3.067961575771289973e-02
1.651200802680125500e+15,3.047067539651796692e-02
1.651200802682141750e+15,2.548516056504609995e-02
1.651200802684158250e+15,2.049902756682513844e-02
1.651200802686174750e+15,1.551289456860417693e-02
1.651200802688191000e+15,1.052737973713231343e-02
1.651200802690207500e+15,6.135923151543201323e-03
1.651200802692224000e+15,6.135923151543140608e-03
1.651200802694240250e+15,6.135923151543079893e-03
1.651200802696256750e+15,6.135923151543017443e-03
1.651200802698273000e+15,6.135923151542956727e-03
1.651200802700289500e+15,6.135923151542895145e-03
1.651200802702306000e+15,6.135923151542833562e-03
1.651200802704322250e+15,6.135923151542772847e-03
1.651200802706338750e+15,8.284660963055809693e-03
1.651200802708355250e+15,1.069351700025722961e-02
1.651200802710371500e+15,1.310207439426038477e-02
1.651200802712388000e+15,1.551093043146180468e-02
1.651200802714404500e+15,1.791978646866322286e-02
1.651200802716420750e+15,1.791213890564769678e-02
1.651200802718437250e+15,1.729050058997822978e-02
1.651200802720453750e+15,1.666886227430876277e-02
1.651200802722470000e+15,1.604730102760974775e-02
1.651200802724486500e+15,1.542566271194028074e-02
1.651200802726503000e+15,1.480402439627081027e-02
1.651200802728519250e+15,1.418246314957179524e-02
1.651200802730535750e+15,1.356082483390232650e-02
1.651200802732552000e+15,1.293926358720331148e-02
1.651200802734568500e+15,1.231762527153384273e-02
1.651200802736585000e+15,1.227184630308502354e-02
1.651200802738601250e+15,1.227184630308495589e-02
1.651200802740617750e+15,1.227184630308488650e-02
1.651200802742634250e+15,1.227184630308481884e-02
1.651200802744650500e+15,1.227184630308474945e-02
1.651200802746667000e+15,1.227184630308468007e-02
1.651200802748683500e+15,1.227184630308464364e-02
1.651200802750699750e+15,1.227184630308464364e-02
1.651200802752716250e+15,1.227184630308464364e-02
1.651200802754732750e+15,1.227184630308464364e-02
1.651200802756749000e+15,1.227184630308464364e-02
1.651200802758765500e+15,1.227184630308464364e-02
1.651200802760782000e+15,1.227184630308464190e-02
1.651200802762798250e+15,1.227184630308464190e-02
1.651200802764814750e+15,1.227184630308472170e-02
1.651200802766831000e+15,1.227184630308481017e-02
1.651200802768847500e+15,1.227184630308490038e-02
1.651200802770864000e+15,1.227184630308499058e-02
1.651200802772880250e+15,1.227184630308507905e-02
1.651200802774896750e+15,1.175241084011959501e-02
1.651200802776913250e+15,1.118858814542444437e-02
1.651200802778929500e+15,1.062483535188162367e-02
1.651200802780946000e+15,1.006101265718647129e-02
1.651200802782962500e+15,9.497189962491320650e-03
1.651200802784978750e+15,8.933437168948499957e-03
1.651200802786995250e+15,8.369614474253349312e-03
1.651200802789011750e+15,7.805791779558196933e-03
1.651200802791028000e+15,7.242038986015376240e-03
1.651200802793044500e+15,6.678216291320224728e-03
1.651200802795061000e+15,6.135923151542760703e-03
1.651200802797077250e+15,6.135923151542619323e-03
1.651200802799093750e+15,6.135923151542479678e-03
1.651200802801110000e+15,6.135923151542339166e-03
1.651200802803126500e+15,6.135923151542197786e-03
1.651200802805143000e+15,6.135923151542058140e-03
1.651200802807159250e+15,6.135923151541917628e-03
1.651200802809175750e+15,7.702339700579833616e-03
1.651200802811192250e+15,9.891685721120493935e-03
1.651200802813208500e+15,1.208076031269753568e-02
1.651200802815225000e+15,1.427010633323819687e-02
1.651200802817241500e+15,1.645945235377885632e-02
1.651200802819257750e+15,1.835074820918004140e-02
1.651200802821274250e+15,1.783222130300766983e-02
1.651200802823290750e+15,1.731369439683530173e-02
1.651200802825307000e+15,1.679523177617076035e-02
1.651200802827323500e+15,1.627670486999839572e-02
1.651200802829340000e+15,1.575817796382602415e-02
1.651200802831356250e+15,1.523971534316148624e-02
1.651200802833372750e+15,1.472118843698911467e-02
1.651200802835389000e+15,1.420272581632457849e-02
1.651200802837405500e+15,1.368419891015220866e-02
1.651200802839422000e+15,1.316567200397983708e-02
1.651200802841438250e+15,1.264720938331529917e-02
1.651200802843454750e+15,1.227184630308466445e-02
1.651200802845471250e+15,1.227184630308474078e-02
1.651200802847487500e+15,1.227184630308481537e-02
1.651200802849504000e+15,1.227184630308489344e-02
1.651200802851520500e+15,1.227184630308496803e-02
1.651200802853536750e+15,1.227184630308504436e-02
1.651200802855553250e+15,1.201048321207769977e-02
1.651200802857569750e+15,1.139062002711280740e-02
1.651200802859586000e+15,1.077083369104265588e-02
1.651200802861602500e+15,1.015097050607776351e-02
1.651200802863619000e+15,9.531107321112872871e-03
1.651200802865635250e+15,8.911320985042721354e-03
1.651200802867651750e+15,8.291457800077828982e-03
1.651200802869668000e+15,7.671671464007677466e-03
1.651200802871684500e+15,7.051808279042785094e-03
1.651200802873701000e+15,6.431945094077894456e-03
1.651200802875717250e+15,6.135923151543209997e-03
1.651200802877733750e+15,6.135923151543209997e-03
1.651200802879750250e+15,6.135923151543209997e-03
1.651200802881766500e+15,6.135923151543209997e-03
1.651200802883783000e+15,6.135923151543209997e-03
1.651200802885799500e+15,6.135923151543209997e-03
1.651200802887815750e+15,6.135923151543209997e-03
1.651200802889832250e+15,6.135923151543209997e-03
1.651200802891848750e+15,6.135923151543209997e-03
1.651200802893865000e+15,6.135923151543209997e-03
1.651200802895881500e+15,6.135923151543209997e-03
1.651200802897898000e+15,6.135923151543209997e-03
1.651200802899914250e+15,6.135923151543209997e-03
1.651200802901930750e+15,6.135923151543209997e-03
1.651200802903947000e+15,6.135923151543209129e-03
1.651200802905963500e+15,6.135923151543209997e-03
1.651200802907980000e+15,6.135923151543209997e-03
1.651200802909996250e+15,6.135923151543209997e-03
1.651200802912012750e+15,6.135923151543209997e-03
1.651200802914029250e+15,6.135923151543209997e-03
1.651200802916045500e+15,6.135923151543209997e-03
1.651200802918062000e+15,6.135923151543209997e-03
1.651200802920078500e+15,6.135923151543209129e-03
1.651200802922094750e+15,6.135923151543209997e-03
1.651200802924111250e+15,6.135923151543100709e-03
1.651200802926127750e+15,6.135923151542916829e-03
1.651200802928144000e+15,6.135923151542732080e-03
1.651200802930160500e+15,6.135923151542547332e-03
1.651200802932177000e+15,6.135923151542362584e-03
1.651200802934193250e+15,6.135923151542414626e-03
1.651200802936209750e+15,6.135923151542533455e-03
1.651200802938226000e+15,6.135923151542652283e-03
1.651200802940242500e+15,6.135923151542771112e-03
1.651200802942259000e+15,6.135923151542889940e-03
1.651200802944275250e+15,6.135923151543007902e-03
1.651200802946291750e+15,6.135923151543126730e-03
1.651200802948308250e+15,6.135923151543168363e-03
1.651200802950324500e+15,6.135923151543023514e-03
1.651200802952341000e+15,6.135923151542878665e-03
1.651200802954357500e+15,6.135923151542733815e-03
1.651200802956373750e+15,6.135923151542588966e-03
1.651200802958390250e+15,6.135923151542444984e-03
1.651200802960406750e+15,6.135923151542333961e-03
1.651200802962423000e+15,6.135923151542416361e-03
1.651200802964439500e+15,6.135923151542498760e-03
1.651200802966456000e+15,6.135923151542579425e-03
1.651200802968472250e+15,6.135923151542660957e-03
1.651200802970488750e+15,6.135923151542743356e-03
1.651200802972505000e+15,6.135923151542765908e-03
1.651200802974521500e+15,6.135923151542765908e-03
1.651200802976538000e+15,6.135923151542765908e-03
1.651200802978554250e+15,6.135923151542765908e-03
1.651200802980570750e+15,6.135923151542765908e-03
1.651200802982587250e+15,6.135923151542766775e-03
1.651200802984603500e+15,6.135923151542766775e-03
1.651200802986620000e+15,6.135923151542765908e-03
1.651200802988636500e+15,6.135923151542766775e-03
1.651200802990652750e+15,6.135923151542766775e-03
1.651200802992669250e+15,6.135923151542765908e-03
1.651200802994685750e+15,6.135923151542765908e-03
1.651200802996702000e+15,6.135923151542765908e-03
1.651200802998718500e+15,6.135923151542766775e-03
1.651200803000735000e+15,6.135923151542765908e-03
1.651200803002751250e+15,6.135923151542765908e-03
1.651200803004767750e+15,6.135923151542765908e-03
1.651200803006784000e+15,6.135923151542765908e-03
1.651200803008800500e+15,6.135923151542765908e-03
1.651200803010817000e+15,6.135923151542765908e-03
1.651200803012833250e+15,6.135923151542765908e-03
1.651200803014849750e+15,6.135923151542765908e-03
1.651200803016866250e+15,6.135923151542765040e-03
1.651200803018882500e+15,6.135923151542765908e-03
1.651200803020899000e+15,6.135923151542765908e-03
1.651200803022915500e+15,6.135923151542765040e-03
1.651200803024931750e+15,6.135923151542765908e-03
1.651200803026948250e+15,6.135923151542765908e-03
1.651200803028964750e+15,6.135923151542765908e-03
1.651200803030981000e+15,6.135923151542765908e-03
1.651200803032997500e+15,6.135923151542765908e-03
1.651200803035014000e+15,6.135923151542765040e-03
1.651200803037030250e+15,6.135923151542765040e-03
1.651200803039046750e+15,6.518811432277636653e-03
1.651200803041063000e+15,7.130658863251825713e-03
1.651200803043079500e+15,7.742582158755582922e-03
1.651200803045096000e+15,8.354505454259340130e-03
1.651200803047112250e+15,8.966352885233530925e-03
1.651200803049128750e+15,9.578276180737288134e-03
1.651200803051145250e+15,1.019019947624104708e-02
1.651200803053161500e+15,1.080204690721523440e-02
1.651200803055178000e+15,1.141397020271899335e-02
1.651200803057194500e+15,1.202589349822275056e-02
1.651200803059210750e+15,1.164692955843035088e-02
1.651200803061227250e+15,1.060181687703107799e-02
1.651200803063243750e+15,9.556704195631805093e-03
1.651200803065260000e+15,8.511721084364123197e-03
1.651200803067276500e+15,7.466608402964850302e-03
1.651200803069293000e+15,6.421495721565577408e-03
1.651200803071309250e+15,6.135923151542699988e-03
1.651200803073325750e+15,6.135923151542609782e-03
1.651200803075342000e+15,6.135923151542519577e-03
1.651200803077358500e+15,6.135923151542427637e-03
1.651200803079375000e+15,6.135923151542337431e-03
1.651200803081391250e+15,6.135923151542353043e-03
1.651200803083407750e+15,6.135923151542391207e-03
1.651200803085424250e+15,6.135923151542428504e-03
1.651200803087440500e+15,6.135923151542465800e-03
1.651200803089457000e+15,6.135923151542503964e-03
1.651200803091473500e+15,6.135923151542542128e-03
1.651200803093489750e+15,6.135923151542580292e-03
1.651200803095506250e+15,6.135923151542616721e-03
1.651200803097522750e+15,6.135923151542654885e-03
1.651200803099539000e+15,6.135923151542693049e-03
1.651200803101555500e+15,6.135923151542730346e-03
1.651200803103572000e+15,6.175285106129521813e-03
1.651200803105588250e+15,6.785773882556809904e-03
1.651200803107604750e+15,7.396338355050611005e-03
1.651200803109621000e+15,8.006827131477899095e-03
1.651200803111637500e+15,8.617391603971701064e-03
1.651200803113654000e+15,9.227956076465503032e-03
1.651200803115670250e+15,9.838444852892791123e-03
1.651200803117686750e+15,1.044900932538659136e-02
1.651200803119703250e+15,1.105957379788039333e-02
1.651200803121719500e+15,1.167006257430768142e-02
1.651200803123736000e+15,1.225856805732858726e-02
1.651200803125752500e+15,1.133527210664664851e-02
1.651200803127768750e+15,1.041209062360054678e-02
1.651200803129785250e+15,9.488794672918606302e-03
1.651200803131801750e+15,8.565498722236667556e-03
1.651200803133818000e+15,7.642317239190566693e-03
1.651200803135834500e+15,6.719021288508627947e-03
1.651200803137851000e+15,6.509641563017950008e-03
1.651200803139867250e+15,7.523786579355272279e-03
1.651200803141883750e+15,8.538057342129834817e-03
1.651200803143900000e+15,9.552202358467157955e-03
1.651200803145916500e+15,1.056647312124171963e-02
1.651200803147933000e+15,1.158074388401628303e-02
1.651200803149949250e+15,1.227184630308508773e-02
1.651200803151965750e+15,1.227184630308508773e-02
1.651200803153982250e+15,1.227184630308508773e-02
1.651200803155998500e+15,1.227184630308508773e-02
1.651200803158015000e+15,1.227184630308508599e-02
1.651200803160031500e+15,1.227184630308508599e-02
1.651200803162047750e+15,1.227184630308508773e-02
1.651200803164064250e+15,1.227184630308508773e-02
1.651200803166080750e+15,1.227184630308508946e-02
1.651200803168097000e+15,1.227184630308508773e-02
1.651200803170113500e+15,1.227184630308508773e-02
1.651200803172130000e+15,1.227184630308508773e-02
1.651200803174146250e+15,1.227184630308508773e-02
1.651200803176162750e+15,1.227184630308508773e-02
1.651200803178179000e+15,1.227184630308508773e-02
1.651200803180195500e+15,1.227184630308508773e-02
1.651200803182212000e+15,1.227184630308506171e-02
1.651200803184228250e+15,1.227184630308501834e-02
1.651200803186244750e+15,1.227184630308497670e-02
1.651200803188261250e+15,1.227184630308493507e-02
1.651200803190277500e+15,1.227184630308489344e-02
1.651200803192294000e+15,1.227184630308485007e-02
1.651200803194310500e+15,1.227184630308480670e-02
1.651200803196326750e+15,1.227184630308476507e-02
1.651200803198343250e+15,1.227184630308471996e-02
1.651200803200359750e+15,1.227184630308468007e-02
1.651200803202376000e+15,1.217581028083123892e-02
1.651200803204392500e+15,1.165241395955018272e-02
1.651200803206409000e+15,1.112901763826912305e-02
1.651200803208425250e+15,1.060568620619229199e-02
1.651200803210441750e+15,1.008228988491123579e-02
1.651200803212458000e+15,9.558958452834401265e-03
1.651200803214474500e+15,9.035562131553345061e-03
1.651200803216491000e+15,8.512165810272287123e-03
1.651200803218507250e+15,7.988834378195456068e-03
1.651200803220523750e+15,7.465438056914398129e-03
1.651200803222540250e+15,6.942041735633340191e-03
1.651200803224556500e+15,6.418710303556508269e-03
1.651200803226573000e+15,6.135923151542765908e-03
1.651200803228589500e+15,6.135923151542765908e-03
1.651200803230605750e+15,6.135923151542765908e-03
1.651200803232622250e+15,6.135923151542765908e-03
1.651200803234638750e+15,6.135923151542765908e-03
1.651200803236655000e+15,6.135923151542765908e-03
1.651200803238671500e+15,6.135923151542765908e-03
1.651200803240688000e+15,6.067677982467660665e-03
1.651200803242704250e+15,5.609013575308720301e-03
1.651200803244720750e+15,5.150292297175549684e-03
1.651200803246737000e+15,4.691627890016609320e-03
1.651200803248753500e+15,4.232906611883439571e-03
1.651200803250770000e+15,3.774185333750270255e-03
1.651200803252786250e+15,3.315520926591329458e-03
1.651200803254802750e+15,2.856799648458159709e-03
1.651200803256819250e+15,2.398078370324989959e-03
1.651200803258835500e+15,1.939413963166049379e-03
1.651200803260852000e+15,1.480692685032879629e-03
1.651200803262868500e+15,1.021971406899709880e-03
1.651200803264884750e+15,5.633069997407695161e-04
1.651200803266901250e+15,1.045857216075997127e-04
1.651200803268917750e+15,0.000000000000000000e+00
1.651200803270934000e+15,0.000000000000000000e+00
1.651200803272950500e+15,0.000000000000000000e+00
1.651200803274967000e+15,0.000000000000000000e+00
1.651200803276983250e+15,0.000000000000000000e+00
1.651200803278999750e+15,0.000000000000000000e+00
1.651200803281016000e+15,0.000000000000000000e+00
1.651200803283032500e+15,9.896755921415215530e-04
1.651200803285049000e+15,2.310881041696885834e-03
1.651200803287065250e+15,3.631922691915583524e-03
1.651200803289081750e+15,4.953128141470948022e-03
1.651200803291098250e+15,6.243608934193203147e-03
1.651200803293114500e+15,7.271402824223709843e-03
1.651200803295131000e+15,8.299324153050251576e-03
1.651200803297147500e+15,9.327245481876795044e-03
1.651200803299163750e+15,1.035503937190730001e-02
1.651200803301180250e+15,1.138296070073384347e-02
1.651200803303196750e+15,1.227184630308507732e-02
1.651200803305213000e+15,1.227184630308499752e-02
1.651200803307229500e+15,1.227184630308491772e-02
1.651200803309246000e+15,1.227184630308483793e-02
1.651200803311262250e+15,1.227184630308475986e-02
1.651200803313278750e+15,1.227184630308467660e-02
1.651200803315295000e+15,1.096440030832946354e-02
1.651200803317311500e+15,8.618791012578735575e-03
1.651200803319328000e+15,6.273181716828006745e-03
1.651200803321344250e+15,3.927863223122376665e-03
1.651200803323360750e+15,1.582253927371648052e-03
1.651200803325377250e+15,2.269713977903927132e-04
1.651200803327393500e+15,9.243139970968755094e-04
1.651200803329410000e+15,1.621743061697754470e-03
1.651200803331426500e+15,2.319172126298633431e-03
1.651200803333442750e+15,3.016514725605116444e-03
1.651200803335459250e+15,3.713943790205995188e-03
1.651200803337475750e+15,4.411372854806874799e-03
1.651200803339492000e+15,5.108715454113356945e-03
1.651200803341508500e+15,5.806144518714236556e-03
1.651200803343525000e+15,6.135923151541909822e-03
1.651200803345541250e+15,6.135923151541969670e-03
1.651200803347557750e+15,6.135923151542030385e-03
1.651200803349574000e+15,6.135923151542089365e-03
1.651200803351590500e+15,6.135923151542150081e-03
1.651200803353607000e+15,6.135923151542209929e-03
1.651200803355623250e+15,6.135923151542269777e-03
1.651200803357639750e+15,6.135923151542322686e-03
1.651200803359656250e+15,6.135923151542322686e-03
1.651200803361672500e+15,6.135923151542322686e-03
1.651200803363689000e+15,6.135923151542322686e-03
1.651200803365705500e+15,6.135923151542321818e-03
1.651200803367721750e+15,6.927066195191277156e-03
1.651200803369738250e+15,8.086680912631304466e-03
1.651200803371754750e+15,9.246295630071331775e-03
1.651200803373771000e+15,1.040576658173929941e-02
1.651200803375787500e+15,1.156538129917932672e-02
1.651200803377804000e+15,1.194433106611279827e-02
1.651200803379820250e+15,1.110632015679238922e-02
1.651200803381836750e+15,1.026820534035365051e-02
1.651200803383853000e+15,9.430194431033239733e-03
1.651200803385869500e+15,8.592079614594502757e-03
1.651200803387886000e+15,7.753964798155764046e-03
1.651200803389902250e+15,6.915953888835355001e-03
1.651200803391918750e+15,6.178708066242855589e-03
1.651200803393935250e+15,6.796066066197250718e-03
1.651200803395951500e+15,7.413347527842700790e-03
1.651200803397968000e+15,8.030705527797095053e-03
1.651200803399984500e+15,8.648063527751491050e-03
1.651200803402000750e+15,9.265344989396941122e-03
1.651200803404017250e+15,9.882702989351335385e-03
1.651200803406033750e+15,1.050006098930572965e-02
1.651200803408050000e+15,1.111734245095118145e-02
1.651200803410066500e+15,1.173470045090557572e-02
1.651200803412083000e+15,1.227184630308508252e-02
1.651200803414099250e+15,1.227184630308503915e-02
1.651200803416115750e+15,1.227184630308499752e-02
1.651200803418132000e+15,1.227184630308495762e-02
1.651200803420148500e+15,1.227184630308491599e-02
1.651200803422165000e+15,1.227184630308487609e-02
1.651200803424181250e+15,1.227184630308483446e-02
1.651200803426197750e+15,1.227184630308479109e-02
1.651200803428214250e+15,1.227184630308474945e-02
1.651200803430230500e+15,1.227184630308470956e-02
1.651200803432247000e+15,1.227184630308466792e-02
1.651200803434263500e+15,1.174225182015197107e-02
1.651200803436279750e+15,1.041497416171443050e-02
1.651200803438296250e+15,9.087531930721596402e-03
1.651200803440312750e+15,7.760089699728765777e-03
1.651200803442329000e+15,6.432812041291225205e-03
1.651200803444345500e+15,6.719506851040954812e-03
1.651200803446362000e+15,7.471213353780079870e-03
1.651200803448378250e+15,8.222826662060644942e-03
1.651200803450394750e+15,8.974533164799769133e-03
1.651200803452411000e+15,9.726146473080335073e-03
1.651200803454427500e+15,1.047785297581945926e-02
1.651200803456444000e+15,1.122955947855858345e-02
1.651200803458460250e+15,1.198117278683914939e-02
1.651200803460476750e+15,1.227184630308550232e-02
1.651200803462493250e+15,1.227184630308545202e-02
1.651200803464509500e+15,1.227184630308540345e-02
1.651200803466526000e+15,1.227184630308535487e-02
1.651200803468542500e+15,1.227184630308530630e-02
1.651200803470558750e+15,1.227184630308525773e-02
1.651200803472575250e+15,1.227184630308520916e-02
1.651200803474591750e+15,1.227184630308516058e-02
1.651200803476608000e+15,1.227184630308511375e-02
1.651200803478624500e+15,1.227184630308508773e-02
1.651200803480641000e+15,1.227184630308508773e-02
1.651200803482657250e+15,1.227184630308508773e-02
1.651200803484673750e+15,1.227184630308508773e-02
1.651200803486690000e+15,1.227184630308508773e-02
1.651200803488706500e+15,1.227184630308508773e-02
1.651200803490723000e+15,1.227184630308508773e-02
1.651200803492739250e+15,1.227184630308508773e-02
1.651200803494755750e+15,1.227184630308508599e-02
1.651200803496772250e+15,1.227184630308508773e-02
1.651200803498788500e+15,1.227184630308508599e-02
1.651200803500805000e+15,1.227184630308508599e-02
1.651200803502821500e+15,1.227184630308508599e-02
1.651200803504837750e+15,1.227184630308508599e-02
1.651200803506854250e+15,1.227184630308508773e-02
1.651200803508870750e+15,1.227184630308508773e-02
1.651200803510887000e+15,1.227184630308508773e-02
1.651200803512903500e+15,1.227184630308508773e-02
1.651200803514920000e+15,1.227184630308508773e-02
1.651200803516936250e+15,1.227184630308508599e-02
1.651200803518952750e+15,1.227184630308508773e-02
1.651200803520969000e+15,1.227184630308508599e-02
1.651200803522985500e+15,1.227184630308512936e-02
1.651200803525002000e+15,1.227184630308519875e-02
1.651200803527018250e+15,1.227184630308526467e-02
1.651200803529034750e+15,1.227184630308533406e-02
1.651200803531051250e+15,1.227184630308539998e-02
1.651200803533067500e+15,1.227184630308546763e-02
1.651200803535084000e+15,1.227184630308553008e-02
1.651200803537100500e+15,1.227184630308553182e-02
1.651200803539116750e+15,1.227184630308553182e-02
1.651200803541133250e+15,1.227184630308553182e-02
1.651200803543149750e+15,1.227184630308553182e-02
1.651200803545166000e+15,1.227184630308552141e-02
1.651200803547182500e+15,1.227184630308544334e-02
1.651200803549199000e+15,1.227184630308536875e-02
1.651200803551215250e+15,1.227184630308529242e-02
1.651200803553231750e+15,1.227184630308521610e-02
1.651200803555248000e+15,1.227184630308513977e-02
1.651200803557264500e+15,1.227184630308508773e-02
1.651200803559281000e+15,1.227184630308508773e-02
1.651200803561297250e+15,1.227184630308508773e-02
1.651200803563313750e+15,1.227184630308508773e-02
1.651200803565330250e+15,1.227184630308508773e-02
1.651200803567346500e+15,1.227184630308508773e-02
1.651200803569363000e+15,1.227184630308508773e-02
1.651200803571379500e+15,1.227184630308508773e-02
1.651200803573395750e+15,1.227184630308508773e-02
1.651200803575412250e+15,1.227184630308508773e-02
1.651200803577428750e+15,1.227184630308508946e-02
1.651200803579445000e+15,1.227184630308508773e-02
1.651200803581461500e+15,1.227184630308508773e-02
1.651200803583478000e+15,1.227184630308508773e-02
1.651200803585494250e+15,1.227184630308508946e-02
1.651200803587510750e+15,1.227184630308508773e-02
1.651200803589527000e+15,1.227184630308508946e-02
1.651200803591543500e+15,1.227184630308508946e-02
1.651200803593560000e+15,1.227184630308508773e-02
1.651200803595576250e+15,1.227184630308508946e-02
1.651200803597592750e+15,1.227184630308508773e-02
1.651200803599609250e+15,1.227184630308508946e-02
1.651200803601625500e+15,1.227184630308508946e-02
1.651200803603642000e+15,1.227184630308508773e-02
1.651200803605658500e+15,1.227184630308508773e-02
1.651200803607674750e+15,1.227184630308508773e-02
1.651200803609691250e+15,1.227184630308508773e-02
1.651200803611707750e+15,1.227184630308508773e-02
1.651200803613724000e+15,1.227184630308508773e-02
1.651200803615740500e+15,1.227184630308508773e-02
1.651200803617757000e+15,1.227184630308508773e-02
1.651200803619773250e+15,1.227184630308508773e-02
1.651200803621789750e+15,1.227184630308508773e-02
1.651200803623806000e+15,1.227184630308508773e-02
1.651200803625822500e+15,1.227184630308508773e-02
1.651200803627839000e+15,1.227184630308508773e-02
1.651200803629855250e+15,1.227184630308508773e-02
1.651200803631871750e+15,1.227184630308508773e-02
1.651200803633888250e+15,1.227184630308508773e-02
1.651200803635904500e+15,1.227184630308508773e-02
1.651200803637921000e+15,1.227184630308508946e-02
1.651200803639937500e+15,1.227184630308508773e-02
1.651200803641953750e+15,1.227184630308508773e-02
1.651200803643970250e+15,1.227184630308508946e-02
1.651200803645986750e+15,1.227184630308508773e-02
1.651200803648003000e+15,1.227184630308508946e-02
1.651200803650019500e+15,1.227184630308508773e-02
1.651200803652036000e+15,1.227184630308508773e-02
1.651200803654052250e+15,1.227184630308508946e-02
1.651200803656068750e+15,1.227184630308508773e-02
1.651200803658085000e+15,1.227184630308508773e-02
1.651200803660101500e+15,1.227184630308508773e-02
1.651200803662118000e+15,1.227184630308508773e-02
1.651200803664134250e+15,1.227184630308508773e-02
1.651200803666150750e+15,1.227184630308508773e-02
1.651200803668167250e+15,1.227184630308508946e-02
1.651200803670183500e+15,1.227184630308508946e-02
1.651200803672200000e+15,1.227184630308508773e-02
1.651200803674216500e+15,1.227184630308508773e-02
1.651200803676232750e+15,1.227184630308508773e-02
1.651200803678249250e+15,1.227184630308508946e-02
1.651200803680265750e+15,1.227184630308508773e-02
1.651200803682282000e+15,1.227184630308508773e-02
1.651200803684298500e+15,1.227184630308508599e-02
1.651200803686315000e+15,1.227184630308508773e-02
1.651200803688331250e+15,1.227184630308508599e-02
1.651200803690347750e+15,1.227184630308508773e-02
1.651200803692364000e+15,1.227184630308508599e-02
1.651200803694380500e+15,1.227184630308508773e-02
1.651200803696397000e+15,1.227184630308508773e-02
1.651200803698413250e+15,1.227184630308508773e-02
1.651200803700429750e+15,1.227184630308508773e-02
1.651200803702446250e+15,1.227184630308508773e-02
1.651200803704462500e+15,1.227184630308508773e-02
1.651200803706479000e+15,1.227184630308508773e-02
1.651200803708495500e+15,1.227184630308508773e-02
1.651200803710511750e+15,1.227184630308508773e-02
1.651200803712528250e+15,1.227184630308508773e-02
1.651200803714544750e+15,1.227184630308508946e-02
1.651200803716561000e+15,1.227184630308507385e-02
1.651200803718577500e+15,1.227184630308502181e-02
1.651200803720594000e+15,1.227184630308496976e-02
1.651200803722610250e+15,1.227184630308491772e-02
1.651200803724626750e+15,1.227184630308486395e-02
1.651200803726643000e+15,1.227184630308481364e-02
1.651200803728659500e+15,1.227184630308476160e-02
1.651200803730676000e+15,1.227184630308470956e-02
1.651200803732692250e+15,1.227184630308465751e-02
1.651200803734708750e+15,1.227184630308470088e-02
1.651200803736725250e+15,1.227184630308477721e-02
1.651200803738741500e+15,1.227184630308485180e-02
1.651200803740758000e+15,1.227184630308492813e-02
1.651200803742774500e+15,1.227184630308500099e-02
1.651200803744790750e+15,1.227184630308507558e-02
1.651200803746807250e+15,1.227184630308514150e-02
1.651200803748823750e+15,1.227184630308520222e-02
1.651200803750840000e+15,1.227184630308526120e-02
1.651200803752856500e+15,1.227184630308532365e-02
1.651200803754873000e+15,1.227184630308538263e-02
1.651200803756889250e+15,1.227184630308544334e-02
1.651200803758905750e+15,1.227184630308550406e-02
1.651200803760922000e+15,1.227184630308547804e-02
1.651200803762938500e+15,1.227184630308537396e-02
1.651200803764955000e+15,1.227184630308527508e-02
1.651200803766971250e+15,1.227184630308517099e-02
1.651200803768987750e+15,1.227184630308508599e-02
1.651200803771004250e+15,1.227184630308508773e-02
1.651200803773020500e+15,1.227184630308508773e-02
1.651200803775037000e+15,1.227184630308508599e-02
1.651200803777053500e+15,1.227184630308508773e-02
1.651200803779069750e+15,1.227184630308508773e-02
1.651200803781086250e+15,1.227184630308508599e-02
1.651200803783102750e+15,1.227184630308508773e-02
1.651200803785119000e+15,1.227184630308508599e-02
1.651200803787135500e+15,1.227184630308508599e-02
1.651200803789152000e+15,1.227184630308508773e-02
1.651200803791168250e+15,1.227184630308508599e-02
1.651200803793184750e+15,1.227184630308508773e-02
1.651200803795201000e+15,1.227184630308508773e-02
1.651200803797217500e+15,1.227184630308508773e-02
1.651200803799234000e+15,1.227184630308508773e-02
1.651200803801250250e+15,1.227184630308508773e-02
1.651200803803266750e+15,1.227184630308508773e-02
1.651200803805283250e+15,1.227184630308508946e-02
1.651200803807299500e+15,1.227184630308508773e-02
1.651200803809316000e+15,1.227184630308508946e-02
1.651200803811332500e+15,1.227184630308508773e-02
1.651200803813348750e+15,1.227184630308504262e-02
1.651200803815365250e+15,1.227184630308496630e-02
1.651200803817381750e+15,1.227184630308489344e-02
1.651200803819398000e+15,1.227184630308481711e-02
1.651200803821414500e+15,1.227184630308474252e-02
1.651200803823431000e+15,1.227184630308466792e-02
1.651200803825447250e+15,1.227184630308468874e-02
1.651200803827463750e+15,1.227184630308475292e-02
1.651200803829480000e+15,1.227184630308482058e-02
1.651200803831496500e+15,1.227184630308488650e-02
1.651200803833513000e+15,1.227184630308495068e-02
1.651200803835529250e+15,1.227184630308501660e-02
1.651200803837545750e+15,1.227184630308508426e-02
1.651200803839562250e+15,1.227184630308513283e-02
1.651200803841578500e+15,1.227184630308517793e-02
1.651200803843595000e+15,1.227184630308522303e-02
1.651200803845611500e+15,1.227184630308526987e-02
1.651200803847627750e+15,1.227184630308531497e-02
1.651200803849644250e+15,1.227184630308536181e-02
1.651200803851660750e+15,1.227184630308540692e-02
1.651200803853677000e+15,1.227184630308545202e-02
1.651200803855693500e+15,1.227184630308550059e-02
1.651200803857710000e+15,1.227184630308551967e-02
1.651200803859726250e+15,1.227184630308548671e-02
1.651200803861742750e+15,1.227184630308545028e-02
1.651200803863759000e+15,1.227184630308541559e-02
1.651200803865775500e+15,1.227184630308537916e-02
1.651200803867792000e+15,1.227184630308534620e-02
1.651200803869808250e+15,1.227184630308530977e-02
1.651200803871824750e+15,1.227184630308527508e-02
1.651200803873841250e+15,1.227184630308524038e-02
1.651200803875857500e+15,1.227184630308520569e-02
1.651200803877874000e+15,1.227184630308517099e-02
1.651200803879890500e+15,1.227184630308513456e-02
1.651200803881906750e+15,1.227184630308509987e-02
1.651200803883923250e+15,1.227184630308503395e-02
1.651200803885939750e+15,1.227184630308494895e-02
1.651200803887956000e+15,1.227184630308486568e-02
1.651200803889972500e+15,1.227184630308478241e-02
1.651200803891989000e+15,1.227184630308469741e-02
1.651200803894005250e+15,1.270581283536811705e-02
1.651200803896021750e+15,1.398099463842767537e-02
1.651200803898038000e+15,1.525601834803284700e-02
1.651200803900054500e+15,1.653120015109240531e-02
1.651200803902071000e+15,1.780638195415196190e-02
1.651200803904087250e+15,1.796378819276255034e-02
1.651200803906103750e+15,1.712333927039562040e-02
1.651200803908120250e+15,1.628289034802868698e-02
1.651200803910136500e+15,1.544254562215597280e-02
1.651200803912153000e+15,1.460209669978903939e-02
1.651200803914169500e+15,1.376164777742210771e-02
1.651200803916185750e+15,1.292130305154939179e-02
1.651200803918202250e+15,1.227184630308507038e-02
1.651200803920218750e+15,1.227184630308498885e-02
1.651200803922235000e+15,1.227184630308491078e-02
1.651200803924251500e+15,1.227184630308483099e-02
1.651200803926268000e+15,1.227184630308475292e-02
1.651200803928284250e+15,1.227184630308467313e-02
1.651200803930300750e+15,1.152546117871235294e-02
1.651200803932317000e+15,1.032991082557183256e-02
1.651200803934333500e+15,9.134212233081884583e-03
1.651200803936350000e+15,7.938513640591934872e-03
1.651200803938366250e+15,6.742963287451416224e-03
1.651200803940382750e+15,6.441288988151789435e-03
1.651200803942399250e+15,7.061556134486603360e-03
1.651200803944415500e+15,7.681746381844684057e-03
1.651200803946432000e+15,8.302013528179500584e-03
1.651200803948448500e+15,8.922280674514313642e-03
1.651200803950464750e+15,9.542470921872395206e-03
1.651200803952481250e+15,1.016273806820720826e-02
1.651200803954497750e+15,1.078300521454202479e-02
1.651200803956514000e+15,1.140319546190010462e-02
1.651200803958530500e+15,1.202346260823491768e-02
1.651200803960547000e+15,1.171832212085754076e-02
1.651200803962563250e+15,1.079520952167119241e-02
1.651200803964579750e+15,9.871982463390095025e-03
1.651200803966596000e+15,8.948869864203748414e-03
1.651200803968612500e+15,8.025642805922647560e-03
1.651200803970629000e+15,7.102415747641547573e-03
1.651200803972645250e+15,6.179303148455200963e-03
1.651200803974661750e+15,7.039502486139550923e-03
1.651200803976678250e+15,7.987631914115420756e-03
1.651200803978694500e+15,8.935643795670761974e-03
1.651200803980711000e+15,9.883773223646629205e-03
1.651200803982727500e+15,1.083190265162249991e-02
1.651200803984743750e+15,1.177991453317784112e-02
1.651200803986760250e+15,1.272804396115371009e-02
1.651200803988776750e+15,1.367617338912957906e-02
1.651200803990793000e+15,1.462418527068492027e-02
1.651200803992809500e+15,1.557231469866078924e-02
1.651200803994826000e+15,1.652044412663665821e-02
1.651200803996842250e+15,1.746845600819200289e-02
1.651200803998858750e+15,1.840776945462829425e-02
1.651200804000875000e+15,1.840776945462815894e-02
1.651200804002891500e+15,1.840776945462802364e-02
1.651200804004908000e+15,1.840776945462788486e-02
1.651200804006924250e+15,1.840776945462774955e-02
1.651200804008940750e+15,1.840776945462761077e-02
1.651200804010957250e+15,1.840776945462747199e-02
1.651200804012973500e+15,1.840776945462734016e-02
1.651200804014990000e+15,1.840776945462720138e-02
1.651200804017006500e+15,1.840776945462706260e-02
1.651200804019022750e+15,1.840776945462696546e-02
1.651200804021039250e+15,1.840776945462696892e-02
1.651200804023055750e+15,1.840776945462696546e-02
1.651200804025072000e+15,1.840776945462696546e-02
1.651200804027088500e+15,1.840776945462696546e-02
1.651200804029105000e+15,1.840776945462696892e-02
1.651200804031121250e+15,1.840776945462699321e-02
1.651200804033137750e+15,1.840776945462706260e-02
1.651200804035154000e+15,1.840776945462713199e-02
1.651200804037170500e+15,1.840776945462720138e-02
1.651200804039187000e+15,1.840776945462727077e-02
1.651200804041203250e+15,1.840776945462734016e-02
1.651200804043219750e+15,1.840776945462740607e-02
1.651200804045236250e+15,1.840776945462736097e-02
1.651200804047252500e+15,1.840776945462731934e-02
1.651200804049269000e+15,1.840776945462727771e-02
1.651200804051285500e+15,1.840776945462722913e-02
1.651200804053301750e+15,1.840776945462718750e-02
1.651200804055318250e+15,1.840776945462714240e-02
1.651200804057334750e+15,1.840776945462709729e-02
1.651200804059351000e+15,1.840776945462705566e-02
1.651200804061367500e+15,1.840776945462701056e-02
1.651200804063384000e+15,1.840776945462696546e-02
1.651200804065400250e+15,1.770594760118870264e-02
1.651200804067416750e+15,1.699271904256037871e-02
1.651200804069433000e+15,1.627957890800329349e-02
1.651200804071449500e+15,1.556635034937496782e-02
1.651200804073466000e+15,1.485312179074664216e-02
1.651200804075482250e+15,1.413998165618955694e-02
1.651200804077498750e+15,1.342675309756122953e-02
1.651200804079515250e+15,1.271352453893290560e-02
1.651200804081531500e+15,1.249875779093366675e-02
1.651200804083548000e+15,1.309493631242768588e-02
1.651200804085564500e+15,1.369111483392170675e-02
1.651200804087580750e+15,1.428721944287896645e-02
1.651200804089597250e+15,1.488339796437298558e-02
1.651200804091613750e+15,1.547957648586700471e-02
1.651200804093630000e+15,1.607568109482426788e-02
1.651200804095646500e+15,1.667185961631828875e-02
1.651200804097663000e+15,1.726803813781230615e-02
1.651200804099679250e+15,1.786414274676956931e-02
1.651200804101695750e+15,1.840776945462829772e-02
1.651200804103712000e+15,1.840776945462829772e-02
1.651200804105728500e+15,1.840776945462829772e-02
1.651200804107745000e+15,1.840776945462829772e-02
1.651200804109761250e+15,1.840776945462829772e-02
1.651200804111777750e+15,1.840776945462838099e-02
1.651200804113794250e+15,1.840776945462849548e-02
1.651200804115810500e+15,1.840776945462860997e-02
1.651200804117827000e+15,1.840776945462872100e-02
1.651200804119843500e+15,1.840776945462883896e-02
1.651200804121859750e+15,1.840776945462894998e-02
1.651200804123876250e+15,1.840776945462906447e-02
1.651200804125892750e+15,1.840776945462917896e-02
1.651200804127909000e+15,1.907392950136236123e-02
1.651200804129925500e+15,1.977686604465773296e-02
1.651200804131942000e+15,2.047980258795310121e-02
1.651200804133958250e+15,2.118265198315234799e-02
1.651200804135974750e+15,2.188558852644772318e-02
1.651200804137991000e+15,2.258843792164696995e-02
1.651200804140007500e+15,2.329137446494234168e-02
1.651200804142024000e+15,2.399431100823770993e-02
1.651200804144040250e+15,2.479653238223536796e-02
1.651200804146056750e+15,2.595462757458694494e-02
1.651200804148073250e+15,2.711272276693851499e-02
1.651200804150089500e+15,2.827067438190447590e-02
1.651200804152106000e+15,2.942876957425604595e-02
1.651200804154122500e+15,3.058686476660761946e-02
1.651200804156138750e+15,3.067961575771338545e-02
1.651200804158155250e+15,3.067961575771338545e-02
1.651200804160171750e+15,3.067961575771338545e-02
1.651200804162188000e+15,3.067961575771338892e-02
1.651200804164204500e+15,3.067961575771338545e-02
1.651200804166221000e+15,3.067961575771338545e-02
1.651200804168237250e+15,3.067961575771338545e-02
1.651200804170253750e+15,3.067961575771338545e-02
1.651200804172270000e+15,3.067961575771338545e-02
1.651200804174286500e+15,3.067961575771338892e-02
1.651200804176303000e+15,3.067961575771338545e-02
1.651200804178319250e+15,3.067961575771338545e-02
1.651200804180335750e+15,3.067961575771338892e-02
1.651200804182352250e+15,3.067961575771338545e-02
1.651200804184368500e+15,3.067961575771338545e-02
1.651200804186385000e+15,3.067961575771338545e-02
1.651200804188401500e+15,3.067961575771338545e-02
1.651200804190417750e+15,3.067961575771338892e-02
1.651200804192434250e+15,3.067961575771338545e-02
1.651200804194450750e+15,3.067961575771338892e-02
1.651200804196467000e+15,3.067961575771338545e-02
1.651200804198483500e+15,3.067961575771338892e-02
1.651200804200499750e+15,3.058244646778326276e-02
1.651200804202516250e+15,2.961602539185676994e-02
1.651200804204532750e+15,2.864960431593027712e-02
1.651200804206549000e+15,2.768330305417139592e-02
1.651200804208565500e+15,2.671688197824489963e-02
1.651200804210582000e+15,2.575046090231840681e-02
1.651200804212598250e+15,2.478415964055952214e-02
1.651200804214614750e+15,2.381773856463303279e-02
1.651200804216631250e+15,2.285131748870653651e-02
1.651200804218647500e+15,2.188501622694765184e-02
1.651200804220664000e+15,2.091859515102115902e-02
1.651200804222680500e+15,1.995217407509466967e-02
1.651200804224696750e+15,1.898587281333578153e-02
1.651200804226713250e+15,1.888774934780494685e-02
1.651200804228729750e+15,2.008229356822259504e-02
1.651200804230746000e+15,2.127668969240661609e-02
1.651200804232762500e+15,2.247123391282426080e-02
1.651200804234778750e+15,2.366563003700828532e-02
1.651200804236795250e+15,2.486017425742593351e-02
1.651200804238811750e+15,2.605471847784358169e-02
1.651200804240828000e+15,2.724911460202759927e-02
1.651200804242844500e+15,2.844365882244524746e-02
1.651200804244861000e+15,2.963820304286289564e-02
1.651200804246877250e+15,3.057589106347371674e-02
1.651200804248893750e+15,2.976597491271865473e-02
1.651200804250910250e+15,2.895605876196359271e-02
1.651200804252926500e+15,2.814624302233557918e-02
1.651200804254943000e+15,2.733632687158051369e-02
1.651200804256959500e+15,2.652641072082545168e-02
1.651200804258975750e+15,2.571659498119743467e-02
1.651200804260992250e+15,2.490667883044237613e-02
1.651200804263008750e+15,2.454369260617017545e-02
1.651200804265025000e+15,2.454369260617017545e-02
1.651200804267041500e+15,2.454369260617017545e-02
1.651200804269057750e+15,2.454369260617017545e-02
1.651200804271074250e+15,2.454369260617017545e-02
1.651200804273090750e+15,2.454369260617017545e-02
1.651200804275107000e+15,2.454369260617023443e-02
1.651200804277123500e+15,2.454369260617036627e-02
1.651200804279140000e+15,2.454369260617050505e-02
1.651200804281156250e+15,2.454369260617064036e-02
1.651200804283172750e+15,2.454369260617077567e-02
1.651200804285189250e+15,2.454369260617091097e-02
1.651200804287205500e+15,2.454369260617104975e-02
1.651200804289222000e+15,2.454369260617118506e-02
1.651200804291238500e+15,2.454369260617132037e-02
1.651200804293254750e+15,2.454369260617145915e-02
1.651200804295271250e+15,2.454369260617137935e-02
1.651200804297287750e+15,2.454369260617117812e-02
1.651200804299304000e+15,2.454369260617098036e-02
1.651200804301320500e+15,2.454369260617077914e-02
1.651200804303336750e+15,2.454369260617058485e-02
1.651200804305353250e+15,2.454369260617038362e-02
1.651200804307369750e+15,2.454369260617018239e-02
1.651200804309386000e+15,2.519126931906735811e-02
1.651200804311402500e+15,2.586577264631796311e-02
1.651200804313419000e+15,2.654027597356857157e-02
1.651200804315435250e+15,2.721469567779322835e-02
1.651200804317451750e+15,2.788919900504383334e-02
1.651200804319468250e+15,2.856370233229443834e-02
1.651200804321484500e+15,2.923812203651910552e-02
1.651200804323501000e+15,2.991262536376970704e-02
1.651200804325517500e+15,3.058712869102031204e-02
1.651200804327533750e+15,2.979077543274199699e-02
1.651200804329550250e+15,2.876054320667329606e-02
1.651200804331566750e+15,2.773031098060459165e-02
1.651200804333583000e+15,2.670020647983047460e-02
1.651200804335599500e+15,2.566997425376177366e-02
1.651200804337615750e+15,2.463986975298764967e-02
1.651200804339632250e+15,2.501658702914493632e-02
1.651200804341648750e+15,2.553817412277469001e-02
1.651200804343665000e+15,2.605969655150318018e-02
1.651200804345681500e+15,2.658128364513293734e-02
1.651200804347698000e+15,2.710287073876269451e-02
1.651200804349714250e+15,2.762439316749118121e-02
1.651200804351730750e+15,2.814598026112093837e-02
1.651200804353747250e+15,2.866756735475069554e-02
1.651200804355763500e+15,2.918908978347918917e-02
1.651200804357780000e+15,2.971067687710894287e-02
1.651200804359796500e+15,3.023226397073869656e-02
1.651200804361812750e+15,3.067961575771250074e-02
1.651200804363829250e+15,3.067961575771250074e-02
1.651200804365845750e+15,3.067961575771249727e-02
1.651200804367862000e+15,3.067961575771249727e-02
1.651200804369878500e+15,3.067961575771249727e-02
1.651200804371894750e+15,3.067961575771249727e-02
1.651200804373911250e+15,3.067961575771250074e-02
1.651200804375927750e+15,2.975814447501323040e-02
1.651200804377944000e+15,2.878782643153893900e-02
1.651200804379960500e+15,2.781738807584599113e-02
1.651200804381977000e+15,2.684694972015304326e-02
1.651200804383993250e+15,2.587663167667875186e-02
1.651200804386009750e+15,2.490619332098580399e-02
1.651200804388026250e+15,2.519162413849366025e-02
1.651200804390042500e+15,2.622577569364681338e-02
1.651200804392059000e+15,2.726005547589918296e-02
1.651200804394075500e+15,2.829433525815155254e-02
1.651200804396091750e+15,2.932848681330470914e-02
1.651200804398108250e+15,3.036276659555707524e-02
1.651200804400124750e+15,3.152577789004222530e-02
1.651200804402141000e+15,3.274549149097864820e-02
1.651200804404157500e+15,3.396535632732745891e-02
1.651200804406173750e+15,3.518506992826387486e-02
1.651200804408190250e+15,3.640493476461268557e-02
1.651200804410206750e+15,3.762479960096149628e-02
1.651200804412223000e+15,3.884451320189791224e-02
1.651200804414239500e+15,4.006437803824672295e-02
1.651200804416256000e+15,4.128424287459553366e-02
1.651200804418272250e+15,4.250395647553195655e-02
1.651200804420288750e+15,4.295146206079813317e-02
1.651200804422305250e+15,4.295146206079830664e-02
1.651200804424321500e+15,4.295146206079847317e-02
1.651200804426338000e+15,4.295146206079864665e-02
1.651200804428354500e+15,4.295146206079881318e-02
1.651200804430370750e+15,4.270590930095873039e-02
1.651200804432387250e+15,4.210698926440871459e-02
1.651200804434403750e+15,4.150806922785869879e-02
1.651200804436420000e+15,4.090922344373075503e-02
1.651200804438436500e+15,4.031030340718073923e-02
1.651200804440452750e+15,3.971145762305279547e-02
1.651200804442469250e+15,3.911253758650277967e-02
1.651200804444485750e+15,3.851361754995275694e-02
1.651200804446502000e+15,3.791477176582482705e-02
1.651200804448518500e+15,3.731585172927480432e-02
1.651200804450535000e+15,3.730890933461586401e-02
1.651200804452551250e+15,4.030516873260509003e-02
1.651200804454567750e+15,4.330179964446882745e-02
1.651200804456584250e+15,4.629843055633257182e-02
1.651200804458600500e+15,4.929468995432179784e-02
1.651200804460617000e+15,5.229132086618554220e-02
1.651200804462633500e+15,5.522330836388311681e-02
1.651200804464649750e+15,5.522330836388315151e-02
1.651200804466666250e+15,5.522330836388320008e-02
1.651200804468682750e+15,5.522330836388323477e-02
1.651200804470699000e+15,5.522330836388327641e-02
1.651200804472715500e+15,5.522330836388331110e-02
1.651200804474731750e+15,5.522330836388335273e-02
1.651200804476748250e+15,5.522330836388339437e-02
1.651200804478764750e+15,5.522330836388342906e-02
1.651200804480781000e+15,5.522330836388347070e-02
1.651200804482797500e+15,5.522330836388351233e-02
1.651200804484814000e+15,5.522330836388355396e-02
1.651200804486830250e+15,5.600242224366342586e-02
1.651200804488846750e+15,5.689546367528263565e-02
1.651200804490863250e+15,5.778850510690185238e-02
1.651200804492879500e+15,5.868143582175543160e-02
1.651200804494896000e+15,5.957447725337464139e-02
1.651200804496912500e+15,6.046751868499385119e-02
1.651200804498928750e+15,6.135781176038406642e-02
1.651200804500945250e+15,6.031674410913584472e-02
1.651200804502961750e+15,5.927567645788762302e-02
1.651200804504978000e+15,5.823473787527952417e-02
1.651200804506994500e+15,5.719367022403130940e-02
1.651200804509010750e+15,5.615273164142321749e-02
1.651200804511027250e+15,5.522330836388312375e-02
1.651200804513043750e+15,5.522330836388311681e-02
1.651200804515060000e+15,5.522330836388313069e-02
1.651200804517076500e+15,5.522330836388312375e-02
1.651200804519093000e+15,5.522330836388311681e-02
1.651200804521109250e+15,5.522330836388311681e-02
1.651200804523125750e+15,5.522330836388311681e-02
1.651200804525142250e+15,5.522330836388313763e-02
1.651200804527158500e+15,5.522330836388323477e-02
1.651200804529175000e+15,5.522330836388333192e-02
1.651200804531191500e+15,5.522330836388343600e-02
1.651200804533207750e+15,5.522330836388353315e-02
1.651200804535224250e+15,5.522330836388356090e-02
1.651200804537240750e+15,5.522330836388356090e-02
1.651200804539257000e+15,5.522330836388356090e-02
1.651200804541273500e+15,5.522330836388356090e-02
1.651200804543289750e+15,5.522330836388356090e-02
1.651200804545306250e+15,5.522330836388356090e-02
1.651200804547322750e+15,5.522330836388356090e-02
1.651200804549339000e+15,5.522330836388356784e-02
1.651200804551355500e+15,5.522330836388356784e-02
1.651200804553372000e+15,5.522330836388356090e-02
1.651200804555388250e+15,5.496344359821660197e-02
1.651200804557404750e+15,5.389890870747523349e-02
1.651200804559421250e+15,5.283437381673386501e-02
1.651200804561437500e+15,5.176997090403499813e-02
1.651200804563454000e+15,5.070543601329362965e-02
1.651200804565470500e+15,4.964090112255226117e-02
1.651200804567486750e+15,4.964275741865399605e-02
1.651200804569503250e+15,5.079998609758085149e-02
1.651200804571519750e+15,5.195721477650771386e-02
1.651200804573536000e+15,5.311429998547685660e-02
1.651200804575552500e+15,5.427152866440372592e-02
1.651200804577568750e+15,5.522330836388313069e-02
1.651200804579585250e+15,5.522330836388320008e-02
1.651200804581601750e+15,5.522330836388328335e-02
1.651200804583618000e+15,5.522330836388335967e-02
1.651200804585634500e+15,5.522330836388343600e-02
1.651200804587651000e+15,5.522330836388350539e-02
1.651200804589667250e+15,5.497527047715593945e-02
1.651200804591683750e+15,5.406628656332359423e-02
1.651200804593700250e+15,5.315730264949123512e-02
1.651200804595716500e+15,5.224843142892864056e-02
1.651200804597733000e+15,5.133944751509628146e-02
1.651200804599749500e+15,5.043046360126393624e-02
1.651200804601765750e+15,4.952159238070132780e-02
1.651200804603782250e+15,4.978733767192732029e-02
1.651200804605798750e+15,5.112743179464864646e-02
1.651200804607815000e+15,5.246735977626872105e-02
1.651200804609831500e+15,5.380745389899003334e-02
1.651200804611847750e+15,5.514738188061010793e-02
1.651200804613864250e+15,5.522330836388356090e-02
1.651200804615880750e+15,5.522330836388355396e-02
1.651200804617897000e+15,5.522330836388356090e-02
1.651200804619913500e+15,5.522330836388355396e-02
1.651200804621930000e+15,5.522330836388356090e-02
1.651200804623946250e+15,5.522330836388355396e-02
1.651200804625962750e+15,5.522330836388356090e-02
1.651200804627979250e+15,5.522330836388356090e-02
1.651200804629995500e+15,5.522330836388356090e-02
1.651200804632012000e+15,5.522330836388356090e-02
1.651200804634028500e+15,5.570510431732596246e-02
1.651200804636044750e+15,5.686501009777760601e-02
1.651200804638061250e+15,5.802505969791683926e-02
1.651200804640077750e+15,5.918510929805607945e-02
1.651200804642094000e+15,6.034501507850771607e-02
1.651200804644110500e+15,6.150506467864695626e-02
1.651200804646126750e+15,6.266497045909859287e-02
1.651200804648143250e+15,6.382502005923784694e-02
1.651200804650159750e+15,6.498506965937707325e-02
1.651200804652176000e+15,6.614497543982870986e-02
1.651200804654192500e+15,6.730502503996795005e-02
1.651200804656209000e+15,6.663940427954984091e-02
1.651200804658225250e+15,6.561603137407397146e-02
1.651200804660241750e+15,6.459253157797126277e-02
1.651200804662258250e+15,6.356903178186856795e-02
1.651200804664274500e+15,6.254565887639271238e-02
1.651200804666291000e+15,6.152215908029001756e-02
1.651200804668307500e+15,6.049865928418732275e-02
1.651200804670323750e+15,5.947528637871145329e-02
1.651200804672340250e+15,5.845178658260875848e-02
1.651200804674356750e+15,5.742828678650605673e-02
1.651200804676373000e+15,5.640491388103020115e-02
1.651200804678389500e+15,5.538141408492749940e-02
1.651200804680405750e+15,5.632345718514847333e-02
1.651200804682422250e+15,5.762479174920865505e-02
1.651200804684438750e+15,5.892612631326883676e-02
1.651200804686455000e+15,6.022729954152885451e-02
1.651200804688471500e+15,6.135923151542499454e-02
1.651200804690488000e+15,6.135923151542499454e-02
1.651200804692504250e+15,6.135923151542499454e-02
1.651200804694520750e+15,6.135923151542499454e-02
1.651200804696537250e+15,6.135923151542498760e-02
1.651200804698553500e+15,6.135923151542498760e-02
1.651200804700570000e+15,6.135923151542499454e-02
1.651200804702586500e+15,6.135923151542498760e-02
1.651200804704602750e+15,6.135923151542517495e-02
1.651200804706619250e+15,6.135923151542541087e-02
1.651200804708635750e+15,6.135923151542564680e-02
1.651200804710652000e+15,6.135923151542588272e-02
1.651200804712668500e+15,6.135923151542588272e-02
1.651200804714684750e+15,6.135923151542587578e-02
1.651200804716701250e+15,6.135923151542587578e-02
1.651200804718717750e+15,6.135923151542588272e-02
1.651200804720734000e+15,6.135923151542588272e-02
1.651200804722750500e+15,6.135923151542588272e-02
1.651200804724767000e+15,6.197558873949854386e-02
1.651200804726783250e+15,6.260196487510162611e-02
1.651200804728799750e+15,6.322841867668554938e-02
1.651200804730816250e+15,6.385487247826948654e-02
1.651200804732832500e+15,6.448124861387255491e-02
1.651200804734849000e+15,6.510770241545647818e-02
1.651200804736865500e+15,6.573415621704040146e-02
1.651200804738881750e+15,6.636053235264348371e-02
1.651200804740898250e+15,6.698698615422742086e-02
1.651200804742914750e+15,6.727529274903534806e-02
1.651200804744931000e+15,6.611102067541421712e-02
1.651200804746947500e+15,6.494660424071761751e-02
1.651200804748963750e+15,6.378233216709650044e-02
1.651200804750980250e+15,6.261791573239990083e-02
1.651200804752996750e+15,6.145349929770330122e-02
1.651200804755013000e+15,6.135923151542506393e-02
1.651200804757029500e+15,6.135923151542513332e-02
1.651200804759046000e+15,6.135923151542520271e-02
1.651200804761062250e+15,6.135923151542527904e-02
1.651200804763078750e+15,6.135923151542534842e-02
1.651200804765095250e+15,6.135923151542541087e-02
1.651200804767111500e+15,6.135923151542549414e-02
1.651200804769128000e+15,6.135923151542555659e-02
1.651200804771144500e+15,6.135923151542563292e-02
1.651200804773160750e+15,6.135923151542570231e-02
1.651200804775177250e+15,6.135923151542577170e-02
1.651200804777193750e+15,6.135923151542584109e-02
1.651200804779210000e+15,6.095719407440745863e-02
1.651200804781226500e+15,5.983897545397484641e-02
1.651200804783242750e+15,5.872089546714258368e-02
1.651200804785259250e+15,5.760267684670997146e-02
1.651200804787275750e+15,5.648445822627735230e-02
1.651200804789292000e+15,5.536637823944509651e-02
1.651200804791308500e+15,5.631095725879599334e-02
1.651200804793325000e+15,5.755818159578359600e-02
1.651200804795341250e+15,5.880525130540485007e-02
1.651200804797357750e+15,6.005247564239245273e-02
1.651200804799374250e+15,6.129969997938006232e-02
1.651200804801390500e+15,6.254676968900131639e-02
1.651200804803407000e+15,6.379399402598892599e-02
1.651200804805423500e+15,6.504121836297652171e-02
1.651200804807439750e+15,6.628828807259777578e-02
1.651200804809456250e+15,6.749515466696776045e-02
1.651200804811472750e+15,6.749515466696776045e-02
1.651200804813489000e+15,6.749515466696776045e-02
1.651200804815505500e+15,6.749515466696776045e-02
1.651200804817521750e+15,6.749515466696776045e-02
1.651200804819538250e+15,6.749515466696776045e-02
1.651200804821554750e+15,6.749515466696776045e-02
1.651200804823571000e+15,6.797333869594916755e-02
1.651200804825587500e+15,6.914072137687049535e-02
1.651200804827604000e+15,7.030810405779180927e-02
1.651200804829620250e+15,7.147534200989080766e-02
1.651200804831636750e+15,7.264272469081212158e-02
1.651200804833653250e+15,7.354688515569109131e-02
1.651200804835669500e+15,7.299796532898525370e-02
1.651200804837686000e+15,7.244897744030460995e-02
1.651200804839702500e+15,7.189998955162398009e-02
1.651200804841718750e+15,7.135106972491812860e-02
1.651200804843735250e+15,7.080208183623748486e-02
1.651200804845751750e+15,7.025309394755685499e-02
1.651200804847768000e+15,6.970417412085101738e-02
1.651200804849784500e+15,6.915518623217037364e-02
1.651200804851800750e+15,6.860626640546453603e-02
1.651200804853817250e+15,6.805727851678389229e-02
1.651200804855833750e+15,6.750829062810327630e-02
1.651200804857850000e+15,6.849312960599585054e-02
1.651200804859866500e+15,6.951569894773833302e-02
1.651200804861883000e+15,7.053826828948084326e-02
1.651200804863899250e+15,7.156071085595161474e-02
1.651200804865915750e+15,7.258328019769411110e-02
1.651200804867932250e+15,7.360584953943659359e-02
1.651200804869948500e+15,7.363107781851008227e-02
1.651200804871965000e+15,7.363107781851009614e-02
1.651200804873981500e+15,7.363107781851008227e-02
1.651200804875997750e+15,7.363107781851009614e-02
1.651200804878014250e+15,7.363107781851008227e-02
1.651200804880030750e+15,7.363107781851008227e-02
1.651200804882047000e+15,7.363107781851008227e-02
1.651200804884063500e+15,7.363107781851008227e-02
1.651200804886079750e+15,7.363107781851008227e-02
1.651200804888096250e+15,7.363107781851008227e-02
1.651200804890112750e+15,7.363107781851008227e-02
1.651200804892129000e+15,7.363107781851008227e-02
1.651200804894145500e+15,7.426046301603748956e-02
1.651200804896162000e+15,7.530460555064381889e-02
1.651200804898178250e+15,7.634861863539463278e-02
1.651200804900194750e+15,7.739276117000096211e-02
1.651200804902211250e+15,7.843690370460730532e-02
1.651200804904227500e+15,7.948091678935811921e-02
1.651200804906244000e+15,8.104281285669626134e-02
1.651200804908260500e+15,8.280010429755504942e-02
1.651200804910276750e+15,8.455717787436219102e-02
1.651200804912293250e+15,8.576955597558760802e-02
1.651200804914309750e+15,8.520007611020881388e-02
1.651200804916326000e+15,8.463066684734246725e-02
1.651200804918342500e+15,8.406118698196367311e-02
1.651200804920358750e+15,8.349177771909732648e-02
1.651200804922375250e+15,8.292229785371851847e-02
1.651200804924391750e+15,8.235281798833973821e-02
1.651200804926408000e+15,8.178340872547337770e-02
1.651200804928424500e+15,8.121392886009458356e-02
1.651200804930441000e+15,8.064444899471577555e-02
1.651200804932457250e+15,8.007503973184944279e-02
1.651200804934473750e+15,7.976700097005325063e-02
1.651200804936490250e+15,7.976700097005315349e-02
1.651200804938506500e+15,7.976700097005308410e-02
1.651200804940523000e+15,7.976700097005300083e-02
1.651200804942539500e+15,7.976700097005291756e-02
1.651200804944555750e+15,7.976700097005283430e-02
1.651200804946572250e+15,7.976700097005276491e-02
1.651200804948588750e+15,7.976700097005266776e-02
1.651200804950605000e+15,7.976700097005258450e-02
1.651200804952621500e+15,7.976700097005251511e-02
1.651200804954637750e+15,7.976700097005241796e-02
1.651200804956654250e+15,7.976700097005248735e-02
1.651200804958670750e+15,7.976700097005259837e-02
1.651200804960687000e+15,7.976700097005272327e-02
1.651200804962703500e+15,7.976700097005283430e-02
1.651200804964720000e+15,7.976700097005294532e-02
1.651200804966736250e+15,7.976700097005305634e-02
1.651200804968752750e+15,7.976700097005318124e-02
1.651200804970769250e+15,7.976700097005329226e-02
1.651200804972785500e+15,7.976700097005329226e-02
1.651200804974802000e+15,7.976700097005329226e-02
1.651200804976818500e+15,7.976700097005329226e-02
1.651200804978834750e+15,7.976700097005329226e-02
1.651200804980851250e+15,7.976700097005330614e-02
1.651200804982867750e+15,7.976700097005333390e-02
1.651200804984884000e+15,7.976700097005341716e-02
1.651200804986900500e+15,7.976700097005350043e-02
1.651200804988916750e+15,7.976700097005359757e-02
1.651200804990933250e+15,7.976700097005366696e-02
1.651200804992949750e+15,8.019419241263105180e-02
1.651200804994966000e+15,8.239847839112497685e-02
1.651200804996982500e+15,8.460303768468134533e-02
1.651200804998999000e+15,8.680759697823771381e-02
1.651200805001015250e+15,8.901188295673165274e-02
1.651200805003031750e+15,9.121644225028800734e-02
1.651200805005048250e+15,9.124305933260315471e-02
1.651200805007064500e+15,8.997392155518242618e-02
1.651200805009081000e+15,8.870462641411912263e-02
1.651200805011097500e+15,8.743533127305583297e-02
1.651200805013113750e+15,8.616619349563509056e-02
1.651200805015130250e+15,8.489689835457178702e-02
1.651200805017146750e+15,8.362760321350848347e-02
1.651200805019163000e+15,8.235846543608776882e-02
1.651200805021179500e+15,8.108917029502446527e-02
1.651200805023195750e+15,7.982003251760375062e-02
1.651200805025212250e+15,7.976700097005366696e-02
1.651200805027228750e+15,7.976700097005361145e-02
1.651200805029245000e+15,7.976700097005354206e-02
1.651200805031261500e+15,7.976700097005347267e-02
1.651200805033278000e+15,7.976700097005340329e-02
1.651200805035294250e+15,7.976700097005333390e-02
1.651200805037310750e+15,8.092661329892866795e-02
1.651200805039327250e+15,8.370458569117958381e-02
1.651200805041343500e+15,8.648221367822439554e-02
1.651200805043360000e+15,8.926018607047531139e-02
1.651200805045376500e+15,9.203815846272621337e-02
1.651200805047392750e+15,9.203884727313837999e-02
1.651200805049409250e+15,9.203884727313837999e-02
1.651200805051425750e+15,9.203884727313839387e-02
1.651200805053442000e+15,9.203884727313837999e-02
1.651200805055458500e+15,9.203884727313837999e-02
1.651200805057474750e+15,9.203884727313839387e-02
1.651200805059491250e+15,9.174853782496376897e-02
1.651200805061507750e+15,9.075167277218532114e-02
1.651200805063524000e+15,8.975493130793313346e-02
1.651200805065540500e+15,8.875806625515469950e-02
1.651200805067557000e+15,8.776120120237626554e-02
1.651200805069573250e+15,8.676445973812407786e-02
1.651200805071589750e+15,8.620991653002745003e-02
1.651200805073606250e+15,8.847128709296012139e-02
1.651200805075622500e+15,9.073237729752887948e-02
1.651200805077639000e+15,9.299374786046153696e-02
1.651200805079655500e+15,9.525511842339419444e-02
1.651200805081671750e+15,9.751620862796296640e-02
1.651200805083688250e+15,9.775088487369547330e-02
1.651200805085704750e+15,9.715283329869976725e-02
1.651200805087721000e+15,9.655485586845674595e-02
1.651200805089737500e+15,9.595680429346105378e-02
1.651200805091753750e+15,9.535882686321801860e-02
1.651200805093770250e+15,9.476077528822231255e-02
1.651200805095786750e+15,9.416272371322662038e-02
1.651200805097803000e+15,9.356474628298358520e-02
1.651200805099819500e+15,9.296669470798787915e-02
1.651200805101836000e+15,9.236864313299220086e-02
1.651200805103852250e+15,9.203884727313837999e-02
1.651200805105868750e+15,9.203884727313836611e-02
1.651200805107885250e+15,9.203884727313837999e-02
1.651200805109901500e+15,9.203884727313836611e-02
1.651200805111918000e+15,9.203884727313837999e-02
1.651200805113934500e+15,9.228863226371067374e-02
1.651200805115950750e+15,9.277405779358190163e-02
1.651200805117967250e+15,9.325954351260748454e-02
1.651200805119983750e+15,9.374502923163306745e-02
1.651200805122000000e+15,9.423045476150429534e-02
1.651200805124016500e+15,9.471594048052987824e-02
1.651200805126032750e+15,9.520136601040109225e-02
1.651200805128049250e+15,9.568685172942667516e-02
1.651200805130065750e+15,9.617233744845225807e-02
1.651200805132082000e+15,9.665776297832348596e-02
1.651200805134098500e+15,9.714324869734906887e-02
1.651200805136115000e+15,9.762873441637466565e-02
1.651200805138131250e+15,9.811415994624589354e-02
1.651200805140147750e+15,9.714398790381631454e-02
1.651200805142164250e+15,9.596615934264678127e-02
1.651200805144180500e+15,9.478847680535043563e-02
1.651200805146197000e+15,9.361064824418088848e-02
1.651200805148213500e+15,9.243281968301135521e-02
1.651200805150229750e+15,9.230087384502197456e-02
1.651200805152246250e+15,9.269467044066442840e-02
1.651200805154262750e+15,9.308846703630688224e-02
1.651200805156279000e+15,9.348221481015468737e-02
1.651200805158295500e+15,9.387601140579715508e-02
1.651200805160311750e+15,9.426975917964497409e-02
1.651200805162328250e+15,9.466355577528741405e-02
1.651200805164344750e+15,9.505735237092988177e-02
1.651200805166361000e+15,9.545110014477767302e-02
1.651200805168377500e+15,9.584489674042014073e-02
1.651200805170394000e+15,9.623869333606258070e-02
1.651200805172410250e+15,9.663244110991039970e-02
1.651200805174426750e+15,9.702623770555285354e-02
1.651200805176443250e+15,9.742003430119530738e-02
1.651200805178459500e+15,9.781378207504312638e-02
1.651200805180476000e+15,9.809634413972534439e-02
1.651200805182492500e+15,9.715499530869330103e-02
1.651200805184508750e+15,9.621376318344244949e-02
1.651200805186525250e+15,9.527241435241040612e-02
1.651200805188541750e+15,9.433106552137837664e-02
1.651200805190558000e+15,9.338983339612752510e-02
1.651200805192574500e+15,9.244848456509549561e-02
1.651200805194590750e+15,9.261502295457849088e-02
1.651200805196607250e+15,9.363531561022993277e-02
1.651200805198623750e+15,9.465560826588137466e-02
1.651200805200640000e+15,9.567577442851823988e-02
1.651200805202656500e+15,9.669606708416969565e-02
1.651200805204673000e+15,9.771635973982112366e-02
1.651200805206689250e+15,9.850444564143491510e-02
1.651200805208705750e+15,9.910322075927681384e-02
1.651200805210722250e+15,9.970199587711872646e-02
1.651200805212738500e+15,1.003006967605051536e-01
1.651200805214755000e+15,1.008994718783470523e-01
1.651200805216771500e+15,1.014982469961889511e-01
1.651200805218787750e+15,1.020969478795753782e-01
1.651200805220804250e+15,1.026957229974172908e-01
1.651200805222820750e+15,1.032944981152591896e-01
1.651200805224837000e+15,1.038931989986456306e-01
1.651200805226853500e+15,1.041377489278385721e-01
1.651200805228869750e+15,1.035665783343807239e-01
1.651200805230886250e+15,1.029953369200185265e-01
1.651200805232902750e+15,1.024240955056563290e-01
1.651200805234919000e+15,1.018529249121984670e-01
1.651200805236935500e+15,1.012816834978362834e-01
1.651200805238952000e+15,1.007104420834740999e-01
1.651200805240968250e+15,1.001392714900162240e-01
1.651200805242984750e+15,9.956803007565404040e-02
1.651200805245001250e+15,9.899678866129185684e-02
1.651200805247017500e+15,9.842561806783399481e-02
1.651200805249034000e+15,9.817477042468114590e-02
1.651200805251050500e+15,9.817477042468114590e-02
1.651200805253066750e+15,9.817477042468114590e-02
1.651200805255083250e+15,9.817477042468114590e-02
1.651200805257099750e+15,9.817477042468114590e-02
1.651200805259116000e+15,9.817477042468114590e-02
1.651200805261132500e+15,9.817477042468113202e-02
1.651200805263148750e+15,9.817477042468114590e-02
1.651200805265165250e+15,9.817477042468115978e-02
1.651200805267181750e+15,9.817477042468114590e-02
1.651200805269198000e+15,9.817477042468114590e-02
1.651200805271214500e+15,9.817477042468115978e-02
1.651200805273231000e+15,9.817477042468114590e-02
1.651200805275247250e+15,9.817477042468115978e-02
1.651200805277263750e+15,9.817477042468115978e-02
1.651200805279280250e+15,9.817477042468113202e-02
1.651200805281296500e+15,9.817477042468114590e-02
1.651200805283313000e+15,9.817477042468114590e-02
1.651200805285329500e+15,9.817477042468114590e-02
1.651200805287345750e+15,9.817477042468114590e-02
1.651200805289362250e+15,9.839892729835508778e-02
1.651200805291378750e+15,9.886867251608801033e-02
1.651200805293395000e+15,9.933835949612966620e-02
1.651200805295411500e+15,9.980810471386258875e-02
1.651200805297427750e+15,1.002777916939042446e-01
1.651200805299444250e+15,1.007475369116371533e-01
1.651200805301460750e+15,1.012172821293700620e-01
1.651200805303477000e+15,1.016869691094117317e-01
1.651200805305493500e+15,1.021567143271446543e-01
1.651200805307510000e+15,1.026264595448775768e-01
1.651200805309526250e+15,1.030961465249192188e-01
1.651200805311542750e+15,1.035658917426521414e-01
1.651200805313559250e+15,1.040356369603850639e-01
1.651200805315575500e+15,1.043106935762234677e-01
1.651200805317592000e+15,1.043106935762234677e-01
1.651200805319608500e+15,1.043106935762234677e-01
1.651200805321624750e+15,1.043106935762234677e-01
1.651200805323641250e+15,1.043106935762234677e-01
1.651200805325657750e+15,1.043106935762234816e-01
1.651200805327674000e+15,1.043106935762234538e-01
1.651200805329690500e+15,1.043106935762234816e-01
1.651200805331706750e+15,1.043106935762234677e-01
1.651200805333723250e+15,1.043106935762234677e-01
1.651200805335739750e+15,1.043106935762234816e-01
1.651200805337756000e+15,1.043106935762235232e-01
1.651200805339772500e+15,1.043106935762235787e-01
1.651200805341789000e+15,1.043106935762236342e-01
1.651200805343805250e+15,1.043106935762237036e-01
1.651200805345821750e+15,1.043106935762237869e-01
1.651200805347838250e+15,1.043106935762238424e-01
1.651200805349854500e+15,1.043106935762239118e-01
1.651200805351871000e+15,1.043106935762239118e-01
1.651200805353887500e+15,1.043106935762239118e-01
1.651200805355903750e+15,1.043106935762239118e-01
1.651200805357920250e+15,1.043106935762239118e-01
1.651200805359936750e+15,1.043106935762239118e-01
1.651200805361953000e+15,1.045079121443467096e-01
1.651200805363969500e+15,1.055712577128483515e-01
1.651200805365985750e+15,1.066344714507563296e-01
1.651200805368002250e+15,1.076978170192579715e-01
1.651200805370018750e+15,1.087611625877596133e-01
1.651200805372035000e+15,1.098243763256675776e-01
1.651200805374051500e+15,1.109444054695241239e-01
1.651200805376068000e+15,1.121443947077246789e-01
1.651200805378084250e+15,1.133442351746336285e-01
1.651200805380100750e+15,1.145442244128341835e-01
1.651200805382117250e+15,1.157442136510347386e-01
1.651200805384133500e+15,1.164042297470649079e-01
1.651200805386150000e+15,1.158123575138629568e-01
1.651200805388166500e+15,1.152204852806610058e-01
1.651200805390182750e+15,1.146286864261142902e-01
1.651200805392199250e+15,1.140368141929123391e-01
1.651200805394215750e+15,1.134449419597103881e-01
1.651200805396232000e+15,1.128531431051636724e-01
1.651200805398248500e+15,1.122612708719617214e-01
1.651200805400264750e+15,1.116694720174150057e-01
1.651200805402281250e+15,1.110775997842130408e-01
1.651200805404297750e+15,1.104857275510110898e-01
1.651200805406314000e+15,1.104466167277657757e-01
1.651200805408330500e+15,1.104466167277657757e-01
1.651200805410347000e+15,1.104466167277657895e-01
1.651200805412363250e+15,1.104466167277657895e-01
1.651200805414379750e+15,1.104466167277657895e-01
1.651200805416396250e+15,1.104466167277657895e-01
1.651200805418412500e+15,1.104466167277657757e-01
1.651200805420429000e+15,1.104466167277657895e-01
1.651200805422445500e+15,1.104466167277657895e-01
1.651200805424461750e+15,1.104466167277657895e-01
1.651200805426478250e+15,1.104466167277657895e-01
1.651200805428494750e+15,1.104466167277657757e-01
1.651200805430511000e+15,1.104466167277657895e-01
1.651200805432527500e+15,1.104466167277657895e-01
1.651200805434543750e+15,1.104466167277657895e-01
1.651200805436560250e+15,1.104466167277657895e-01
1.651200805438576750e+15,1.104466167277657895e-01
1.651200805440593000e+15,1.104466167277657895e-01
1.651200805442609500e+15,1.104466167277657895e-01
1.651200805444626000e+15,1.104466167277657895e-01
1.651200805446642250e+15,1.104466167277657895e-01
1.651200805448658750e+15,1.104466167277657895e-01
1.651200805450675250e+15,1.104466167277657895e-01
1.651200805452691500e+15,1.104466167277657757e-01
1.651200805454708000e+15,1.104466167277657895e-01
1.651200805456724500e+15,1.104466167277657895e-01
1.651200805458740750e+15,1.104466167277657895e-01
1.651200805460757250e+15,1.104466167277658034e-01
1.651200805462773750e+15,1.104466167277657895e-01
1.651200805464790000e+15,1.104466167277657895e-01
1.651200805466806500e+15,1.104466167277658034e-01
1.651200805468822750e+15,1.104466167277657895e-01
1.651200805470839250e+15,1.104466167277657757e-01
1.651200805472855750e+15,1.104466167277657895e-01
1.651200805474872000e+15,1.104466167277657895e-01
1.651200805476888500e+15,1.104466167277657618e-01
1.651200805478905000e+15,1.104466167277657757e-01
1.651200805480921250e+15,1.104466167277657757e-01
1.651200805482937750e+15,1.104466167277657757e-01
1.651200805484954250e+15,1.104466167277657757e-01
1.651200805486970500e+15,1.104466167277657895e-01
1.651200805488987000e+15,1.104466167277658034e-01
1.651200805491003500e+15,1.104466167277657895e-01
1.651200805493019750e+15,1.104466167277657895e-01
1.651200805495036250e+15,1.104466167277657895e-01
1.651200805497052750e+15,1.104466167277657895e-01
1.651200805499069000e+15,1.104466167277658589e-01
1.651200805501085500e+15,1.104466167277659144e-01
1.651200805503101750e+15,1.104466167277659838e-01
1.651200805505118250e+15,1.104466167277660393e-01
1.651200805507134750e+15,1.104466167277661226e-01
1.651200805509151000e+15,1.104466167277661920e-01
1.651200805511167500e+15,1.104466167277662197e-01
1.651200805513184000e+15,1.104466167277661504e-01
1.651200805515200250e+15,1.104466167277661087e-01
1.651200805517216750e+15,1.104466167277660671e-01
1.651200805519233250e+15,1.104466167277660116e-01
1.651200805521249500e+15,1.104466167277659699e-01
1.651200805523266000e+15,1.104466167277659283e-01
1.651200805525282500e+15,1.104466167277658728e-01
1.651200805527298750e+15,1.104466167277658173e-01
1.651200805529315250e+15,1.104466167277658034e-01
1.651200805531331750e+15,1.104466167277658589e-01
1.651200805533348000e+15,1.104466167277659283e-01
1.651200805535364500e+15,1.104466167277659699e-01
1.651200805537380750e+15,1.104466167277660255e-01
1.651200805539397250e+15,1.104466167277660671e-01
1.651200805541413750e+15,1.104466167277661226e-01
1.651200805543430000e+15,1.104466167277661781e-01
1.651200805545446500e+15,1.104466167277662336e-01
1.651200805547463000e+15,1.104466167277662891e-01
1.651200805549479250e+15,1.104466167277663446e-01
1.651200805551495750e+15,1.104466167277664002e-01
1.651200805553512250e+15,1.104466167277664279e-01
1.651200805555528500e+15,1.104466167277664834e-01
1.651200805557545000e+15,1.104466167277665389e-01
1.651200805559561500e+15,1.104466167277665944e-01
1.651200805561577750e+15,1.104466167277666500e-01
1.651200805563594250e+15,1.104466167277665806e-01
1.651200805565610750e+15,1.104466167277663863e-01
1.651200805567627000e+15,1.104466167277661920e-01
1.651200805569643500e+15,1.104466167277659977e-01
1.651200805571659750e+15,1.104466167277658034e-01
1.651200805573676250e+15,1.104466167277658728e-01
1.651200805575692750e+15,1.104466167277659422e-01
1.651200805577709000e+15,1.104466167277660116e-01
1.651200805579725500e+15,1.104466167277660948e-01
1.651200805581742000e+15,1.104466167277661504e-01
1.651200805583758250e+15,1.104466167277662336e-01
1.651200805585774750e+15,1.104466167277662336e-01
1.651200805587791250e+15,1.104466167277662197e-01
1.651200805589807500e+15,1.104466167277662336e-01
1.651200805591824000e+15,1.104466167277662336e-01
1.651200805593840500e+15,1.104466167277662336e-01
1.651200805595856750e+15,1.104466167277662336e-01
1.651200805597873250e+15,1.104466167277662336e-01
1.651200805599889750e+15,1.104466167277662614e-01
1.651200805601906000e+15,1.104466167277662891e-01
1.651200805603922500e+15,1.104466167277663446e-01
1.651200805605938750e+15,1.104466167277663863e-01
1.651200805607955250e+15,1.104466167277664279e-01
1.651200805609971750e+15,1.104466167277664695e-01
1.651200805611988000e+15,1.104466167277665112e-01
1.651200805614004500e+15,1.104466167277665667e-01
1.651200805616021000e+15,1.104466167277666083e-01
1.651200805618037250e+15,1.104466167277666361e-01
1.651200805620053750e+15,1.104466167277666500e-01
1.651200805622070250e+15,1.104466167277665944e-01
1.651200805624086500e+15,1.104466167277665251e-01
1.651200805626103000e+15,1.104466167277664695e-01
1.651200805628119500e+15,1.104466167277664140e-01
1.651200805630135750e+15,1.104466167277663446e-01
1.651200805632152250e+15,1.104466167277662753e-01
1.651200805634168750e+15,1.104466167277662336e-01
1.651200805636185000e+15,1.104466167277662336e-01
1.651200805638201500e+15,1.104466167277662336e-01
1.651200805640217750e+15,1.104466167277662475e-01
1.651200805642234250e+15,1.104466167277662336e-01
1.651200805644250750e+15,1.104466167277662475e-01
1.651200805646267000e+15,1.104466167277662336e-01
1.651200805648283500e+15,1.104466167277662336e-01
1.651200805650300000e+15,1.104466167277662336e-01
1.651200805652316250e+15,1.104466167277662336e-01
1.651200805654332750e+15,1.104466167277662336e-01
1.651200805656349250e+15,1.104466167277662475e-01
1.651200805658365500e+15,1.104466167277662336e-01
1.651200805660382000e+15,1.104466167277662197e-01
1.651200805662398500e+15,1.104466167277662336e-01
1.651200805664414750e+15,1.104466167277662336e-01
1.651200805666431250e+15,1.104466167277662336e-01
1.651200805668447750e+15,1.104466167277662336e-01
1.651200805670464000e+15,1.104466167277662336e-01
1.651200805672480500e+15,1.104466167277662336e-01
1.651200805674496750e+15,1.104466167277662197e-01
1.651200805676513250e+15,1.104466167277662336e-01
1.651200805678529750e+15,1.104466167277662336e-01
1.651200805680546000e+15,1.104466167277662336e-01
1.651200805682562500e+15,1.104466167277662336e-01
1.651200805684579000e+15,1.104466167277662197e-01
1.651200805686595250e+15,1.104466167277662336e-01
1.651200805688611750e+15,1.104466167277662197e-01
1.651200805690628250e+15,1.104466167277662336e-01
1.651200805692644500e+15,1.104466167277662336e-01
1.651200805694661000e+15,1.104466167277662336e-01
1.651200805696677500e+15,1.104466167277662197e-01
1.651200805698693750e+15,1.104466167277662336e-01
1.651200805700710250e+15,1.104466167277662336e-01
1.651200805702726750e+15,1.104466167277662336e-01
1.651200805704743000e+15,1.104466167277662336e-01
1.651200805706759500e+15,1.104466167277662336e-01
1.651200805708775750e+15,1.104466167277662197e-01
1.651200805710792250e+15,1.104466167277662197e-01
1.651200805712808750e+15,1.104466167277662197e-01
1.651200805714825000e+15,1.104466167277662336e-01
1.651200805716841500e+15,1.104466167277662197e-01
1.651200805718858000e+15,1.104466167277662197e-01
1.651200805720874250e+15,1.104466167277662336e-01
1.651200805722890750e+15,1.104466167277662336e-01
1.651200805724907250e+15,1.104466167277662336e-01
1.651200805726923500e+15,1.104466167277662336e-01
1.651200805728940000e+15,1.104466167277662336e-01
1.651200805730956500e+15,1.104466167277662336e-01
1.651200805732972750e+15,1.104466167277662197e-01
1.651200805734989250e+15,1.104466167277662336e-01
1.651200805737005750e+15,1.104466167277662336e-01
1.651200805739022000e+15,1.104466167277662336e-01
1.651200805741038500e+15,1.104466167277662336e-01
1.651200805743054750e+15,1.104466167277662197e-01
1.651200805745071250e+15,1.104466167277662336e-01
1.651200805747087750e+15,1.104466167277662197e-01
1.651200805749104000e+15,1.104466167277662891e-01
1.651200805751120500e+15,1.104466167277663308e-01
1.651200805753137000e+15,1.104466167277663863e-01
1.651200805755153250e+15,1.104466167277664279e-01
1.651200805757169750e+15,1.104466167277664834e-01
1.651200805759186250e+15,1.104466167277665389e-01
1.651200805761202500e+15,1.104466167277665944e-01
1.651200805763219000e+15,1.104466167277666222e-01
1.651200805765235500e+15,1.104466167277666777e-01
1.651200805767251750e+15,1.104466167277665389e-01
1.651200805769268250e+15,1.104466167277663863e-01
1.651200805771284750e+15,1.104466167277662336e-01
1.651200805773301000e+15,1.104466167277660810e-01
1.651200805775317500e+15,1.104466167277659283e-01
1.651200805777333750e+15,1.103889025991126593e-01
1.651200805779350250e+15,1.098888787949063028e-01
1.651200805781366750e+15,1.093888549906999741e-01
1.651200805783383000e+15,1.088888931780389036e-01
1.651200805785399500e+15,1.083888693738325470e-01
1.651200805787416000e+15,1.078888455696262183e-01
1.651200805789432250e+15,1.073888837569651478e-01
1.651200805791448750e+15,1.068888599527588051e-01
1.651200805793465250e+15,1.063888361485524625e-01
1.651200805795481500e+15,1.058888743358913920e-01
1.651200805797498000e+15,1.053888505316850493e-01
1.651200805799514500e+15,1.048888267274787067e-01
1.651200805801530750e+15,1.043888649148176362e-01
1.651200805803547250e+15,1.064804585443298868e-01
1.651200805805563750e+15,1.090522916424562505e-01
1.651200805807580000e+15,1.116238058919466064e-01
1.651200805809596500e+15,1.141956389900729979e-01
1.651200805811612750e+15,1.165825398793085416e-01
1.651200805813629250e+15,1.165825398793085971e-01
1.651200805815645750e+15,1.165825398793086110e-01
1.651200805817662000e+15,1.165825398793086665e-01
1.651200805819678500e+15,1.165825398793086942e-01
1.651200805821695000e+15,1.165825398793087497e-01
1.651200805823711250e+15,1.165825398793087775e-01
1.651200805825727750e+15,1.165825398793088191e-01
1.651200805827744250e+15,1.165825398793088608e-01
1.651200805829760500e+15,1.165825398793089024e-01
1.651200805831777000e+15,1.165825398793089163e-01
1.651200805833793500e+15,1.165825398793089718e-01
1.651200805835809750e+15,1.170603556279713187e-01
1.651200805837826250e+15,1.184572609663947507e-01
1.651200805839842750e+15,1.198541663048181827e-01
1.651200805841859000e+15,1.212508984588455685e-01
1.651200805843875500e+15,1.226478037972690005e-01
1.651200805845891750e+15,1.240445359512963863e-01
1.651200805847908250e+15,1.254414412897198461e-01
1.651200805849924750e+15,1.268383466281432503e-01
1.651200805851941000e+15,1.282350787821706639e-01
1.651200805853957500e+15,1.298438379476011262e-01
1.651200805855974000e+15,1.316213252389508148e-01
1.651200805857990250e+15,1.333985921624240290e-01
1.651200805860006750e+15,1.351760794537737453e-01
1.651200805862023250e+15,1.369535667451234062e-01
1.651200805864039500e+15,1.387308336685966204e-01
1.651200805866056000e+15,1.405083209599463090e-01
1.651200805868072500e+15,1.422858082512959976e-01
1.651200805870088750e+15,1.440630751747692395e-01
1.651200805872105250e+15,1.458405624661189004e-01
1.651200805874121750e+15,1.472621556370210527e-01
1.651200805876138000e+15,1.472621556370210527e-01
1.651200805878154500e+15,1.472621556370210527e-01
1.651200805880170750e+15,1.472621556370210527e-01
1.651200805882187250e+15,1.472621556370210527e-01
1.651200805884203750e+15,1.472621556370210527e-01
1.651200805886220000e+15,1.474516467050396018e-01
1.651200805888236500e+15,1.483790950998441216e-01
1.651200805890253000e+15,1.493065434946486414e-01
1.651200805892269250e+15,1.502338769070089286e-01
1.651200805894285750e+15,1.511613253018134484e-01
1.651200805896302250e+15,1.520887736966179404e-01
1.651200805898318500e+15,1.530161071089782832e-01
1.651200805900335000e+15,1.530063889851447922e-01
1.651200805902351500e+15,1.523404172409665858e-01
1.651200805904367750e+15,1.516745280620926395e-01
1.651200805906384250e+15,1.510085563179144330e-01
1.651200805908400750e+15,1.503425845737362265e-01
1.651200805910417000e+15,1.496766953948622803e-01
1.651200805912433500e+15,1.490107236506840738e-01
1.651200805914449750e+15,1.483448344718101553e-01
1.651200805916466250e+15,1.476788627276319210e-01
1.651200805918482750e+15,1.470906211530360330e-01
1.651200805920499000e+15,1.466323814666037340e-01
1.651200805922515500e+15,1.461740849618594351e-01
1.651200805924532000e+15,1.457157884571151363e-01
1.651200805926548250e+15,1.452575487706828372e-01
1.651200805928564750e+15,1.447992522659385384e-01
1.651200805930581250e+15,1.443409557611942118e-01
1.651200805932597500e+15,1.438827160747619127e-01
1.651200805934614000e+15,1.434244195700175861e-01
1.651200805936630500e+15,1.429661230652732873e-01
1.651200805938646750e+15,1.425078833788410160e-01
1.651200805940663250e+15,1.420495868740966894e-01
1.651200805942679750e+15,1.415912903693523905e-01
1.651200805944696000e+15,1.411330506829200915e-01
1.651200805946712500e+15,1.416531425853585491e-01
1.651200805948728750e+15,1.421879437375782873e-01
1.651200805950745250e+15,1.427228112011622030e-01
1.651200805952761750e+15,1.432576786647461187e-01
1.651200805954778000e+15,1.437924798169658569e-01
1.651200805956794500e+15,1.443273472805498003e-01
1.651200805958811000e+15,1.448622147441336883e-01
1.651200805960827250e+15,1.453970158963534265e-01
1.651200805962843750e+15,1.459318833599373422e-01
1.651200805964860250e+15,1.464667508235212579e-01
1.651200805966876500e+15,1.470015519757409961e-01
1.651200805968893000e+15,1.472621556370210527e-01
1.651200805970909500e+15,1.472621556370210527e-01
1.651200805972925750e+15,1.472621556370210527e-01
1.651200805974942250e+15,1.472621556370210527e-01
1.651200805976958750e+15,1.472621556370210527e-01
1.651200805978975000e+15,1.473510317119219037e-01
1.651200805980991500e+15,1.479348056696989655e-01
1.651200805983007750e+15,1.485185072528222294e-01
1.651200805985024250e+15,1.491022812105992912e-01
1.651200805987040750e+15,1.496860551683763529e-01
1.651200805989057000e+15,1.502697567514996169e-01
1.651200805991073500e+15,1.508535307092767064e-01
1.651200805993090000e+15,1.514373046670537681e-01
1.651200805995106250e+15,1.520210062501770043e-01
1.651200805997122750e+15,1.526047802079540938e-01
1.651200805999139250e+15,1.531885541657311556e-01
1.651200806001155500e+15,1.533980787885634023e-01
1.651200806003172000e+15,1.533980787885634023e-01
1.651200806005188500e+15,1.533980787885633745e-01
1.651200806007204750e+15,1.533980787885633745e-01
1.651200806009221250e+15,1.533980787885633745e-01
1.651200806011237750e+15,1.533980787885633745e-01
1.651200806013254000e+15,1.533980787885633745e-01
1.651200806015270500e+15,1.533980787885633745e-01
1.651200806017286750e+15,1.533980787885633745e-01
1.651200806019303250e+15,1.533980787885634023e-01
1.651200806021319750e+15,1.533980787885633745e-01
1.651200806023336000e+15,1.533980787885633745e-01
1.651200806025352500e+15,1.533980787885634023e-01
1.651200806027369000e+15,1.533980787885633745e-01
1.651200806029385250e+15,1.533980787885633745e-01
1.651200806031401750e+15,1.533980787885633745e-01
1.651200806033418250e+15,1.533980787885634023e-01
1.651200806035434500e+15,1.533980787885634023e-01
1.651200806037451000e+15,1.533980787885633745e-01
1.651200806039467500e+15,1.533980787885633745e-01
1.651200806041483750e+15,1.533980787885633745e-01
1.651200806043500250e+15,1.533980787885633745e-01
1.651200806045516750e+15,1.533980787885633745e-01
1.651200806047533000e+15,1.533980787885633745e-01
1.651200806049549500e+15,1.533980787885633745e-01
1.651200806051565750e+15,1.533980787885633745e-01
1.651200806053582250e+15,1.533980787885633745e-01
1.651200806055598750e+15,1.533980787885633745e-01
1.651200806057615000e+15,1.533980787885633745e-01
1.651200806059631500e+15,1.533980787885633745e-01
1.651200806061648000e+15,1.538115558587365983e-01
1.651200806063664250e+15,1.545834754353447027e-01
1.651200806065680750e+15,1.553554907242375438e-01
1.651200806067697250e+15,1.561275060131304127e-01
1.651200806069713500e+15,1.568994255897385171e-01
1.651200806071730000e+15,1.576714408786313859e-01
1.651200806073746500e+15,1.584434561675242548e-01
1.651200806075762750e+15,1.592153757441323869e-01
1.651200806077779250e+15,1.589475709020773952e-01
1.651200806079795750e+15,1.579490163838717376e-01
1.651200806081812000e+15,1.569505856636475294e-01
1.651200806083828500e+15,1.559520311454419272e-01
1.651200806085844750e+15,1.549536004252176913e-01
1.651200806087861250e+15,1.539550459070120891e-01
1.651200806089877750e+15,1.533980787885634578e-01
1.651200806091894000e+15,1.533980787885635966e-01
1.651200806093910500e+15,1.533980787885637631e-01
1.651200806095927000e+15,1.533980787885639019e-01
1.651200806097943250e+15,1.533980787885640684e-01
1.651200806099959750e+15,1.533980787885642072e-01
1.651200806101976250e+15,1.533980787885642627e-01
1.651200806103992500e+15,1.533980787885642350e-01
1.651200806106009000e+15,1.533980787885642627e-01
1.651200806108025500e+15,1.533980787885642627e-01
1.651200806110041750e+15,1.533980787885642627e-01
1.651200806112058250e+15,1.533980787885642627e-01
1.651200806114074750e+15,1.533980787885642627e-01
1.651200806116091000e+15,1.533980787885642627e-01
1.651200806118107500e+15,1.533980787885642627e-01
1.651200806120123750e+15,1.533980787885642627e-01
1.651200806122140250e+15,1.533980787885642350e-01
1.651200806124156750e+15,1.533980787885642627e-01
1.651200806126173000e+15,1.533980787885641794e-01
1.651200806128189500e+15,1.533980787885641239e-01
1.651200806130206000e+15,1.533980787885640407e-01
1.651200806132222250e+15,1.533980787885639296e-01
1.651200806134238750e+15,1.533980787885638741e-01
1.651200806136255250e+15,1.533980787885637631e-01
1.651200806138271500e+15,1.533980787885636798e-01
1.651200806140288000e+15,1.533980787885635966e-01
1.651200806142304500e+15,1.533980787885635133e-01
1.651200806144320750e+15,1.533980787885634300e-01
1.651200806146337250e+15,1.533980787885634023e-01
1.651200806148353750e+15,1.533980787885635133e-01
1.651200806150370000e+15,1.533980787885636243e-01
1.651200806152386500e+15,1.533980787885637631e-01
1.651200806154402750e+15,1.533980787885638464e-01
1.651200806156419250e+15,1.533980787885639574e-01
1.651200806158435750e+15,1.533980787885640684e-01
1.651200806160452000e+15,1.533980787885641794e-01
1.651200806162468500e+15,1.533980787885642627e-01
1.651200806164485000e+15,1.533980787885642627e-01
1.651200806166501250e+15,1.533980787885642627e-01
1.651200806168517750e+15,1.533980787885642627e-01
1.651200806170534250e+15,1.533980787885642627e-01
1.651200806172550500e+15,1.533980787885642627e-01
1.651200806174567000e+15,1.533980787885643182e-01
1.651200806176583500e+15,1.533980787885644292e-01
1.651200806178599750e+15,1.533980787885645125e-01
1.651200806180616250e+15,1.533980787885645680e-01
1.651200806182632750e+15,1.533980787885646513e-01
1.651200806184649000e+15,1.533980787885647068e-01
1.651200806186665500e+15,1.533980787885647068e-01
1.651200806188681750e+15,1.533980787885647068e-01
1.651200806190698250e+15,1.533980787885647068e-01
1.651200806192714750e+15,1.533980787885647068e-01
1.651200806194731000e+15,1.533980787885647068e-01
1.651200806196747500e+15,1.533980787885647068e-01
1.651200806198764000e+15,1.533980787885647068e-01
1.651200806200780250e+15,1.533980787885647068e-01
1.651200806202796750e+15,1.533980787885646790e-01
1.651200806204813250e+15,1.533980787885646235e-01
1.651200806206829500e+15,1.533980787885645403e-01
1.651200806208846000e+15,1.533980787885644848e-01
1.651200806210862500e+15,1.533980787885643737e-01
1.651200806212878750e+15,1.533980787885643182e-01
1.651200806214895250e+15,1.533980787885642350e-01
1.651200806216911750e+15,1.533980787885642627e-01
1.651200806218928000e+15,1.533980787885642350e-01
1.651200806220944500e+15,1.533980787885642627e-01
1.651200806222960750e+15,1.533980787885642627e-01
1.651200806224977250e+15,1.533980787885642350e-01
1.651200806226993750e+15,1.533980787885642627e-01
1.651200806229010000e+15,1.533980787885642350e-01
1.651200806231026500e+15,1.533980787885642627e-01
1.651200806233043000e+15,1.533980787885642627e-01
1.651200806235059250e+15,1.533980787885642627e-01
1.651200806237075750e+15,1.533980787885642627e-01
1.651200806239092250e+15,1.533980787885642627e-01
1.651200806241108500e+15,1.533980787885642627e-01
1.651200806243125000e+15,1.533980787885642627e-01
1.651200806245141500e+15,1.533980787885642627e-01
1.651200806247157750e+15,1.533980787885642627e-01
1.651200806249174250e+15,1.533980787885642627e-01
1.651200806251190750e+15,1.533980787885642627e-01
1.651200806253207000e+15,1.533980787885642627e-01
1.651200806255223500e+15,1.533980787885642627e-01
1.651200806257239750e+15,1.533980787885642627e-01
1.651200806259256250e+15,1.533980787885642627e-01
1.651200806261272750e+15,1.533980787885642627e-01
1.651200806263289000e+15,1.533980787885642627e-01
1.651200806265305500e+15,1.533980787885642627e-01
1.651200806267322000e+15,1.533980787885642905e-01
1.651200806269338250e+15,1.533980787885642627e-01
1.651200806271354750e+15,1.533980787885641794e-01
1.651200806273371250e+15,1.533980787885641239e-01
1.651200806275387500e+15,1.533980787885640407e-01
1.651200806277404000e+15,1.533980787885639296e-01
1.651200806279420500e+15,1.533980787885638464e-01
1.651200806281436750e+15,1.533980787885638464e-01
1.651200806283453250e+15,1.533980787885638741e-01
1.651200806285469750e+15,1.533980787885639019e-01
1.651200806287486000e+15,1.533980787885639574e-01
1.651200806289502500e+15,1.533980787885639852e-01
1.651200806291518750e+15,1.533980787885640407e-01
1.651200806293535250e+15,1.533980787885640962e-01
1.651200806295551750e+15,1.533980787885640962e-01
1.651200806297568000e+15,1.533980787885641517e-01
1.651200806299584500e+15,1.533980787885641794e-01
1.651200806301601000e+15,1.533980787885642350e-01
1.651200806303617250e+15,1.533980787885642905e-01
1.651200806305633750e+15,1.533980787885643737e-01
1.651200806307650250e+15,1.533980787885644848e-01
1.651200806309666500e+15,1.533980787885645680e-01
1.651200806311683000e+15,1.533980787885646513e-01
1.651200806313699500e+15,1.533980787885646790e-01
1.651200806315715750e+15,1.533980787885646235e-01
1.651200806317732250e+15,1.533980787885645958e-01
1.651200806319748500e+15,1.533980787885645125e-01
1.651200806321765000e+15,1.533980787885644570e-01
1.651200806323781500e+15,1.533980787885644015e-01
1.651200806325797750e+15,1.533980787885643460e-01
1.651200806327814250e+15,1.533980787885642905e-01
1.651200806329830750e+15,1.533980787885642627e-01
1.651200806331847000e+15,1.533980787885642627e-01
1.651200806333863500e+15,1.533980787885642627e-01
1.651200806335880000e+15,1.533980787885642627e-01
1.651200806337896250e+15,1.533980787885642627e-01
1.651200806339912750e+15,1.533980787885642350e-01
1.651200806341929250e+15,1.533980787885643182e-01
1.651200806343945500e+15,1.533980787885643460e-01
1.651200806345962000e+15,1.533980787885644015e-01
1.651200806347978500e+15,1.533980787885644570e-01
1.651200806349994750e+15,1.533980787885644848e-01
1.651200806352011250e+15,1.533980787885645403e-01
1.651200806354027500e+15,1.533980787885645958e-01
1.651200806356044000e+15,1.533980787885646513e-01
1.651200806358060500e+15,1.533980787885646790e-01
1.651200806360076750e+15,1.533980787885646790e-01
1.651200806362093250e+15,1.533980787885645958e-01
1.651200806364109750e+15,1.533980787885645403e-01
1.651200806366126000e+15,1.533980787885644848e-01
1.651200806368142500e+15,1.533980787885644015e-01
1.651200806370159000e+15,1.533980787885643460e-01
1.651200806372175250e+15,1.533980787885642627e-01
1.651200806374191750e+15,1.533980787885642627e-01
1.651200806376208250e+15,1.533980787885642627e-01
1.651200806378224500e+15,1.533980787885642627e-01
1.651200806380241000e+15,1.533980787885642627e-01
1.651200806382257500e+15,1.533980787885642627e-01
1.651200806384273750e+15,1.533980787885642627e-01
1.651200806386290250e+15,1.533980787885642627e-01
1.651200806388306500e+15,1.533980787885642905e-01
1.651200806390323000e+15,1.533980787885642627e-01
1.651200806392339500e+15,1.533980787885642627e-01
1.651200806394355750e+15,1.533980787885642627e-01
1.651200806396372250e+15,1.533980787885642627e-01
1.651200806398388750e+15,1.533980787885642627e-01
1.651200806400405000e+15,1.533980787885642627e-01
1.651200806402421500e+15,1.533980787885642627e-01
1.651200806404438000e+15,1.533980787885642627e-01
1.651200806406454250e+15,1.533980787885642627e-01
1.651200806408470750e+15,1.533980787885642627e-01
1.651200806410487250e+15,1.533980787885642627e-01
1.651200806412503500e+15,1.533980787885642627e-01
1.651200806414520000e+15,1.533980787885642627e-01
1.651200806416536500e+15,1.533980787885643182e-01
1.651200806418552750e+15,1.533980787885644015e-01
1.651200806420569250e+15,1.533980787885644848e-01
1.651200806422585500e+15,1.533980787885645403e-01
1.651200806424602000e+15,1.533980787885646235e-01
1.651200806426618500e+15,1.533980787885646790e-01
1.651200806428634750e+15,1.533980787885646513e-01
1.651200806430651250e+15,1.533980787885645403e-01
1.651200806432667750e+15,1.533980787885644848e-01
1.651200806434684000e+15,1.533980787885644292e-01
1.651200806436700500e+15,1.533980787885643460e-01
1.651200806438717000e+15,1.533980787885642905e-01
1.651200806440733250e+15,1.533980787885642627e-01
1.651200806442749750e+15,1.533980787885642627e-01
1.651200806444766250e+15,1.533980787885642627e-01
1.651200806446782500e+15,1.533980787885642627e-01
1.651200806448799000e+15,1.533980787885642627e-01
1.651200806450815500e+15,1.533980787885642627e-01
1.651200806452831750e+15,1.533980787885643182e-01
1.651200806454848250e+15,1.533980787885643182e-01
1.651200806456864500e+15,1.533980787885643460e-01
1.651200806458881000e+15,1.533980787885644015e-01
1.651200806460897500e+15,1.533980787885644015e-01
1.651200806462913750e+15,1.533980787885644570e-01
1.651200806464930250e+15,1.533980787885644848e-01
1.651200806466946750e+15,1.533980787885645125e-01
1.651200806468963000e+15,1.533980787885645403e-01
1.651200806470979500e+15,1.533980787885645680e-01
1.651200806472996000e+15,1.533980787885645958e-01
1.651200806475012250e+15,1.533980787885646235e-01
1.651200806477028750e+15,1.533980787885646513e-01
1.651200806479045250e+15,1.533980787885646790e-01
1.651200806481061500e+15,1.527874872978959575e-01
1.651200806483078000e+15,1.517618665224411689e-01
1.651200806485094500e+15,1.507362457469863526e-01
1.651200806487110750e+15,1.497107521251114237e-01
1.651200806489127250e+15,1.486851313496566074e-01
1.651200806491143500e+15,1.476596377277817063e-01
1.651200806493160000e+15,1.479256874519293552e-01
1.651200806495176500e+15,1.490090979011290673e-01
1.651200806497192750e+15,1.500923740321476463e-01
1.651200806499209250e+15,1.511757844813473861e-01
1.651200806501225750e+15,1.522591949305471259e-01
1.651200806503242000e+15,1.533424710615656772e-01
1.651200806505258500e+15,1.544258815107654170e-01
1.651200806507275000e+15,1.555092919599651569e-01
1.651200806509291250e+15,1.565925680909837081e-01
1.651200806511307750e+15,1.576759785401834757e-01
1.651200806513324250e+15,1.587593889893831878e-01
1.651200806515340500e+15,1.595340019401066123e-01
1.651200806517357000e+15,1.595340019401066955e-01
1.651200806519373500e+15,1.595340019401067511e-01
1.651200806521389750e+15,1.595340019401068343e-01
1.651200806523406250e+15,1.595340019401069176e-01
1.651200806525422500e+15,1.595340019401069731e-01
1.651200806527439000e+15,1.592333877675304321e-01
1.651200806529455500e+15,1.586223106717636888e-01
1.651200806531471750e+15,1.580113093356169673e-01
1.651200806533488250e+15,1.574002322398501963e-01
1.651200806535504750e+15,1.567891551440833975e-01
1.651200806537521000e+15,1.561781538079367038e-01
1.651200806539537500e+15,1.555670767121699050e-01
1.651200806541554000e+15,1.549559996164031062e-01
1.651200806543570250e+15,1.543449982802564402e-01
1.651200806545586750e+15,1.537339211844896414e-01
1.651200806547603250e+15,1.533980787885642905e-01
1.651200806549619500e+15,1.533980787885642627e-01
1.651200806551636000e+15,1.533980787885642627e-01
1.651200806553652500e+15,1.533980787885642627e-01
1.651200806555668750e+15,1.533980787885642627e-01
1.651200806557685250e+15,1.533980787885642627e-01
1.651200806559701500e+15,1.533980787885642627e-01
1.651200806561718000e+15,1.538261346255334616e-01
1.651200806563734500e+15,1.543780365406539068e-01
1.651200806565750750e+15,1.549298700325267286e-01
1.651200806567767250e+15,1.554817719476471738e-01
1.651200806569783750e+15,1.560336738627676190e-01
1.651200806571800000e+15,1.565855073546404408e-01
1.651200806573816500e+15,1.571374092697608860e-01
1.651200806575833000e+15,1.576893111848813311e-01
1.651200806577849250e+15,1.582411446767541530e-01
1.651200806579865750e+15,1.587930465918745981e-01
1.651200806581882250e+15,1.593449485069950433e-01
1.651200806583898500e+15,1.595340019401065845e-01
1.651200806585915000e+15,1.595340019401065845e-01
1.651200806587931500e+15,1.595340019401065845e-01
1.651200806589947750e+15,1.595340019401065845e-01
1.651200806591964250e+15,1.595340019401065845e-01
1.651200806593980500e+15,1.595340019401065845e-01
1.651200806595997000e+15,1.595340019401065568e-01
1.651200806598013500e+15,1.595340019401065845e-01
1.651200806600029750e+15,1.595340019401065845e-01
1.651200806602046250e+15,1.595340019401065845e-01
1.651200806604062750e+15,1.595340019401065845e-01
1.651200806606079000e+15,1.595340019401065845e-01
1.651200806608095500e+15,1.595416513040871509e-01
1.651200806610112000e+15,1.606842396349658642e-01
1.651200806612128250e+15,1.618266863109559806e-01
1.651200806614144750e+15,1.629692746418346383e-01
1.651200806616161250e+15,1.641118629727133238e-01
1.651200806618177500e+15,1.652543096487034679e-01
1.651200806620194000e+15,1.650961357765302340e-01
1.651200806622210500e+15,1.641943071296581846e-01
1.651200806624226750e+15,1.632925902889660608e-01
1.651200806626243250e+15,1.623907616420940392e-01
1.651200806628259500e+15,1.614890448014018876e-01
1.651200806630276000e+15,1.605872161545298382e-01
1.651200806632292500e+15,1.596853875076578166e-01
1.651200806634308750e+15,1.599802327622786291e-01
1.651200806636325250e+15,1.605165608522259313e-01
1.651200806638341750e+15,1.610528889421732612e-01
1.651200806640358000e+15,1.615891505396719885e-01
1.651200806642374500e+15,1.621254786296193184e-01
1.651200806644391000e+15,1.626618067195665929e-01
1.651200806646407250e+15,1.631980683170653479e-01
1.651200806648423750e+15,1.637343964070126501e-01
1.651200806650440250e+15,1.642707244969599800e-01
1.651200806652456500e+15,1.648069860944587073e-01
1.651200806654473000e+15,1.653433141844060095e-01
1.651200806656489500e+15,1.656699250916489063e-01
1.651200806658505750e+15,1.656699250916489063e-01
1.651200806660522250e+15,1.656699250916489063e-01
1.651200806662538500e+15,1.656699250916489063e-01
1.651200806664555000e+15,1.656699250916489063e-01
1.651200806666571500e+15,1.656699250916489341e-01
1.651200806668587750e+15,1.656699250916489341e-01
1.651200806670604250e+15,1.656699250916489341e-01
1.651200806672620750e+15,1.656699250916489896e-01
1.651200806674637000e+15,1.656699250916490451e-01
1.651200806676653500e+15,1.656699250916491006e-01
1.651200806678670000e+15,1.656699250916491839e-01
1.651200806680686250e+15,1.656699250916492394e-01
1.651200806682702750e+15,1.656699250916492949e-01
1.651200806684719250e+15,1.656699250916493504e-01
1.651200806686735500e+15,1.656699250916494337e-01
1.651200806688752000e+15,1.656699250916494892e-01
1.651200806690768500e+15,1.656699250916495447e-01
1.651200806692784750e+15,1.656699250916496280e-01
1.651200806694801250e+15,1.656699250916496557e-01
1.651200806696817500e+15,1.656699250916497390e-01
1.651200806698834000e+15,1.656699250916497668e-01
1.651200806700850500e+15,1.656699250916497668e-01
1.651200806702866750e+15,1.656699250916497945e-01
1.651200806704883250e+15,1.656699250916497668e-01
1.651200806706899750e+15,1.656699250916497945e-01
1.651200806708916000e+15,1.656699250916497945e-01
1.651200806710932500e+15,1.656699250916497945e-01
1.651200806712949000e+15,1.656699250916497945e-01
1.651200806714965250e+15,1.656699250916497945e-01
1.651200806716981750e+15,1.656699250916497945e-01
1.651200806718998250e+15,1.656699250916497945e-01
1.651200806721014500e+15,1.656699250916497945e-01
1.651200806723031000e+15,1.656699250916497668e-01
1.651200806725047500e+15,1.656699250916497945e-01
1.651200806727063750e+15,1.656699250916497113e-01
1.651200806729080250e+15,1.656699250916495447e-01
1.651200806731096500e+15,1.656699250916494059e-01
1.651200806733113000e+15,1.656699250916492394e-01
1.651200806735129500e+15,1.656699250916490729e-01
1.651200806737145750e+15,1.656699250916489063e-01
1.651200806739162250e+15,1.656699250916488786e-01
1.651200806741178750e+15,1.656699250916488231e-01
1.651200806743195000e+15,1.656699250916487953e-01
1.651200806745211500e+15,1.656699250916487398e-01
1.651200806747228000e+15,1.656699250916486843e-01
1.651200806749244250e+15,1.656699250916486843e-01
1.651200806751260750e+15,1.656699250916486288e-01
1.651200806753277250e+15,1.656699250916486010e-01
1.651200806755293500e+15,1.656699250916485455e-01
1.651200806757310000e+15,1.656699250916485178e-01
1.651200806759326500e+15,1.656699250916484900e-01
1.651200806761342750e+15,1.656699250916485178e-01
1.651200806763359250e+15,1.656699250916485733e-01
1.651200806765375500e+15,1.656699250916486288e-01
1.651200806767392000e+15,1.656699250916487121e-01
1.651200806769408500e+15,1.656699250916487953e-01
1.651200806771424750e+15,1.656699250916488508e-01
1.651200806773441250e+15,1.656699250916489063e-01
1.651200806775457750e+15,1.656699250916488508e-01
1.651200806777474000e+15,1.656699250916487953e-01
1.651200806779490500e+15,1.656699250916487121e-01
1.651200806781507000e+15,1.656699250916486565e-01
1.651200806783523250e+15,1.656699250916485733e-01
1.651200806785539750e+15,1.656699250916485178e-01
1.651200806787556250e+15,1.656699250916484623e-01
1.651200806789572500e+15,1.656699250916484623e-01
1.651200806791589000e+15,1.656699250916484623e-01
1.651200806793605500e+15,1.656699250916484623e-01
1.651200806795621750e+15,1.656699250916484623e-01
1.651200806797638250e+15,1.656699250916484623e-01
1.651200806799654500e+15,1.656699250916484623e-01
1.651200806801671000e+15,1.656699250916484623e-01
1.651200806803687500e+15,1.656699250916484623e-01
1.651200806805703750e+15,1.656699250916484623e-01
1.651200806807720250e+15,1.656699250916484623e-01
1.651200806809736750e+15,1.656699250916484623e-01
1.651200806811753000e+15,1.656699250916484900e-01
1.651200806813769500e+15,1.656699250916484623e-01
1.651200806815786000e+15,1.656699250916484623e-01
1.651200806817802250e+15,1.656699250916484623e-01
1.651200806819818750e+15,1.656699250916484623e-01
1.651200806821835250e+15,1.656699250916484345e-01
1.651200806823851500e+15,1.656699250916484623e-01
1.651200806825868000e+15,1.656699250916484623e-01
1.651200806827884500e+15,1.656699250916484345e-01
1.651200806829900750e+15,1.656699250916484623e-01
1.651200806831917250e+15,1.656699250916484345e-01
1.651200806833933500e+15,1.656699250916484345e-01
1.651200806835950000e+15,1.656699250916484345e-01
1.651200806837966500e+15,1.656699250916484623e-01
1.651200806839982750e+15,1.656699250916484623e-01
1.651200806841999250e+15,1.656699250916484623e-01
1.651200806844015750e+15,1.656699250916484623e-01
1.651200806846032000e+15,1.652918188664259380e-01
1.651200806848048500e+15,1.640038945367617296e-01
1.651200806850065000e+15,1.627159702070974934e-01
1.651200806852081250e+15,1.614282055506702784e-01
1.651200806854097750e+15,1.601402812210060422e-01
1.651200806856114250e+15,1.600630505734466080e-01
1.651200806858130500e+15,1.610625298959782459e-01
1.651200806860147000e+15,1.620621331465101900e-01
1.651200806862163500e+15,1.630617363970420786e-01
1.651200806864179750e+15,1.640612157195737164e-01
1.651200806866196250e+15,1.650608189701056328e-01
1.651200806868212500e+15,1.656699250916484345e-01
1.651200806870229000e+15,1.656699250916484623e-01
1.651200806872245500e+15,1.656699250916484623e-01
1.651200806874261750e+15,1.656699250916484623e-01
1.651200806876278250e+15,1.656699250916484623e-01
1.651200806878294750e+15,1.656699250916484623e-01
1.651200806880311000e+15,1.656699250916484623e-01
1.651200806882327500e+15,1.656699250916484623e-01
1.651200806884344000e+15,1.656699250916484623e-01
1.651200806886360250e+15,1.656699250916484623e-01
1.651200806888376750e+15,1.656699250916484623e-01
1.651200806890393250e+15,1.656699250916484623e-01
1.651200806892409500e+15,1.656699250916484900e-01
1.651200806894426000e+15,1.656699250916484623e-01
1.651200806896442500e+15,1.656699250916484623e-01
1.651200806898458750e+15,1.656699250916484623e-01
1.651200806900475250e+15,1.656699250916484623e-01
1.651200806902491500e+15,1.656699250916484900e-01
1.651200806904508000e+15,1.656699250916484623e-01
1.651200806906524500e+15,1.656699250916484623e-01
1.651200806908540750e+15,1.656699250916484900e-01
1.651200806910557250e+15,1.656699250916484623e-01
1.651200806912573750e+15,1.656699250916484623e-01
1.651200806914590000e+15,1.656699250916484623e-01
1.651200806916606500e+15,1.656699250916484623e-01
1.651200806918623000e+15,1.656699250916484623e-01
1.651200806920639250e+15,1.656699250916484623e-01
1.651200806922655750e+15,1.651956176463305059e-01
1.651200806924672250e+15,1.642871009391505821e-01
1.651200806926688500e+15,1.633786968673174300e-01
1.651200806928705000e+15,1.624701801601375339e-01
1.651200806930721500e+15,1.615616634529575824e-01
1.651200806932737750e+15,1.606532593811244580e-01
1.651200806934754250e+15,1.597447426739445620e-01
1.651200806936770500e+15,1.595340019401070286e-01
1.651200806938787000e+15,1.595340019401070286e-01
1.651200806940803500e+15,1.595340019401070286e-01
1.651200806942819750e+15,1.595340019401070286e-01
1.651200806944836250e+15,1.595340019401070286e-01
1.651200806946852750e+15,1.595340019401070286e-01
1.651200806948869000e+15,1.595340019401069731e-01
1.651200806950885500e+15,1.595340019401068898e-01
1.651200806952902000e+15,1.595340019401068066e-01
1.651200806954918250e+15,1.595340019401067788e-01
1.651200806956934750e+15,1.595340019401067233e-01
1.651200806958951250e+15,1.595340019401066400e-01
1.651200806960967500e+15,1.595340019401065845e-01
1.651200806962984000e+15,1.595340019401066400e-01
1.651200806965000500e+15,1.595340019401067511e-01
1.651200806967016750e+15,1.595340019401068621e-01
1.651200806969033250e+15,1.595340019401069453e-01
1.651200806971049500e+15,1.595340019401070286e-01
1.651200806973066000e+15,1.595340019401070286e-01
1.651200806975082500e+15,1.595340019401070286e-01
1.651200806977098750e+15,1.595340019401070286e-01
1.651200806979115250e+15,1.595340019401070286e-01
1.651200806981131750e+15,1.595340019401070286e-01
1.651200806983148000e+15,1.595340019401070286e-01
1.651200806985164500e+15,1.595340019401070286e-01
1.651200806987181000e+15,1.595340019401070286e-01
1.651200806989197250e+15,1.595340019401070564e-01
1.651200806991213750e+15,1.595340019401070564e-01
1.651200806993230250e+15,1.588394089165600653e-01
1.651200806995246500e+15,1.577056520384167715e-01
1.651200806997263000e+15,1.565717545828551882e-01
1.651200806999279500e+15,1.554378571272936327e-01
1.651200807001295750e+15,1.543041002491503111e-01
1.651200807003312250e+15,1.535420532461606868e-01
1.651200807005328500e+15,1.542583728023125822e-01
1.651200807007345000e+15,1.549747811767603900e-01
1.651200807009361500e+15,1.556911895512081978e-01
1.651200807011377750e+15,1.564075091073601209e-01
1.651200807013394250e+15,1.571239174818079010e-01
1.651200807015410750e+15,1.578403258562556810e-01
1.651200807017427000e+15,1.585566454124076041e-01
1.651200807019443500e+15,1.592730537868554119e-01
1.651200807021460000e+15,1.595340019401070009e-01
1.651200807023476250e+15,1.595340019401069731e-01
1.651200807025492750e+15,1.595340019401069453e-01
1.651200807027509250e+15,1.595340019401069176e-01
1.651200807029525500e+15,1.595340019401068621e-01
1.651200807031542000e+15,1.595340019401068343e-01
1.651200807033558500e+15,1.595340019401068066e-01
1.651200807035574750e+15,1.595340019401067788e-01
1.651200807037591250e+15,1.595340019401067511e-01
1.651200807039607500e+15,1.595340019401067233e-01
1.651200807041624000e+15,1.595340019401066955e-01
1.651200807043640500e+15,1.595340019401066678e-01
1.651200807045656750e+15,1.595340019401066400e-01
1.651200807047673250e+15,1.595340019401066123e-01
1.651200807049689750e+15,1.595340019401065845e-01
1.651200807051706000e+15,1.595340019401065568e-01
1.651200807053722500e+15,1.595340019401065845e-01
1.651200807055739000e+15,1.595340019401065845e-01
1.651200807057755250e+15,1.595340019401065845e-01
1.651200807059771750e+15,1.595340019401065845e-01
1.651200807061788250e+15,1.595340019401065845e-01
1.651200807063804500e+15,1.595340019401065845e-01
1.651200807065821000e+15,1.595340019401065845e-01
1.651200807067837500e+15,1.595340019401065845e-01
1.651200807069853750e+15,1.595340019401065845e-01
1.651200807071870250e+15,1.595340019401065845e-01
1.651200807073886500e+15,1.595340019401065845e-01
1.651200807075903000e+15,1.595340019401065845e-01
1.651200807077919500e+15,1.595340019401065845e-01
1.651200807079935750e+15,1.595340019401065845e-01
1.651200807081952250e+15,1.595340019401065568e-01
1.651200807083968750e+15,1.595340019401065845e-01
1.651200807085985000e+15,1.600961765751896804e-01
1.651200807088001500e+15,1.613060219878311163e-01
1.651200807090018000e+15,1.625158674004725801e-01
1.651200807092034250e+15,1.637255628198816537e-01
1.651200807094050750e+15,1.649354082325230897e-01
1.651200807096067250e+15,1.658904370044091969e-01
1.651200807098083500e+15,1.664516325160581012e-01
1.651200807100100000e+15,1.670128976117754016e-01
1.651200807102116500e+15,1.675741627074926743e-01
1.651200807104132750e+15,1.681353582191415508e-01
1.651200807106149250e+15,1.686966233148588790e-01
1.651200807108165500e+15,1.692578188265077554e-01
1.651200807110182000e+15,1.698190839222250559e-01
1.651200807112198500e+15,1.703803490179423563e-01
1.651200807114214750e+15,1.709415445295912606e-01
1.651200807116231250e+15,1.715028096253085332e-01
1.651200807118247750e+15,1.716050438866418282e-01
1.651200807120264000e+15,1.711686420716113100e-01
1.651200807122280500e+15,1.707321861460023571e-01
1.651200807124297000e+15,1.702957302203934320e-01
1.651200807126313250e+15,1.698593284053629415e-01
1.651200807128329750e+15,1.694228724797540164e-01
1.651200807130346250e+15,1.689864165541450358e-01
1.651200807132362500e+15,1.685500147391145453e-01
1.651200807134379000e+15,1.681135588135055925e-01
1.651200807136395500e+15,1.676771028878966674e-01
1.651200807138411750e+15,1.672407010728661492e-01
1.651200807140428250e+15,1.668042451472571963e-01
1.651200807142444500e+15,1.663678433322267058e-01
1.651200807144461000e+15,1.659313874066177807e-01
1.651200807146477500e+15,1.652070687874852284e-01
1.651200807148493750e+15,1.640527904655691704e-01
1.651200807150510250e+15,1.628983690217284952e-01
1.651200807152526750e+15,1.617439475778878477e-01
1.651200807154543000e+15,1.605896692559717898e-01
1.651200807156559500e+15,1.597145010437288903e-01
1.651200807158576000e+15,1.618245094057831068e-01
1.651200807160592250e+15,1.639342561749335403e-01
1.651200807162608750e+15,1.660442645369877568e-01
1.651200807164625250e+15,1.681542728990419733e-01
1.651200807166641500e+15,1.702640196681924067e-01
1.651200807168658000e+15,1.722437828214370970e-01
1.651200807170674500e+15,1.738701089301497582e-01
1.651200807172690750e+15,1.754962334115243716e-01
1.651200807174707250e+15,1.771225595202370329e-01
1.651200807176723500e+15,1.787486840016116463e-01
1.651200807178740000e+15,1.803750101103243075e-01
1.651200807180756500e+15,1.820013362190370243e-01
1.651200807182772750e+15,1.836274607004116100e-01
1.651200807184789250e+15,1.836055447950381558e-01
1.651200807186805750e+15,1.829526457904954717e-01
1.651200807188822000e+15,1.822998277305355186e-01
1.651200807190838500e+15,1.816469287259928345e-01
1.651200807192855000e+15,1.809940297214501226e-01
1.651200807194871250e+15,1.803412116614901972e-01
1.651200807196887750e+15,1.796883126569475131e-01
1.651200807198904250e+15,1.790354136524048012e-01
1.651200807200920500e+15,1.783825955924448758e-01
1.651200807202937000e+15,1.779417713947335500e-01
1.651200807204953500e+15,1.779417713947335222e-01
1.651200807206969750e+15,1.779417713947335500e-01
1.651200807208986250e+15,1.779417713947335500e-01
1.651200807211002500e+15,1.779417713947335500e-01
1.651200807213019000e+15,1.779417713947335222e-01
1.651200807215035500e+15,1.781086729227620569e-01
1.651200807217051750e+15,1.785540934467692575e-01
1.651200807219068250e+15,1.789995691996076888e-01
1.651200807221084750e+15,1.794450449524461477e-01
1.651200807223101000e+15,1.798904654764533206e-01
1.651200807225117500e+15,1.803359412292917796e-01
1.651200807227134000e+15,1.807814169821302108e-01
1.651200807229150250e+15,1.812268375061374115e-01
1.651200807231166750e+15,1.816723132589758705e-01
1.651200807233183250e+15,1.821177890118143017e-01
1.651200807235199500e+15,1.825632095358215023e-01
1.651200807237216000e+15,1.830086852886599613e-01
1.651200807239232500e+15,1.834541610414983648e-01
1.651200807241248750e+15,1.838995815655055932e-01
1.651200807243265250e+15,1.840776945462772041e-01
1.651200807245281500e+15,1.840776945462771763e-01
1.651200807247298000e+15,1.840776945462772041e-01
1.651200807249314500e+15,1.840776945462772041e-01
1.651200807251330750e+15,1.840776945462772041e-01
1.651200807253347250e+15,1.840776945462771763e-01
1.651200807255363750e+15,1.840776945462772318e-01
1.651200807257380000e+15,1.840776945462773984e-01
1.651200807259396500e+15,1.840776945462775926e-01
1.651200807261413000e+15,1.840776945462777592e-01
1.651200807263429250e+15,1.840776945462779257e-01
1.651200807265445750e+15,1.842469983082112295e-01
1.651200807267462250e+15,1.854806063874819000e-01
1.651200807269478500e+15,1.867140615274915927e-01
1.651200807271495000e+15,1.879476696067622910e-01
1.651200807273511500e+15,1.891812776860329892e-01
1.651200807275527750e+15,1.900930952185188871e-01
1.651200807277544250e+15,1.893538295774190860e-01
1.651200807279560500e+15,1.886146555883948528e-01
1.651200807281577000e+15,1.878753899472950795e-01
1.651200807283593500e+15,1.871361243061953061e-01
1.651200807285609750e+15,1.863969503171710451e-01
1.651200807287626250e+15,1.856576846760712440e-01
1.651200807289642750e+15,1.849184190349714985e-01
1.651200807291659000e+15,1.841792450459472374e-01
1.651200807293675500e+15,1.840776945462773151e-01
1.651200807295692000e+15,1.840776945462774261e-01
1.651200807297708250e+15,1.840776945462775649e-01
1.651200807299724750e+15,1.840776945462777037e-01
1.651200807301741250e+15,1.840776945462778424e-01
1.651200807303757500e+15,1.840776945462779535e-01
1.651200807305774000e+15,1.840776945462781200e-01
1.651200807307790500e+15,1.840776945462782588e-01
1.651200807309806750e+15,1.840776945462783698e-01
1.651200807311823250e+15,1.840776945462784808e-01
1.651200807313839500e+15,1.840776945462786474e-01
1.651200807315856000e+15,1.840776945462787861e-01
1.651200807317872500e+15,1.840776945462789249e-01
1.651200807319888750e+15,1.840776945462789804e-01
1.651200807321905250e+15,1.840776945462789804e-01
1.651200807323921750e+15,1.840776945462789804e-01
1.651200807325938000e+15,1.840776945462789804e-01
1.651200807327954500e+15,1.840776945462789804e-01
1.651200807329971000e+15,1.840776945462789804e-01
1.651200807331987250e+15,1.840776945462789804e-01
1.651200807334003750e+15,1.840776945462787861e-01
1.651200807336020250e+15,1.840776945462786474e-01
1.651200807338036500e+15,1.840776945462784808e-01
1.651200807340053000e+15,1.840776945462783143e-01
1.651200807342069500e+15,1.840776945462781478e-01
1.651200807344085750e+15,1.840776945462779812e-01
1.651200807346102250e+15,1.840776945462778147e-01
1.651200807348118500e+15,1.840776945462776482e-01
1.651200807350135000e+15,1.840776945462774816e-01
1.651200807352151500e+15,1.840776945462772873e-01
1.651200807354167750e+15,1.840776945462772041e-01
1.651200807356184250e+15,1.840776945462772041e-01
1.651200807358200750e+15,1.840776945462772041e-01
1.651200807360217000e+15,1.840776945462772041e-01
1.651200807362233500e+15,1.840776945462771763e-01
1.651200807364250000e+15,1.840776945462772041e-01
1.651200807366266250e+15,1.840776945462772318e-01
1.651200807368282750e+15,1.840776945462772041e-01
1.651200807370299250e+15,1.840776945462772318e-01
1.651200807372315500e+15,1.840776945462772318e-01
1.651200807374332000e+15,1.840776945462772041e-01
1.651200807376348500e+15,1.840776945462772041e-01
1.651200807378364750e+15,1.840776945462772041e-01
1.651200807380381250e+15,1.840776945462772041e-01
1.651200807382397500e+15,1.840776945462772041e-01
1.651200807384414000e+15,1.840776945462772318e-01
1.651200807386430500e+15,1.840776945462772041e-01
1.651200807388446750e+15,1.840776945462772318e-01
1.651200807390463250e+15,1.840776945462773706e-01
1.651200807392479750e+15,1.840776945462775094e-01
1.651200807394496000e+15,1.840776945462776482e-01
1.651200807396512500e+15,1.840776945462777592e-01
1.651200807398529000e+15,1.840776945462778980e-01
1.651200807400545250e+15,1.840776945462780367e-01
1.651200807402561750e+15,1.836824017221599659e-01
1.651200807404578250e+15,1.830157841350102954e-01
1.651200807406594500e+15,1.823492491932346971e-01
1.651200807408611000e+15,1.816826316060849988e-01
1.651200807410627500e+15,1.810160140189353006e-01
1.651200807412643750e+15,1.803494790771597023e-01
1.651200807414660250e+15,1.796828614900100318e-01
1.651200807416676500e+15,1.790163265482344335e-01
1.651200807418693000e+15,1.783497089610847353e-01
1.651200807420709500e+15,1.779417713947357704e-01
1.651200807422725750e+15,1.779417713947357704e-01
1.651200807424742250e+15,1.779417713947357704e-01
1.651200807426758750e+15,1.779417713947357704e-01
1.651200807428775000e+15,1.779417713947357982e-01
1.651200807430791500e+15,1.779417713947357704e-01
1.651200807432808000e+15,1.779417713947357982e-01
1.651200807434824250e+15,1.779417713947357704e-01
1.651200807436840750e+15,1.779417713947357704e-01
1.651200807438857250e+15,1.779417713947357704e-01
1.651200807440873500e+15,1.779417713947357704e-01
1.651200807442890000e+15,1.775800983003350819e-01
1.651200807444906500e+15,1.766450806146184216e-01
1.651200807446922750e+15,1.757101788497653361e-01
1.651200807448939250e+15,1.747751611640486757e-01
1.651200807450955500e+15,1.738402593991955625e-01
1.651200807452972000e+15,1.729052417134789021e-01
1.651200807454988500e+15,1.719702240277622418e-01
1.651200807457004750e+15,1.722790196338398749e-01
1.651200807459021250e+15,1.728532035419139135e-01
1.651200807461037750e+15,1.734273874499879797e-01
1.651200807463054000e+15,1.740015001723556054e-01
1.651200807465070500e+15,1.745756840804296717e-01
1.651200807467087000e+15,1.751498679885036824e-01
1.651200807469103250e+15,1.757239807108713359e-01
1.651200807471119750e+15,1.762981646189453744e-01
1.651200807473136250e+15,1.768723485270194407e-01
1.651200807475152500e+15,1.774464612493870663e-01
1.651200807477169000e+15,1.778410931153266150e-01
1.651200807479185500e+15,1.771081770488006912e-01
1.651200807481201750e+15,1.763753518471479209e-01
1.651200807483218250e+15,1.756424357806219971e-01
1.651200807485234500e+15,1.749096105789691991e-01
1.651200807487251000e+15,1.741766945124432753e-01
1.651200807489267500e+15,1.734437784459173515e-01
1.651200807491283750e+15,1.727109532442645534e-01
1.651200807493300250e+15,1.719780371777386574e-01
1.651200807495316750e+15,1.725050280527808400e-01
1.651200807497333000e+15,1.734187997533719328e-01
1.651200807499349500e+15,1.743326847548558045e-01
1.651200807501366000e+15,1.752465697563397040e-01
1.651200807503382250e+15,1.761603414569307968e-01
1.651200807505398750e+15,1.770742264584146963e-01
1.651200807507415250e+15,1.779417713947353263e-01
1.651200807509431500e+15,1.779417713947353541e-01
1.651200807511448000e+15,1.779417713947353263e-01
1.651200807513464500e+15,1.779417713947353541e-01
1.651200807515480750e+15,1.779417713947353263e-01
1.651200807517497250e+15,1.779417713947353263e-01
1.651200807519513500e+15,1.779417713947353541e-01
1.651200807521530000e+15,1.779417713947353263e-01
1.651200807523546500e+15,1.779417713947353263e-01
1.651200807525562750e+15,1.779417713947352986e-01
1.651200807527579250e+15,1.779417713947352153e-01
1.651200807529595750e+15,1.779417713947351598e-01
1.651200807531612000e+15,1.779417713947351043e-01
1.651200807533628500e+15,1.779417713947349933e-01
1.651200807535645000e+15,1.779417713947349100e-01
1.651200807537661250e+15,1.779417713947348267e-01
1.651200807539677750e+15,1.779417713947347712e-01
1.651200807541694250e+15,1.779417713947346602e-01
1.651200807543710500e+15,1.779417713947346047e-01
1.651200807545727000e+15,1.779417713947345492e-01
1.651200807547743500e+15,1.779417713947344659e-01
1.651200807549759750e+15,1.779417713947344382e-01
1.651200807551776250e+15,1.779417713947344382e-01
1.651200807553792500e+15,1.779417713947344382e-01
1.651200807555809000e+15,1.779417713947344382e-01
1.651200807557825500e+15,1.779417713947344382e-01
1.651200807559841750e+15,1.779417713947344382e-01
1.651200807561858250e+15,1.779417713947344382e-01
1.651200807563874750e+15,1.779417713947344659e-01
1.651200807565891000e+15,1.779417713947345769e-01
1.651200807567907500e+15,1.779417713947347157e-01
1.651200807569924000e+15,1.779417713947348545e-01
1.651200807571940250e+15,1.779417713947349933e-01
1.651200807573956750e+15,1.779417713947351321e-01
1.651200807575973250e+15,1.779417713947352431e-01
1.651200807577989500e+15,1.779417713947353263e-01
1.651200807580006000e+15,1.779417713947352431e-01
1.651200807582022500e+15,1.779417713947351876e-01
1.651200807584038750e+15,1.779417713947351321e-01
1.651200807586055250e+15,1.779417713947350488e-01
1.651200807588071500e+15,1.779417713947350210e-01
1.651200807590088000e+15,1.779417713947349933e-01
1.651200807592104500e+15,1.779417713947349100e-01
1.651200807594120750e+15,1.779417713947348267e-01
1.651200807596137250e+15,1.779417713947347712e-01
1.651200807598153750e+15,1.779417713947347157e-01
1.651200807600170000e+15,1.779417713947346602e-01
1.651200807602186500e+15,1.779417713947346047e-01
1.651200807604203000e+15,1.779417713947345492e-01
1.651200807606219250e+15,1.779417713947344937e-01
1.651200807608235750e+15,1.779417713947344659e-01
1.651200807610252250e+15,1.779417713947344937e-01
1.651200807612268500e+15,1.779417713947345769e-01
1.651200807614285000e+15,1.779417713947346602e-01
1.651200807616301500e+15,1.779417713947346880e-01
1.651200807618317750e+15,1.779417713947347712e-01
1.651200807620334250e+15,1.779417713947348267e-01
1.651200807622350500e+15,1.779417713947348823e-01
1.651200807624367000e+15,1.779417713947349378e-01
1.651200807626383500e+15,1.779417713947349933e-01
1.651200807628399750e+15,1.779417713947350488e-01
1.651200807630416250e+15,1.779417713947351321e-01
1.651200807632432750e+15,1.779417713947351876e-01
1.651200807634449000e+15,1.779417713947352708e-01
1.651200807636465500e+15,1.779417713947352986e-01
1.651200807638482000e+15,1.779417713947352431e-01
1.651200807640498250e+15,1.779417713947351043e-01
1.651200807642514750e+15,1.779417713947349933e-01
1.651200807644531250e+15,1.779417713947348267e-01
1.651200807646547500e+15,1.779417713947347157e-01
1.651200807648564000e+15,1.779417713947345492e-01
1.651200807650580500e+15,1.779417713947344382e-01
1.651200807652596750e+15,1.779417713947344382e-01
1.651200807654613250e+15,1.779417713947344382e-01
1.651200807656629500e+15,1.779417713947344382e-01
1.651200807658646000e+15,1.779417713947344382e-01
1.651200807660662500e+15,1.779417713947344382e-01
1.651200807662678750e+15,1.779417713947344382e-01
1.651200807664695250e+15,1.779417713947344382e-01
1.651200807666711750e+15,1.779417713947344382e-01
1.651200807668728000e+15,1.779417713947344382e-01
1.651200807670744500e+15,1.779417713947344382e-01
1.651200807672761000e+15,1.779417713947344382e-01
1.651200807674777250e+15,1.779417713947344382e-01
1.651200807676793750e+15,1.779417713947344382e-01
1.651200807678810250e+15,1.779417713947344659e-01
1.651200807680826500e+15,1.779417713947344382e-01
1.651200807682843000e+15,1.775091001461470142e-01
1.651200807684859500e+15,1.764604444096367075e-01
1.651200807686875750e+15,1.754119186825159882e-01
1.651200807688892250e+15,1.743632629460056815e-01
1.651200807690908500e+15,1.733147372188849622e-01
1.651200807692925000e+15,1.722660814823746833e-01
1.651200807694941500e+15,1.724221640040417558e-01
1.651200807696957750e+15,1.735203934806772708e-01
1.651200807698974250e+15,1.746187591295975394e-01
1.651200807700990750e+15,1.757171247785178358e-01
1.651200807703007000e+15,1.768153542551533230e-01
1.651200807705023500e+15,1.779137199040735917e-01
1.651200807707040000e+15,1.769398527481688965e-01
1.651200807709056250e+15,1.759118026356296660e-01
1.651200807711072750e+15,1.748836250525246661e-01
1.651200807713089250e+15,1.738554474694197216e-01
1.651200807715105500e+15,1.728273973568804911e-01
1.651200807717122000e+15,1.718114986647393816e-01
1.651200807719138500e+15,1.726879659761428876e-01
1.651200807721154750e+15,1.735643246255935968e-01
1.651200807723171250e+15,1.744407919369970750e-01
1.651200807725187500e+15,1.753171505864477564e-01
1.651200807727204000e+15,1.761936178978512901e-01
1.651200807729220500e+15,1.770700852092547961e-01
1.651200807731236750e+15,1.779329560023015511e-01
1.651200807733253250e+15,1.762793523891929559e-01
1.651200807735269750e+15,1.746257487760843330e-01
1.651200807737286000e+15,1.729723501721021073e-01
1.651200807739302500e+15,1.713187465589934844e-01
1.651200807741319000e+15,1.696651429458849170e-01
1.651200807743335250e+15,1.680117443419026635e-01
1.651200807745351750e+15,1.663581407287940406e-01
1.651200807747368250e+15,1.662716841328155115e-01
1.651200807749384500e+15,1.673023035142131576e-01
1.651200807751401000e+15,1.683330506847467434e-01
1.651200807753417500e+15,1.693637978552803292e-01
1.651200807755433750e+15,1.703944172366779197e-01
1.651200807757450250e+15,1.714251644072115055e-01
1.651200807759466500e+15,1.713089482822223730e-01
1.651200807761483000e+15,1.705209036331500339e-01
1.651200807763499500e+15,1.697328589840776669e-01
1.651200807765515750e+15,1.689449120345650757e-01
1.651200807767532250e+15,1.681568673854927087e-01
1.651200807769548750e+15,1.673688227364203696e-01
1.651200807771565000e+15,1.665808757869077505e-01
1.651200807773581500e+15,1.657928311378354114e-01
1.651200807775598000e+15,1.660459771316888655e-01
1.651200807777614250e+15,1.664914618119055501e-01
1.651200807779630750e+15,1.669370017289083519e-01
1.651200807781647250e+15,1.673825416459111537e-01
1.651200807783663500e+15,1.678280263261278660e-01
1.651200807785680000e+15,1.682735662431306678e-01
1.651200807787696500e+15,1.687191061601334696e-01
1.651200807789712750e+15,1.691645908403501264e-01
1.651200807791729250e+15,1.696101307573529837e-01
1.651200807793745500e+15,1.700556154375696405e-01
1.651200807795762000e+15,1.705011553545724423e-01
1.651200807797778500e+15,1.709466952715752441e-01
1.651200807799794750e+15,1.713921799517919287e-01
1.651200807801811250e+15,1.718058482431920886e-01
1.651200807803827750e+15,1.718058482431921163e-01
1.651200807805844000e+15,1.718058482431921163e-01
1.651200807807860500e+15,1.718058482431921163e-01
1.651200807809877000e+15,1.718058482431921163e-01
1.651200807811893250e+15,1.718058482431921163e-01
1.651200807813909750e+15,1.718058482431921163e-01
1.651200807815926250e+15,1.712472539745948652e-01
1.651200807817942500e+15,1.706634697610096563e-01
1.651200807819959000e+15,1.700796131625250951e-01
1.651200807821975500e+15,1.694957565640405339e-01
1.651200807823991750e+15,1.689119723504553527e-01
1.651200807826008250e+15,1.683281157519707638e-01
1.651200807828024500e+15,1.677443315383855826e-01
1.651200807830041000e+15,1.671604749399009937e-01
1.651200807832057500e+15,1.665766183414164325e-01
1.651200807834073750e+15,1.659928341278312514e-01
1.651200807836090250e+15,1.654443948820116528e-01
1.651200807838106750e+15,1.649397827680195161e-01
1.651200807840123000e+15,1.644352332144184692e-01
1.651200807842139500e+15,1.639306211004263880e-01
1.651200807844156000e+15,1.634260089864342791e-01
1.651200807846172250e+15,1.629214594328332322e-01
1.651200807848188750e+15,1.624168473188411510e-01
1.651200807850205250e+15,1.619122352048490698e-01
1.651200807852221500e+15,1.614076856512479952e-01
1.651200807854238000e+15,1.609030735372559140e-01
1.651200807856254500e+15,1.603984614232638328e-01
1.651200807858270750e+15,1.598939118696627859e-01
1.651200807860287250e+15,1.597745183149971437e-01
1.651200807862303500e+15,1.606131540968772642e-01
1.651200807864320000e+15,1.614518938633552336e-01
1.651200807866336500e+15,1.622906336298332308e-01
1.651200807868352750e+15,1.631292694117133513e-01
1.651200807870369250e+15,1.639680091781913207e-01
1.651200807872385750e+15,1.648067489446693179e-01
1.651200807874402000e+15,1.656453847265494383e-01
1.651200807876418500e+15,1.656699250916484345e-01
1.651200807878435000e+15,1.656699250916484623e-01
1.651200807880451250e+15,1.656699250916484623e-01
1.651200807882467750e+15,1.656699250916484623e-01
1.651200807884484250e+15,1.656699250916484623e-01
1.651200807886500500e+15,1.656699250916484623e-01
1.651200807888517000e+15,1.656699250916484623e-01
1.651200807890533500e+15,1.656699250916484345e-01
1.651200807892549750e+15,1.656699250916484345e-01
1.651200807894566250e+15,1.656699250916484623e-01
1.651200807896582500e+15,1.652608510669300868e-01
1.651200807898599000e+15,1.645057958991089364e-01
1.651200807900615500e+15,1.637507407312877861e-01
1.651200807902631750e+15,1.629957791730833050e-01
1.651200807904648250e+15,1.622407240052621269e-01
1.651200807906664750e+15,1.614856688374410043e-01
1.651200807908681000e+15,1.607307072792364955e-01
1.651200807910697500e+15,1.599756521114153729e-01
1.651200807912714000e+15,1.590544718114561829e-01
1.651200807914730250e+15,1.578993312835106078e-01
1.651200807916746750e+15,1.567440475267332656e-01
1.651200807918763250e+15,1.555887637699559511e-01
1.651200807920779500e+15,1.544336232420103761e-01
1.651200807922796000e+15,1.534925610650444971e-01
1.651200807924812500e+15,1.544041568091752137e-01
1.651200807926828750e+15,1.553156395362287889e-01
1.651200807928845250e+15,1.562272352803594777e-01
1.651200807930861500e+15,1.571387180074130530e-01
1.651200807932878000e+15,1.580503137515437417e-01
1.651200807934894500e+15,1.589619094956744305e-01
1.651200807936910750e+15,1.595340019401065845e-01
1.651200807938927250e+15,1.595340019401065845e-01
1.651200807940943750e+15,1.595340019401065845e-01
1.651200807942960000e+15,1.595340019401065845e-01
1.651200807944976500e+15,1.595340019401065845e-01
1.651200807946993000e+15,1.595340019401065845e-01
1.651200807949009250e+15,1.595340019401066123e-01
1.651200807951025750e+15,1.595340019401065845e-01
1.651200807953042250e+15,1.595340019401065845e-01
1.651200807955058500e+15,1.595340019401065845e-01
1.651200807957075000e+15,1.595340019401065845e-01
1.651200807959091500e+15,1.595340019401065845e-01
1.651200807961107750e+15,1.595340019401065845e-01
1.651200807963124250e+15,1.595340019401065845e-01
1.651200807965140500e+15,1.595340019401065845e-01
1.651200807967157000e+15,1.595340019401065845e-01
1.651200807969173500e+15,1.595340019401065845e-01
1.651200807971189750e+15,1.595340019401065845e-01
1.651200807973206250e+15,1.595340019401065845e-01
1.651200807975222750e+15,1.595340019401065845e-01
1.651200807977239000e+15,1.595340019401065845e-01
1.651200807979255500e+15,1.595340019401065845e-01
1.651200807981272000e+15,1.595340019401065845e-01
1.651200807983288250e+15,1.595340019401065845e-01
1.651200807985304750e+15,1.595340019401065845e-01
1.651200807987321250e+15,1.595340019401065568e-01
1.651200807989337500e+15,1.595340019401065845e-01
1.651200807991354000e+15,1.595340019401065845e-01
1.651200807993370500e+15,1.595340019401065845e-01
1.651200807995386750e+15,1.595340019401065845e-01
1.651200807997403250e+15,1.595340019401065845e-01
1.651200807999419500e+15,1.595340019401065845e-01
1.651200808001436000e+15,1.595340019401065845e-01
1.651200808003452500e+15,1.595340019401065845e-01
1.651200808005468750e+15,1.595340019401065845e-01
1.651200808007485250e+15,1.595340019401065845e-01
1.651200808009501750e+15,1.595340019401065845e-01
1.651200808011518000e+15,1.595340019401065845e-01
1.651200808013534500e+15,1.595340019401065845e-01
1.651200808015551000e+15,1.595340019401066123e-01
1.651200808017567250e+15,1.595340019401065845e-01
1.651200808019583750e+15,1.595340019401065845e-01
1.651200808021600250e+15,1.595340019401065290e-01
1.651200808023616500e+15,1.595340019401065013e-01
1.651200808025633000e+15,1.595340019401064735e-01
1.651200808027649500e+15,1.595340019401064457e-01
1.651200808029665750e+15,1.595340019401063902e-01
1.651200808031682250e+15,1.595340019401063625e-01
1.651200808033698500e+15,1.595340019401063625e-01
1.651200808035715000e+15,1.595340019401063070e-01
1.651200808037731500e+15,1.595340019401062792e-01
1.651200808039747750e+15,1.595340019401062237e-01
1.651200808041764250e+15,1.595340019401062237e-01
1.651200808043780750e+15,1.595340019401061682e-01
1.651200808045797000e+15,1.595340019401061404e-01
1.651200808047813500e+15,1.592630629234501050e-01
1.651200808049830000e+15,1.587861109137714277e-01
1.651200808051846250e+15,1.583092180352618228e-01
1.651200808053862750e+15,1.578322660255831456e-01
1.651200808055879250e+15,1.573553140159044683e-01
1.651200808057895500e+15,1.568784211373948634e-01
1.651200808059912000e+15,1.564014691277161584e-01
1.651200808061928500e+15,1.559245171180375089e-01
1.651200808063944750e+15,1.554476242395278762e-01
1.651200808065961250e+15,1.549706722298492267e-01
1.651200808067977500e+15,1.544937793513395941e-01
1.651200808069994000e+15,1.540168273416609168e-01
1.651200808072010500e+15,1.535398753319822396e-01
1.651200808074026750e+15,1.537310955340801810e-01
1.651200808076043250e+15,1.542050876056050568e-01
1.651200808078059750e+15,1.546790796771299048e-01
1.651200808080076000e+15,1.551530129844505279e-01
1.651200808082092500e+15,1.556270050559753759e-01
1.651200808084109000e+15,1.561009971275002517e-01
1.651200808086125250e+15,1.565749304348208470e-01
1.651200808088141750e+15,1.570489225063457228e-01
1.651200808090158250e+15,1.575229145778705986e-01
1.651200808092174500e+15,1.579968478851911939e-01
1.651200808094191000e+15,1.584708399567160697e-01
1.651200808096207500e+15,1.589448320282409177e-01
1.651200808098223750e+15,1.594187653355615131e-01
1.651200808100240250e+15,1.595340019401066400e-01
1.651200808102256500e+15,1.595340019401066955e-01
1.651200808104273000e+15,1.595340019401067511e-01
1.651200808106289500e+15,1.595340019401068066e-01
1.651200808108305750e+15,1.595340019401068898e-01
1.651200808110322250e+15,1.595340019401069453e-01
1.651200808112338750e+15,1.595340019401070286e-01
1.651200808114355000e+15,1.571036326385830129e-01
1.651200808116371500e+15,1.540914386026130678e-01
1.651200808118388000e+15,1.510792445666430950e-01
1.651200808120404250e+15,1.480674239740199793e-01
1.651200808122420750e+15,1.450552299380500065e-01
1.651200808124437250e+15,1.420430359020800615e-01
1.651200808126453500e+15,1.411262324854787309e-01
1.651200808128470000e+15,1.411262324854787309e-01
1.651200808130486500e+15,1.411262324854787309e-01
1.651200808132502750e+15,1.411262324854787309e-01
1.651200808134519250e+15,1.411262324854787309e-01
1.651200808136535500e+15,1.411262324854787309e-01
1.651200808138552000e+15,1.411262324854787309e-01
1.651200808140568500e+15,1.411262324854787309e-01
1.651200808142584750e+15,1.411262324854787309e-01
1.651200808144601250e+15,1.411262324854787309e-01
1.651200808146617750e+15,1.411262324854787309e-01
1.651200808148634000e+15,1.411262324854787309e-01
1.651200808150650500e+15,1.398272568887957146e-01
1.651200808152667000e+15,1.381497773558393594e-01
1.651200808154683250e+15,1.364725057920787576e-01
1.651200808156699750e+15,1.347950262591224302e-01
1.651200808158716250e+15,1.331175467261660750e-01
1.651200808160732500e+15,1.314402751624055010e-01
1.651200808162749000e+15,1.297627956294491458e-01
1.651200808164765500e+15,1.305890122671271580e-01
1.651200808166781750e+15,1.343720732117944239e-01
1.651200808168798250e+15,1.381556032278745405e-01
1.651200808170814500e+15,1.419386641725418063e-01
1.651200808172831000e+15,1.457221941886219230e-01
1.651200808174847500e+15,1.495057242047020396e-01
1.651200808176863750e+15,1.532887851493692777e-01
1.651200808178880250e+15,1.520792694908463805e-01
1.651200808180896750e+15,1.507212309621354385e-01
1.651200808182913000e+15,1.493633607992227996e-01
1.651200808184929500e+15,1.480053222705118854e-01
1.651200808186946000e+15,1.466472837418009711e-01
1.651200808188962250e+15,1.452894135788883323e-01
1.651200808190978750e+15,1.439313750501774181e-01
1.651200808192995250e+15,1.425733365214665038e-01
1.651200808195011500e+15,1.412154663585538650e-01
1.651200808197028000e+15,1.368573701451894775e-01
1.651200808199044500e+15,1.322882826137695700e-01
1.651200808201060750e+15,1.277197615449744417e-01
1.651200808203077250e+15,1.231506740135545341e-01
1.651200808205093500e+15,1.185821529447594197e-01
1.651200808207110000e+15,1.178449014275411849e-01
1.651200808209126500e+15,1.200896563323097244e-01
1.651200808211142750e+15,1.223341329386769816e-01
1.651200808213159250e+15,1.245788878434455349e-01
1.651200808215175750e+15,1.268236427482140605e-01
1.651200808217192000e+15,1.288112624500065417e-01
1.651200808219208500e+15,1.283583509585505544e-01
1.651200808221225000e+15,1.279054394670946226e-01
1.651200808223241250e+15,1.274525841263318970e-01
1.651200808225257750e+15,1.269996726348759375e-01
1.651200808227274250e+15,1.265467611434200057e-01
1.651200808229290500e+15,1.260939058026572523e-01
1.651200808231307000e+15,1.256409943112012928e-01
1.651200808233323500e+15,1.251880828197453610e-01
1.651200808235339750e+15,1.247352274789826077e-01
1.651200808237356250e+15,1.242823159875266759e-01
1.651200808239372500e+15,1.238294606467639225e-01
1.651200808241389000e+15,1.233765491553079768e-01
1.651200808243405500e+15,1.229236376638520312e-01
1.651200808245421750e+15,1.224571418531062716e-01
1.651200808247438250e+15,1.219792872578455006e-01
1.651200808249454750e+15,1.215014326625847296e-01
1.651200808251471000e+15,1.210236373103930896e-01
1.651200808253487500e+15,1.205457827151323047e-01
1.651200808255504000e+15,1.200679281198715476e-01
1.651200808257520250e+15,1.195901327676798798e-01
1.651200808259536750e+15,1.191122781724191226e-01
1.651200808261553250e+15,1.186344235771583516e-01
1.651200808263569500e+15,1.181566282249666838e-01
1.651200808265586000e+15,1.176787736297059128e-01
1.651200808267602500e+15,1.172009190344451696e-01
1.651200808269618750e+15,1.167231236822534740e-01
1.651200808271635250e+15,1.165825398793086942e-01
1.651200808273651500e+15,1.165825398793088608e-01
1.651200808275668000e+15,1.165825398793090273e-01
1.651200808277684500e+15,1.165825398793092216e-01
1.651200808279700750e+15,1.165825398793093881e-01
1.651200808281717250e+15,1.165825398793095685e-01
1.651200808283733750e+15,1.165825398793097489e-01
1.651200808285750000e+15,1.165825398793099155e-01
1.651200808287766500e+15,1.165825398793100959e-01
1.651200808289783000e+15,1.165825398793102763e-01
1.651200808291799250e+15,1.165825398793103179e-01
1.651200808293815750e+15,1.165825398793103179e-01
1.651200808295832250e+15,1.165825398793103179e-01
1.651200808297848500e+15,1.165825398793103318e-01
1.651200808299865000e+15,1.165825398793103318e-01
1.651200808301881500e+15,1.165825398793103318e-01
1.651200808303897750e+15,1.165825398793103318e-01
1.651200808305914250e+15,1.165825398793103318e-01
1.651200808307930500e+15,1.165825398793103457e-01
1.651200808309947000e+15,1.165825398793103318e-01
1.651200808311963500e+15,1.165825398793103457e-01
1.651200808313979750e+15,1.165825398793103457e-01
1.651200808315996250e+15,1.165825398793103318e-01
1.651200808318012750e+15,1.165825398793103457e-01
1.651200808320029000e+15,1.165825398793103318e-01
1.651200808322045500e+15,1.165825398793103318e-01
1.651200808324062000e+15,1.165825398793103457e-01
1.651200808326078250e+15,1.165825398793103318e-01
1.651200808328094750e+15,1.165825398793103457e-01
1.651200808330111250e+15,1.165825398793102485e-01
1.651200808332127500e+15,1.165825398793101375e-01
1.651200808334144000e+15,1.165825398793100265e-01
1.651200808336160500e+15,1.165825398793099155e-01
1.651200808338176750e+15,1.165825398793098322e-01
1.651200808340193250e+15,1.165825398793096934e-01
1.651200808342209500e+15,1.165825398793095963e-01
1.651200808344226000e+15,1.165825398793094853e-01
1.651200808346242500e+15,1.165825398793094575e-01
1.651200808348258750e+15,1.165825398793094436e-01
1.651200808350275250e+15,1.165825398793094436e-01
1.651200808352291750e+15,1.165825398793094436e-01
1.651200808354308000e+15,1.165825398793094575e-01
1.651200808356324500e+15,1.165825398793093742e-01
1.651200808358341000e+15,1.165825398793092493e-01
1.651200808360357250e+15,1.165825398793091244e-01
1.651200808362373750e+15,1.165825398793089857e-01
1.651200808364390250e+15,1.165825398793088608e-01
1.651200808366406500e+15,1.165825398793087359e-01
1.651200808368423000e+15,1.165825398793086110e-01
1.651200808370439500e+15,1.165825398793085971e-01
1.651200808372455750e+15,1.165825398793086803e-01
1.651200808374472250e+15,1.165825398793087359e-01
1.651200808376488500e+15,1.165825398793088052e-01
1.651200808378505000e+15,1.165825398793088885e-01
1.651200808380521500e+15,1.165825398793089579e-01
1.651200808382537750e+15,1.165825398793090134e-01
1.651200808384554250e+15,1.165825398793090967e-01
1.651200808386570750e+15,1.165825398793091661e-01
1.651200808388587000e+15,1.165825398793092493e-01
1.651200808390603500e+15,1.165825398793093048e-01
1.651200808392620000e+15,1.165825398793093881e-01
1.651200808394636250e+15,1.165825398793094020e-01
1.651200808396652750e+15,1.165825398793092493e-01
1.651200808398669250e+15,1.165825398793091106e-01
1.651200808400685500e+15,1.165825398793089301e-01
1.651200808402702000e+15,1.165825398793087775e-01
1.651200808404718500e+15,1.165825398793086248e-01
1.651200808406734750e+15,1.165825398793085971e-01
1.651200808408751250e+15,1.165825398793086526e-01
1.651200808410767500e+15,1.165825398793087220e-01
1.651200808412784000e+15,1.165825398793087775e-01
1.651200808414800500e+15,1.165825398793088330e-01
1.651200808416816750e+15,1.165825398793088885e-01
1.651200808418833250e+15,1.165825398793089718e-01
1.651200808420849750e+15,1.165825398793090273e-01
1.651200808422866000e+15,1.165825398793090828e-01
1.651200808424882500e+15,1.165825398793091383e-01
1.651200808426899000e+15,1.165825398793091938e-01
1.651200808428915250e+15,1.165825398793092632e-01
1.651200808430931750e+15,1.165825398793093326e-01
1.651200808432948250e+15,1.165825398793093881e-01
1.651200808434964500e+15,1.165825398793094436e-01
1.651200808436981000e+15,1.165825398793093881e-01
1.651200808438997500e+15,1.165825398793093187e-01
1.651200808441013750e+15,1.165825398793092355e-01
1.651200808443030250e+15,1.165825398793091938e-01
1.651200808445046500e+15,1.165825398793091106e-01
1.651200808447063000e+15,1.165825398793090412e-01
1.651200808449079500e+15,1.165825398793089857e-01
1.651200808451095750e+15,1.165825398793089163e-01
1.651200808453112250e+15,1.165825398793088330e-01
1.651200808455128750e+15,1.165825398793087775e-01
1.651200808457145000e+15,1.165825398793087220e-01
1.651200808459161500e+15,1.165825398793086387e-01
1.651200808461178000e+15,1.165825398793085693e-01
1.651200808463194250e+15,1.165825398793085277e-01
1.651200808465210750e+15,1.165825398793084444e-01
1.651200808467227250e+15,1.165825398793083612e-01
1.651200808469243500e+15,1.165825398793082918e-01
1.651200808471260000e+15,1.165825398793082224e-01
1.651200808473276250e+15,1.165825398793081669e-01
1.651200808475292750e+15,1.165825398793080836e-01
1.651200808477309250e+15,1.165825398793080281e-01
1.651200808479325500e+15,1.165825398793079448e-01
1.651200808481342000e+15,1.165825398793078893e-01
1.651200808483358500e+15,1.165825398793078199e-01
1.651200808485374750e+15,1.165825398793077505e-01
1.651200808487391250e+15,1.165825398793076673e-01
1.651200808489407750e+15,1.165825398793077228e-01
1.651200808491424000e+15,1.165825398793077922e-01
1.651200808493440500e+15,1.165825398793078754e-01
1.651200808495457000e+15,1.165825398793079448e-01
1.651200808497473250e+15,1.165825398793080281e-01
1.651200808499489750e+15,1.165825398793081114e-01
1.651200808501506250e+15,1.165825398793081669e-01
1.651200808503522500e+15,1.165825398793082363e-01
1.651200808505539000e+15,1.165825398793083056e-01
1.651200808507555250e+15,1.165825398793083889e-01
1.651200808509571750e+15,1.165825398793084722e-01
1.651200808511588250e+15,1.165825398793085416e-01
1.651200808513604500e+15,1.165825398793085554e-01
1.651200808515621000e+15,1.165825398793085554e-01
1.651200808517637500e+15,1.165825398793085554e-01
1.651200808519653750e+15,1.165825398793085693e-01
1.651200808521670250e+15,1.165825398793085554e-01
1.651200808523686750e+15,1.165825398793085554e-01
1.651200808525703000e+15,1.165825398793085554e-01
1.651200808527719500e+15,1.165825398793085554e-01
1.651200808529736000e+15,1.165825398793085554e-01
1.651200808531752250e+15,1.165825398793085554e-01
1.651200808533768750e+15,1.165825398793085554e-01
1.651200808535785250e+15,1.165825398793085554e-01
1.651200808537801500e+15,1.165825398793085554e-01
1.651200808539818000e+15,1.165825398793085554e-01
1.651200808541834250e+15,1.165825398793085693e-01
1.651200808543850750e+15,1.165825398793085554e-01
1.651200808545867250e+15,1.158709945740844238e-01
1.651200808547883500e+15,1.149031057417969071e-01
1.651200808549900000e+15,1.139350968984948337e-01
1.651200808551916500e+15,1.129670880551927881e-01
1.651200808553932750e+15,1.119991992229052713e-01
1.651200808555949250e+15,1.110311903796032118e-01
1.651200808557965750e+15,1.104466167277653732e-01
1.651200808559982000e+15,1.104466167277654565e-01
1.651200808561998500e+15,1.104466167277655397e-01
1.651200808564015000e+15,1.104466167277656230e-01
1.651200808566031250e+15,1.104466167277656924e-01
1.651200808568047750e+15,1.104466167277657757e-01
1.651200808570064250e+15,1.104466167277658728e-01
1.651200808572080500e+15,1.104466167277659283e-01
1.651200808574097000e+15,1.104466167277660255e-01
1.651200808576113250e+15,1.104466167277660948e-01
1.651200808578129750e+15,1.104466167277661781e-01
1.651200808580146250e+15,1.104466167277662059e-01
1.651200808582162500e+15,1.104466167277661226e-01
1.651200808584179000e+15,1.104466167277660393e-01
1.651200808586195500e+15,1.104466167277659561e-01
1.651200808588211750e+15,1.104466167277658728e-01
1.651200808590228250e+15,1.104466167277657895e-01
1.651200808592244750e+15,1.104466167277657201e-01
1.651200808594261000e+15,1.104466167277656230e-01
1.651200808596277500e+15,1.104466167277655536e-01
1.651200808598294000e+15,1.104466167277654565e-01
1.651200808600310250e+15,1.104466167277653732e-01
1.651200808602326750e+15,1.104466167277654703e-01
1.651200808604343250e+15,1.104466167277656508e-01
1.651200808606359500e+15,1.104466167277658589e-01
1.651200808608376000e+15,1.104466167277660532e-01
1.651200808610392250e+15,1.103966353972930803e-01
1.651200808612408750e+15,1.094740966979876051e-01
1.651200808614425250e+15,1.085515579986821300e-01
1.651200808616441500e+15,1.076291336731305809e-01
1.651200808618458000e+15,1.067065949738251057e-01
1.651200808620474500e+15,1.057840562745196306e-01
1.651200808622490750e+15,1.048616319489680815e-01
1.651200808624507250e+15,1.046641619152195585e-01
1.651200808626523750e+15,1.055416859602608254e-01
1.651200808628540000e+15,1.064191012123383712e-01
1.651200808630556500e+15,1.072966252573796242e-01
1.651200808632573000e+15,1.081741493024208633e-01
1.651200808634589250e+15,1.090515645544984091e-01
1.651200808636605750e+15,1.099290885995396622e-01
1.651200808638622250e+15,1.098659781522539763e-01
1.651200808640638500e+15,1.084507922618060949e-01
1.651200808642655000e+15,1.070354308988361453e-01
1.651200808644671250e+15,1.056202450083882499e-01
1.651200808646687750e+15,1.042048836454183003e-01
1.651200808648704250e+15,1.027895222824483645e-01
1.651200808650720500e+15,1.013743363920004692e-01
1.651200808652737000e+15,9.995897502903051957e-02
1.651200808654753500e+15,9.854361366606058381e-02
1.651200808656769750e+15,9.853845884415443623e-02
1.651200808658786250e+15,9.903041101444925998e-02
1.651200808660802750e+15,9.952236318474408372e-02
1.651200808662819000e+15,1.000142543641921178e-01
1.651200808664835500e+15,1.005062065344869415e-01
1.651200808666852000e+15,1.009981587047817653e-01
1.651200808668868250e+15,1.014900498842297716e-01
1.651200808670884750e+15,1.019820020545245953e-01
1.651200808672901250e+15,1.024739542248194191e-01
1.651200808674917500e+15,1.029658454042674393e-01
1.651200808676934000e+15,1.034577975745622769e-01
1.651200808678950250e+15,1.039496887540102971e-01
1.651200808680966750e+15,1.043106935762238979e-01
1.651200808682983250e+15,1.043106935762239118e-01
1.651200808684999500e+15,1.043106935762239118e-01
1.651200808687016000e+15,1.043106935762239118e-01
1.651200808689032500e+15,1.043106935762239118e-01
1.651200808691048750e+15,1.043106935762239118e-01
1.651200808693065250e+15,1.043106935762239118e-01
1.651200808695081750e+15,1.043106935762239118e-01
1.651200808697098000e+15,1.043106935762239118e-01
1.651200808699114500e+15,1.043106935762239118e-01
1.651200808701131000e+15,1.043106935762239118e-01
1.651200808703147250e+15,1.043106935762239118e-01
1.651200808705163750e+15,1.043106935762239118e-01
1.651200808707180250e+15,1.043106935762239118e-01
1.651200808709196500e+15,1.043106935762239118e-01
1.651200808711213000e+15,1.043106935762239118e-01
1.651200808713229250e+15,1.043106935762239257e-01
1.651200808715245750e+15,1.043106935762239257e-01
1.651200808717262250e+15,1.043106935762239118e-01
1.651200808719278500e+15,1.027034118076513153e-01
1.651200808721295000e+15,1.007456445552643298e-01
1.651200808723311500e+15,9.878787730287735824e-02
1.651200808725327750e+15,9.683035276896947985e-02
1.651200808727344250e+15,9.487258551658250827e-02
1.651200808729360750e+15,9.291481826419553669e-02
1.651200808731377000e+15,9.095729373028765830e-02
1.651200808733393500e+15,8.899952647790068672e-02
1.651200808735410000e+15,8.704175922551370126e-02
1.651200808737426250e+15,8.625543244681335708e-02
1.651200808739442750e+15,8.709840076913850926e-02
1.651200808741459250e+15,8.794136909146367531e-02
1.651200808743475500e+15,8.878423290494649733e-02
1.651200808745492000e+15,8.962720122727164951e-02
1.651200808747508250e+15,9.047006504075447153e-02
1.651200808749524750e+15,9.131303336307962371e-02
1.651200808751541250e+15,9.190361666105929805e-02
1.651200808753557500e+15,9.093070418431339896e-02
1.651200808755574000e+15,8.995767107365842952e-02
1.651200808757590500e+15,8.898463796300343231e-02
1.651200808759606750e+15,8.801172548625754710e-02
1.651200808761623250e+15,8.703869237560257766e-02
1.651200808763639750e+15,8.606565926494759433e-02
1.651200808765656000e+15,8.498250823921961461e-02
1.651200808767672500e+15,8.387707725243455370e-02
1.651200808769689000e+15,8.277164626564950667e-02
1.651200808771705250e+15,8.166635232708993608e-02
1.651200808773721750e+15,8.056092134030490293e-02
1.651200808775738250e+15,8.010548639194131626e-02
1.651200808777754500e+15,8.130649163942187119e-02
1.651200808779771000e+15,8.250764580261818470e-02
1.651200808781787250e+15,8.370865105009872575e-02
1.651200808783803750e+15,8.490980521329502539e-02
1.651200808785820250e+15,8.590292412159605817e-02
1.651200808787836500e+15,8.590292412159604429e-02
1.651200808789853000e+15,8.590292412159605817e-02
1.651200808791869500e+15,8.590292412159605817e-02
1.651200808793885750e+15,8.590292412159604429e-02
1.651200808795902250e+15,8.590292412159605817e-02
1.651200808797918750e+15,8.590292412159604429e-02
1.651200808799935000e+15,8.590292412159605817e-02
1.651200808801951500e+15,8.590292412159605817e-02
1.651200808803968000e+15,8.590292412159605817e-02
1.651200808805984250e+15,8.590292412159605817e-02
1.651200808808000750e+15,8.590292412159605817e-02
1.651200808810017250e+15,8.590292412159605817e-02
1.651200808812033500e+15,8.590292412159605817e-02
1.651200808814050000e+15,8.590292412159605817e-02
1.651200808816066250e+15,8.590292412159605817e-02
1.651200808818082750e+15,8.590292412159605817e-02
1.651200808820099250e+15,8.590292412159605817e-02
1.651200808822115500e+15,8.631910717181143222e-02
1.651200808824132000e+15,8.687214382470055674e-02
1.651200808826148500e+15,8.742518047758969513e-02
1.651200808828164750e+15,8.797814856654963267e-02
1.651200808830181250e+15,8.853118521943877106e-02
1.651200808832197750e+15,8.908422187232790945e-02
1.651200808834214000e+15,8.963718996128786087e-02
1.651200808836230500e+15,9.019022661417698539e-02
1.651200808838247000e+15,9.074326326706612378e-02
1.651200808840263250e+15,9.129623135602607520e-02
1.651200808842279750e+15,9.184926800891521359e-02
1.651200808844296250e+15,9.088304709453404184e-02
1.651200808846312500e+15,8.912459992598883995e-02
1.651200808848329000e+15,8.736593472307678521e-02
1.651200808850345250e+15,8.560748755453156944e-02
1.651200808852361750e+15,8.384882235161950081e-02
1.651200808854378250e+15,8.209015714870745994e-02
1.651200808856394500e+15,8.033170998016223030e-02
1.651200808858411000e+15,7.976700097005280654e-02
1.651200808860427500e+15,7.976700097005276491e-02
1.651200808862443750e+15,7.976700097005269552e-02
1.651200808864460250e+15,7.976700097005265389e-02
1.651200808866476750e+15,7.976700097005259837e-02
1.651200808868493000e+15,7.976700097005254286e-02
1.651200808870509500e+15,7.976700097005248735e-02
1.651200808872526000e+15,7.976700097005243184e-02
1.651200808874542250e+15,7.976700097005237633e-02
1.651200808876558750e+15,7.976700097005232082e-02
1.651200808878575250e+15,7.976700097005226531e-02
1.651200808880591500e+15,7.976700097005220980e-02
1.651200808882608000e+15,7.976700097005215429e-02
1.651200808884624250e+15,7.976700097005211265e-02
1.651200808886640750e+15,7.976700097005205714e-02
1.651200808888657250e+15,7.976700097005198775e-02
1.651200808890673500e+15,8.011497443012349784e-02
1.651200808892690000e+15,8.118707295148981651e-02
1.651200808894706500e+15,8.225917147285613518e-02
1.651200808896722750e+15,8.333113707846229179e-02
1.651200808898739250e+15,8.440323559982862434e-02
1.651200808900755750e+15,8.547533412119494300e-02
1.651200808902772000e+15,8.557610632947700025e-02
1.651200808904788500e+15,8.503235379003137862e-02
1.651200808906805000e+15,8.448860125058575699e-02
1.651200808908821250e+15,8.394491612405105552e-02
1.651200808910837750e+15,8.340116358460543389e-02
1.651200808912854250e+15,8.285741104515981226e-02
1.651200808914870500e+15,8.231372591862509691e-02
1.651200808916887000e+15,8.176997337917948916e-02
1.651200808918903250e+15,8.122628825264477381e-02
1.651200808920919750e+15,8.068253571319915218e-02
1.651200808922936250e+15,8.013878317375354443e-02
1.651200808924952500e+15,7.990767242001625692e-02
1.651200808926969000e+15,8.035263552409384336e-02
1.651200808928985500e+15,8.079759862817140204e-02
1.651200808931001750e+15,8.124250656697448725e-02
1.651200808933018250e+15,8.168746967105205981e-02
1.651200808935034750e+15,8.213243277512963236e-02
1.651200808937051000e+15,8.257734071393271758e-02
1.651200808939067500e+15,8.302230381801029013e-02
1.651200808941084000e+15,8.346726692208786269e-02
1.651200808943100250e+15,8.391217486089094790e-02
1.651200808945116750e+15,8.435713796496850658e-02
1.651200808947133250e+15,8.480210106904609302e-02
1.651200808949149500e+15,8.524700900784916435e-02
1.651200808951166000e+15,8.569197211192673691e-02
1.651200808953182250e+15,8.590292412159605817e-02
1.651200808955198750e+15,8.590292412159607205e-02
1.651200808957215250e+15,8.590292412159605817e-02
1.651200808959231500e+15,8.590292412159605817e-02
1.651200808961248000e+15,8.590292412159605817e-02
1.651200808963264500e+15,8.590292412159605817e-02
1.651200808965280750e+15,8.590292412159605817e-02
1.651200808967297250e+15,8.590292412159605817e-02
1.651200808969313750e+15,8.590292412159605817e-02
1.651200808971330000e+15,8.590292412159605817e-02
1.651200808973346500e+15,8.590292412159605817e-02
1.651200808975363000e+15,8.590292412159605817e-02
1.651200808977379250e+15,8.590292412159605817e-02
1.651200808979395750e+15,8.590292412159605817e-02
1.651200808981412250e+15,8.590292412159605817e-02
1.651200808983428500e+15,8.590292412159607205e-02
1.651200808985445000e+15,8.664195765490395607e-02
1.651200808987461250e+15,8.749440408598635477e-02
1.651200808989477750e+15,8.834695621408439337e-02
1.651200808991494250e+15,8.919950834218245972e-02
1.651200808993510500e+15,9.005195477326485842e-02
1.651200808995527000e+15,9.090450690136289702e-02
1.651200808997543500e+15,9.175705902946093562e-02
1.651200808999559750e+15,9.120367737712804790e-02
1.651200809001576250e+15,8.995594994959948965e-02
1.651200809003592750e+15,8.870822252207091752e-02
1.651200809005609000e+15,8.746064978428047532e-02
1.651200809007625500e+15,8.621292235675193094e-02
1.651200809009642000e+15,8.496519492922338657e-02
1.651200809011658250e+15,8.371762219143293049e-02
1.651200809013674750e+15,8.246989476390437224e-02
1.651200809015691250e+15,8.122216733637582786e-02
1.651200809017707500e+15,7.997459459858537179e-02
1.651200809019724000e+15,7.933011305367600186e-02
1.651200809021740250e+15,7.880609445677246028e-02
1.651200809023756750e+15,7.828201088546138386e-02
1.651200809025773250e+15,7.775792731415030745e-02
1.651200809027789500e+15,7.723390871724677975e-02
1.651200809029806000e+15,7.670982514593568946e-02
1.651200809031822500e+15,7.618574157462462693e-02
1.651200809033838750e+15,7.566172297772108535e-02
1.651200809035855250e+15,7.513763940641000894e-02
1.651200809037871750e+15,7.461355583509893252e-02
1.651200809039888000e+15,7.408953723819540482e-02
1.651200809041904500e+15,7.387950571809684397e-02
1.651200809043921000e+15,7.586348535973638785e-02
1.651200809045937250e+15,7.784721903315852676e-02
1.651200809047953750e+15,7.983119867479809839e-02
1.651200809049970250e+15,8.181517831643764227e-02
1.651200809051986500e+15,8.379891198985978118e-02
1.651200809054003000e+15,8.578289163149935281e-02
1.651200809056019250e+15,8.489196713892153967e-02
1.651200809058035750e+15,8.381576560503573026e-02
1.651200809060052250e+15,8.273956407114990697e-02
1.651200809062068500e+15,8.166349596170421887e-02
1.651200809064085000e+15,8.058729442781840946e-02
1.651200809066101500e+15,7.976700097005373635e-02
1.651200809068117750e+15,7.976700097005373635e-02
1.651200809070134250e+15,7.976700097005373635e-02
1.651200809072150750e+15,7.976700097005373635e-02
1.651200809074167000e+15,7.976700097005373635e-02
1.651200809076183500e+15,7.976700097005373635e-02
1.651200809078200000e+15,7.976700097005375023e-02
1.651200809080216250e+15,7.979999704494682156e-02
1.651200809082232750e+15,8.088630863714056651e-02
1.651200809084249250e+15,8.197262022933432535e-02
1.651200809086265500e+15,8.305879714367137012e-02
1.651200809088282000e+15,8.414510873586511508e-02
1.651200809090298250e+15,8.523128565020217373e-02
1.651200809092314750e+15,8.570510510476413157e-02
1.651200809094331250e+15,8.518688224351907146e-02
1.651200809096347500e+15,8.466872363008720592e-02
1.651200809098364000e+15,8.415050076884217356e-02
1.651200809100380500e+15,8.363227790759711344e-02
1.651200809102396750e+15,8.311411929416526179e-02
1.651200809104413250e+15,8.259589643292020167e-02
1.651200809106429750e+15,8.207767357167515543e-02
1.651200809108446000e+15,8.155951495824328989e-02
1.651200809110462500e+15,8.104129209699825753e-02
1.651200809112479000e+15,8.052306923575318354e-02
1.651200809114495250e+15,8.000491062232133188e-02
1.651200809116511750e+15,7.976700097005373635e-02
1.651200809118528250e+15,7.976700097005373635e-02
1.651200809120544500e+15,7.976700097005373635e-02
1.651200809122561000e+15,7.976700097005373635e-02
1.651200809124577250e+15,7.976700097005373635e-02
1.651200809126593750e+15,7.976700097005373635e-02
1.651200809128610250e+15,7.976700097005373635e-02
1.651200809130626500e+15,7.976700097005373635e-02
1.651200809132643000e+15,7.976700097005373635e-02
1.651200809134659500e+15,7.924202572516418630e-02
1.651200809136675750e+15,7.866971897333473185e-02
1.651200809138692250e+15,7.809734125972576935e-02
1.651200809140708750e+15,7.752496354611679297e-02
1.651200809142725000e+15,7.695265679428733852e-02
1.651200809144741500e+15,7.638027908067837601e-02
1.651200809146758000e+15,7.580790136706939963e-02
1.651200809148774250e+15,7.523559461523995906e-02
1.651200809150790750e+15,7.466321690163098268e-02
1.651200809152807250e+15,7.409083918802200630e-02
1.651200809154823500e+15,7.342952918711490029e-02
1.651200809156840000e+15,7.240450317145019632e-02
1.651200809158856250e+15,7.137960423562873802e-02
1.651200809160872750e+15,7.035457821996403405e-02
1.651200809162889250e+15,6.932955220429933008e-02
1.651200809164905500e+15,6.830465326847787177e-02
1.651200809166922000e+15,6.771405508061933975e-02
1.651200809168938500e+15,6.875512273186770718e-02
1.651200809170954750e+15,6.979606131447595174e-02
1.651200809172971250e+15,7.083712896572431916e-02
1.651200809174987750e+15,7.187819661697268658e-02
1.651200809177004000e+15,7.291913519958093115e-02
1.651200809179020500e+15,7.396020285082929857e-02
1.651200809181037000e+15,7.500127050207767987e-02
1.651200809183053250e+15,7.604220908468592444e-02
1.651200809185069750e+15,7.708327673593429186e-02
1.651200809187086250e+15,7.812434438718265928e-02
1.651200809189102500e+15,7.916528296979091772e-02
1.651200809191119000e+15,7.907333707217092944e-02
1.651200809193135250e+15,7.742985900624116402e-02
1.651200809195151750e+15,7.578617716125798931e-02
1.651200809197168250e+15,7.414249531627480072e-02
1.651200809199184500e+15,7.249901725034504918e-02
1.651200809201201000e+15,7.085533540536186059e-02
1.651200809203217500e+15,6.921165356037867200e-02
1.651200809205233750e+15,6.756817549444892046e-02
1.651200809207250250e+15,6.592449364946573187e-02
1.651200809209266750e+15,6.428081180448255716e-02
1.651200809211283000e+15,6.263733373855280562e-02
1.651200809213299500e+15,6.167356178766730812e-02
1.651200809215316000e+15,6.308682152896731565e-02
1.651200809217332250e+15,6.449990605829838963e-02
1.651200809219348750e+15,6.591316579959839717e-02
1.651200809221365250e+15,6.732642554089840470e-02
1.651200809223381500e+15,6.704915918837550670e-02
1.651200809225398000e+15,6.654262588362735986e-02
1.651200809227414250e+15,6.603615537745403941e-02
1.651200809229430750e+15,6.552962207270587869e-02
1.651200809231447250e+15,6.502308876795773185e-02
1.651200809233463500e+15,6.451661826178441139e-02
1.651200809235480000e+15,6.401008495703626455e-02
1.651200809237496500e+15,6.350355165228810383e-02
1.651200809239512750e+15,6.299708114611479726e-02
1.651200809241529250e+15,6.249054784136662960e-02
1.651200809243545750e+15,6.198401453661846888e-02
1.651200809245562000e+15,6.147754403044516230e-02
1.651200809247578500e+15,6.135923151542588272e-02
1.651200809249595000e+15,6.135923151542588272e-02
1.651200809251611250e+15,6.135923151542588272e-02
1.651200809253627750e+15,6.135923151542588272e-02
1.651200809255644250e+15,6.135923151542588272e-02
1.651200809257660500e+15,6.135923151542587578e-02
1.651200809259677000e+15,6.229675727877341529e-02
1.651200809261693250e+15,6.333594711953725864e-02
1.651200809263709750e+15,6.437526581211025500e-02
1.651200809265726250e+15,6.541458450468325136e-02
1.651200809267742500e+15,6.645377434544709472e-02
1.651200809269759000e+15,6.749309303802010496e-02
1.651200809271775500e+15,6.429300789305035513e-02
1.651200809273791750e+15,6.108489438601519272e-02
1.651200809275808250e+15,5.787638309677209381e-02
1.651200809277824750e+15,5.466787180752898101e-02
1.651200809279841000e+15,5.145975830049381861e-02
1.651200809281857500e+15,4.963508194954967950e-02
1.651200809283874000e+15,5.173675744066787152e-02
1.651200809285890250e+15,5.383817237196816125e-02
1.651200809287906750e+15,5.593984786308633939e-02
1.651200809289923250e+15,5.804152335420453140e-02
1.651200809291939500e+15,6.014293828550482807e-02
1.651200809293956000e+15,6.224461377662300621e-02
1.651200809295972250e+15,6.434602870792330287e-02
1.651200809297988750e+15,6.644770419904148795e-02
1.651200809300005250e+15,6.854937969015967303e-02
1.651200809302021500e+15,7.065079462145995581e-02
1.651200809304038000e+15,7.275247011257815477e-02
1.651200809306054500e+15,7.363107781851052636e-02
1.651200809308070750e+15,7.363107781851052636e-02
1.651200809310087250e+15,7.363107781851052636e-02
1.651200809312103750e+15,7.363107781851052636e-02
1.651200809314120000e+15,7.363107781851052636e-02
1.651200809316136500e+15,7.363107781851052636e-02
1.651200809318153000e+15,7.363107781851052636e-02
1.651200809320169250e+15,7.363107781851052636e-02
1.651200809322185750e+15,7.363107781851052636e-02
1.651200809324202250e+15,7.313883080200707376e-02
1.651200809326218500e+15,7.195057214049842276e-02
1.651200809328235000e+15,7.076216614375586966e-02
1.651200809330251250e+15,6.957390748224723254e-02
1.651200809332267750e+15,6.838550148550467944e-02
1.651200809334284250e+15,6.719709548876212635e-02
1.651200809336300500e+15,6.600883682725347534e-02
1.651200809338317000e+15,6.482043083051093613e-02
1.651200809340333500e+15,6.363202483376838303e-02
1.651200809342349750e+15,6.244376617225973897e-02
1.651200809344366250e+15,6.116821209381333863e-02
1.651200809346382750e+15,5.898273315093847946e-02
1.651200809348399000e+15,5.679752515759783210e-02
1.651200809350415500e+15,5.461204621472297988e-02
1.651200809352432000e+15,5.242656727184812071e-02
1.651200809354448250e+15,5.024135927850746641e-02
1.651200809356464750e+15,4.908738521234042029e-02
1.651200809358481250e+15,4.908738521234057295e-02
1.651200809360497500e+15,4.908738521234071173e-02
1.651200809362514000e+15,4.908738521234086438e-02
1.651200809364530250e+15,4.908738521234101704e-02
1.651200809366546750e+15,4.908738521234115582e-02
1.651200809368563250e+15,4.908738521234121827e-02
1.651200809370579500e+15,4.908738521234114194e-02
1.651200809372596000e+15,4.908738521234107255e-02
1.651200809374612500e+15,4.908738521234101010e-02
1.651200809376628750e+15,4.908738521234093377e-02
1.651200809378645250e+15,4.908738521234086438e-02
1.651200809380661750e+15,4.908738521234080193e-02
1.651200809382678000e+15,4.908738521234072560e-02
1.651200809384694500e+15,4.908738521234067009e-02
1.651200809386711000e+15,4.908738521234059377e-02
1.651200809388727250e+15,4.908738521234053132e-02
1.651200809390743750e+15,4.908738521234045499e-02
1.651200809392760250e+15,4.908738521234039254e-02
1.651200809394776500e+15,4.908738521234044111e-02
1.651200809396793000e+15,4.908738521234062846e-02
1.651200809398809250e+15,4.908738521234081581e-02
1.651200809400825750e+15,4.908738521234101010e-02
1.651200809402842250e+15,4.908738521234119745e-02
1.651200809404858500e+15,4.908738521234123908e-02
1.651200809406875000e+15,4.908738521234123908e-02
1.651200809408891500e+15,4.908738521234123908e-02
1.651200809410907750e+15,4.908738521234123908e-02
1.651200809412924250e+15,4.908738521234123908e-02
1.651200809414940750e+15,4.908738521234124602e-02
1.651200809416957000e+15,4.908738521234123908e-02
1.651200809418973500e+15,4.908738521234123908e-02
1.651200809420990000e+15,4.908738521234123908e-02
1.651200809423006250e+15,4.908738521234123908e-02
1.651200809425022750e+15,4.908738521234123908e-02
1.651200809427039250e+15,4.908738521234123908e-02
1.651200809429055500e+15,4.908738521234123908e-02
1.651200809431072000e+15,4.908738521234123908e-02
1.651200809433088250e+15,4.908738521234123908e-02
1.651200809435104750e+15,4.908738521234123908e-02
1.651200809437121250e+15,4.908738521234124602e-02
1.651200809439137500e+15,4.908738521234123908e-02
1.651200809441154000e+15,4.908738521234123908e-02
1.651200809443170500e+15,4.908738521234123908e-02
1.651200809445186750e+15,4.908738521234123908e-02
1.651200809447203250e+15,4.908738521234123214e-02
1.651200809449219750e+15,4.908738521234123908e-02
1.651200809451236000e+15,4.908738521234123908e-02
1.651200809453252500e+15,4.908738521234123908e-02
1.651200809455269000e+15,4.908738521234123908e-02
1.651200809457285250e+15,4.908738521234123908e-02
1.651200809459301750e+15,4.908738521234123908e-02
1.651200809461318250e+15,4.908738521234123908e-02
1.651200809463334500e+15,4.908738521234123214e-02
1.651200809465351000e+15,4.908738521234123214e-02
1.651200809467367250e+15,4.908738521234124602e-02
1.651200809469383750e+15,4.908738521234123908e-02
1.651200809471400250e+15,4.908738521234123908e-02
1.651200809473416500e+15,4.908738521234123908e-02
1.651200809475433000e+15,4.908738521234124602e-02
1.651200809477449500e+15,4.908738521234123908e-02
1.651200809479465750e+15,4.908738521234123908e-02
1.651200809481482250e+15,4.908738521234123908e-02
1.651200809483498750e+15,4.908738521234123908e-02
1.651200809485515000e+15,4.908738521234123214e-02
1.651200809487531500e+15,4.908738521234123214e-02
1.651200809489548000e+15,4.908738521234123214e-02
1.651200809491564250e+15,4.908738521234123908e-02
1.651200809493580750e+15,4.908738521234123908e-02
1.651200809495597250e+15,4.908738521234123908e-02
1.651200809497613500e+15,4.908738521234123908e-02
1.651200809499630000e+15,4.908738521234123908e-02
1.651200809501646250e+15,4.908738521234123908e-02
1.651200809503662750e+15,4.940031898232092461e-02
1.651200809505679250e+15,5.053577727681313192e-02
1.651200809507695500e+15,5.167109480037866687e-02
1.651200809509712000e+15,5.280655309487086724e-02
1.651200809511728500e+15,5.394201138936306067e-02
1.651200809513744750e+15,5.507732891292859562e-02
1.651200809515761250e+15,5.324453226587352872e-02
1.651200809517777750e+15,5.097382405609481720e-02
1.651200809519794000e+15,4.870339736233517125e-02
1.651200809521810500e+15,4.643268915255645973e-02
1.651200809523827000e+15,4.416198094277774822e-02
1.651200809525843250e+15,4.295146206079802909e-02
1.651200809527859750e+15,4.295146206079802909e-02
1.651200809529876250e+15,4.295146206079802909e-02
1.651200809531892500e+15,4.295146206079802909e-02
1.651200809533909000e+15,4.295146206079802909e-02
1.651200809535925250e+15,4.295146206079802215e-02
1.651200809537941750e+15,4.295146206079802909e-02
1.651200809539958250e+15,4.332970323094430254e-02
1.651200809541974500e+15,4.372296287220120425e-02
1.651200809543991000e+15,4.411627127472794729e-02
1.651200809546007500e+15,4.450957967725468339e-02
1.651200809548023750e+15,4.490283931851158511e-02
1.651200809550040250e+15,4.529614772103832121e-02
1.651200809552056750e+15,4.568945612356506425e-02
1.651200809554073000e+15,4.608271576482196596e-02
1.651200809556089500e+15,4.647602416734869513e-02
1.651200809558106000e+15,4.686933256987543817e-02
1.651200809560122250e+15,4.726259221113233988e-02
1.651200809562138750e+15,4.765590061365907598e-02
1.651200809564155250e+15,4.804920901618581208e-02
1.651200809566171500e+15,4.844246865744271380e-02
1.651200809568188000e+15,4.883577705996944990e-02
1.651200809570204250e+15,4.891045302029855407e-02
1.651200809572220750e+15,4.841918449671042679e-02
1.651200809574237250e+15,4.792791597312230645e-02
1.651200809576253500e+15,4.743670835562438515e-02
1.651200809578270000e+15,4.694543983203626480e-02
1.651200809580286500e+15,4.645417130844814446e-02
1.651200809582302750e+15,4.596296369095022316e-02
1.651200809584319250e+15,4.547169516736210282e-02
1.651200809586335750e+15,4.498042664377398248e-02
1.651200809588352000e+15,4.448921902627605424e-02
1.651200809590368500e+15,4.399795050268794083e-02
1.651200809592385000e+15,4.350668197909981355e-02
1.651200809594401250e+15,4.301547436160189225e-02
1.651200809596417750e+15,4.295146206079714091e-02
1.651200809598434250e+15,4.295146206079714091e-02
1.651200809600450500e+15,4.295146206079714091e-02
1.651200809602467000e+15,4.295146206079714091e-02
1.651200809604483250e+15,4.295146206079714091e-02
1.651200809606499750e+15,4.308621099615170258e-02
1.651200809608516250e+15,4.418741151547266738e-02
1.651200809610532500e+15,4.528847551104961400e-02
1.651200809612549000e+15,4.638967603037059267e-02
1.651200809614565500e+15,4.749087654969156441e-02
1.651200809616581750e+15,4.859194054526851103e-02
1.651200809618598250e+15,4.804155350431372345e-02
1.651200809620614750e+15,4.614034129855373867e-02
1.651200809622631000e+15,4.423936479973718944e-02
1.651200809624647500e+15,4.233815259397720465e-02
1.651200809626664000e+15,4.043694038821721987e-02
1.651200809628680250e+15,3.853596388940067063e-02
1.651200809630696750e+15,3.681553890925658851e-02
1.651200809632713250e+15,3.681553890925659545e-02
1.651200809634729500e+15,3.681553890925659545e-02
1.651200809636746000e+15,3.681553890925659545e-02
1.651200809638762250e+15,3.681553890925659545e-02
1.651200809640778750e+15,3.681553890925658851e-02
1.651200809642795250e+15,3.681553890925659545e-02
1.651200809644811500e+15,3.681553890925659545e-02
1.651200809646828000e+15,3.681553890925659545e-02
1.651200809648844500e+15,3.681553890925659545e-02
1.651200809650860750e+15,3.681553890925660238e-02
1.651200809652877250e+15,3.681553890925659545e-02
1.651200809654893750e+15,3.681553890925659545e-02
1.651200809656910000e+15,3.681553890925659545e-02
1.651200809658926500e+15,3.681553890925659545e-02
1.651200809660943000e+15,3.681553890925659545e-02
1.651200809662959250e+15,3.681553890925659545e-02
1.651200809664975750e+15,3.681553890925638728e-02
1.651200809666992250e+15,3.681553890925594319e-02
1.651200809669008500e+15,3.681553890925549910e-02
1.651200809671025000e+15,3.681553890925504113e-02
1.651200809673041250e+15,3.681553890925459704e-02
1.651200809675057750e+15,3.681553890925413908e-02
1.651200809677074250e+15,3.681553890925402112e-02
1.651200809679090500e+15,3.681553890925419459e-02
1.651200809681107000e+15,3.681553890925436112e-02
1.651200809683123500e+15,3.681553890925453459e-02
1.651200809685139750e+15,3.681553890925470807e-02
1.651200809687156250e+15,3.681553890925487460e-02
1.651200809689172750e+15,3.681553890925504807e-02
1.651200809691189000e+15,3.681553890925522154e-02
1.651200809693205500e+15,3.681553890925539502e-02
1.651200809695222000e+15,3.681553890925556155e-02
1.651200809697238250e+15,3.681553890925570727e-02
1.651200809699254750e+15,3.681553890925570727e-02
1.651200809701271250e+15,3.681553890925570727e-02
1.651200809703287500e+15,3.681553890925570727e-02
1.651200809705304000e+15,3.681553890925570727e-02
1.651200809707320250e+15,3.681553890925570727e-02
1.651200809709336750e+15,3.681553890925570727e-02
1.651200809711353250e+15,3.681553890925570033e-02
1.651200809713369500e+15,3.681553890925570727e-02
1.651200809715386000e+15,3.681553890925570727e-02
1.651200809717402500e+15,3.681553890925570727e-02
1.651200809719418750e+15,3.681553890925571421e-02
1.651200809721435250e+15,3.681553890925570727e-02
1.651200809723451750e+15,3.681553890925570727e-02
1.651200809725468000e+15,3.681553890925571421e-02
1.651200809727484500e+15,3.681553890925571421e-02
1.651200809729501000e+15,3.681553890925570727e-02
1.651200809731517250e+15,3.681553890925570727e-02
1.651200809733533750e+15,3.681553890925570727e-02
1.651200809735550250e+15,3.681553890925570727e-02
1.651200809737566500e+15,3.681553890925570727e-02
1.651200809739583000e+15,3.681553890925571421e-02
1.651200809741599250e+15,3.681553890925570727e-02
1.651200809743615750e+15,3.681553890925570727e-02
1.651200809745632250e+15,3.681553890925570727e-02
1.651200809747648500e+15,3.681553890925570727e-02
1.651200809749665000e+15,3.681553890925570727e-02
1.651200809751681500e+15,3.681553890925570727e-02
1.651200809753697750e+15,3.681553890925570727e-02
1.651200809755714250e+15,3.681553890925570727e-02
1.651200809757730750e+15,3.681553890925570727e-02
1.651200809759747000e+15,3.681553890925570727e-02
1.651200809761763500e+15,3.681553890925570727e-02
1.651200809763780000e+15,3.681553890925570727e-02
1.651200809765796250e+15,3.681553890925570727e-02
1.651200809767812750e+15,3.681553890925570727e-02
1.651200809769829250e+15,3.681553890925570727e-02
1.651200809771845500e+15,3.681553890925570033e-02
1.651200809773862000e+15,3.681553890925570727e-02
1.651200809775878250e+15,3.681553890925570727e-02
1.651200809777894750e+15,3.681553890925570033e-02
1.651200809779911250e+15,3.681553890925570033e-02
1.651200809781927500e+15,3.681553890925570727e-02
1.651200809783944000e+15,3.681553890925570727e-02
1.651200809785960500e+15,3.681553890925570727e-02
1.651200809787976750e+15,3.681553890925570033e-02
1.651200809789993250e+15,3.681553890925570727e-02
1.651200809792009750e+15,3.681553890925571421e-02
1.651200809794026000e+15,3.681553890925570727e-02
1.651200809796042500e+15,3.681553890925570727e-02
1.651200809798059000e+15,3.681553890925570727e-02
1.651200809800075250e+15,3.681553890925570727e-02
1.651200809802091750e+15,3.681553890925570727e-02
1.651200809804108250e+15,3.681553890925570727e-02
1.651200809806124500e+15,3.681553890925570727e-02
1.651200809808141000e+15,3.681553890925570727e-02
1.651200809810157250e+15,3.681553890925570727e-02
1.651200809812173750e+15,3.681553890925570727e-02
1.651200809814190250e+15,3.681553890925570727e-02
1.651200809816206500e+15,3.681553890925570727e-02
1.651200809818223000e+15,3.681553890925570727e-02
1.651200809820239500e+15,3.681553890925570727e-02
1.651200809822255750e+15,3.681553890925570727e-02
1.651200809824272250e+15,3.681553890925570727e-02
1.651200809826288750e+15,3.681553890925570727e-02
1.651200809828305000e+15,3.681553890925570727e-02
1.651200809830321500e+15,3.681553890925570727e-02
1.651200809832338000e+15,3.681553890925570727e-02
1.651200809834354250e+15,3.681553890925570727e-02
1.651200809836370750e+15,3.681553890925570727e-02
1.651200809838387250e+15,3.681553890925570033e-02
1.651200809840403500e+15,3.681553890925570727e-02
1.651200809842420000e+15,3.681553890925570727e-02
1.651200809844436250e+15,3.681553890925570727e-02
1.651200809846452750e+15,3.681553890925570727e-02
1.651200809848469250e+15,3.681553890925570727e-02
1.651200809850485500e+15,3.681553890925570727e-02
1.651200809852502000e+15,3.681553890925570727e-02
1.651200809854518500e+15,3.681553890925570727e-02
1.651200809856534750e+15,3.602045216581258730e-02
1.651200809858551250e+15,3.494639929818366825e-02
1.651200809860567750e+15,3.387234643055475614e-02
1.651200809862584000e+15,3.279842672098034345e-02
1.651200809864600500e+15,3.172437385335143134e-02
1.651200809866617000e+15,3.074936377328325171e-02
1.651200809868633250e+15,3.330626261678770739e-02
1.651200809870649750e+15,3.586347849672656685e-02
1.651200809872666250e+15,3.842069437666543325e-02
1.651200809874682500e+15,4.097759322016988892e-02
1.651200809876699000e+15,4.273898655268896368e-02
1.651200809878715250e+15,4.180767406742131459e-02
1.651200809880731750e+15,4.087624610633404376e-02
1.651200809882748250e+15,3.994481814524677293e-02
1.651200809884764500e+15,3.901350565997913078e-02
1.651200809886781000e+15,3.808207769889185301e-02
1.651200809888797500e+15,3.715064973780458912e-02
1.651200809890813750e+15,3.681553890925563788e-02
1.651200809892830250e+15,3.681553890925554073e-02
1.651200809894846750e+15,3.681553890925544359e-02
1.651200809896863000e+15,3.681553890925533257e-02
1.651200809898879500e+15,3.681553890925522848e-02
1.651200809900896000e+15,3.681553890925512440e-02
1.651200809902912250e+15,3.681553890925502726e-02
1.651200809904928750e+15,3.681553890925492317e-02
1.651200809906945250e+15,3.681553890925481909e-02
1.651200809908961500e+15,3.681553890925497174e-02
1.651200809910978000e+15,3.681553890925511746e-02
1.651200809912994250e+15,3.681553890925527012e-02
1.651200809915010750e+15,3.681553890925541583e-02
1.651200809917027250e+15,3.681553890925556849e-02
1.651200809919043500e+15,3.681553890925570727e-02
1.651200809921060000e+15,3.681553890925571421e-02
1.651200809923076500e+15,3.681553890925570727e-02
1.651200809925092750e+15,3.681553890925570727e-02
1.651200809927109250e+15,3.681553890925570727e-02
1.651200809929125750e+15,3.681553890925570727e-02
1.651200809931142000e+15,3.681553890925570727e-02
1.651200809933158500e+15,3.681553890925570727e-02
1.651200809935175000e+15,3.681553890925570727e-02
1.651200809937191250e+15,3.681553890925570727e-02
1.651200809939207750e+15,3.681553890925570727e-02
1.651200809941224250e+15,3.681553890925570727e-02
1.651200809943240500e+15,3.681553890925570727e-02
1.651200809945257000e+15,3.681553890925570727e-02
1.651200809947273250e+15,3.681553890925570727e-02
1.651200809949289750e+15,3.681553890925570727e-02
1.651200809951306250e+15,3.681553890925570727e-02
1.651200809953322500e+15,3.681553890925570727e-02
1.651200809955339000e+15,3.681553890925570727e-02
1.651200809957355500e+15,3.681553890925570727e-02
1.651200809959371750e+15,3.681553890925570727e-02
1.651200809961388250e+15,3.681553890925570727e-02
1.651200809963404750e+15,3.681553890925570727e-02
1.651200809965421000e+15,3.681553890925570727e-02
1.651200809967437500e+15,3.681553890925570727e-02
1.651200809969454000e+15,3.681553890925570727e-02
1.651200809971470250e+15,3.681553890925571421e-02
1.651200809973486750e+15,3.681553890925570727e-02
1.651200809975503250e+15,3.681553890925570727e-02
1.651200809977519500e+15,3.681553890925570727e-02
1.651200809979536000e+15,3.681553890925570727e-02
1.651200809981552250e+15,3.681553890925570727e-02
1.651200809983568750e+15,3.681553890925570727e-02
1.651200809985585250e+15,3.681553890925570727e-02
1.651200809987601500e+15,3.681553890925571421e-02
1.651200809989618000e+15,3.681553890925570727e-02
1.651200809991634500e+15,3.681553890925570727e-02
1.651200809993650750e+15,3.681553890925570727e-02
1.651200809995667250e+15,3.681553890925570727e-02
1.651200809997683750e+15,3.681553890925570033e-02
1.651200809999700000e+15,3.681553890925570727e-02
1.651200810001716500e+15,3.681553890925570727e-02
1.651200810003733000e+15,3.681553890925570727e-02
1.651200810005749250e+15,3.681553890925570033e-02
1.651200810007765750e+15,3.681553890925569339e-02
1.651200810009782250e+15,3.681553890925562400e-02
1.651200810011798500e+15,3.681553890925554767e-02
1.651200810013815000e+15,3.681553890925547828e-02
1.651200810015831250e+15,3.681553890925540889e-02
1.651200810017847750e+15,3.681553890925533951e-02
1.651200810019864250e+15,3.681553890925527012e-02
1.651200810021880500e+15,3.681553890925519379e-02
1.651200810023897000e+15,3.681553890925512440e-02
1.651200810025913500e+15,3.681553890925505501e-02
1.651200810027929750e+15,3.681553890925499256e-02
1.651200810029946250e+15,3.681553890925491623e-02
1.651200810031962750e+15,3.681553890925484684e-02
1.651200810033979000e+15,3.681553890925487460e-02
1.651200810035995500e+15,3.681553890925495787e-02
1.651200810038012000e+15,3.681553890925503419e-02
1.651200810040028250e+15,3.681553890925512440e-02
1.651200810042044750e+15,3.681553890925520073e-02
1.651200810044061250e+15,3.681553890925528399e-02
1.651200810046077500e+15,3.681553890925536032e-02
1.651200810048094000e+15,3.681553890925544359e-02
1.651200810050110250e+15,3.681553890925552686e-02
1.651200810052126750e+15,3.681553890925561012e-02
1.651200810054143250e+15,3.681553890925568645e-02
1.651200810056159500e+15,3.681553890925570727e-02
1.651200810058176000e+15,3.681553890925570727e-02
1.651200810060192500e+15,3.681553890925570727e-02
1.651200810062208750e+15,3.681553890925570727e-02
1.651200810064225250e+15,3.681553890925570727e-02
1.651200810066241750e+15,3.681553890925570727e-02
1.651200810068258000e+15,3.681553890925570727e-02
1.651200810070274500e+15,3.681553890925570727e-02
1.651200810072291000e+15,3.681553890925583217e-02
1.651200810074307250e+15,3.681553890925599176e-02
1.651200810076323750e+15,3.681553890925615136e-02
1.651200810078340250e+15,3.681553890925631095e-02
1.651200810080356500e+15,3.681553890925647055e-02
1.651200810082373000e+15,3.681553890925656075e-02
1.651200810084389250e+15,3.681553890925638034e-02
1.651200810086405750e+15,3.681553890925620687e-02
1.651200810088422250e+15,3.681553890925604033e-02
1.651200810090438500e+15,3.681553890925585992e-02
1.651200810092455000e+15,3.681553890925570727e-02
1.651200810094471500e+15,3.681553890925570727e-02
1.651200810096487750e+15,3.681553890925570727e-02
1.651200810098504250e+15,3.681553890925570727e-02
1.651200810100520750e+15,3.681553890925570727e-02
1.651200810102537000e+15,3.681553890925570727e-02
1.651200810104553500e+15,3.683229540246995420e-02
1.651200810106570000e+15,3.806100335034352800e-02
1.651200810108586250e+15,3.928955896646060819e-02
1.651200810110602750e+15,4.051826691433418198e-02
1.651200810112619250e+15,4.174697486220774884e-02
1.651200810114635500e+15,4.295146206079891033e-02
1.651200810116652000e+15,4.295146206079891726e-02
1.651200810118668250e+15,4.295146206079891726e-02
1.651200810120684750e+15,4.295146206079891726e-02
1.651200810122701250e+15,4.295146206079891033e-02
1.651200810124717500e+15,4.295146206079891726e-02
1.651200810126734000e+15,4.295146206079891726e-02
1.651200810128750500e+15,4.295146206079891726e-02
1.651200810130766750e+15,4.295146206079891726e-02
1.651200810132783250e+15,4.295146206079891726e-02
1.651200810134799750e+15,4.295146206079891726e-02
1.651200810136816000e+15,4.174221550560963667e-02
1.651200810138832500e+15,4.015571864253923706e-02
1.651200810140849000e+15,3.856922177946885133e-02
1.651200810142865250e+15,3.698292160581862636e-02
1.651200810144881750e+15,3.539642474274823369e-02
1.651200810146898250e+15,3.380992787967784102e-02
1.651200810148914500e+15,3.222362770602761606e-02
1.651200810150931000e+15,3.069437345636755188e-02
1.651200810152947250e+15,3.124539586213528203e-02
1.651200810154963750e+15,3.179648659058197796e-02
1.651200810156980250e+15,3.234757731902866695e-02
1.651200810158996500e+15,3.289859972479640404e-02
1.651200810161013000e+15,3.344969045324309997e-02
1.651200810163029500e+15,3.400078118168978203e-02
1.651200810165045750e+15,3.455180358745751912e-02
1.651200810167062250e+15,3.510289431590421505e-02
1.651200810169078750e+15,3.565398504435089710e-02
1.651200810171095000e+15,3.620500745011863419e-02
1.651200810173111500e+15,3.675609817856532319e-02
1.651200810175128000e+15,3.681553890925585298e-02
1.651200810177144250e+15,3.681553890925601952e-02
1.651200810179160750e+15,3.681553890925618605e-02
1.651200810181177250e+15,3.681553890925634565e-02
1.651200810183193500e+15,3.681553890925651218e-02
1.651200810185210000e+15,3.739025824802925946e-02
1.651200810187226250e+15,3.855485911918540842e-02
1.651200810189242750e+15,3.971960439218548411e-02
1.651200810191259250e+15,4.088434966518554592e-02
1.651200810193275500e+15,4.204895053634170182e-02
1.651200810195292000e+15,4.295146206079625273e-02
1.651200810197308500e+15,4.295146206079625273e-02
1.651200810199324750e+15,4.295146206079625273e-02
1.651200810201341250e+15,4.295146206079625273e-02
1.651200810203357750e+15,4.295146206079625273e-02
1.651200810205374000e+15,4.295146206079625967e-02
1.651200810207390500e+15,4.295146206079625967e-02
1.651200810209407000e+15,4.333341433147462618e-02
1.651200810211423250e+15,4.389268177211025357e-02
1.651200810213439750e+15,4.445201855774782995e-02
1.651200810215456250e+15,4.501135534338539246e-02
1.651200810217472500e+15,4.557062278402101985e-02
1.651200810219489000e+15,4.612995956965859623e-02
1.651200810221505250e+15,4.668922701029422362e-02
1.651200810223521750e+15,4.724856379593179306e-02
1.651200810225538250e+15,4.780790058156936945e-02
1.651200810227554500e+15,4.836716802220498990e-02
1.651200810229571000e+15,4.892650480784256628e-02
1.651200810231587500e+15,4.856761556926964679e-02
1.651200810233603750e+15,4.783807464143022964e-02
1.651200810235620250e+15,4.710844325594322479e-02
1.651200810237636750e+15,4.637881187045621301e-02
1.651200810239653000e+15,4.564927094261679585e-02
1.651200810241669500e+15,4.491963955712979795e-02
1.651200810243686000e+15,4.419000817164278616e-02
1.651200810245702250e+15,4.346046724380336901e-02
1.651200810247718750e+15,4.324842048143718448e-02
1.651200810249735250e+15,4.423048961669333312e-02
1.651200810251751500e+15,4.521243699777948571e-02
1.651200810253768000e+15,4.619450613303563435e-02
1.651200810255784250e+15,4.717645351412178001e-02
1.651200810257800750e+15,4.815852264937793559e-02
1.651200810259817250e+15,4.904389555331096356e-02
1.651200810261833500e+15,4.824127747531016530e-02
1.651200810263850000e+15,4.743855987863881268e-02
1.651200810265866500e+15,4.663584228196746007e-02
1.651200810267882750e+15,4.583322420396665486e-02
1.651200810269899250e+15,4.503050660729529531e-02
1.651200810271915750e+15,4.422778901062394269e-02
1.651200810273932000e+15,4.342517093262314443e-02
1.651200810275948500e+15,4.295146206079624579e-02
1.651200810277965000e+15,4.295146206079625273e-02
1.651200810279981250e+15,4.295146206079624579e-02
1.651200810281997750e+15,4.295146206079624579e-02
1.651200810284014250e+15,4.295146206079625273e-02
1.651200810286030500e+15,4.295146206079625273e-02
1.651200810288047000e+15,4.295146206079625273e-02
1.651200810290063250e+15,4.295146206079625273e-02
1.651200810292079750e+15,4.295146206079625273e-02
1.651200810294096250e+15,4.295146206079625273e-02
1.651200810296112500e+15,4.295146206079625273e-02
1.651200810298129000e+15,4.295146206079625273e-02
1.651200810300145500e+15,4.295146206079624579e-02
1.651200810302161750e+15,4.295146206079625273e-02
1.651200810304178250e+15,4.295146206079625273e-02
1.651200810306194750e+15,4.295146206079625273e-02
1.651200810308211000e+15,4.295146206079625273e-02
1.651200810310227500e+15,4.295146206079625273e-02
1.651200810312244000e+15,4.295146206079624579e-02
1.651200810314260250e+15,4.295146206079625273e-02
1.651200810316276750e+15,4.342323152719947121e-02
1.651200810318293250e+15,4.436536881761995316e-02
1.651200810320309500e+15,4.530738930450828317e-02
1.651200810322326000e+15,4.624952659492877205e-02
1.651200810324342250e+15,4.719154708181709512e-02
1.651200810326358750e+15,4.813368437223758400e-02
1.651200810328375250e+15,4.907582166265806595e-02
1.651200810330391500e+15,4.858505474468192975e-02
1.651200810332408000e+15,4.807641834596901309e-02
1.651200810334424500e+15,4.756778194725608949e-02
1.651200810336440750e+15,4.705920860785370308e-02
1.651200810338457250e+15,4.655057220914078642e-02
1.651200810340473750e+15,4.604193581042785588e-02
1.651200810342490000e+15,4.553336247102547640e-02
1.651200810344506500e+15,4.502472607231255974e-02
1.651200810346523000e+15,4.451608967359962921e-02
1.651200810348539250e+15,4.400751633419724279e-02
1.651200810350555750e+15,4.349887993548432613e-02
1.651200810352572250e+15,4.299024353677140947e-02
1.651200810354588500e+15,4.295146206079729356e-02
1.651200810356605000e+15,4.295146206079747397e-02
1.651200810358621250e+15,4.295146206079764051e-02
1.651200810360637750e+15,4.295146206079782092e-02
1.651200810362654250e+15,4.295146206079798745e-02
1.651200810364670500e+15,4.295146206079816092e-02
1.651200810366687000e+15,4.295146206079833440e-02
1.651200810368703500e+15,4.295146206079850093e-02
1.651200810370719750e+15,4.295146206079867440e-02
1.651200810372736250e+15,4.295146206079884788e-02
1.651200810374752750e+15,4.295146206079877849e-02
1.651200810376769000e+15,4.295146206079855644e-02
1.651200810378785500e+15,4.295146206079833440e-02
1.651200810380802000e+15,4.295146206079811235e-02
1.651200810382818250e+15,4.295146206079789031e-02
1.651200810384834750e+15,4.295146206079766826e-02
1.651200810386851250e+15,4.295146206079744622e-02
1.651200810388867500e+15,4.295146206079722417e-02
1.651200810390884000e+15,4.295146206079700213e-02
1.651200810392900250e+15,4.295146206079678008e-02
1.651200810394916750e+15,4.295146206079655110e-02
1.651200810396933250e+15,4.295146206079632906e-02
1.651200810398949500e+15,4.166797995969913349e-02
1.651200810400966000e+15,3.964678382001747547e-02
1.651200810402982500e+15,3.762558768033583134e-02
1.651200810404998750e+15,3.560464212286837404e-02
1.651200810407015250e+15,3.358344598318672991e-02
1.651200810409031750e+15,3.156224984350507190e-02
1.651200810411048000e+15,2.954130428603762154e-02
1.651200810413064500e+15,2.752010814635597047e-02
1.651200810415081000e+15,2.549891200667432287e-02
1.651200810417097250e+15,2.495065538396797414e-02
1.651200810419113750e+15,2.572247804226023699e-02
1.651200810421130250e+15,2.649430070055249983e-02
1.651200810423146500e+15,2.726602767044180448e-02
1.651200810425163000e+15,2.803785032873407079e-02
1.651200810427179250e+15,2.880957729862337197e-02
1.651200810429195750e+15,2.958139995691563828e-02
1.651200810431212250e+15,3.035322261520790113e-02
1.651200810433228500e+15,3.067961575771190053e-02
1.651200810435245000e+15,3.067961575771240013e-02
1.651200810437261500e+15,3.067961575771289973e-02
1.651200810439277750e+15,3.067961575771339933e-02
1.651200810441294250e+15,3.067961575771390240e-02
1.651200810443310750e+15,3.067961575771427016e-02
1.651200810445327000e+15,3.067961575771427363e-02
1.651200810447343500e+15,3.067961575771427363e-02
1.651200810449360000e+15,3.067961575771427363e-02
1.651200810451376250e+15,3.067961575771427363e-02
1.651200810453392750e+15,3.067961575771427363e-02
1.651200810455409250e+15,3.067961575771427363e-02
1.651200810457425500e+15,3.067961575771427363e-02
1.651200810459442000e+15,3.067961575771427363e-02
1.651200810461458250e+15,3.067961575771427363e-02
1.651200810463474750e+15,3.067961575771427363e-02
1.651200810465491250e+15,3.067961575771427710e-02
1.651200810467507500e+15,3.067961575771427363e-02
1.651200810469524000e+15,3.067961575771427363e-02
1.651200810471540500e+15,3.067961575771427363e-02
1.651200810473556750e+15,3.067961575771427363e-02
1.651200810475573250e+15,3.067961575771427363e-02
1.651200810477589750e+15,3.067961575771427363e-02
1.651200810479606000e+15,3.067961575771427363e-02
1.651200810481622500e+15,3.067961575771427363e-02
1.651200810483639000e+15,3.067961575771427016e-02
1.651200810485655250e+15,3.067961575771426669e-02
1.651200810487671750e+15,3.067961575771427363e-02
1.651200810489688250e+15,3.067961575771427016e-02
1.651200810491704500e+15,3.067961575771427016e-02
1.651200810493721000e+15,3.067961575771427363e-02
1.651200810495737250e+15,3.067961575771427363e-02
1.651200810497753750e+15,3.067961575771427363e-02
1.651200810499770250e+15,3.067961575771427363e-02
1.651200810501786500e+15,3.067961575771427363e-02
1.651200810503803000e+15,3.067961575771427016e-02
1.651200810505819500e+15,3.067961575771427363e-02
1.651200810507835750e+15,3.067961575771427363e-02
1.651200810509852250e+15,3.067961575771427016e-02
1.651200810511868750e+15,3.067961575771427363e-02
1.651200810513885000e+15,3.067961575771420771e-02
1.651200810515901500e+15,3.067961575771370811e-02
1.651200810517918000e+15,3.067961575771321198e-02
1.651200810519934250e+15,3.067961575771271238e-02
1.651200810521950750e+15,3.067961575771221971e-02
1.651200810523967250e+15,3.067961575771171664e-02
1.651200810525983500e+15,3.067961575771178950e-02
1.651200810528000000e+15,3.067961575771201502e-02
1.651200810530016250e+15,3.067961575771223359e-02
1.651200810532032750e+15,3.067961575771246258e-02
1.651200810534049250e+15,3.067961575771268462e-02
1.651200810536065500e+15,3.067961575771291360e-02
1.651200810538082000e+15,3.067961575771313912e-02
1.651200810540098500e+15,3.067961575771336463e-02
1.651200810542114750e+15,3.067961575771338545e-02
1.651200810544131250e+15,3.067961575771338545e-02
1.651200810546147750e+15,3.067961575771338545e-02
1.651200810548164000e+15,3.067961575771338545e-02
1.651200810550180500e+15,3.067961575771338545e-02
1.651200810552197000e+15,3.067961575771338545e-02
1.651200810554213250e+15,3.067961575771338198e-02
1.651200810556229750e+15,3.067961575771338545e-02
1.651200810558246250e+15,3.067961575771338545e-02
1.651200810560262500e+15,3.067961575771338545e-02
1.651200810562279000e+15,3.067961575771338545e-02
1.651200810564295250e+15,3.067961575771338545e-02
1.651200810566311750e+15,3.067961575771342708e-02
1.651200810568328250e+15,3.067961575771358668e-02
1.651200810570344500e+15,3.067961575771375321e-02
1.651200810572361000e+15,3.067961575771391280e-02
1.651200810574377500e+15,3.067961575771407240e-02
1.651200810576393750e+15,3.067961575771423199e-02
1.651200810578410250e+15,3.067961575771415567e-02
1.651200810580426750e+15,3.067961575771400301e-02
1.651200810582443000e+15,3.067961575771385035e-02
1.651200810584459500e+15,3.067961575771369076e-02
1.651200810586476000e+15,3.067961575771353810e-02
1.651200810588492250e+15,3.067961575771338545e-02
1.651200810590508750e+15,3.067961575771322585e-02
1.651200810592525250e+15,3.067961575771306626e-02
1.651200810594541500e+15,3.067961575771290320e-02
1.651200810596558000e+15,3.067961575771274013e-02
1.651200810598574250e+15,3.067961575771257707e-02
1.651200810600590750e+15,3.067961575771241400e-02
1.651200810602607250e+15,3.067961575771225441e-02
1.651200810604623500e+15,3.067961575771209135e-02
1.651200810606640000e+15,3.067961575771193175e-02
1.651200810608656500e+15,3.067961575771176869e-02
1.651200810610672750e+15,3.067961575771161256e-02
1.651200810612689250e+15,3.067961575771198379e-02
1.651200810614705750e+15,3.067961575771235155e-02
1.651200810616722000e+15,3.067961575771271585e-02
1.651200810618738500e+15,3.067961575771308708e-02
1.651200810620755000e+15,3.067961575771344790e-02
1.651200810622771250e+15,3.067961575771382260e-02
1.651200810624787750e+15,3.067961575771419036e-02
1.651200810626804000e+15,3.022732484915569354e-02
1.651200810628820500e+15,2.963431794596428637e-02
1.651200810630837000e+15,2.904131104277288267e-02
1.651200810632853250e+15,2.844837765890991660e-02
1.651200810634869750e+15,2.785537075571850943e-02
1.651200810636886250e+15,2.726236385252710573e-02
1.651200810638902500e+15,2.666943046866413619e-02
1.651200810640919000e+15,2.607642356547273249e-02
1.651200810642935500e+15,2.548341666228132879e-02
1.651200810644951750e+15,2.489048327841835925e-02
1.651200810646968250e+15,2.554277888750607073e-02
1.651200810648984750e+15,2.794905835757335866e-02
1.651200810651001000e+15,3.035503950387792929e-02
1.651200810653017500e+15,3.276131897394521375e-02
1.651200810655034000e+15,3.516759844401250862e-02
1.651200810657050250e+15,3.629366915667603388e-02
1.651200810659066750e+15,3.463707670319016163e-02
1.651200810661083000e+15,3.298068962937866083e-02
1.651200810663099500e+15,3.132409717589278858e-02
1.651200810665116000e+15,2.966750472240691633e-02
1.651200810667132250e+15,2.801111764859541553e-02
1.651200810669148750e+15,2.635452519510954328e-02
1.651200810671165250e+15,2.469793274162366756e-02
1.651200810673181500e+15,2.681789203913631167e-02
1.651200810675198000e+15,2.932591673510361041e-02
1.651200810677214500e+15,3.183394143107091956e-02
1.651200810679230750e+15,3.434165518918848303e-02
1.651200810681247250e+15,3.684967988515578524e-02
1.651200810683263750e+15,3.935770458112308745e-02
1.651200810685280000e+15,4.186541833924066480e-02
1.651200810687296500e+15,4.437344303520796007e-02
1.651200810689313000e+15,4.688146773117526228e-02
1.651200810691329250e+15,4.938918148929283269e-02
1.651200810693345750e+15,5.189720618526014184e-02
1.651200810695362000e+15,5.440491994337769838e-02
1.651200810697378500e+15,5.522330836388178454e-02
1.651200810699395000e+15,5.522330836388177761e-02
1.651200810701411250e+15,5.522330836388179148e-02
1.651200810703427750e+15,5.522330836388178454e-02
1.651200810705444250e+15,5.522330836388178454e-02
1.651200810707460500e+15,5.522330836388178454e-02
1.651200810709477000e+15,5.522330836388178454e-02
1.651200810711493500e+15,5.522330836388178454e-02
1.651200810713509750e+15,5.522330836388178454e-02
1.651200810715526250e+15,5.477516886654627132e-02
1.651200810717542750e+15,5.395532464211710150e-02
1.651200810719559000e+15,5.313558205966963099e-02
1.651200810721575500e+15,5.231573783524045423e-02
1.651200810723592000e+15,5.149589361081127747e-02
1.651200810725608250e+15,5.067615102836380697e-02
1.651200810727624750e+15,4.985630680393463715e-02
1.651200810729641000e+15,4.915334585853337740e-02
1.651200810731657500e+15,5.021742300293369210e-02
1.651200810733674000e+15,5.128150014733401374e-02
1.651200810735690250e+15,5.234544537044194534e-02
1.651200810737706750e+15,5.340952251484226004e-02
1.651200810739723250e+15,5.447359965924257474e-02
1.651200810741739500e+15,5.522330836388268660e-02
1.651200810743756000e+15,5.522330836388276987e-02
1.651200810745772500e+15,5.522330836388284619e-02
1.651200810747788750e+15,5.522330836388292252e-02
1.651200810749805250e+15,5.522330836388299191e-02
1.651200810751821750e+15,5.522330836388306824e-02
1.651200810753838000e+15,5.522330836388314457e-02
1.651200810755854500e+15,5.522330836388321396e-02
1.651200810757871000e+15,5.522330836388329722e-02
1.651200810759887250e+15,5.522330836388337355e-02
1.651200810761903750e+15,5.522330836388344988e-02
1.651200810763920000e+15,5.522330836388351927e-02
1.651200810765936500e+15,5.522330836388349845e-02
1.651200810767953000e+15,5.522330836388339437e-02
1.651200810769969250e+15,5.522330836388328335e-02
1.651200810771985750e+15,5.522330836388317232e-02
1.651200810774002250e+15,5.522330836388306130e-02
1.651200810776018500e+15,5.522330836388295028e-02
1.651200810778035000e+15,5.522330836388283926e-02
1.651200810780051500e+15,5.522330836388272823e-02
1.651200810782067750e+15,5.522330836388279068e-02
1.651200810784084250e+15,5.522330836388300579e-02
1.651200810786100750e+15,5.522330836388321396e-02
1.651200810788117000e+15,5.522330836388343600e-02
1.651200810790133500e+15,5.542129829187247142e-02
1.651200810792150000e+15,5.589574474438542551e-02
1.651200810794166250e+15,5.637013237636123025e-02
1.651200810796182750e+15,5.684457882887417046e-02
1.651200810798199000e+15,5.731896646084999603e-02
1.651200810800215500e+15,5.779341291336293623e-02
1.651200810802232000e+15,5.826785936587587644e-02
1.651200810804248250e+15,5.874224699785169507e-02
1.651200810806264750e+15,5.921669345036463528e-02
1.651200810808281250e+15,5.969113990287758242e-02
1.651200810810297500e+15,6.016552753485340105e-02
1.651200810812314000e+15,6.063997398736634126e-02
1.651200810814330500e+15,6.111442043987928147e-02
1.651200810816346750e+15,6.089327097257295207e-02
1.651200810818363250e+15,5.993030972772236953e-02
1.651200810820379750e+15,5.896734848287178699e-02
1.651200810822396000e+15,5.800450662324868611e-02
1.651200810824412500e+15,5.704154537839810357e-02
1.651200810826429000e+15,5.607858413354753491e-02
1.651200810828445250e+15,5.533710965576375124e-02
1.651200810830461750e+15,5.635589014444922218e-02
1.651200810832478000e+15,5.737454432759432621e-02
1.651200810834494500e+15,5.839332481627979021e-02
1.651200810836511000e+15,5.941210530496526809e-02
1.651200810838527250e+15,6.043075948811037212e-02
1.651200810840543750e+15,6.135923151542588966e-02
1.651200810842560250e+15,6.135923151542588272e-02
1.651200810844576500e+15,6.135923151542588966e-02
1.651200810846593000e+15,6.135923151542588966e-02
1.651200810848609500e+15,6.135923151542588966e-02
1.651200810850625750e+15,6.135923151542588966e-02
1.651200810852642250e+15,6.135923151542588966e-02
1.651200810854658750e+15,6.135923151542588966e-02
1.651200810856675000e+15,6.135923151542588272e-02
1.651200810858691500e+15,6.135923151542588272e-02
1.651200810860708000e+15,6.135923151542588966e-02
1.651200810862724250e+15,6.135923151542588966e-02
1.651200810864740750e+15,6.135923151542588272e-02
1.651200810866757000e+15,6.135923151542588966e-02
1.651200810868773500e+15,6.135923151542588272e-02
1.651200810870790000e+15,6.135923151542588272e-02
1.651200810872806250e+15,6.135923151542588272e-02
1.651200810874822750e+15,6.135923151542588272e-02
1.651200810876839250e+15,6.135923151542588966e-02
1.651200810878855500e+15,6.135923151542588966e-02
1.651200810880872000e+15,6.135923151542588272e-02
1.651200810882888500e+15,6.135923151542588272e-02
1.651200810884904750e+15,6.135923151542588272e-02
1.651200810886921250e+15,6.135923151542587578e-02
1.651200810888937750e+15,6.135923151542587578e-02
1.651200810890954000e+15,6.135923151542588272e-02
1.651200810892970500e+15,6.135923151542588272e-02
1.651200810894987000e+15,6.135923151542588272e-02
1.651200810897003250e+15,6.135923151542588272e-02
1.651200810899019750e+15,6.135923151542588272e-02
1.651200810901036000e+15,6.135923151542588272e-02
1.651200810903052500e+15,6.135923151542588272e-02
1.651200810905069000e+15,6.135923151542588272e-02
1.651200810907085250e+15,6.135923151542588272e-02
1.651200810909101750e+15,6.135923151542588966e-02
1.651200810911118250e+15,6.135923151542588966e-02
1.651200810913134500e+15,6.135923151542588272e-02
1.651200810915151000e+15,6.135923151542588272e-02
1.651200810917167500e+15,6.135923151542587578e-02
1.651200810919183750e+15,6.135923151542588272e-02
1.651200810921200250e+15,6.135923151542588966e-02
1.651200810923216750e+15,6.135923151542602150e-02
1.651200810925233000e+15,6.135923151542616027e-02
1.651200810927249500e+15,6.135923151542629905e-02
1.651200810929266000e+15,6.135923151542644477e-02
1.651200810931282250e+15,6.135923151542657661e-02
1.651200810933298750e+15,6.135923151542672233e-02
1.651200810935315000e+15,6.135923151542665988e-02
1.651200810937331500e+15,6.135923151542650722e-02
1.651200810939348000e+15,6.135923151542635456e-02
1.651200810941364250e+15,6.135923151542621579e-02
1.651200810943380750e+15,6.135923151542606313e-02
1.651200810945397250e+15,6.135923151542591047e-02
1.651200810947413500e+15,6.135923151542588272e-02
1.651200810949430000e+15,6.135923151542587578e-02
1.651200810951446500e+15,6.135923151542588272e-02
1.651200810953462750e+15,6.135923151542588272e-02
1.651200810955479250e+15,6.135923151542591047e-02
1.651200810957495750e+15,6.135923151542604231e-02
1.651200810959512000e+15,6.135923151542616027e-02
1.651200810961528500e+15,6.135923151542629905e-02
1.651200810963545000e+15,6.135923151542641008e-02
1.651200810965561250e+15,6.135923151542654885e-02
1.651200810967577750e+15,6.135923151542667375e-02
1.651200810969594000e+15,6.135923151542675008e-02
1.651200810971610500e+15,6.135923151542665988e-02
1.651200810973627000e+15,6.135923151542657661e-02
1.651200810975643250e+15,6.135923151542648640e-02
1.651200810977659750e+15,6.135923151542639620e-02
1.651200810979676250e+15,6.135923151542629905e-02
1.651200810981692500e+15,6.135923151542621579e-02
1.651200810983709000e+15,6.135923151542611864e-02
1.651200810985725500e+15,6.135923151542603537e-02
1.651200810987741750e+15,6.135923151542594517e-02
1.651200810989758250e+15,6.135923151542592435e-02
1.651200810991774750e+15,6.135923151542606313e-02
1.651200810993791000e+15,6.135923151542619497e-02
1.651200810995807500e+15,6.135923151542632681e-02
1.651200810997824000e+15,6.135923151542645865e-02
1.651200810999840250e+15,6.135923151542659049e-02
1.651200811001856750e+15,6.135923151542672233e-02
1.651200811003873000e+15,6.135923151542677090e-02
1.651200811005889500e+15,6.135923151542677090e-02
1.651200811007906000e+15,6.135923151542676396e-02
1.651200811009922250e+15,6.135923151542677090e-02
1.651200811011938750e+15,6.135923151542677090e-02
1.651200811013955250e+15,6.135923151542677090e-02
1.651200811015971500e+15,6.135923151542675008e-02
1.651200811017988000e+15,6.135923151542660436e-02
1.651200811020004500e+15,6.135923151542644477e-02
1.651200811022020750e+15,6.135923151542629211e-02
1.651200811024037250e+15,6.135923151542614640e-02
1.651200811026053750e+15,6.135923151542599374e-02
1.651200811028070000e+15,6.135923151542588272e-02
1.651200811030086500e+15,6.135923151542588272e-02
1.651200811032103000e+15,6.135923151542588272e-02
1.651200811034119250e+15,6.135923151542588272e-02
1.651200811036135750e+15,6.135923151542588272e-02
1.651200811038152000e+15,6.135923151542588272e-02
1.651200811040168500e+15,6.135923151542588272e-02
1.651200811042185000e+15,6.135923151542588272e-02
1.651200811044201250e+15,6.135923151542588272e-02
1.651200811046217750e+15,6.135923151542588272e-02
1.651200811048234250e+15,6.135923151542588966e-02
1.651200811050250500e+15,6.135923151542588272e-02
1.651200811052267000e+15,6.135923151542588272e-02
1.651200811054283500e+15,6.135923151542588272e-02
1.651200811056299750e+15,6.135923151542588272e-02
1.651200811058316250e+15,6.135923151542588272e-02
1.651200811060332750e+15,6.135923151542588966e-02
1.651200811062349000e+15,6.135923151542589660e-02
1.651200811064365500e+15,6.135923151542588966e-02
1.651200811066382000e+15,6.135923151542588966e-02
1.651200811068398250e+15,6.135923151542588272e-02
1.651200811070414750e+15,6.135923151542588272e-02
1.651200811072431000e+15,6.135923151542588272e-02
1.651200811074447500e+15,6.135923151542601456e-02
1.651200811076464000e+15,6.135923151542616027e-02
1.651200811078480250e+15,6.135923151542630599e-02
1.651200811080496750e+15,6.135923151542645171e-02
1.651200811082513250e+15,6.135923151542660436e-02
1.651200811084529500e+15,6.135923151542674314e-02
1.651200811086546000e+15,6.135923151542659049e-02
1.651200811088562500e+15,6.135923151542638232e-02
1.651200811090578750e+15,6.135923151542616721e-02
1.651200811092595250e+15,6.135923151542595905e-02
1.651200811094611750e+15,6.135923151542573006e-02
1.651200811096628000e+15,6.135923151542552190e-02
1.651200811098644500e+15,6.135923151542530679e-02
1.651200811100661000e+15,6.135923151542509169e-02
1.651200811102677250e+15,6.135923151542503617e-02
1.651200811104693750e+15,6.135923151542511944e-02
1.651200811106710000e+15,6.135923151542520271e-02
1.651200811108726500e+15,6.135923151542528597e-02
1.651200811110743000e+15,6.135923151542536924e-02
1.651200811112759250e+15,6.135923151542545251e-02
1.651200811114775750e+15,6.135923151542553577e-02
1.651200811116792250e+15,6.135923151542561904e-02
1.651200811118808500e+15,6.135923151542568843e-02
1.651200811120825000e+15,6.135923151542577170e-02
1.651200811122841500e+15,6.135923151542586190e-02
1.651200811124857750e+15,6.135923151542588272e-02
1.651200811126874250e+15,6.135923151542588272e-02
1.651200811128890750e+15,6.135923151542588272e-02
1.651200811130907000e+15,6.135923151542588272e-02
1.651200811132923500e+15,6.135923151542588272e-02
1.651200811134940000e+15,6.135923151542588272e-02
1.651200811136956250e+15,6.135923151542588272e-02
1.651200811138972750e+15,6.135923151542588272e-02
1.651200811140989000e+15,6.135923151542588272e-02
1.651200811143005500e+15,6.135923151542588272e-02
1.651200811145022000e+15,6.135923151542588272e-02
1.651200811147038250e+15,6.135923151542587578e-02
1.651200811149054750e+15,6.135923151542588272e-02
1.651200811151071250e+15,6.135923151542588272e-02
1.651200811153087500e+15,6.135923151542588272e-02
1.651200811155104000e+15,6.135923151542588272e-02
1.651200811157120500e+15,6.135923151542586884e-02
1.651200811159136750e+15,6.135923151542586884e-02
1.651200811161153250e+15,6.135923151542587578e-02
1.651200811163169750e+15,6.135923151542571619e-02
1.651200811165186000e+15,6.135923151542553577e-02
1.651200811167202500e+15,6.135923151542536924e-02
1.651200811169219000e+15,6.135923151542518883e-02
1.651200811171235250e+15,6.135923151542501536e-02
1.651200811173251750e+15,6.135923151542514026e-02
1.651200811175268000e+15,6.135923151542528597e-02
1.651200811177284500e+15,6.135923151542543863e-02
1.651200811179301000e+15,6.135923151542559129e-02
1.651200811181317250e+15,6.135923151542574394e-02
1.651200811183333750e+15,6.135923151542588272e-02
1.651200811185350250e+15,6.135923151542587578e-02
1.651200811187366500e+15,6.135923151542587578e-02
1.651200811189383000e+15,6.135923151542588272e-02
1.651200811191399500e+15,6.135923151542588272e-02
1.651200811193415750e+15,6.104503685330001095e-02
1.651200811195432250e+15,6.006993329627526718e-02
1.651200811197448750e+15,5.909482973925053034e-02
1.651200811199465000e+15,5.811984707282299989e-02
1.651200811201481500e+15,5.714474351579826306e-02
1.651200811203498000e+15,5.616963995877352622e-02
1.651200811205514250e+15,5.526043596260907936e-02
1.651200811207530750e+15,5.652402757158445090e-02
1.651200811209547000e+15,5.778746252402511968e-02
1.651200811211563500e+15,5.905105413300049122e-02
1.651200811213580000e+15,6.031464574197586970e-02
1.651200811215596250e+15,6.135923151542588272e-02
1.651200811217612750e+15,6.135923151542588272e-02
1.651200811219629250e+15,6.135923151542588272e-02
1.651200811221645500e+15,6.135923151542588272e-02
1.651200811223662000e+15,6.135923151542588272e-02
1.651200811225678500e+15,6.135923151542588272e-02
1.651200811227694750e+15,6.135923151542588272e-02
1.651200811229711250e+15,6.135923151542588272e-02
1.651200811231727750e+15,6.135923151542588272e-02
1.651200811233744000e+15,6.135923151542588272e-02
1.651200811235760500e+15,6.135923151542588272e-02
1.651200811237777000e+15,6.135923151542588272e-02
1.651200811239793250e+15,6.135923151542588272e-02
1.651200811241809750e+15,6.135923151542588966e-02
1.651200811243826000e+15,6.135923151542588272e-02
1.651200811245842500e+15,6.135923151542588966e-02
1.651200811247859000e+15,6.135923151542588272e-02
1.651200811249875250e+15,6.135923151542588272e-02
1.651200811251891750e+15,6.135923151542588272e-02
1.651200811253908250e+15,6.290284210963645317e-02
1.651200811255924500e+15,6.544921548707728631e-02
1.651200811257941000e+15,6.799590459587305513e-02
1.651200811259957500e+15,7.054259370466881007e-02
1.651200811261973750e+15,7.308896708210965709e-02
1.651200811263990250e+15,7.323891981479380142e-02
1.651200811266006750e+15,7.274070805578106147e-02
1.651200811268023000e+15,7.224255806366132460e-02
1.651200811270039500e+15,7.174434630464857077e-02
1.651200811272056000e+15,7.124613454563583081e-02
1.651200811274072250e+15,7.074798455351609394e-02
1.651200811276088750e+15,7.024977279450335399e-02
1.651200811278105000e+15,6.975162280238361712e-02
1.651200811280121500e+15,6.925341104337086329e-02
1.651200811282138000e+15,6.875519928435812334e-02
1.651200811284154250e+15,6.825704929223840034e-02
1.651200811286170750e+15,6.775883753322564651e-02
1.651200811288187250e+15,6.749515466696907884e-02
1.651200811290203500e+15,6.749515466696909272e-02
1.651200811292220000e+15,6.749515466696907884e-02
1.651200811294236500e+15,6.749515466696909272e-02
1.651200811296252750e+15,6.749515466696909272e-02
1.651200811298269250e+15,6.749515466696909272e-02
1.651200811300285750e+15,6.749515466696909272e-02
1.651200811302302000e+15,6.749515466696909272e-02
1.651200811304318500e+15,6.749515466696909272e-02
1.651200811306335000e+15,6.749515466696909272e-02
1.651200811308351250e+15,6.749515466696909272e-02
1.651200811310367750e+15,6.749515466696909272e-02
1.651200811312384000e+15,6.749515466696909272e-02
1.651200811314400500e+15,6.749515466696909272e-02
1.651200811316417000e+15,6.749515466696909272e-02
1.651200811318433250e+15,6.749515466696909272e-02
1.651200811320449750e+15,6.749515466696909272e-02
1.651200811322466250e+15,6.749515466696909272e-02
1.651200811324482500e+15,6.749515466696907884e-02
1.651200811326499000e+15,6.749515466696909272e-02
1.651200811328515500e+15,6.749515466696909272e-02
1.651200811330531750e+15,6.749515466696909272e-02
1.651200811332548250e+15,6.749515466696909272e-02
1.651200811334564750e+15,6.749515466696909272e-02
1.651200811336581000e+15,6.749515466696909272e-02
1.651200811338597500e+15,6.749515466696909272e-02
1.651200811340614000e+15,6.749515466696909272e-02
1.651200811342630250e+15,6.749515466696909272e-02
1.651200811344646750e+15,6.749515466696909272e-02
1.651200811346663000e+15,6.749515466696909272e-02
1.651200811348679500e+15,6.749515466696907884e-02
1.651200811350696000e+15,6.749515466696909272e-02
1.651200811352712250e+15,6.749515466696909272e-02
1.651200811354728750e+15,6.749515466696909272e-02
1.651200811356745250e+15,6.749515466696909272e-02
1.651200811358761500e+15,6.749515466696907884e-02
1.651200811360778000e+15,6.783922085938061397e-02
1.651200811362794500e+15,6.829930671945876053e-02
1.651200811364810750e+15,6.875933553938563814e-02
1.651200811366827250e+15,6.921942139946378469e-02
1.651200811368843750e+15,6.967950725954193125e-02
1.651200811370860000e+15,7.013953607946882274e-02
1.651200811372876500e+15,7.059962193954695542e-02
1.651200811374893000e+15,7.105970779962508810e-02
1.651200811376909250e+15,7.151973661955197958e-02
1.651200811378925750e+15,7.197982247963011226e-02
1.651200811380942000e+15,7.243985129955700375e-02
1.651200811382958500e+15,7.289993715963513643e-02
1.651200811384975000e+15,7.336002301971328299e-02
1.651200811386991250e+15,7.324726403176667899e-02
1.651200811389007750e+15,7.231281126875169218e-02
1.651200811391024250e+15,7.137835850573669150e-02
1.651200811393040500e+15,7.044402159354776205e-02
1.651200811395057000e+15,6.950956883053277524e-02
1.651200811397073500e+15,6.857511606751778843e-02
1.651200811399089750e+15,6.764077915532884511e-02
1.651200811401106250e+15,6.749515466696909272e-02
1.651200811403122750e+15,6.749515466696909272e-02
1.651200811405139000e+15,6.749515466696909272e-02
1.651200811407155500e+15,6.749515466696909272e-02
1.651200811409172000e+15,6.749515466696910659e-02
1.651200811411188250e+15,6.823227936735237753e-02
1.651200811413204750e+15,6.898862688462646664e-02
1.651200811415221000e+15,6.974488063206207844e-02
1.651200811417237500e+15,7.050122814933616755e-02
1.651200811419254000e+15,7.125757566661025666e-02
1.651200811421270250e+15,7.201382941404585458e-02
1.651200811423286750e+15,7.277017693131994369e-02
1.651200811425303250e+15,7.352652444859404668e-02
1.651200811427319500e+15,7.422041814332168419e-02
1.651200811429336000e+15,7.490439210877671006e-02
1.651200811431352500e+15,7.558836607423174980e-02
1.651200811433368750e+15,7.627225524251773914e-02
1.651200811435385250e+15,7.695622920797276501e-02
1.651200811437401750e+15,7.764020317342780475e-02
1.651200811439418000e+15,7.832409234171379409e-02
1.651200811441434500e+15,7.900806630716883383e-02
1.651200811443451000e+15,7.969204027262385970e-02
1.651200811445467250e+15,7.931245297806611971e-02
1.651200811447483750e+15,7.880188563321652295e-02
1.651200811449500000e+15,7.829138158707073247e-02
1.651200811451516500e+15,7.778081424222114959e-02
1.651200811453533000e+15,7.727024689737153895e-02
1.651200811455549250e+15,7.675974285122574847e-02
1.651200811457565750e+15,7.624917550637616559e-02
1.651200811459582250e+15,7.573860816152655495e-02
1.651200811461598500e+15,7.522810411538076447e-02
1.651200811463615000e+15,7.471753677053116771e-02
1.651200811465631500e+15,7.420696942568157095e-02
1.651200811467647750e+15,7.369646537953576659e-02
1.651200811469664250e+15,7.363107781851055411e-02
1.651200811471680750e+15,7.363107781851059574e-02
1.651200811473697000e+15,7.363107781851063738e-02
1.651200811475713500e+15,7.363107781851067901e-02
1.651200811477730000e+15,7.363107781851070677e-02
1.651200811479746250e+15,7.363107781851074840e-02
1.651200811481762750e+15,7.363107781851077616e-02
1.651200811483779000e+15,7.363107781851081779e-02
1.651200811485795500e+15,7.363107781851084555e-02
1.651200811487812000e+15,7.363107781851088718e-02
1.651200811489828250e+15,7.363107781851092881e-02
1.651200811491844750e+15,7.363107781851097045e-02
1.651200811493861250e+15,7.363107781851099820e-02
1.651200811495877500e+15,7.363107781851103983e-02
1.651200811497894000e+15,7.363107781851108147e-02
1.651200811499910500e+15,7.363107781851112310e-02
1.651200811501926750e+15,7.363107781851116473e-02
1.651200811503943250e+15,7.363107781851120637e-02
1.651200811505959750e+15,7.363107781851123412e-02
1.651200811507976000e+15,7.363107781851127576e-02
1.651200811509992500e+15,7.363107781851133127e-02
1.651200811512009000e+15,7.363107781851135902e-02
1.651200811514025250e+15,7.363107781851140066e-02
1.651200811516041750e+15,7.363107781851141453e-02
1.651200811518058000e+15,7.363107781851141453e-02
1.651200811520074500e+15,7.363107781851141453e-02
1.651200811522091000e+15,7.363107781851141453e-02
1.651200811524107250e+15,7.363107781851141453e-02
1.651200811526123750e+15,7.363107781851141453e-02
1.651200811528140250e+15,7.363107781851141453e-02
1.651200811530156500e+15,7.363107781851141453e-02
1.651200811532173000e+15,7.363107781851140066e-02
1.651200811534189500e+15,7.363107781851141453e-02
1.651200811536205750e+15,7.363107781851141453e-02
1.651200811538222250e+15,7.363107781851141453e-02
1.651200811540238750e+15,7.363107781851141453e-02
1.651200811542255000e+15,7.363107781851141453e-02
1.651200811544271500e+15,7.363107781851141453e-02
1.651200811546288000e+15,7.363107781851141453e-02
1.651200811548304250e+15,7.363107781851141453e-02
1.651200811550320750e+15,7.363107781851140066e-02
1.651200811552337000e+15,7.363107781851141453e-02
1.651200811554353500e+15,7.363107781851140066e-02
1.651200811556370000e+15,7.363107781851138678e-02
1.651200811558386250e+15,7.363107781851119249e-02
1.651200811560402750e+15,7.363107781851099820e-02
1.651200811562419250e+15,7.363107781851079003e-02
1.651200811564435500e+15,7.363107781851060962e-02
1.651200811566452000e+15,7.363107781851060962e-02
1.651200811568468500e+15,7.363107781851074840e-02
1.651200811570484750e+15,7.363107781851088718e-02
1.651200811572501250e+15,7.363107781851103983e-02
1.651200811574517750e+15,7.363107781851117861e-02
1.651200811576534000e+15,7.363107781851131739e-02
1.651200811578550500e+15,7.363107781851141453e-02
1.651200811580567000e+15,7.363107781851141453e-02
1.651200811582583250e+15,7.363107781851141453e-02
1.651200811584599750e+15,7.363107781851141453e-02
1.651200811586616000e+15,7.363107781851141453e-02
1.651200811588632500e+15,7.363107781851141453e-02
1.651200811590649000e+15,7.363107781851141453e-02
1.651200811592665250e+15,7.363107781851138678e-02
1.651200811594681750e+15,7.363107781851135902e-02
1.651200811596698250e+15,7.363107781851130351e-02
1.651200811598714500e+15,7.363107781851127576e-02
1.651200811600731000e+15,7.363107781851122025e-02
1.651200811602747500e+15,7.363107781851116473e-02
1.651200811604763750e+15,7.363107781851112310e-02
1.651200811606780250e+15,7.363107781851108147e-02
1.651200811608796750e+15,7.363107781851103983e-02
1.651200811610813000e+15,7.363107781851099820e-02
1.651200811612829500e+15,7.363107781851108147e-02
1.651200811614846000e+15,7.363107781851130351e-02
1.651200811616862250e+15,7.363107781851151168e-02
1.651200811618878750e+15,7.363107781851170597e-02
1.651200811620895000e+15,7.363107781851191413e-02
1.651200811622911500e+15,7.363107781851212230e-02
1.651200811624928000e+15,7.363107781851227496e-02
1.651200811626944250e+15,7.363107781851196965e-02
1.651200811628960750e+15,7.363107781851169209e-02
1.651200811630977250e+15,7.363107781851138678e-02
1.651200811632993500e+15,7.363107781851109535e-02
1.651200811635010000e+15,7.363107781851097045e-02
1.651200811637026500e+15,7.363107781851097045e-02
1.651200811639042750e+15,7.363107781851097045e-02
1.651200811641059250e+15,7.363107781851097045e-02
1.651200811643075750e+15,7.363107781851097045e-02
1.651200811645092000e+15,7.363107781851098432e-02
1.651200811647108500e+15,7.363107781851097045e-02
1.651200811649125000e+15,7.363107781851097045e-02
1.651200811651141250e+15,7.363107781851097045e-02
1.651200811653157750e+15,7.363107781851095657e-02
1.651200811655174000e+15,7.363107781851097045e-02
1.651200811657190500e+15,7.363107781851095657e-02
1.651200811659207000e+15,7.363107781851097045e-02
1.651200811661223250e+15,7.363107781851097045e-02
1.651200811663239750e+15,7.363107781851097045e-02
1.651200811665256250e+15,7.363107781851097045e-02
1.651200811667272500e+15,7.363107781851097045e-02
1.651200811669289000e+15,7.363107781851097045e-02
