1.650815594920605000e+15,2.883883881225015600e-01
1.650815594922522000e+15,2.886458986238699120e-01
1.650815594924438750e+15,2.889033755427524719e-01
1.650815594926355750e+15,2.891608860441208795e-01
1.650815594928272750e+15,2.894183965454892316e-01
1.650815594930189750e+15,2.896759070468576391e-01
1.650815594932106500e+15,2.899333839657401990e-01
1.650815594934023500e+15,2.901908944671085511e-01
1.650815594935940500e+15,2.904484049684769031e-01
1.650815594937857250e+15,2.907058818873594630e-01
1.650815594939774250e+15,2.909633923887278706e-01
1.650815594941691250e+15,2.912209028900962227e-01
1.650815594943608250e+15,2.914970995518078034e-01
1.650815594945525000e+15,2.919726385579827221e-01
1.650815594947442000e+15,2.924482395882877506e-01
1.650815594949359000e+15,2.929238406185927790e-01
1.650815594951275750e+15,2.933993796247676977e-01
1.650815594953192750e+15,2.938749806550727817e-01
1.650815594955109750e+15,2.943505816853778656e-01
1.650815594957026750e+15,2.945243112740429936e-01
1.650815594958943500e+15,2.945243112740429381e-01
1.650815594960860500e+15,2.945243112740429936e-01
1.650815594962777500e+15,2.945243112740429936e-01
1.650815594964694500e+15,2.945243112740429936e-01
1.650815594966611250e+15,2.945243112740429936e-01
1.650815594968528250e+15,2.945243112740429936e-01
1.650815594970445250e+15,2.945243112740429936e-01
1.650815594972362000e+15,2.945243112740429936e-01
1.650815594974279000e+15,2.945243112740429936e-01
1.650815594976196000e+15,2.945243112740429936e-01
1.650815594978113000e+15,2.945243112740429936e-01
1.650815594980029750e+15,2.945243112740429936e-01
1.650815594981946750e+15,2.945243112740430491e-01
1.650815594983863750e+15,2.945243112740432156e-01
1.650815594985780500e+15,2.945243112740433267e-01
1.650815594987697500e+15,2.945243112740435487e-01
1.650815594989614500e+15,2.945243112740436597e-01
1.650815594991531500e+15,2.945243112740438263e-01
1.650815594993448250e+15,2.952041369873411036e-01
1.650815594995365250e+15,2.963312512726520298e-01
1.650815594997282250e+15,2.974583655579630115e-01
1.650815594999199000e+15,2.985853328539305185e-01
1.650815595001116000e+15,2.997124471392414446e-01
1.650815595003033000e+15,3.003867695960068529e-01
1.650815595004950000e+15,2.986679758966562237e-01
1.650815595006866750e+15,2.969494063488053448e-01
1.650815595008783750e+15,2.952306126494547156e-01
1.650815595010700750e+15,2.935118189501041419e-01
1.650815595012617500e+15,2.917932494022532075e-01
1.650815595014534500e+15,2.900744557029025783e-01
1.650815595016451500e+15,2.884379626510261696e-01
1.650815595018368500e+15,2.910416440532633264e-01
1.650815595020285250e+15,2.936449859039351740e-01
1.650815595022202250e+15,2.962486673061722753e-01
1.650815595024119250e+15,2.988523487084094321e-01
1.650815595026036000e+15,3.014556905590813352e-01
1.650815595027953000e+15,3.040593719613184920e-01
1.650815595029870000e+15,3.066630533635555933e-01
1.650815595031787000e+15,3.092667347657926946e-01
1.650815595033703750e+15,3.118700766164646532e-01
1.650815595035620750e+15,3.144737580187018100e-01
1.650815595037537750e+15,3.170774394209389113e-01
1.650815595039454750e+15,3.196811208231760681e-01
1.650815595041371500e+15,3.222844626738479157e-01
1.650815595043288500e+15,3.248881440760850170e-01
1.650815595045205500e+15,3.208592601344150141e-01
1.650815595047122250e+15,3.159155734170048246e-01
1.650815595049039250e+15,3.109712418989272198e-01
1.650815595050956250e+15,3.060269103808496149e-01
1.650815595052873250e+15,3.010825788627720101e-01
1.650815595054790000e+15,2.961388921453618761e-01
1.650815595056707000e+15,2.960729870880499659e-01
1.650815595058624000e+15,2.983726087266632132e-01
1.650815595060540750e+15,3.006719304667841430e-01
1.650815595062457750e+15,3.029715521053973903e-01
1.650815595064374750e+15,3.052711737440105821e-01
1.650815595066291750e+15,3.075707953826238295e-01
1.650815595068208500e+15,3.098701171227448148e-01
1.650815595070125500e+15,3.121697387613580066e-01
1.650815595072042500e+15,3.144693603999712539e-01
1.650815595073959250e+15,3.167686821400922392e-01
1.650815595075876250e+15,3.190685992540877036e-01
1.650815595077793250e+15,3.236339261244571830e-01
1.650815595079710250e+15,3.281992529948266624e-01
1.650815595081627000e+15,3.327639844913215517e-01
1.650815595083544000e+15,3.373293113616909755e-01
1.650815595085461000e+15,3.418946382320604549e-01
1.650815595087377750e+15,3.464593697285553442e-01
1.650815595089294750e+15,3.510246965989247681e-01
1.650815595091211750e+15,3.555900234692941919e-01
1.650815595093128750e+15,3.535509557060562691e-01
1.650815595095045500e+15,3.510584197940677109e-01
1.650815595096962500e+15,3.485655587828341284e-01
1.650815595098879500e+15,3.460726977716004904e-01
1.650815595100796250e+15,3.436116964863842882e-01
1.650815595102713250e+15,3.436116964863842327e-01
1.650815595104630250e+15,3.436116964863842327e-01
1.650815595106547250e+15,3.436116964863842327e-01
1.650815595108464000e+15,3.436116964863842327e-01
1.650815595110381000e+15,3.436116964863842327e-01
1.650815595112298000e+15,3.436116964863842327e-01
1.650815595114214750e+15,3.436116964863842327e-01
1.650815595116131750e+15,3.436116964863842327e-01
1.650815595118048750e+15,3.436116964863842327e-01
1.650815595119965750e+15,3.436116964863842327e-01
1.650815595121882500e+15,3.436116964863842327e-01
1.650815595123799500e+15,3.436116964863842327e-01
1.650815595125716500e+15,3.436116964863842327e-01
1.650815595127633500e+15,3.433001066388448042e-01
1.650815595129550250e+15,3.424723313924538104e-01
1.650815595131467250e+15,3.416444481800726130e-01
1.650815595133384250e+15,3.408165649676914155e-01
1.650815595135301000e+15,3.399887897213004218e-01
1.650815595137218000e+15,3.391609065089192243e-01
1.650815595139135000e+15,3.383330232965380269e-01
1.650815595141052000e+15,3.375051400841568849e-01
1.650815595142968750e+15,3.380466161250172963e-01
1.650815595144885750e+15,3.386385326246908467e-01
1.650815595146802750e+15,3.392304491243642861e-01
1.650815595148719500e+15,3.398222884309627378e-01
1.650815595150636500e+15,3.404142049306362328e-01
1.650815595152553500e+15,3.410061214303097277e-01
1.650815595154470500e+15,3.415980379299832226e-01
1.650815595156387250e+15,3.421898772365816743e-01
1.650815595158304250e+15,3.427817937362551137e-01
1.650815595160221250e+15,3.433737102359286641e-01
1.650815595162138000e+15,3.451028468217912093e-01
1.650815595164055000e+15,3.475972056289250434e-01
1.650815595165972000e+15,3.500915644360588219e-01
1.650815595167889000e+15,3.525859232431926005e-01
1.650815595169805750e+15,3.550799567557505476e-01
1.650815595171722750e+15,3.575743155628843262e-01
1.650815595173639750e+15,3.600686743700181602e-01
1.650815595175556500e+15,3.618005692550538832e-01
1.650815595177473500e+15,3.607954795616837296e-01
1.650815595179390500e+15,3.597903898683136870e-01
1.650815595181307500e+15,3.587853001749435888e-01
1.650815595183224250e+15,3.577803415574333790e-01
1.650815595185141250e+15,3.567752518640632253e-01
1.650815595187058250e+15,3.560824673881668456e-01
1.650815595188975000e+15,3.578456522416053054e-01
1.650815595190892000e+15,3.596090670656781896e-01
1.650815595192809000e+15,3.613724818897510183e-01
1.650815595194726000e+15,3.631358967138238469e-01
1.650815595196642750e+15,3.648990815672623622e-01
1.650815595198559750e+15,3.666624963913351909e-01
1.650815595200476750e+15,3.684259112154080196e-01
1.650815595202393750e+15,3.701893260394808483e-01
1.650815595204310500e+15,3.719525108929194190e-01
1.650815595206227500e+15,3.737159257169922477e-01
1.650815595208144500e+15,3.696624893759785091e-01
1.650815595210061250e+15,3.627927284526614726e-01
1.650815595211978250e+15,3.559220715125291368e-01
1.650815595213895250e+15,3.490514145723967454e-01
1.650815595215812250e+15,3.441569373762692341e-01
1.650815595217729000e+15,3.467745716297122027e-01
1.650815595219646000e+15,3.493925472988658187e-01
1.650815595221563000e+15,3.520105229680194903e-01
1.650815595223479750e+15,3.546281572214624589e-01
1.650815595225396750e+15,3.572461328906160749e-01
1.650815595227313750e+15,3.598641085597696354e-01
1.650815595229230750e+15,3.621955167577304291e-01
1.650815595231147500e+15,3.631916655487115175e-01
1.650815595233064500e+15,3.641879442664947009e-01
1.650815595234981500e+15,3.651842229842778842e-01
1.650815595236898250e+15,3.661803717752589726e-01
1.650815595238815250e+15,3.671766504930421005e-01
1.650815595240732250e+15,3.681729292108252283e-01
1.650815595242649250e+15,3.691692079286083561e-01
1.650815595244566000e+15,3.701653567195895000e-01
1.650815595246483000e+15,3.711616354373726834e-01
1.650815595248400000e+15,3.721579141551558112e-01
1.650815595250316750e+15,3.731540629461368996e-01
1.650815595252233750e+15,3.741503416639200830e-01
1.650815595254150750e+15,3.688091214044380561e-01
1.650815595256067750e+15,3.624233642483537521e-01
1.650815595257984500e+15,3.560384398722845622e-01
1.650815595259901500e+15,3.496526827162002582e-01
1.650815595261818500e+15,3.438125561515006923e-01
1.650815595263735250e+15,3.475323413023567176e-01
1.650815595265652250e+15,3.512526116214860217e-01
1.650815595267569250e+15,3.549728819406153257e-01
1.650815595269486250e+15,3.586931522597446298e-01
1.650815595271403000e+15,3.624129374106006551e-01
1.650815595273320000e+15,3.661332077297299592e-01
1.650815595275237000e+15,3.715093998734998459e-01
1.650815595277154000e+15,3.788575583501559430e-01
1.650815595279070750e+15,3.862047585380175008e-01
1.650815595280987750e+15,3.935529170146736533e-01
1.650815595282904750e+15,4.009010754913297503e-01
1.650815595284821500e+15,4.082482756791912526e-01
1.650815595286738500e+15,4.155964341558474606e-01
1.650815595288655500e+15,4.153533486173596190e-01
1.650815595290572500e+15,4.129183711094571718e-01
1.650815595292489250e+15,4.104837111520905912e-01
1.650815595294406250e+15,4.080487336441881441e-01
1.650815595296323250e+15,4.056137561362856969e-01
1.650815595298240000e+15,4.031790961789191163e-01
1.650815595300157000e+15,4.007441186710167247e-01
1.650815595302074000e+15,3.988350048502669054e-01
1.650815595303991000e+15,3.988350048502669609e-01
1.650815595305907750e+15,3.988350048502669609e-01
1.650815595307824750e+15,3.988350048502669054e-01
1.650815595309741750e+15,3.988350048502669054e-01
1.650815595311658500e+15,3.988350048502669054e-01
1.650815595313575500e+15,3.988350048502668499e-01
1.650815595315492500e+15,4.002963972126963865e-01
1.650815595317409500e+15,4.026515793554261702e-01
1.650815595319326250e+15,4.050064543539017015e-01
1.650815595321243250e+15,4.073616364966315961e-01
1.650815595323160250e+15,4.097168186393613798e-01
1.650815595325077000e+15,4.120716936378368556e-01
1.650815595326994000e+15,4.144268757805667502e-01
1.650815595328911000e+15,4.167820579232966449e-01
1.650815595330828000e+15,4.141510028810962418e-01
1.650815595332744750e+15,4.103078427795620597e-01
1.650815595334661750e+15,4.064641814180693924e-01
1.650815595336578750e+15,4.026205200565767806e-01
1.650815595338495500e+15,3.987773599550425430e-01
1.650815595340412500e+15,3.949336985935498756e-01
1.650815595342329500e+15,3.961465111006688411e-01
1.650815595344246500e+15,4.043816789056913774e-01
1.650815595346163250e+15,4.126157727451681412e-01
1.650815595348080250e+15,4.208509405501906775e-01
1.650815595349997250e+15,4.290861083552132138e-01
1.650815595351914250e+15,4.373212761602358056e-01
1.650815595353831000e+15,4.455553699997125694e-01
1.650815595355748000e+15,4.482954891511890527e-01
1.650815595357665000e+15,4.488190842850199314e-01
1.650815595359581750e+15,4.493426111357086139e-01
1.650815595361498750e+15,4.498662062695394370e-01
1.650815595363415750e+15,4.503898014033703712e-01
1.650815595365332750e+15,4.509133965372011943e-01
1.650815595367249500e+15,4.514369233878898768e-01
1.650815595369166500e+15,4.519605185217207000e-01
1.650815595371083500e+15,4.524841136555515786e-01
1.650815595373000250e+15,4.530076405062403166e-01
1.650815595374917250e+15,4.535312356400710843e-01
1.650815595376834250e+15,4.540548307739019629e-01
1.650815595378751250e+15,4.511792171169040078e-01
1.650815595380668000e+15,4.482812218723736253e-01
1.650815595382585000e+15,4.453828486448974666e-01
1.650815595384502000e+15,4.424844754174214190e-01
1.650815595386418750e+15,4.395864801728909810e-01
1.650815595388335750e+15,4.366881069454148223e-01
1.650815595390252750e+15,4.362233214468645981e-01
1.650815595392169750e+15,4.371154724333644603e-01
1.650815595394086500e+15,4.380075070725786279e-01
1.650815595396003500e+15,4.388996580590783791e-01
1.650815595397920500e+15,4.397918090455781859e-01
1.650815595399837250e+15,4.406838436847922980e-01
1.650815595401754250e+15,4.415759946712921602e-01
1.650815595403671250e+15,4.424681456577919114e-01
1.650815595405588250e+15,4.433602966442917737e-01
1.650815595407505000e+15,4.442523312835058857e-01
1.650815595409422000e+15,4.451444822700056370e-01
1.650815595411339000e+15,4.460366332565054437e-01
1.650815595413255750e+15,4.469286678957196113e-01
1.650815595415172750e+15,4.478208188822194180e-01
1.650815595417089750e+15,4.486942650221513174e-01
1.650815595419006750e+15,4.495653080228552700e-01
1.650815595420923500e+15,4.504362374290104554e-01
1.650815595422840500e+15,4.513072804297143525e-01
1.650815595424757500e+15,4.521783234304183607e-01
1.650815595426674250e+15,4.530492528365734906e-01
1.650815595428591250e+15,4.539202958372774988e-01
1.650815595430508250e+15,4.562167907597722838e-01
1.650815595432425250e+15,4.587816762114744762e-01
1.650815595434342000e+15,4.613462271710730422e-01
1.650815595436259000e+15,4.639111126227752901e-01
1.650815595438176000e+15,4.664759980744775936e-01
1.650815595440093000e+15,4.690408835261798970e-01
1.650815595442009750e+15,4.716054344857784075e-01
1.650815595443926750e+15,4.741703199374806554e-01
1.650815595445843750e+15,4.767352053891829589e-01
1.650815595447760500e+15,4.772119606754320342e-01
1.650815595449677500e+15,4.721022453489738813e-01
1.650815595451594500e+15,4.669925300225158393e-01
1.650815595453511500e+15,4.618828146960576864e-01
1.650815595455428250e+15,4.567737657383171279e-01
1.650815595457345250e+15,4.516640504118589750e-01
1.650815595459262250e+15,4.465543350854008775e-01
1.650815595461179000e+15,4.414452861276602635e-01
1.650815595463096000e+15,4.363355708012021661e-01
1.650815595465013000e+15,4.431281973537461449e-01
1.650815595466930000e+15,4.517635358718947169e-01
1.650815595468846750e+15,4.603977482373935448e-01
1.650815595470763750e+15,4.690330867555420613e-01
1.650815595472680750e+15,4.776684252736906333e-01
1.650815595474597500e+15,4.801344178915479266e-01
1.650815595476514500e+15,4.818528349377871889e-01
1.650815595478431500e+15,4.835712519840263957e-01
1.650815595480348500e+15,4.852896690302657134e-01
1.650815595482265250e+15,4.870078619741253778e-01
1.650815595484182250e+15,4.887262790203646956e-01
1.650815595486099250e+15,4.904446960666039024e-01
1.650815595488016000e+15,4.921628890104636778e-01
1.650815595489933000e+15,4.938813060567029956e-01
1.650815595491850000e+15,4.955997231029422023e-01
1.650815595493767000e+15,4.968729352383752240e-01
1.650815595495683750e+15,4.961104697148279730e-01
1.650815595497600750e+15,4.953479047435798144e-01
1.650815595499517750e+15,4.945853397723316558e-01
1.650815595501434500e+15,4.938228742487844602e-01
1.650815595503351500e+15,4.930603092775363017e-01
1.650815595505268500e+15,4.922977443062881431e-01
1.650815595507185500e+15,4.915351793350399290e-01
1.650815595509102250e+15,4.908738521234070062e-01
1.650815595511019250e+15,4.908738521234068397e-01
1.650815595512936250e+15,4.908738521234066177e-01
1.650815595514853250e+15,4.908738521234063956e-01
1.650815595516770000e+15,4.908738521234062291e-01
1.650815595518687000e+15,4.908738521234059515e-01
1.650815595520604000e+15,4.908738521234057850e-01
1.650815595522520750e+15,4.908738521234056185e-01
1.650815595524437750e+15,4.908738521234053409e-01
1.650815595526354750e+15,4.908738521234051744e-01
1.650815595528271750e+15,4.908738521234048968e-01
1.650815595530188500e+15,4.908738521234046748e-01
1.650815595532105500e+15,4.908738521234045082e-01
1.650815595534022500e+15,4.893640796543423654e-01
1.650815595535939250e+15,4.871006018443504448e-01
1.650815595537856250e+15,4.848368288109582425e-01
1.650815595539773250e+15,4.825730557775660401e-01
1.650815595541690250e+15,4.803092827441738932e-01
1.650815595543607000e+15,4.790460094774686151e-01
1.650815595545524000e+15,4.808531326425486974e-01
1.650815595547441000e+15,4.826602558076287242e-01
1.650815595549357750e+15,4.844671433019778206e-01
1.650815595551274750e+15,4.862742664670578474e-01
1.650815595553191750e+15,4.880813896321378742e-01
1.650815595555108750e+15,4.898885127972179565e-01
1.650815595557025500e+15,4.916954002915670530e-01
1.650815595558942500e+15,4.935025234566471353e-01
1.650815595560859500e+15,4.953096466217271621e-01
1.650815595562776250e+15,4.970097752749467190e-01
1.650815595564693250e+15,4.970097752749466635e-01
1.650815595566610250e+15,4.970097752749466635e-01
1.650815595568527250e+15,4.970097752749467190e-01
1.650815595570444000e+15,4.970097752749466635e-01
1.650815595572361000e+15,4.970097752749467190e-01
1.650815595574278000e+15,4.970097752749467190e-01
1.650815595576194750e+15,4.970097752749467745e-01
1.650815595578111750e+15,4.970097752749468301e-01
1.650815595580028750e+15,4.970097752749469411e-01
1.650815595581945750e+15,4.970097752749470521e-01
1.650815595583862500e+15,4.970097752749471631e-01
1.650815595585779500e+15,4.970097752749471631e-01
1.650815595587696500e+15,4.970097752749472741e-01
1.650815595589613500e+15,4.970097752749474407e-01
1.650815595591530250e+15,4.970097752749474962e-01
1.650815595593447250e+15,4.970097752749475517e-01
1.650815595595364250e+15,4.976049661408279423e-01
1.650815595597281000e+15,4.985368281724196216e-01
1.650815595599198000e+15,4.994688117459483712e-01
1.650815595601115000e+15,5.004007953194771208e-01
1.650815595603032000e+15,5.013327788930059814e-01
1.650815595604948750e+15,5.022646409245976606e-01
1.650815595606865750e+15,5.031184994949964295e-01
1.650815595608782750e+15,5.026207395744891615e-01
1.650815595610699500e+15,5.021230445678995791e-01
1.650815595612616500e+15,5.016252846473923110e-01
1.650815595614533500e+15,5.011275247268850430e-01
1.650815595616450500e+15,5.006297648063777750e-01
1.650815595618367250e+15,5.001320697997881926e-01
1.650815595620284250e+15,4.996343098792809800e-01
1.650815595622201250e+15,4.991365499587737675e-01
1.650815595624118000e+15,4.986388549521841851e-01
1.650815595626035000e+15,4.981410950316768615e-01
1.650815595627952000e+15,4.976433351111696490e-01
1.650815595629869000e+15,4.971455751906624365e-01
1.650815595631785750e+15,4.970097752749476072e-01
1.650815595633702750e+15,4.970097752749476072e-01
1.650815595635619750e+15,4.970097752749476072e-01
1.650815595637536500e+15,4.970097752749476072e-01
1.650815595639453500e+15,4.974307823477862045e-01
1.650815595641370500e+15,4.982286771165765904e-01
1.650815595643287500e+15,4.990265718853670318e-01
1.650815595645204250e+15,4.998243625990232974e-01
1.650815595647121250e+15,5.006222573678137389e-01
1.650815595649038250e+15,5.014201521366041803e-01
1.650815595650955000e+15,5.022179428502603349e-01
1.650815595652872000e+15,5.030158376190507763e-01
1.650815595654789000e+15,5.031456984264908172e-01
1.650815595656706000e+15,5.031456984264909282e-01
1.650815595658622750e+15,5.031456984264910393e-01
1.650815595660539750e+15,5.031456984264910393e-01
1.650815595662456750e+15,5.031456984264911503e-01
1.650815595664373500e+15,5.031456984264912613e-01
1.650815595666290500e+15,5.031456984264912613e-01
1.650815595668207500e+15,5.031456984264913723e-01
1.650815595670124500e+15,5.031456984264913723e-01
1.650815595672041250e+15,5.031456984264914833e-01
1.650815595673958250e+15,5.031456984264914833e-01
1.650815595675875250e+15,5.031456984264915944e-01
1.650815595677792250e+15,5.035261429884377860e-01
1.650815595679709000e+15,5.043361592218287281e-01
1.650815595681626000e+15,5.051462811049174384e-01
1.650815595683543000e+15,5.059564029880061486e-01
1.650815595685459750e+15,5.067664192213969798e-01
1.650815595687376750e+15,5.075765411044856901e-01
1.650815595689293750e+15,5.083866629875744003e-01
1.650815595691210750e+15,5.091967848706631106e-01
1.650815595693127500e+15,5.100068011040539417e-01
1.650815595695044500e+15,5.108169229871427630e-01
1.650815595696961500e+15,5.116270448702313622e-01
1.650815595698878250e+15,5.124370611036223044e-01
1.650815595700795250e+15,5.132471829867110147e-01
1.650815595702712250e+15,5.140573048697997249e-01
1.650815595704629250e+15,5.148674267528884352e-01
1.650815595706546000e+15,5.144958073729083425e-01
1.650815595708463000e+15,5.116226845879774388e-01
1.650815595710380000e+15,5.087495618030463129e-01
1.650815595712296750e+15,5.058768137080977834e-01
1.650815595714213750e+15,5.032355768710465860e-01
1.650815595716130750e+15,5.050540146358307725e-01
1.650815595718047750e+15,5.068724524006149590e-01
1.650815595719964500e+15,5.086906530191074305e-01
1.650815595721881500e+15,5.105090907838917280e-01
1.650815595723798500e+15,5.123275285486759145e-01
1.650815595725715250e+15,5.141457291671683860e-01
1.650815595727632250e+15,5.154175447295754608e-01
1.650815595729549250e+15,5.154175447295754608e-01
1.650815595731466250e+15,5.154175447295754608e-01
1.650815595733383000e+15,5.154175447295754608e-01
1.650815595735300000e+15,5.154175447295754608e-01
1.650815595737217000e+15,5.154175447295754608e-01
1.650815595739133750e+15,5.154175447295754608e-01
1.650815595741050750e+15,5.154175447295754608e-01
1.650815595742967750e+15,5.154175447295754608e-01
1.650815595744884750e+15,5.154175447295754608e-01
1.650815595746801500e+15,5.154175447295754608e-01
1.650815595748718500e+15,5.154175447295754608e-01
1.650815595750635500e+15,5.154175447295755719e-01
1.650815595752552500e+15,5.154175447295756829e-01
1.650815595754469250e+15,5.154175447295759049e-01
1.650815595756386250e+15,5.154175447295760160e-01
1.650815595758303250e+15,5.154175447295762380e-01
1.650815595760220000e+15,5.154175447295763490e-01
1.650815595762137000e+15,5.154175447295763490e-01
1.650815595764054000e+15,5.154175447295763490e-01
1.650815595765971000e+15,5.154175447295763490e-01
1.650815595767887750e+15,5.154175447295763490e-01
1.650815595769804750e+15,5.154175447295763490e-01
1.650815595771721750e+15,5.154175447295763490e-01
1.650815595773638500e+15,5.154175447295762380e-01
1.650815595775555500e+15,5.154175447295760160e-01
1.650815595777472500e+15,5.154175447295756829e-01
1.650815595779389500e+15,5.154175447295753498e-01
1.650815595781306250e+15,5.154175447295750168e-01
1.650815595783223250e+15,5.154175447295747947e-01
1.650815595785140250e+15,5.164498223305251656e-01
1.650815595787057000e+15,5.184621468579821979e-01
1.650815595788974000e+15,5.204747338511398480e-01
1.650815595790891000e+15,5.224873208442974981e-01
1.650815595792808000e+15,5.244999078374552592e-01
1.650815595794724750e+15,5.265122323649121805e-01
1.650815595796641750e+15,5.286579807664139041e-01
1.650815595798558750e+15,5.309913599930562444e-01
1.650815595800475500e+15,5.333244349188085431e-01
1.650815595802392500e+15,5.356578141454511055e-01
1.650815595804309500e+15,5.379911933720936679e-01
1.650815595806226500e+15,5.399612373357457473e-01
1.650815595808143250e+15,5.399612373357456363e-01
1.650815595810060250e+15,5.399612373357457473e-01
1.650815595811977250e+15,5.399612373357456363e-01
1.650815595813894000e+15,5.399612373357456363e-01
1.650815595815811000e+15,5.399612373357456363e-01
1.650815595817728000e+15,5.399612373357456363e-01
1.650815595819645000e+15,5.399612373357456363e-01
1.650815595821561750e+15,5.399612373357456363e-01
1.650815595823478750e+15,5.399612373357456363e-01
1.650815595825395750e+15,5.385543728040702582e-01
1.650815595827312750e+15,5.367256158573189273e-01
1.650815595829229500e+15,5.348970974026054925e-01
1.650815595831146500e+15,5.330683404558540506e-01
1.650815595833063500e+15,5.312395835091026086e-01
1.650815595834980250e+15,5.294110650543891738e-01
1.650815595836897250e+15,5.279965977114141618e-01
1.650815595838814250e+15,5.332430583186875683e-01
1.650815595840731250e+15,5.384895189259609749e-01
1.650815595842648000e+15,5.437352953312772907e-01
1.650815595844565000e+15,5.489817559385505863e-01
1.650815595846482000e+15,5.542282165458241039e-01
1.650815595848398750e+15,5.578570105849945948e-01
1.650815595850315750e+15,5.554260589423571925e-01
1.650815595852232750e+15,5.529951072997196793e-01
1.650815595854149750e+15,5.505641556570822770e-01
1.650815595856066500e+15,5.481335210399590485e-01
1.650815595857983500e+15,5.457025693973215352e-01
1.650815595859900500e+15,5.432716177546841330e-01
1.650815595861817250e+15,5.408409831375609045e-01
1.650815595863734250e+15,5.423979112871979424e-01
1.650815595865651250e+15,5.462165125256481790e-01
1.650815595867568250e+15,5.500351137640984156e-01
1.650815595869485000e+15,5.538532170107334229e-01
1.650815595871402000e+15,5.576718182491836595e-01
1.650815595873319000e+15,5.583690067903717136e-01
1.650815595875235750e+15,5.583690067903717136e-01
1.650815595877152750e+15,5.583690067903717136e-01
1.650815595879069750e+15,5.583690067903717136e-01
1.650815595880986750e+15,5.583690067903717136e-01
1.650815595882903500e+15,5.583690067903717136e-01
1.650815595884820500e+15,5.583690067903717136e-01
1.650815595886737500e+15,5.583690067903717136e-01
1.650815595888654250e+15,5.583690067903717136e-01
1.650815595890571250e+15,5.583690067903716026e-01
1.650815595892488250e+15,5.583690067903716026e-01
1.650815595894405250e+15,5.583690067903717136e-01
1.650815595896322000e+15,5.583690067903717136e-01
1.650815595898239000e+15,5.583690067903717136e-01
1.650815595900156000e+15,5.583690067903717136e-01
1.650815595902073000e+15,5.583690067903717136e-01
1.650815595903989750e+15,5.583690067903717136e-01
1.650815595905906750e+15,5.583690067903717136e-01
1.650815595907823750e+15,5.583690067903717136e-01
1.650815595909740500e+15,5.583690067903717136e-01
1.650815595911657500e+15,5.583690067903717136e-01
1.650815595913574500e+15,5.582559527273028843e-01
1.650815595915491500e+15,5.570552622070655824e-01
1.650815595917408250e+15,5.558547282714030313e-01
1.650815595919325250e+15,5.546540377511656184e-01
1.650815595921242250e+15,5.534533472309282054e-01
1.650815595923159000e+15,5.522528132952656543e-01
1.650815595925076000e+15,5.510521227750282414e-01
1.650815595926993000e+15,5.498514322547908284e-01
1.650815595928910000e+15,5.486507417345534154e-01
1.650815595930826750e+15,5.474502077988909754e-01
1.650815595932743750e+15,5.462495172786534514e-01
1.650815595934660750e+15,5.490197562115037844e-01
1.650815595936577500e+15,5.523666630699897162e-01
1.650815595938494500e+15,5.557140064625643028e-01
1.650815595940411500e+15,5.590613498551388894e-01
1.650815595942328500e+15,5.624086932477134759e-01
1.650815595944245250e+15,5.652986907144433859e-01
1.650815595946162250e+15,5.674231436302346054e-01
1.650815595948079250e+15,5.695475965460259360e-01
1.650815595949996000e+15,5.716717724074462659e-01
1.650815595951913000e+15,5.737962253232374854e-01
1.650815595953830000e+15,5.759206782390287049e-01
1.650815595955747000e+15,5.780451311548199245e-01
1.650815595957663750e+15,5.801693070162402543e-01
1.650815595959580750e+15,5.822937599320314739e-01
1.650815595961497750e+15,5.844182128478226934e-01
1.650815595963414500e+15,5.865423887092431343e-01
1.650815595965331500e+15,5.886668416250343538e-01
1.650815595967248500e+15,5.864884264205103559e-01
1.650815595969165500e+15,5.833673478980541116e-01
1.650815595971082250e+15,5.802466764020092205e-01
1.650815595972999250e+15,5.771255978795528652e-01
1.650815595974916250e+15,5.740045193570967319e-01
1.650815595976833000e+15,5.708838478610518408e-01
1.650815595978750000e+15,5.677627693385955965e-01
1.650815595980667000e+15,5.646416908161392412e-01
1.650815595982584000e+15,5.633746769887675310e-01
1.650815595984500750e+15,5.621927826363687375e-01
1.650815595986417750e+15,5.610107341305393680e-01
1.650815595988334750e+15,5.598286856247098875e-01
1.650815595990251750e+15,5.586466371188805180e-01
1.650815595992168500e+15,5.635772355907828768e-01
1.650815595994085500e+15,5.703854010257548568e-01
1.650815595996002500e+15,5.771935664607268368e-01
1.650815595997919250e+15,5.840008440285321401e-01
1.650815595999836250e+15,5.908090094635041201e-01
1.650815596001753250e+15,5.976171748984762111e-01
1.650815596003670250e+15,5.997255241092778189e-01
1.650815596005587000e+15,5.962286864381026730e-01
1.650815596007504000e+15,5.927313926774961939e-01
1.650815596009421000e+15,5.892340989168896037e-01
1.650815596011337750e+15,5.857372612457145689e-01
1.650815596013254750e+15,5.831442999556448736e-01
1.650815596015171750e+15,5.843483088283103477e-01
1.650815596017088750e+15,5.855523177009758218e-01
1.650815596019005500e+15,5.867561695563129343e-01
1.650815596020922500e+15,5.879601784289784083e-01
1.650815596022839500e+15,5.891641873016438824e-01
1.650815596024756250e+15,5.903680391569811059e-01
1.650815596026673250e+15,5.915720480296464689e-01
1.650815596028590250e+15,5.927760569023119430e-01
1.650815596030507250e+15,5.939800657749774171e-01
1.650815596032424000e+15,5.951839176303146406e-01
1.650815596034341000e+15,5.930956280097988698e-01
1.650815596036258000e+15,5.910056200706541585e-01
1.650815596038174750e+15,5.889158846938383762e-01
1.650815596040091750e+15,5.868258767546936649e-01
1.650815596042008750e+15,5.847358688155489537e-01
1.650815596043925750e+15,5.826458608764042424e-01
1.650815596045842500e+15,5.805561254995885712e-01
1.650815596047759500e+15,5.784661175604437489e-01
1.650815596049676500e+15,5.763761096212989266e-01
1.650815596051593250e+15,5.742863742444833663e-01
1.650815596053510250e+15,5.721963663053385440e-01
1.650815596055427250e+15,5.710633144831139818e-01
1.650815596057344250e+15,5.727152440781574372e-01
1.650815596059261000e+15,5.743669582415897867e-01
1.650815596061178000e+15,5.760188878366332421e-01
1.650815596063095000e+15,5.776708174316768085e-01
1.650815596065012000e+15,5.793227470267203749e-01
1.650815596066928750e+15,5.809744611901527245e-01
1.650815596068845750e+15,5.826263907851961799e-01
1.650815596070762750e+15,5.856987853182495929e-01
1.650815596072679500e+15,5.890685472304943993e-01
1.650815596074596500e+15,5.924387486577922246e-01
1.650815596076513500e+15,5.958089500850901610e-01
1.650815596078430500e+15,5.991791515123880973e-01
1.650815596080347250e+15,6.025489134246327927e-01
1.650815596082264250e+15,6.059191148519307291e-01
1.650815596084181250e+15,6.092893162792285544e-01
1.650815596086098000e+15,6.126590781914733608e-01
1.650815596088015000e+15,6.160292796187711861e-01
1.650815596089932000e+15,6.193994810460690115e-01
1.650815596091849000e+15,6.170561925635190681e-01
1.650815596093765750e+15,6.140957048892314862e-01
1.650815596095682750e+15,6.111348310811661744e-01
1.650815596097599750e+15,6.081739572731007515e-01
1.650815596099516500e+15,6.052134695988131696e-01
1.650815596101433500e+15,6.022525957907477467e-01
1.650815596103350500e+15,6.020599435790868759e-01
1.650815596105267500e+15,6.031391769657741264e-01
1.650815596107184250e+15,6.042182696073667980e-01
1.650815596109101250e+15,6.052975029940541596e-01
1.650815596111018250e+15,6.063767363807412991e-01
1.650815596112935000e+15,6.074558290223338597e-01
1.650815596114852000e+15,6.074563920027129527e-01
1.650815596116769000e+15,6.074563920027129527e-01
1.650815596118686000e+15,6.074563920027129527e-01
1.650815596120602750e+15,6.074563920027129527e-01
1.650815596122519750e+15,6.074563920027129527e-01
1.650815596124436750e+15,6.074563920027129527e-01
1.650815596126353500e+15,6.078329526225982882e-01
1.650815596128270500e+15,6.088362420017785492e-01
1.650815596130187500e+15,6.098395313809586993e-01
1.650815596132104500e+15,6.108428207601387383e-01
1.650815596134021250e+15,6.118459792982418044e-01
1.650815596135938250e+15,6.128492686774220655e-01
1.650815596137855250e+15,6.138503025374300037e-01
1.650815596139772250e+15,6.148448964309325415e-01
1.650815596141689000e+15,6.158393606173546697e-01
1.650815596143606000e+15,6.168339545108574296e-01
1.650815596145523000e+15,6.178285484043600784e-01
1.650815596147439750e+15,6.188230125907820955e-01
1.650815596149356750e+15,6.198176064842848554e-01
1.650815596151273750e+15,6.208122003777875042e-01
1.650815596153190750e+15,6.218067942712901530e-01
1.650815596155107500e+15,6.228012584577122812e-01
1.650815596157024500e+15,6.237958523512150411e-01
1.650815596158941500e+15,6.247904462447175788e-01
1.650815596160858250e+15,6.257849104311397070e-01
1.650815596162775250e+15,6.239532519392302357e-01
1.650815596164692250e+15,6.218768945373751578e-01
1.650815596166609250e+15,6.198005371355200799e-01
1.650815596168526000e+15,6.177244505157988286e-01
1.650815596170443000e+15,6.156480931139436397e-01
1.650815596172360000e+15,6.135982812020468469e-01
1.650815596174276750e+15,6.142001455232545259e-01
1.650815596176193750e+15,6.148020883450909801e-01
1.650815596178110750e+15,6.154040311669275454e-01
1.650815596180027750e+15,6.160059739887639996e-01
1.650815596181944500e+15,6.166078383099716786e-01
1.650815596183861500e+15,6.172097811318080218e-01
1.650815596185778500e+15,6.178117239536445870e-01
1.650815596187695250e+15,6.184135882748522661e-01
1.650815596189612250e+15,6.190155310966887203e-01
1.650815596191529250e+15,6.196174739185252855e-01
1.650815596193446250e+15,6.197282383057987065e-01
1.650815596195363000e+15,6.197282383057990396e-01
1.650815596197280000e+15,6.197282383057992616e-01
1.650815596199197000e+15,6.197282383057994837e-01
1.650815596201113750e+15,6.197282383057998167e-01
1.650815596203030750e+15,6.197282383058000388e-01
1.650815596204947750e+15,6.197282383058003719e-01
1.650815596206864750e+15,6.197282383058001498e-01
1.650815596208781500e+15,6.197282383058000388e-01
1.650815596210698500e+15,6.197282383057998167e-01
1.650815596212615500e+15,6.197282383057997057e-01
1.650815596214532500e+15,6.197282383057995947e-01
1.650815596216449250e+15,6.197282383057993727e-01
1.650815596218366250e+15,6.197282383057993727e-01
1.650815596220283250e+15,6.197282383057993727e-01
1.650815596222200000e+15,6.197282383057993727e-01
1.650815596224117000e+15,6.197282383057993727e-01
1.650815596226034000e+15,6.197282383057993727e-01
1.650815596227951000e+15,6.197282383057993727e-01
1.650815596229867750e+15,6.195966440909960182e-01
1.650815596231784750e+15,6.190281570830451496e-01
1.650815596233701750e+15,6.184596700750946141e-01
1.650815596235618500e+15,6.178912572047297047e-01
1.650815596237535500e+15,6.173227701967789471e-01
1.650815596239452500e+15,6.167542831888281896e-01
1.650815596241369500e+15,6.161857961808774320e-01
1.650815596243286250e+15,6.156173833105125226e-01
1.650815596245203250e+15,6.150488963025618760e-01
1.650815596247120250e+15,6.144804092946110075e-01
1.650815596249037000e+15,6.139119964242462091e-01
1.650815596250954000e+15,6.145382981612654838e-01
1.650815596252871000e+15,6.166997396683414623e-01
1.650815596254788000e+15,6.188611811754174408e-01
1.650815596256704750e+15,6.210223408043625826e-01
1.650815596258621750e+15,6.231837823114385611e-01
1.650815596260538750e+15,6.253452238185145395e-01
1.650815596262455500e+15,6.252237019424914388e-01
1.650815596264372500e+15,6.243807490485895340e-01
1.650815596266289500e+15,6.235377961546877401e-01
1.650815596268206500e+15,6.226948432607857242e-01
1.650815596270123250e+15,6.218520002981429151e-01
1.650815596272040250e+15,6.210090474042411213e-01
1.650815596273957250e+15,6.201660945103391054e-01
1.650815596275874000e+15,6.197282383057992616e-01
1.650815596277791000e+15,6.197282383057991506e-01
1.650815596279708000e+15,6.197282383057989286e-01
1.650815596281625000e+15,6.197282383057988175e-01
1.650815596283541750e+15,6.197282383057985955e-01
1.650815596285458750e+15,6.197282383057983735e-01
1.650815596287375750e+15,6.197282383057984845e-01
1.650815596289292500e+15,6.197282383057984845e-01
1.650815596291209500e+15,6.197282383057984845e-01
1.650815596293126500e+15,6.197282383057984845e-01
1.650815596295043500e+15,6.197282383057984845e-01
1.650815596296960250e+15,6.197282383057984845e-01
1.650815596298877250e+15,6.199890232707215842e-01
1.650815596300794250e+15,6.210409428451721947e-01
1.650815596302711250e+15,6.220928624196228052e-01
1.650815596304628000e+15,6.231446448110302683e-01
1.650815596306545000e+15,6.241965643854808787e-01
1.650815596308462000e+15,6.252484839599314892e-01
1.650815596310378750e+15,6.254092193055833526e-01
1.650815596312295750e+15,6.243118627721839786e-01
1.650815596314212750e+15,6.232145062387848267e-01
1.650815596316129750e+15,6.221171497053855637e-01
1.650815596318046500e+15,6.210199362805587375e-01
1.650815596319963500e+15,6.199225797471594746e-01
1.650815596321880500e+15,6.205657031588489581e-01
1.650815596323797250e+15,6.215832694073970544e-01
1.650815596325714250e+15,6.226009683762071534e-01
1.650815596327631250e+15,6.236186673450171414e-01
1.650815596329548250e+15,6.246363663138272404e-01
1.650815596331465000e+15,6.256539325623753367e-01
1.650815596333382000e+15,6.249883413453386494e-01
1.650815596335299000e+15,6.238844970621642005e-01
1.650815596337215750e+15,6.227807967336431716e-01
1.650815596339132750e+15,6.216769524504688338e-01
1.650815596341049750e+15,6.205731081672943850e-01
1.650815596342966750e+15,6.199546788930969665e-01
1.650815596344883500e+15,6.209197261320170691e-01
1.650815596346800500e+15,6.218848992411912802e-01
1.650815596348717500e+15,6.228500723503656022e-01
1.650815596350634250e+15,6.238151195892855938e-01
1.650815596352551250e+15,6.247802926984598049e-01
1.650815596354468250e+15,6.257454658076340159e-01
1.650815596356385250e+15,6.258641614573408063e-01
1.650815596358302000e+15,6.258641614573408063e-01
1.650815596360219000e+15,6.258641614573408063e-01
1.650815596362136000e+15,6.258641614573408063e-01
1.650815596364052750e+15,6.258641614573408063e-01
1.650815596365969750e+15,6.258641614573408063e-01
1.650815596367886750e+15,6.258641614573408063e-01
1.650815596369803750e+15,6.258641614573408063e-01
1.650815596371720500e+15,6.258641614573408063e-01
1.650815596373637500e+15,6.258641614573408063e-01
1.650815596375554500e+15,6.258641614573408063e-01
1.650815596377471500e+15,6.258641614573408063e-01
1.650815596379388250e+15,6.258641614573408063e-01
1.650815596381305250e+15,6.258641614573408063e-01
1.650815596383222250e+15,6.258641614573408063e-01
1.650815596385139000e+15,6.258641614573408063e-01
1.650815596387056000e+15,6.258641614573408063e-01
1.650815596388973000e+15,6.258641614573408063e-01
1.650815596390890000e+15,6.270699861379974704e-01
1.650815596392806750e+15,6.283220253886195872e-01
1.650815596394723750e+15,6.295742279416092213e-01
1.650815596396640750e+15,6.308264304945987444e-01
1.650815596398557500e+15,6.320784697452209722e-01
1.650815596400474500e+15,6.333306722982104953e-01
1.650815596402391500e+15,6.345828748512001294e-01
1.650815596404308500e+15,6.358350774041896525e-01
1.650815596406225250e+15,6.370871166548117692e-01
1.650815596408142250e+15,6.382135822387121626e-01
1.650815596410059250e+15,6.386913662543711734e-01
1.650815596411976000e+15,6.391690879612121901e-01
1.650815596413893000e+15,6.396468719768712008e-01
1.650815596415810000e+15,6.401246559925301005e-01
1.650815596417727000e+15,6.406024400081891113e-01
1.650815596419643750e+15,6.410801617150302389e-01
1.650815596421560750e+15,6.415579457306892497e-01
1.650815596423477750e+15,6.420357297463481494e-01
1.650815596425394500e+15,6.425134514531891661e-01
1.650815596427311500e+15,6.429912354688482878e-01
1.650815596429228500e+15,6.434690194845071876e-01
1.650815596431145500e+15,6.439468035001661983e-01
1.650815596433062250e+15,6.462577216665587043e-01
1.650815596434979250e+15,6.524753792844393274e-01
1.650815596436896250e+15,6.586930369023200615e-01
1.650815596438813000e+15,6.649098836623996700e-01
1.650815596440730000e+15,6.711275412802802931e-01
1.650815596442647000e+15,6.736235961459750010e-01
1.650815596444564000e+15,6.701741636880552688e-01
1.650815596446480750e+15,6.667251810778739296e-01
1.650815596448397750e+15,6.632757486199541974e-01
1.650815596450314750e+15,6.598263161620345763e-01
1.650815596452231750e+15,6.563768837041148441e-01
1.650815596454148500e+15,6.529279010939335048e-01
1.650815596456065500e+15,6.504078540635128691e-01
1.650815596457982500e+15,6.504078540635129801e-01
1.650815596459899250e+15,6.504078540635132022e-01
1.650815596461816250e+15,6.504078540635134242e-01
1.650815596463733250e+15,6.504078540635136463e-01
1.650815596465650250e+15,6.521312825907227273e-01
1.650815596467567000e+15,6.541981567527924701e-01
1.650815596469484000e+15,6.562653004954233094e-01
1.650815596471401000e+15,6.583324442380542596e-01
1.650815596473317750e+15,6.603993184001240024e-01
1.650815596475234750e+15,6.624664621427548417e-01
1.650815596477151750e+15,6.645336058853856809e-01
1.650815596479068750e+15,6.666007496280166311e-01
1.650815596480985500e+15,6.686676237900863740e-01
1.650815596482902500e+15,6.707347675327172132e-01
1.650815596484819500e+15,6.728019112753481634e-01
1.650815596486736250e+15,6.748687854374179063e-01
1.650815596488653250e+15,6.697159748304155613e-01
1.650815596490570250e+15,6.642620467141973073e-01
1.650815596492487250e+15,6.588081185979790533e-01
1.650815596494404000e+15,6.533549017399920000e-01
1.650815596496321000e+15,6.479009736237737460e-01
1.650815596498238000e+15,6.424470455075556030e-01
1.650815596500154750e+15,6.369938286495684387e-01
1.650815596502071750e+15,6.322791862876697699e-01
1.650815596503988750e+15,6.355869941283635027e-01
1.650815596505905750e+15,6.388948019690572355e-01
1.650815596507822500e+15,6.422021784315765647e-01
1.650815596509739500e+15,6.455099862722704085e-01
1.650815596511656500e+15,6.488177941129640303e-01
1.650815596513573250e+15,6.521251705754835815e-01
1.650815596515490250e+15,6.554329784161772032e-01
1.650815596517407250e+15,6.587407862568710470e-01
1.650815596519324250e+15,6.620485940975647798e-01
1.650815596521241000e+15,6.653559705600841090e-01
1.650815596523158000e+15,6.686637784007778418e-01
1.650815596525075000e+15,6.664529701614714252e-01
1.650815596526992000e+15,6.639766407548387539e-01
1.650815596528908750e+15,6.615006342915297211e-01
1.650815596530825750e+15,6.590243048848969387e-01
1.650815596532742750e+15,6.565479754782642674e-01
1.650815596534659500e+15,6.540719690149552346e-01
1.650815596536576500e+15,6.515956396083225632e-01
1.650815596538493500e+15,6.520674482456350063e-01
1.650815596540410500e+15,6.552568638317270988e-01
1.650815596542327250e+15,6.584458634794274623e-01
1.650815596544244250e+15,6.616352790655193328e-01
1.650815596546161250e+15,6.648246946516114253e-01
1.650815596548078000e+15,6.680136942993117888e-01
1.650815596549995000e+15,6.688156235181410558e-01
1.650815596551912000e+15,6.688156235181405007e-01
1.650815596553829000e+15,6.688156235181399456e-01
1.650815596555745750e+15,6.688156235181392795e-01
1.650815596557662750e+15,6.687100938186520960e-01
1.650815596559579750e+15,6.671628629665222743e-01
1.650815596561496500e+15,6.656158338920206141e-01
1.650815596563413500e+15,6.640686030398909034e-01
1.650815596565330500e+15,6.625213721877611928e-01
1.650815596567247500e+15,6.609741413356313711e-01
1.650815596569164250e+15,6.594271122611298219e-01
1.650815596571081250e+15,6.578798814090000002e-01
1.650815596572998250e+15,6.563326505568701785e-01
1.650815596574915000e+15,6.547856214823685184e-01
1.650815596576832000e+15,6.532383906302388077e-01
1.650815596578749000e+15,6.516911597781090970e-01
1.650815596580666000e+15,6.499375747079365606e-01
1.650815596582582750e+15,6.471809754577977358e-01
1.650815596584499750e+15,6.444240166668668834e-01
1.650815596586416750e+15,6.416670578759362531e-01
1.650815596588333500e+15,6.389104586257974283e-01
1.650815596590250500e+15,6.374942497889239945e-01
1.650815596592167500e+15,6.366017941985213646e-01
1.650815596594084500e+15,6.357093386081187347e-01
1.650815596596001250e+15,6.348169994047259124e-01
1.650815596597918250e+15,6.339245438143231715e-01
1.650815596599835250e+15,6.330320882239204305e-01
1.650815596601752000e+15,6.321397490205276082e-01
1.650815596603669000e+15,6.329885073759735636e-01
1.650815596605586000e+15,6.341603109903897195e-01
1.650815596607503000e+15,6.353321146048056534e-01
1.650815596609419750e+15,6.365037654018490532e-01
1.650815596611336750e+15,6.376755690162649870e-01
1.650815596613253750e+15,6.388473726306811429e-01
1.650815596615170750e+15,6.400191762450971877e-01
1.650815596617087500e+15,6.411908270421404765e-01
1.650815596619004500e+15,6.423626306565565214e-01
1.650815596620921500e+15,6.435344342709725662e-01
1.650815596622838250e+15,6.444648498769276479e-01
1.650815596624755250e+15,6.449855477379946578e-01
1.650815596626672250e+15,6.455062455990617787e-01
1.650815596628589250e+15,6.460269434601287886e-01
1.650815596630506000e+15,6.465475734158931953e-01
1.650815596632423000e+15,6.470682712769602052e-01
1.650815596634340000e+15,6.475889691380273261e-01
1.650815596636256750e+15,6.481095990937917328e-01
1.650815596638173750e+15,6.486302969548587427e-01
1.650815596640090750e+15,6.491509948159258636e-01
1.650815596642007750e+15,6.496716926769928735e-01
1.650815596643924500e+15,6.501923226327571692e-01
1.650815596645841500e+15,6.491854567480126459e-01
1.650815596647758500e+15,6.470997107277083327e-01
1.650815596649675250e+15,6.450142367139271027e-01
1.650815596651592250e+15,6.429284906936227895e-01
1.650815596653509250e+15,6.408427446733182542e-01
1.650815596655426250e+15,6.387569986530139410e-01
1.650815596657343000e+15,6.381360077604271153e-01
1.650815596659260000e+15,6.381360077604267822e-01
1.650815596661177000e+15,6.381360077604266712e-01
1.650815596663093750e+15,6.381360077604264491e-01
1.650815596665010750e+15,6.381360077604262271e-01
1.650815596666927750e+15,6.381360077604260050e-01
1.650815596668844750e+15,6.381360077604256720e-01
1.650815596670761500e+15,6.382537351085845190e-01
1.650815596672678500e+15,6.395110238351633392e-01
1.650815596674595500e+15,6.407683125617421593e-01
1.650815596676512250e+15,6.420254373226550459e-01
1.650815596678429250e+15,6.432827260492339772e-01
1.650815596680346250e+15,6.445400147758126863e-01
1.650815596682263250e+15,6.457973035023916175e-01
1.650815596684180000e+15,6.470544282633045041e-01
1.650815596686097000e+15,6.483117169898833243e-01
1.650815596688014000e+15,6.495690057164621445e-01
1.650815596689931000e+15,6.501040459869386057e-01
1.650815596691847750e+15,6.491913122396474334e-01
1.650815596693764750e+15,6.482784594453042670e-01
1.650815596695681750e+15,6.473656066509612117e-01
1.650815596697598500e+15,6.464528729036700394e-01
1.650815596699515500e+15,6.455400201093268731e-01
1.650815596701432500e+15,6.446271673149837067e-01
1.650815596703349500e+15,6.437143145206407624e-01
1.650815596705266250e+15,6.428015807733495901e-01
1.650815596707183250e+15,6.418887279790064238e-01
1.650815596709100250e+15,6.409758751846632574e-01
1.650815596711017000e+15,6.400631414373720851e-01
1.650815596712934000e+15,6.391502886430289188e-01
1.650815596714851000e+15,6.382374358486857524e-01
1.650815596716768000e+15,6.381360077604257830e-01
1.650815596718684750e+15,6.381360077604263381e-01
1.650815596720601750e+15,6.381360077604266712e-01
1.650815596722518750e+15,6.381360077604271153e-01
1.650815596724435500e+15,6.386474297142401557e-01
1.650815596726352500e+15,6.393760777153247865e-01
1.650815596728269500e+15,6.401047257164093063e-01
1.650815596730186500e+15,6.408333737174939371e-01
1.650815596732103250e+15,6.415619266940608689e-01
1.650815596734020250e+15,6.422905746951454997e-01
1.650815596735937250e+15,6.430192226962300195e-01
1.650815596737854000e+15,6.437477756727969513e-01
1.650815596739771000e+15,6.439521162776425944e-01
1.650815596741688000e+15,6.428125537237274756e-01
1.650815596743605000e+15,6.416729911698124678e-01
1.650815596745521750e+15,6.405335772286456786e-01
1.650815596747438750e+15,6.393940146747304487e-01
1.650815596749355750e+15,6.382544521208153299e-01
1.650815596751272500e+15,6.381360077604253389e-01
1.650815596753189500e+15,6.381360077604254499e-01
1.650815596755106500e+15,6.381360077604254499e-01
1.650815596757023500e+15,6.381360077604254499e-01
1.650815596758940250e+15,6.381360077604254499e-01
1.650815596760857250e+15,6.381360077604254499e-01
1.650815596762774250e+15,6.381360077604254499e-01
1.650815596764691250e+15,6.381360077604254499e-01
1.650815596766608000e+15,6.381360077604254499e-01
1.650815596768525000e+15,6.381360077604255610e-01
1.650815596770442000e+15,6.381360077604254499e-01
1.650815596772358750e+15,6.381360077604254499e-01
1.650815596774275750e+15,6.381360077604254499e-01
1.650815596776192750e+15,6.381360077604254499e-01
1.650815596778109750e+15,6.381360077604254499e-01
1.650815596780026500e+15,6.381360077604254499e-01
1.650815596781943500e+15,6.381360077604254499e-01
1.650815596783860500e+15,6.381360077604254499e-01
1.650815596785777250e+15,6.381360077604254499e-01
1.650815596787694250e+15,6.381360077604254499e-01
1.650815596789611250e+15,6.381360077604254499e-01
1.650815596791528250e+15,6.381360077604254499e-01
1.650815596793445000e+15,6.381360077604253389e-01
1.650815596795362000e+15,6.381360077604254499e-01
1.650815596797279000e+15,6.381360077604254499e-01
1.650815596799195750e+15,6.381360077604254499e-01
1.650815596801112750e+15,6.381360077604254499e-01
1.650815596803029750e+15,6.381360077604254499e-01
1.650815596804946750e+15,6.372709355645906903e-01
1.650815596806863500e+15,6.360829526655283894e-01
1.650815596808780500e+15,6.348948148189117457e-01
1.650815596810697500e+15,6.337066769722949910e-01
1.650815596812614250e+15,6.325186940732328011e-01
1.650815596814531250e+15,6.325693332334507701e-01
1.650815596816448250e+15,6.335795157035218894e-01
1.650815596818365250e+15,6.345896981735930087e-01
1.650815596820282000e+15,6.355997489036446790e-01
1.650815596822199000e+15,6.366099313737156873e-01
1.650815596824116000e+15,6.376201138437868066e-01
1.650815596826032750e+15,6.377485616668738810e-01
1.650815596827949750e+15,6.369565231050592358e-01
1.650815596829866750e+15,6.361644845432445905e-01
1.650815596831783750e+15,6.353724459814298342e-01
1.650815596833700500e+15,6.345805107110290555e-01
1.650815596835617500e+15,6.337884721492144102e-01
1.650815596837534500e+15,6.329964335873996539e-01
1.650815596839451500e+15,6.322043950255850087e-01
1.650815596841368250e+15,6.320000846088832391e-01
1.650815596843285250e+15,6.320000846088834612e-01
1.650815596845202250e+15,6.320000846088835722e-01
1.650815596847119000e+15,6.320000846088836832e-01
1.650815596849036000e+15,6.320000846088837942e-01
1.650815596850953000e+15,6.320000846088840163e-01
1.650815596852870000e+15,6.325563293316170954e-01
1.650815596854786750e+15,6.335884513764364900e-01
1.650815596856703750e+15,6.346207080400173561e-01
1.650815596858620750e+15,6.356529647035982222e-01
1.650815596860537500e+15,6.366850867484177279e-01
1.650815596862454500e+15,6.377173434119985940e-01
1.650815596864371500e+15,6.381360077604254499e-01
1.650815596866288500e+15,6.381360077604254499e-01
1.650815596868205250e+15,6.381360077604254499e-01
1.650815596870122250e+15,6.381360077604254499e-01
1.650815596872039250e+15,6.381360077604254499e-01
1.650815596873956000e+15,6.381360077604254499e-01
1.650815596875873000e+15,6.381310240671574929e-01
1.650815596877790000e+15,6.374941080675091687e-01
1.650815596879707000e+15,6.368571920678607334e-01
1.650815596881623750e+15,6.362203591297670435e-01
1.650815596883540750e+15,6.355834431301187193e-01
1.650815596885457750e+15,6.349465271304703951e-01
1.650815596887374500e+15,6.343096941923765941e-01
1.650815596889291500e+15,6.336727781927282699e-01
1.650815596891208500e+15,6.330358621930799456e-01
1.650815596893125500e+15,6.323989461934316214e-01
1.650815596895042250e+15,6.323555116171568624e-01
1.650815596896959250e+15,6.333067906047433748e-01
1.650815596898876250e+15,6.342580695923299983e-01
1.650815596900793000e+15,6.352092245216240940e-01
1.650815596902710000e+15,6.361605035092106064e-01
1.650815596904627000e+15,6.371117824967972298e-01
1.650815596906544000e+15,6.380630614843838533e-01
1.650815596908460750e+15,6.374028330931229558e-01
1.650815596910377750e+15,6.366086554763847882e-01
1.650815596912294750e+15,6.358144778596466207e-01
1.650815596914211500e+15,6.350204038132811757e-01
1.650815596916128500e+15,6.342262261965430081e-01
1.650815596918045500e+15,6.334320485798048406e-01
1.650815596919962500e+15,6.326378709630666730e-01
1.650815596921879250e+15,6.322091315707659698e-01
1.650815596923796250e+15,6.332714059933710615e-01
1.650815596925713250e+15,6.343336804159759312e-01
1.650815596927630250e+15,6.353959548385809120e-01
1.650815596929547000e+15,6.364580907277452848e-01
1.650815596931464000e+15,6.375203651503502655e-01
1.650815596933381000e+15,6.381360077604254499e-01
1.650815596935297750e+15,6.381360077604254499e-01
1.650815596937214750e+15,6.381360077604254499e-01
1.650815596939131750e+15,6.381360077604254499e-01
1.650815596941048750e+15,6.381360077604254499e-01
1.650815596942965500e+15,6.381360077604253389e-01
1.650815596944882500e+15,6.381360077604254499e-01
1.650815596946799500e+15,6.381360077604254499e-01
1.650815596948716250e+15,6.381360077604254499e-01
1.650815596950633250e+15,6.381360077604254499e-01
1.650815596952550250e+15,6.381360077604254499e-01
1.650815596954467250e+15,6.381360077604254499e-01
1.650815596956384000e+15,6.381360077604254499e-01
1.650815596958301000e+15,6.381360077604254499e-01
1.650815596960218000e+15,6.381360077604254499e-01
1.650815596962134750e+15,6.381360077604254499e-01
1.650815596964051750e+15,6.381360077604254499e-01
1.650815596965968750e+15,6.381360077604254499e-01
1.650815596967885750e+15,6.387474511800794730e-01
1.650815596969802500e+15,6.400148036262778284e-01
1.650815596971719500e+15,6.412823213721300375e-01
1.650815596973636500e+15,6.425498391179822466e-01
1.650815596975553250e+15,6.438171915641804910e-01
1.650815596977470250e+15,6.450847093100327001e-01
1.650815596979387250e+15,6.463522270558849092e-01
1.650815596981304250e+15,6.476197448017371183e-01
1.650815596983221000e+15,6.488870972479354737e-01
1.650815596985138000e+15,6.501546149937875718e-01
1.650815596987055000e+15,6.462211686643186681e-01
1.650815596988971750e+15,6.409898588606005587e-01
1.650815596990888750e+15,6.357578667417913554e-01
1.650815596992805750e+15,6.305258746229820410e-01
1.650815596994722750e+15,6.252938825041727267e-01
1.650815596996639500e+15,6.200625727004546173e-01
1.650815596998556500e+15,6.230074920011140494e-01
1.650815597000473500e+15,6.265106011311883938e-01
1.650815597002390500e+15,6.300137102612627382e-01
1.650815597004307250e+15,6.335163625435109580e-01
1.650815597006224250e+15,6.370194716735853024e-01
1.650815597008141250e+15,6.405225808036596469e-01
1.650815597010058000e+15,6.440252330859079777e-01
1.650815597011975000e+15,6.425735439818595074e-01
1.650815597013892000e+15,6.407464913752258795e-01
1.650815597015809000e+15,6.389194387685924736e-01
1.650815597017725750e+15,6.370926244317303144e-01
1.650815597019642750e+15,6.352655718250967976e-01
1.650815597021559750e+15,6.334385192184632807e-01
1.650815597023476500e+15,6.316137650923395741e-01
1.650815597025393500e+15,6.297964043237077592e-01
1.650815597027310500e+15,6.279790435550761662e-01
1.650815597029227500e+15,6.261616827864444623e-01
1.650815597031144250e+15,6.243445590236511578e-01
1.650815597033061250e+15,6.225271982550194538e-01
1.650815597034978250e+15,6.207098374863877499e-01
1.650815597036895000e+15,6.188927137235944453e-01
1.650815597038812000e+15,6.170753529549626304e-01
1.650815597040729000e+15,6.152579921863310375e-01
1.650815597042646000e+15,6.134249527771267196e-01
1.650815597044562750e+15,6.114200037998475112e-01
1.650815597046479750e+15,6.094147933188540645e-01
1.650815597048396750e+15,6.074095828378606177e-01
1.650815597050313500e+15,6.054046338605814093e-01
1.650815597052230500e+15,6.033994233795880735e-01
1.650815597054147500e+15,6.013942128985946267e-01
1.650815597056064500e+15,6.025139779736115031e-01
1.650815597057981250e+15,6.037528940908261088e-01
1.650815597059898250e+15,6.049919717987696233e-01
1.650815597061815250e+15,6.062310495067129157e-01
1.650815597063732000e+15,6.074656561041000824e-01
1.650815597065649000e+15,6.083113362163660165e-01
1.650815597067566000e+15,6.091570163286319506e-01
1.650815597069483000e+15,6.100026964408978847e-01
1.650815597071399750e+15,6.108482662662425566e-01
1.650815597073316750e+15,6.116939463785083797e-01
1.650815597075233750e+15,6.125396264907743138e-01
1.650815597077150750e+15,6.133853066030402479e-01
1.650815597079067500e+15,6.135923151542562737e-01
1.650815597080984500e+15,6.135923151542561627e-01
1.650815597082901500e+15,6.135923151542561627e-01
1.650815597084818250e+15,6.135923151542561627e-01
1.650815597086735250e+15,6.134860660071203009e-01
1.650815597088652250e+15,6.124154767032607971e-01
1.650815597090569250e+15,6.113448873994011823e-01
1.650815597092486000e+15,6.102744377133435538e-01
1.650815597094403000e+15,6.092038484094839390e-01
1.650815597096320000e+15,6.081332591056244352e-01
1.650815597098236750e+15,6.082033117438062630e-01
1.650815597100153750e+15,6.102350182264915102e-01
1.650815597102070750e+15,6.122667247091765352e-01
1.650815597103987750e+15,6.142984311918617824e-01
1.650815597105904500e+15,6.163298727154333800e-01
1.650815597107821500e+15,6.183615791981186272e-01
1.650815597109738500e+15,6.184545724845637027e-01
1.650815597111655250e+15,6.145640562091024828e-01
1.650815597113572250e+15,6.106730324970591761e-01
1.650815597115489250e+15,6.067820087850157584e-01
1.650815597117406250e+15,6.028909850729724518e-01
1.650815597119323000e+15,5.990004687975112319e-01
1.650815597121240000e+15,5.951845456996281980e-01
1.650815597123157000e+15,5.951845456996281980e-01
1.650815597125073750e+15,5.951845456996283090e-01
1.650815597126990750e+15,5.951845456996283090e-01
1.650815597128907750e+15,5.951845456996283090e-01
1.650815597130824750e+15,5.951845456996283090e-01
1.650815597132741500e+15,5.951845456996283090e-01
1.650815597134658500e+15,5.951845456996283090e-01
1.650815597136575500e+15,5.951845456996283090e-01
1.650815597138492250e+15,5.951845456996283090e-01
1.650815597140409250e+15,5.951845456996281980e-01
1.650815597142326250e+15,5.951845456996281980e-01
1.650815597144243250e+15,5.958802208907922893e-01
1.650815597146160000e+15,5.966246370374292951e-01
1.650815597148077000e+15,5.973691502776031781e-01
1.650815597149994000e+15,5.981136635177770611e-01
1.650815597151910750e+15,5.988580796644140669e-01
1.650815597153827750e+15,5.996025929045879499e-01
1.650815597155744750e+15,6.003471061447617219e-01
1.650815597157661750e+15,6.010916193849356048e-01
1.650815597159578500e+15,6.001133796419719779e-01
1.650815597161495500e+15,5.983702609873324807e-01
1.650815597163412500e+15,5.966271423326932055e-01
1.650815597165329500e+15,5.952667210218417493e-01
1.650815597167246250e+15,5.957433005947697646e-01
1.650815597169163250e+15,5.962199423275482690e-01
1.650815597171080250e+15,5.966965840603267734e-01
1.650815597172997000e+15,5.971731636332547888e-01
1.650815597174914000e+15,5.976498053660332932e-01
1.650815597176831000e+15,5.981264470988116866e-01
1.650815597178748000e+15,5.986030888315900800e-01
1.650815597180664750e+15,5.990796684045182063e-01
1.650815597182581750e+15,5.995563101372967107e-01
1.650815597184498750e+15,6.000329518700752152e-01
1.650815597186415500e+15,6.005095314430032305e-01
1.650815597188332500e+15,6.009861731757816239e-01
1.650815597190249500e+15,6.010498150254321992e-01
1.650815597192166500e+15,6.001435383722613093e-01
1.650815597194083250e+15,5.992373799085338737e-01
1.650815597196000250e+15,5.983311032553627618e-01
1.650815597197917250e+15,5.974248266021917608e-01
1.650815597199834000e+15,5.965186681384643252e-01
1.650815597201751000e+15,5.956123914852933243e-01
1.650815597203668000e+15,5.951845456996283090e-01
1.650815597205585000e+15,5.951845456996283090e-01
1.650815597207501750e+15,5.951845456996283090e-01
1.650815597209418750e+15,5.951845456996283090e-01
1.650815597211335750e+15,5.951845456996283090e-01
1.650815597213252500e+15,5.951845456996283090e-01
1.650815597215169500e+15,5.951845456996283090e-01
1.650815597217086500e+15,5.951845456996283090e-01
1.650815597219003500e+15,5.951845456996283090e-01
1.650815597220920250e+15,5.951845456996283090e-01
1.650815597222837250e+15,5.951845456996283090e-01
1.650815597224754250e+15,5.951845456996284200e-01
1.650815597226671000e+15,5.951845456996283090e-01
1.650815597228588000e+15,5.951845456996283090e-01
1.650815597230505000e+15,5.951845456996283090e-01
1.650815597232422000e+15,5.951845456996283090e-01
1.650815597234338750e+15,5.951845456996283090e-01
1.650815597236255750e+15,5.951845456996283090e-01
1.650815597238172750e+15,5.951845456996283090e-01
1.650815597240089750e+15,5.951845456996283090e-01
1.650815597242006500e+15,5.951845456996283090e-01
1.650815597243923500e+15,5.951845456996283090e-01
1.650815597245840500e+15,5.951845456996283090e-01
1.650815597247757250e+15,5.951845456996283090e-01
1.650815597249674250e+15,5.951845456996283090e-01
1.650815597251591250e+15,5.951845456996283090e-01
1.650815597253508250e+15,5.951845456996283090e-01
1.650815597255425000e+15,5.951845456996283090e-01
1.650815597257342000e+15,5.951845456996283090e-01
1.650815597259259000e+15,5.951845456996283090e-01
1.650815597261175750e+15,5.951845456996283090e-01
1.650815597263092750e+15,5.951845456996283090e-01
1.650815597265009750e+15,5.951845456996284200e-01
1.650815597266926750e+15,5.951845456996283090e-01
1.650815597268843500e+15,5.951845456996281980e-01
1.650815597270760500e+15,5.951845456996283090e-01
1.650815597272677500e+15,5.951845456996283090e-01
1.650815597274594250e+15,5.951845456996283090e-01
1.650815597276511250e+15,5.951845456996283090e-01
1.650815597278428250e+15,5.951845456996283090e-01
1.650815597280345250e+15,5.951845456996283090e-01
1.650815597282262000e+15,5.951845456996283090e-01
1.650815597284179000e+15,5.951845456996283090e-01
1.650815597286096000e+15,5.951845456996283090e-01
1.650815597288012750e+15,5.951845456996281980e-01
1.650815597289929750e+15,5.947647399137739876e-01
1.650815597291846750e+15,5.942821929544078730e-01
1.650815597293763750e+15,5.937996459950418693e-01
1.650815597295680500e+15,5.933171619656392171e-01
1.650815597297597500e+15,5.928346150062732134e-01
1.650815597299514500e+15,5.923520680469070987e-01
1.650815597301431250e+15,5.918695840175045575e-01
1.650815597303348250e+15,5.913870370581384428e-01
1.650815597305265250e+15,5.909044900987724391e-01
1.650815597307182250e+15,5.904219431394064355e-01
1.650815597309099000e+15,5.899394591100037832e-01
1.650815597311016000e+15,5.894569121506377796e-01
1.650815597312933000e+15,5.890486225480858762e-01
1.650815597314850000e+15,5.890486225480859872e-01
1.650815597316766750e+15,5.890486225480858762e-01
1.650815597318683750e+15,5.890486225480859872e-01
1.650815597320600750e+15,5.890486225480859872e-01
1.650815597322517500e+15,5.890486225480859872e-01
1.650815597324434500e+15,5.890486225480859872e-01
1.650815597326351500e+15,5.890486225480859872e-01
1.650815597328268500e+15,5.890486225480859872e-01
1.650815597330185250e+15,5.890486225480859872e-01
1.650815597332102250e+15,5.890486225480859872e-01
1.650815597334019250e+15,5.890486225480859872e-01
1.650815597335936000e+15,5.894386226188005340e-01
1.650815597337853000e+15,5.905595073797598182e-01
1.650815597339770000e+15,5.916803921407191025e-01
1.650815597341687000e+15,5.928012769016783867e-01
1.650815597343603750e+15,5.939220154856995615e-01
1.650815597345520750e+15,5.950429002466588457e-01
1.650815597347437750e+15,5.951845456996283090e-01
1.650815597349354500e+15,5.951845456996283090e-01
1.650815597351271500e+15,5.951845456996283090e-01
1.650815597353188500e+15,5.951845456996283090e-01
1.650815597355105500e+15,5.951845456996283090e-01
1.650815597357022250e+15,5.951845456996283090e-01
1.650815597358939250e+15,5.904882601051018032e-01
1.650815597360856250e+15,5.843314610046008717e-01
1.650815597362773000e+15,5.781754648252137585e-01
1.650815597364690000e+15,5.720186657247129380e-01
1.650815597366607000e+15,5.658618666242121176e-01
1.650815597368524000e+15,5.597050675237111861e-01
1.650815597370440750e+15,5.596706516655841623e-01
1.650815597372357750e+15,5.613333224806958954e-01
1.650815597374274750e+15,5.629959932958075175e-01
1.650815597376191500e+15,5.646584472785228792e-01
1.650815597378108500e+15,5.663211180936345013e-01
1.650815597380025500e+15,5.679837889087462344e-01
1.650815597381942500e+15,5.696464597238578564e-01
1.650815597383859250e+15,5.706408530934587997e-01
1.650815597385776250e+15,5.706408530934585777e-01
1.650815597387693250e+15,5.706408530934583556e-01
1.650815597389610250e+15,5.706408530934581336e-01
1.650815597391527000e+15,5.706408530934581336e-01
1.650815597393444000e+15,5.706408530934582446e-01
1.650815597395361000e+15,5.706408530934582446e-01
1.650815597397277750e+15,5.706408530934583556e-01
1.650815597399194750e+15,5.706408530934583556e-01
1.650815597401111750e+15,5.706408530934584666e-01
1.650815597403028750e+15,5.706408530934585777e-01
1.650815597404945500e+15,5.706408530934585777e-01
1.650815597406862500e+15,5.706408530934586887e-01
1.650815597408779500e+15,5.706408530934587997e-01
1.650815597410696250e+15,5.706408530934587997e-01
1.650815597412613250e+15,5.706408530934589107e-01
1.650815597414530250e+15,5.706408530934590217e-01
1.650815597416447250e+15,5.686013397841263028e-01
1.650815597418364000e+15,5.658813974389089729e-01
1.650815597420281000e+15,5.631611003340275534e-01
1.650815597422198000e+15,5.604408032291461339e-01
1.650815597424114750e+15,5.583690067903734899e-01
1.650815597426031750e+15,5.583690067903734899e-01
1.650815597427948750e+15,5.583690067903733789e-01
1.650815597429865750e+15,5.583690067903734899e-01
1.650815597431782500e+15,5.583690067903734899e-01
1.650815597433699500e+15,5.583690067903734899e-01
1.650815597435616500e+15,5.583690067903734899e-01
1.650815597437533250e+15,5.583690067903734899e-01
1.650815597439450250e+15,5.583690067903734899e-01
1.650815597441367250e+15,5.583690067903734899e-01
1.650815597443284250e+15,5.583690067903734899e-01
1.650815597445201000e+15,5.583690067903734899e-01
1.650815597447118000e+15,5.583690067903733789e-01
1.650815597449035000e+15,5.583690067903733789e-01
1.650815597450951750e+15,5.583690067903733789e-01
1.650815597452868750e+15,5.583690067903734899e-01
1.650815597454785750e+15,5.583690067903734899e-01
1.650815597456702750e+15,5.583690067903734899e-01
1.650815597458619500e+15,5.583690067903734899e-01
1.650815597460536500e+15,5.583690067903734899e-01
1.650815597462453500e+15,5.583690067903734899e-01
1.650815597464370250e+15,5.583690067903734899e-01
1.650815597466287250e+15,5.576922967396275022e-01
1.650815597468204250e+15,5.568896652362834709e-01
1.650815597470121250e+15,5.560870337329393287e-01
1.650815597472038000e+15,5.552845069024567870e-01
1.650815597473955000e+15,5.544818753991127558e-01
1.650815597475872000e+15,5.536792438957686135e-01
1.650815597477789000e+15,5.528766123924243603e-01
1.650815597479705750e+15,5.522330836388302799e-01
1.650815597481622750e+15,5.522330836388302799e-01
1.650815597483539750e+15,5.522330836388302799e-01
1.650815597485456500e+15,5.522330836388302799e-01
1.650815597487373500e+15,5.522330836388302799e-01
1.650815597489290500e+15,5.522330836388302799e-01
1.650815597491207500e+15,5.522330836388302799e-01
1.650815597493124250e+15,5.522330836388302799e-01
1.650815597495041250e+15,5.522330836388302799e-01
1.650815597496958250e+15,5.522330836388302799e-01
1.650815597498875000e+15,5.522330836388302799e-01
1.650815597500792000e+15,5.522330836388302799e-01
1.650815597502709000e+15,5.522330836388302799e-01
1.650815597504626000e+15,5.522330836388302799e-01
1.650815597506542750e+15,5.522330836388302799e-01
1.650815597508459750e+15,5.522330836388302799e-01
1.650815597510376750e+15,5.522330836388302799e-01
1.650815597512293500e+15,5.522330836388301689e-01
1.650815597514210500e+15,5.522330836388302799e-01
1.650815597516127500e+15,5.522330836388302799e-01
1.650815597518044500e+15,5.522330836388303910e-01
1.650815597519961250e+15,5.522330836388303910e-01
1.650815597521878250e+15,5.522330836388302799e-01
1.650815597523795250e+15,5.522330836388302799e-01
1.650815597525712000e+15,5.522330836388302799e-01
1.650815597527629000e+15,5.510052168603114531e-01
1.650815597529546000e+15,5.477360215625053375e-01
1.650815597531463000e+15,5.444668262646991108e-01
1.650815597533379750e+15,5.411980573095243052e-01
1.650815597535296750e+15,5.411529724100369032e-01
1.650815597537213750e+15,5.430699484011560774e-01
1.650815597539130500e+15,5.449866743954063786e-01
1.650815597541047500e+15,5.469036503865255527e-01
1.650815597542964500e+15,5.488206263776447269e-01
1.650815597544881500e+15,5.507376023687640121e-01
1.650815597546798250e+15,5.518285515741019331e-01
1.650815597548715250e+15,5.499876305816130406e-01
1.650815597550632250e+15,5.481467095891242591e-01
1.650815597552549250e+15,5.463057885966353666e-01
1.650815597554466000e+15,5.444651076825232083e-01
1.650815597556383000e+15,5.426241866900343158e-01
1.650815597558300000e+15,5.407832656975455343e-01
1.650815597560216750e+15,5.399612373357456363e-01
1.650815597562133750e+15,5.399612373357456363e-01
1.650815597564050750e+15,5.399612373357456363e-01
1.650815597565967750e+15,5.399612373357456363e-01
1.650815597567884500e+15,5.399612373357456363e-01
1.650815597569801500e+15,5.399612373357456363e-01
1.650815597571718500e+15,5.399612373357456363e-01
1.650815597573635250e+15,5.399612373357456363e-01
1.650815597575552250e+15,5.399612373357457473e-01
1.650815597577469250e+15,5.399612373357456363e-01
1.650815597579386250e+15,5.399612373357456363e-01
1.650815597581303000e+15,5.399612373357456363e-01
1.650815597583220000e+15,5.399612373357456363e-01
1.650815597585137000e+15,5.399612373357456363e-01
1.650815597587053750e+15,5.399612373357456363e-01
1.650815597588970750e+15,5.399612373357456363e-01
1.650815597590887750e+15,5.399612373357456363e-01
1.650815597592804750e+15,5.399612373357456363e-01
1.650815597594721500e+15,5.399612373357455253e-01
1.650815597596638500e+15,5.390396706041794550e-01
1.650815597598555500e+15,5.379640886106253905e-01
1.650815597600472250e+15,5.368886468859803696e-01
1.650815597602389250e+15,5.358130648924263051e-01
1.650815597604306250e+15,5.347374828988723516e-01
1.650815597606223250e+15,5.340027983055546379e-01
1.650815597608140000e+15,5.351708418749974161e-01
1.650815597610057000e+15,5.363390377913253015e-01
1.650815597611974000e+15,5.375072337076534090e-01
1.650815597613890750e+15,5.386752772770960762e-01
1.650815597615807750e+15,5.398434731934240727e-01
1.650815597617724750e+15,5.380506886485216800e-01
1.650815597619641750e+15,5.359259479184806940e-01
1.650815597621558500e+15,5.338014842803449067e-01
1.650815597623475500e+15,5.316767435503040318e-01
1.650815597625392500e+15,5.295520028202629348e-01
1.650815597627309500e+15,5.274272620902218378e-01
1.650815597629226250e+15,5.253027984520860505e-01
1.650815597631143250e+15,5.231780577220450645e-01
1.650815597633060250e+15,5.215534678811177827e-01
1.650815597634977000e+15,5.215534678811177827e-01
1.650815597636894000e+15,5.215534678811177827e-01
1.650815597638811000e+15,5.215534678811177827e-01
1.650815597640728000e+15,5.215534678811177827e-01
1.650815597642644750e+15,5.215534678811177827e-01
1.650815597644561750e+15,5.215534678811177827e-01
1.650815597646478750e+15,5.215534678811177827e-01
1.650815597648395500e+15,5.215534678811177827e-01
1.650815597650312500e+15,5.215534678811177827e-01
1.650815597652229500e+15,5.215534678811177827e-01
1.650815597654146500e+15,5.215534678811177827e-01
1.650815597656063250e+15,5.215534678811177827e-01
1.650815597657980250e+15,5.215534678811177827e-01
1.650815597659897250e+15,5.215534678811177827e-01
1.650815597661814000e+15,5.215534678811177827e-01
1.650815597663731000e+15,5.215534678811177827e-01
1.650815597665648000e+15,5.215534678811177827e-01
1.650815597667565000e+15,5.215534678811177827e-01
1.650815597669481750e+15,5.215534678811177827e-01
1.650815597671398750e+15,5.215534678811177827e-01
1.650815597673315750e+15,5.215534678811177827e-01
1.650815597675232500e+15,5.215534678811177827e-01
1.650815597677149500e+15,5.215534678811177827e-01
1.650815597679066500e+15,5.215534678811177827e-01
1.650815597680983500e+15,5.215534678811177827e-01
1.650815597682900250e+15,5.215534678811177827e-01
1.650815597684817250e+15,5.215534678811177827e-01
1.650815597686734250e+15,5.215534678811177827e-01
1.650815597688651000e+15,5.215534678811177827e-01
1.650815597690568000e+15,5.215534678811177827e-01
1.650815597692485000e+15,5.215534678811177827e-01
1.650815597694402000e+15,5.215534678811177827e-01
1.650815597696318750e+15,5.215534678811177827e-01
1.650815597698235750e+15,5.215534678811177827e-01
1.650815597700152750e+15,5.215534678811177827e-01
1.650815597702069750e+15,5.215534678811177827e-01
1.650815597703986500e+15,5.215534678811177827e-01
1.650815597705903500e+15,5.215534678811177827e-01
1.650815597707820500e+15,5.215534678811177827e-01
1.650815597709737250e+15,5.215534678811177827e-01
1.650815597711654250e+15,5.206644996041482898e-01
1.650815597713571250e+15,5.185767174455563344e-01
1.650815597715488250e+15,5.164889352869644901e-01
1.650815597717405000e+15,5.144014254004328768e-01
1.650815597719322000e+15,5.123136432418410324e-01
1.650815597721239000e+15,5.102258610832491881e-01
1.650815597723155750e+15,5.097006422213021803e-01
1.650815597725072750e+15,5.104658363848142422e-01
1.650815597726989750e+15,5.112310305483261930e-01
1.650815597728906750e+15,5.119962247118381438e-01
1.650815597730823500e+15,5.127613190847707392e-01
1.650815597732740500e+15,5.135265132482826900e-01
1.650815597734657500e+15,5.142917074117947518e-01
1.650815597736574250e+15,5.150568017847272362e-01
1.650815597738491250e+15,5.143994959112849763e-01
1.650815597740408250e+15,5.124734168738678264e-01
1.650815597742325250e+15,5.105473378364506765e-01
1.650815597744242000e+15,5.086215099830497799e-01
1.650815597746159000e+15,5.066954309456326300e-01
1.650815597748076000e+15,5.047693519082154801e-01
1.650815597749992750e+15,5.028435240548146945e-01
1.650815597751909750e+15,5.009174450173975446e-01
1.650815597753826750e+15,4.989913659799803947e-01
1.650815597755743750e+15,4.970652869425632447e-01
1.650815597757660500e+15,4.991785820624917713e-01
1.650815597759577500e+15,5.014120510991397772e-01
1.650815597761494500e+15,5.036455201357876721e-01
1.650815597763411250e+15,5.058786979010432283e-01
1.650815597765328250e+15,5.081121669376913452e-01
1.650815597767245250e+15,5.084345117037857298e-01
1.650815597769162250e+15,5.066563462190529776e-01
1.650815597771079000e+15,5.048784126286192109e-01
1.650815597772996000e+15,5.031002471438863477e-01
1.650815597774913000e+15,5.013220816591535955e-01
1.650815597776829750e+15,4.995441480687197733e-01
1.650815597778746750e+15,4.977659825839870211e-01
1.650815597780663750e+15,4.970097752749477182e-01
1.650815597782580750e+15,4.970097752749478293e-01
1.650815597784497500e+15,4.970097752749479403e-01
1.650815597786414500e+15,4.970097752749479403e-01
1.650815597788331500e+15,4.970097752749480513e-01
1.650815597790248500e+15,4.970097752749481623e-01
1.650815597792165250e+15,4.970097752749482178e-01
1.650815597794082250e+15,4.970097752749483844e-01
1.650815597795999250e+15,4.970097752749483844e-01
1.650815597797916000e+15,4.970097752749484954e-01
1.650815597799833000e+15,4.970097752749484954e-01
1.650815597801750000e+15,4.970223466955294156e-01
1.650815597803667000e+15,4.975351001690038744e-01
1.650815597805583750e+15,4.980477867732199249e-01
1.650815597807500750e+15,4.985605402466944391e-01
1.650815597809417750e+15,4.990732937201689534e-01
1.650815597811334500e+15,4.995859803243850039e-01
1.650815597813251500e+15,5.000987337978595182e-01
1.650815597815168500e+15,5.006114872713339770e-01
1.650815597817085500e+15,5.011242407448084357e-01
1.650815597819002250e+15,5.016369273490245417e-01
1.650815597820919250e+15,5.021496808224990005e-01
1.650815597822836250e+15,5.026624342959734593e-01
1.650815597824753000e+15,5.032039140161629343e-01
1.650815597826670000e+15,5.042184529743748422e-01
1.650815597828587000e+15,5.052329919325866392e-01
1.650815597830504000e+15,5.062475308907985472e-01
1.650815597832420750e+15,5.072619375408520259e-01
1.650815597834337750e+15,5.082764764990640449e-01
1.650815597836254750e+15,5.092730125640470007e-01
1.650815597838171500e+15,5.083433603072513574e-01
1.650815597840088500e+15,5.074135867967376479e-01
1.650815597842005500e+15,5.064838132862239384e-01
1.650815597843922500e+15,5.055540397757101179e-01
1.650815597845839250e+15,5.046243875189146966e-01
1.650815597847756250e+15,5.036946140084008761e-01
1.650815597849673250e+15,5.027559367653710032e-01
1.650815597851590000e+15,5.018045510105807461e-01
1.650815597853507000e+15,5.008530411673913774e-01
1.650815597855424000e+15,4.999015313242021197e-01
1.650815597857341000e+15,4.989500214810127510e-01
1.650815597859257750e+15,4.979986357262224383e-01
1.650815597861174750e+15,4.970471258830330696e-01
1.650815597863091750e+15,4.970097752749477182e-01
1.650815597865008750e+15,4.970097752749479403e-01
1.650815597866925500e+15,4.970097752749481623e-01
1.650815597868842500e+15,4.970097752749483844e-01
1.650815597870759500e+15,4.970097752749485509e-01
1.650815597872676250e+15,4.965314330137029497e-01
1.650815597874593250e+15,4.959372440522203940e-01
1.650815597876510250e+15,4.953430550907378382e-01
1.650815597878427250e+15,4.947488661292552825e-01
1.650815597880344000e+15,4.941547546572043759e-01
1.650815597882261000e+15,4.935605656957218201e-01
1.650815597884178000e+15,4.929663767342392644e-01
1.650815597886094750e+15,4.923722652621883578e-01
1.650815597888011750e+15,4.917780763007058020e-01
1.650815597889928750e+15,4.911838873392232463e-01
1.650815597891845750e+15,4.913323334624857819e-01
1.650815597893762500e+15,4.922909307972906379e-01
1.650815597895679500e+15,4.932496531610943702e-01
1.650815597897596500e+15,4.942083755248980470e-01
1.650815597899513250e+15,4.951669728597029030e-01
1.650815597901430250e+15,4.961256952235066353e-01
1.650815597903347250e+15,4.970815060284824449e-01
1.650815597905264250e+15,4.980028316869382632e-01
1.650815597907181000e+15,4.989240371933780782e-01
1.650815597909098000e+15,4.998453628518337855e-01
1.650815597911015000e+15,5.007666885102896037e-01
1.650815597912931750e+15,5.016878940167294187e-01
1.650815597914848750e+15,5.026092196751851260e-01
1.650815597916765750e+15,5.031456984264899290e-01
1.650815597918682750e+15,5.031456984264899290e-01
1.650815597920599500e+15,5.031456984264899290e-01
1.650815597922516500e+15,5.031456984264899290e-01
1.650815597924433500e+15,5.031456984264899290e-01
1.650815597926350250e+15,5.031456984264898180e-01
1.650815597928267250e+15,5.031456984264898180e-01
1.650815597930184250e+15,5.031456984264898180e-01
1.650815597932101250e+15,5.031456984264898180e-01
1.650815597934018000e+15,5.031456984264898180e-01
1.650815597935935000e+15,5.031456984264897070e-01
1.650815597937852000e+15,5.031456984264898180e-01
1.650815597939769000e+15,5.031456984264897070e-01
1.650815597941685750e+15,5.031456984264897070e-01
1.650815597943602750e+15,5.031456984264897070e-01
1.650815597945519750e+15,5.031456984264898180e-01
1.650815597947436500e+15,5.031456984264897070e-01
1.650815597949353500e+15,5.031456984264898180e-01
1.650815597951270500e+15,5.030727083037953573e-01
1.650815597953187500e+15,5.017711076972328765e-01
1.650815597955104250e+15,5.004696768351417635e-01
1.650815597957021250e+15,4.991680762285793937e-01
1.650815597958938250e+15,4.978664756220168575e-01
1.650815597960855000e+15,4.972564020339236834e-01
1.650815597962772000e+15,4.979782088995044487e-01
1.650815597964689000e+15,4.987000157650852139e-01
1.650815597966606000e+15,4.994218226306660346e-01
1.650815597968522750e+15,5.001435353638961079e-01
1.650815597970439750e+15,5.008653422294768731e-01
1.650815597972356750e+15,5.015871490950576383e-01
1.650815597974273500e+15,5.023088618282876006e-01
1.650815597976190500e+15,5.030306686938684768e-01
1.650815597978107500e+15,5.021265229823843601e-01
1.650815597980024500e+15,5.009141374246119938e-01
1.650815597981941250e+15,4.997019099765891426e-01
1.650815597983858250e+15,4.984895244188168872e-01
1.650815597985775250e+15,4.972771388610446319e-01
1.650815597987692000e+15,4.960649114130216697e-01
1.650815597989609000e+15,4.948525258552493589e-01
1.650815597991526000e+15,4.936401402974771591e-01
1.650815597993443000e+15,4.924277547397049593e-01
1.650815597995359750e+15,4.912155272916819970e-01
1.650815597997276750e+15,4.916286441354573711e-01
1.650815597999193750e+15,4.926796238246557991e-01
1.650815598001110500e+15,4.937304664533834764e-01
1.650815598003027500e+15,4.947814461425819044e-01
1.650815598004944500e+15,4.958324258317802768e-01
1.650815598006861500e+15,4.968834055209786493e-01
1.650815598008778250e+15,4.976506759448126038e-01
1.650815598010695250e+15,4.983792788116055417e-01
1.650815598012612250e+15,4.991078816783984795e-01
1.650815598014529250e+15,4.998364845451913618e-01
1.650815598016446000e+15,5.005649923933528367e-01
1.650815598018363000e+15,5.012935952601457190e-01
1.650815598020280000e+15,5.020221981269386013e-01
1.650815598022196750e+15,5.027507059750999652e-01
1.650815598024113750e+15,5.025683177933139012e-01
1.650815598026030750e+15,5.013073224372346370e-01
1.650815598027947750e+15,5.000463270811554839e-01
1.650815598029864500e+15,4.987854961741315929e-01
1.650815598031781500e+15,4.975245008180524953e-01
1.650815598033698500e+15,4.963848915392721217e-01
1.650815598035615250e+15,4.953291437205361025e-01
1.650815598037532250e+15,4.942732582015497700e-01
1.650815598039449250e+15,4.932173726825634374e-01
1.650815598041366250e+15,4.921614871635771604e-01
1.650815598043283000e+15,4.911057393448410857e-01
1.650815598045200000e+15,4.900498538258547532e-01
1.650815598047117000e+15,4.889939683068684761e-01
1.650815598049033750e+15,4.879382204881324570e-01
1.650815598050950750e+15,4.868823349691460689e-01
1.650815598052867750e+15,4.858264494501597919e-01
1.650815598054784750e+15,4.847705639311735148e-01
1.650815598056701500e+15,4.880061789969023511e-01
1.650815598058618500e+15,4.913791185920582949e-01
1.650815598060535500e+15,4.947520581872142942e-01
1.650815598062452250e+15,4.981245579102268617e-01
1.650815598064369250e+15,5.014974975053828610e-01
1.650815598066286250e+15,5.020336084441844315e-01
1.650815598068203250e+15,4.998587790679235865e-01
1.650815598070120000e+15,4.976842333157338039e-01
1.650815598072037000e+15,4.955094039394729588e-01
1.650815598073954000e+15,4.933345745632121693e-01
1.650815598075870750e+15,4.911600288110222756e-01
1.650815598077787750e+15,4.895347359636608164e-01
1.650815598079704750e+15,4.879927112282769763e-01
1.650815598081621750e+15,4.864506864928931917e-01
1.650815598083538500e+15,4.849088628561968317e-01
1.650815598085455500e+15,4.833668381208129916e-01
1.650815598087372500e+15,4.818248133854291515e-01
1.650815598089289250e+15,4.802829897487329025e-01
1.650815598091206250e+15,4.787409650133490069e-01
1.650815598093123250e+15,4.786020058203195315e-01
1.650815598095040250e+15,4.786020058203195315e-01
1.650815598096957000e+15,4.786020058203196426e-01
1.650815598098874000e+15,4.786020058203196426e-01
1.650815598100791000e+15,4.786020058203196426e-01
1.650815598102708000e+15,4.786020058203196426e-01
1.650815598104624750e+15,4.786020058203196426e-01
1.650815598106541750e+15,4.786020058203197536e-01
1.650815598108458750e+15,4.786020058203196981e-01
1.650815598110375500e+15,4.786020058203197536e-01
1.650815598112292500e+15,4.786020058203197536e-01
1.650815598114209500e+15,4.800143371213334009e-01
1.650815598116126500e+15,4.816537189584773060e-01
1.650815598118043250e+15,4.832928870003894151e-01
1.650815598119960250e+15,4.849322688375332646e-01
1.650815598121877250e+15,4.865716506746772252e-01
1.650815598123794000e+15,4.882108187165893343e-01
1.650815598125711000e+15,4.898502005537332948e-01
1.650815598127628000e+15,4.898607353211326121e-01
1.650815598129545000e+15,4.871633118350813252e-01
1.650815598131461750e+15,4.844662401256976114e-01
1.650815598133378750e+15,4.817688166396464355e-01
1.650815598135295750e+15,4.790713931535952597e-01
1.650815598137212500e+15,4.763743214442114904e-01
1.650815598139129500e+15,4.736768979581603700e-01
1.650815598141046500e+15,4.711559365876122896e-01
1.650815598142963500e+15,4.687787003949066555e-01
1.650815598144880250e+15,4.664017742225704533e-01
1.650815598146797250e+15,4.640245380298648192e-01
1.650815598148714250e+15,4.616473018371591852e-01
1.650815598150631000e+15,4.601942363656919555e-01
1.650815598152548000e+15,4.601942363656921220e-01
1.650815598154465000e+15,4.601942363656922330e-01
1.650815598156382000e+15,4.601942363656923995e-01
1.650815598158298750e+15,4.601942363656925661e-01
1.650815598160215750e+15,4.601942363656926771e-01
1.650815598162132750e+15,4.601942363656928436e-01
1.650815598164049500e+15,4.626111121755123179e-01
1.650815598165966500e+15,4.650311439997086849e-01
1.650815598167883500e+15,4.674511758239051629e-01
1.650815598169800500e+15,4.698712076481015298e-01
1.650815598171717250e+15,4.722909238708602464e-01
1.650815598173634250e+15,4.733492235303096152e-01
1.650815598175551250e+15,4.743012724725603202e-01
1.650815598177468250e+15,4.752533214148109142e-01
1.650815598179385000e+15,4.762052461983575791e-01
1.650815598181302000e+15,4.771572951406082286e-01
1.650815598183219000e+15,4.781093440828588226e-01
1.650815598185135750e+15,4.781142806239652709e-01
1.650815598187052750e+15,4.771032298519601866e-01
1.650815598188969750e+15,4.760921790799551578e-01
1.650815598190886750e+15,4.750811283079501290e-01
1.650815598192803500e+15,4.740702093892017466e-01
1.650815598194720500e+15,4.730591586171966623e-01
1.650815598196637500e+15,4.714469651800218264e-01
1.650815598198554250e+15,4.689821154051672658e-01
1.650815598200471250e+15,4.665169441421458951e-01
1.650815598202388250e+15,4.640517728791244689e-01
1.650815598204305250e+15,4.615866016161031538e-01
1.650815598206222000e+15,4.599640460949723786e-01
1.650815598208139000e+15,4.594349396813379727e-01
1.650815598210056000e+15,4.589058332677034002e-01
1.650815598211972750e+15,4.583767958559487044e-01
1.650815598213889750e+15,4.578476894423141874e-01
1.650815598215806750e+15,4.573185830286797260e-01
1.650815598217723750e+15,4.567894766150452091e-01
1.650815598219640500e+15,4.562604392032905132e-01
1.650815598221557500e+15,4.557313327896559962e-01
1.650815598223474500e+15,4.552022263760214793e-01
1.650815598225391250e+15,4.546731889642667279e-01
1.650815598227308250e+15,4.541440825506323220e-01
1.650815598229225250e+15,4.548532020408427301e-01
1.650815598231142250e+15,4.558018724724507420e-01
1.650815598233059000e+15,4.567504191859534934e-01
1.650815598234976000e+15,4.576990896175615053e-01
1.650815598236893000e+15,4.586477600491695172e-01
1.650815598238809750e+15,4.595963067626722687e-01
1.650815598240726750e+15,4.601942363656927881e-01
1.650815598242643750e+15,4.601942363656927881e-01
1.650815598244560750e+15,4.601942363656926771e-01
1.650815598246477500e+15,4.601942363656927881e-01
1.650815598248394500e+15,4.601942363656927326e-01
1.650815598250311500e+15,4.601942363656927881e-01
1.650815598252228500e+15,4.601942363656927326e-01
1.650815598254145250e+15,4.601942363656927881e-01
1.650815598256062250e+15,4.601942363656927881e-01
1.650815598257979250e+15,4.601942363656927881e-01
1.650815598259896000e+15,4.601942363656927881e-01
1.650815598261813000e+15,4.601942363656928436e-01
1.650815598263730000e+15,4.601942363656927881e-01
1.650815598265647000e+15,4.601942363656927881e-01
1.650815598267563750e+15,4.601942363656927881e-01
1.650815598269480750e+15,4.601942363656928436e-01
1.650815598271397750e+15,4.601942363656928436e-01
1.650815598273314500e+15,4.601942363656927881e-01
1.650815598275231500e+15,4.601942363656928991e-01
1.650815598277148500e+15,4.601942363656928436e-01
1.650815598279065500e+15,4.601942363656928991e-01
1.650815598280982250e+15,4.601942363656928991e-01
1.650815598282899250e+15,4.601942363656928991e-01
1.650815598284816250e+15,4.601942363656928436e-01
1.650815598286733000e+15,4.601942363656928991e-01
1.650815598288650000e+15,4.601942363656928991e-01
1.650815598290567000e+15,4.601942363656928991e-01
1.650815598292484000e+15,4.601942363656929547e-01
1.650815598294400750e+15,4.601942363656928436e-01
1.650815598296317750e+15,4.601942363656928436e-01
1.650815598298234750e+15,4.601942363656928991e-01
1.650815598300151500e+15,4.601942363656927881e-01
1.650815598302068500e+15,4.601942363656928436e-01
1.650815598303985500e+15,4.601942363656928436e-01
1.650815598305902500e+15,4.601942363656927881e-01
1.650815598307819250e+15,4.601942363656928436e-01
1.650815598309736250e+15,4.601942363656927881e-01
1.650815598311653250e+15,4.601942363656928436e-01
1.650815598313570000e+15,4.601942363656927881e-01
1.650815598315487000e+15,4.601942363656927881e-01
1.650815598317404000e+15,4.601942363656927881e-01
1.650815598319321000e+15,4.601942363656927881e-01
1.650815598321237750e+15,4.601942363656927881e-01
1.650815598323154750e+15,4.601942363656927881e-01
1.650815598325071750e+15,4.601942363656926771e-01
1.650815598326988500e+15,4.601942363656924551e-01
1.650815598328905500e+15,4.601942363656923440e-01
1.650815598330822500e+15,4.601942363656921220e-01
1.650815598332739500e+15,4.601942363656919555e-01
1.650815598334656250e+15,4.594602888600661794e-01
1.650815598336573250e+15,4.585940568340329815e-01
1.650815598338490250e+15,4.577278248079997836e-01
1.650815598340407250e+15,4.568615927819665856e-01
1.650815598342324000e+15,4.559954737230729194e-01
1.650815598344241000e+15,4.551292416970397214e-01
1.650815598346158000e+15,4.542630096710065235e-01
1.650815598348074750e+15,4.540583132141503553e-01
1.650815598349991750e+15,4.540583132141502443e-01
1.650815598351908750e+15,4.540583132141501332e-01
1.650815598353825750e+15,4.540583132141500222e-01
1.650815598355742500e+15,4.540583132141498557e-01
1.650815598357659500e+15,4.540583132141497447e-01
1.650815598359576500e+15,4.540583132141496336e-01
1.650815598361493250e+15,4.551981926215158958e-01
1.650815598363410250e+15,4.564052904389008236e-01
1.650815598365327250e+15,4.576123882562856959e-01
1.650815598367244250e+15,4.588194860736706793e-01
1.650815598369161000e+15,4.600264264708916473e-01
1.650815598371078000e+15,4.612335242882765751e-01
1.650815598372995000e+15,4.624406221056614474e-01
1.650815598374911750e+15,4.636475625028824155e-01
1.650815598376828750e+15,4.648546603202672878e-01
1.650815598378745750e+15,4.660617581376522156e-01
1.650815598380662750e+15,4.655170092427073358e-01
1.650815598382579500e+15,4.644714913566091452e-01
1.650815598384496500e+15,4.634258371045416047e-01
1.650815598386413500e+15,4.623801828524740642e-01
1.650815598388330250e+15,4.613346649663757626e-01
1.650815598390247250e+15,4.602890107143083331e-01
1.650815598392164250e+15,4.592433564622407927e-01
1.650815598394081250e+15,4.581977022101733077e-01
1.650815598395998000e+15,4.571521843240750060e-01
1.650815598397915000e+15,4.561065300720075211e-01
1.650815598399832000e+15,4.550608758199400361e-01
1.650815598401748750e+15,4.540173011662644309e-01
1.650815598403665750e+15,4.530189507434578267e-01
1.650815598405582750e+15,4.520206003206512779e-01
1.650815598407499750e+15,4.510222498978446737e-01
1.650815598409416500e+15,4.500240296720154909e-01
1.650815598411333500e+15,4.490256792492088311e-01
1.650815598413250500e+15,4.480273288264022824e-01
1.650815598415167500e+15,4.479223900626070343e-01
1.650815598417084250e+15,4.479223900626070343e-01
1.650815598419001250e+15,4.479223900626070343e-01
1.650815598420918250e+15,4.479223900626069788e-01
1.650815598422835000e+15,4.479223900626070343e-01
1.650815598424752000e+15,4.474524559228859055e-01
1.650815598426669000e+15,4.466244561564839954e-01
1.650815598428586000e+15,4.457964563900820298e-01
1.650815598430502750e+15,4.449685646048702758e-01
1.650815598432419750e+15,4.441405648384683102e-01
1.650815598434336750e+15,4.433125650720664002e-01
1.650815598436253500e+15,4.424846732868545907e-01
1.650815598438170500e+15,4.417864669110649345e-01
1.650815598440087500e+15,4.417864669110649345e-01
1.650815598442004500e+15,4.417864669110649345e-01
1.650815598443921250e+15,4.417864669110648790e-01
1.650815598445838250e+15,4.417864669110649345e-01
1.650815598447755250e+15,4.417864669110649345e-01
1.650815598449672000e+15,4.417864669110649345e-01
1.650815598451589000e+15,4.417864669110649345e-01
1.650815598453506000e+15,4.417864669110649345e-01
1.650815598455423000e+15,4.417864669110649900e-01
1.650815598457339750e+15,4.417864669110649345e-01
1.650815598459256750e+15,4.417864669110648790e-01
1.650815598461173750e+15,4.417864669110648790e-01
1.650815598463090500e+15,4.417864669110649345e-01
1.650815598465007500e+15,4.417864669110648790e-01
1.650815598466924500e+15,4.417864669110649345e-01
1.650815598468841500e+15,4.417864669110649345e-01
1.650815598470758250e+15,4.417864669110649345e-01
1.650815598472675250e+15,4.417864669110649345e-01
1.650815598474592250e+15,4.417864669110648790e-01
1.650815598476509000e+15,4.417864669110648790e-01
1.650815598478426000e+15,4.417864669110648790e-01
1.650815598480343000e+15,4.417617566530155915e-01
1.650815598482260000e+15,4.400073283315140138e-01
1.650815598484176750e+15,4.382531288086981003e-01
1.650815598486093750e+15,4.364987004871965226e-01
1.650815598488010750e+15,4.347442721656949449e-01
1.650815598489927750e+15,4.329898438441933672e-01
1.650815598491844500e+15,4.312356443213774537e-01
1.650815598493761500e+15,4.295585001524607205e-01
1.650815598495678500e+15,4.318630778721916919e-01
1.650815598497595250e+15,4.341673550470974696e-01
1.650815598499512250e+15,4.364719327668284410e-01
1.650815598501429250e+15,4.387765104865594123e-01
1.650815598503346250e+15,4.410810882062903837e-01
1.650815598505263000e+15,4.433853653811961615e-01
1.650815598507180000e+15,4.456899431009271328e-01
1.650815598509097000e+15,4.478228975693832048e-01
1.650815598511013750e+15,4.446445269629371588e-01
1.650815598512930750e+15,4.414657418044359849e-01
1.650815598514847750e+15,4.382869566459348665e-01
1.650815598516764750e+15,4.351081714874337480e-01
1.650815598518681500e+15,4.319298008809876466e-01
1.650815598520598500e+15,4.300018757573647044e-01
1.650815598522515500e+15,4.320302538710925067e-01
1.650815598524432250e+15,4.340583674597663366e-01
1.650815598526349250e+15,4.360867455734941389e-01
1.650815598528266250e+15,4.381151236872219412e-01
1.650815598530183250e+15,4.401435018009497435e-01
1.650815598532100000e+15,4.413485304351508764e-01
1.650815598534017000e+15,4.390421452034827254e-01
1.650815598535934000e+15,4.367357599718146854e-01
1.650815598537850750e+15,4.344296755206931149e-01
1.650815598539767750e+15,4.321232902890249639e-01
1.650815598541684750e+15,4.298169050573569239e-01
1.650815598543601750e+15,4.275105198256888284e-01
1.650815598545518500e+15,4.252044353745673133e-01
1.650815598547435500e+15,4.228980501428991623e-01
1.650815598549352500e+15,4.205916649112310668e-01
1.650815598551269250e+15,4.182855804601096072e-01
1.650815598553186250e+15,4.166884299358696309e-01
1.650815598555103250e+15,4.156765964148798065e-01
1.650815598557020250e+15,4.146647628938898711e-01
1.650815598558937000e+15,4.136530613282366486e-01
1.650815598560854000e+15,4.126412278072468243e-01
1.650815598562771000e+15,4.116293942862569999e-01
1.650815598564688000e+15,4.104792443165998783e-01
1.650815598566604750e+15,4.091815470087858397e-01
1.650815598568521750e+15,4.078836804434645691e-01
1.650815598570438750e+15,4.065858138781433539e-01
1.650815598572355500e+15,4.052881165703293154e-01
1.650815598574272500e+15,4.046169982198321025e-01
1.650815598576189500e+15,4.041485940831044399e-01
1.650815598578106500e+15,4.036801899463767218e-01
1.650815598580023250e+15,4.032118468952171075e-01
1.650815598581940250e+15,4.027434427584894450e-01
1.650815598583857250e+15,4.022750386217617269e-01
1.650815598585774000e+15,4.018066955706021126e-01
1.650815598587691000e+15,4.013382914338744500e-01
1.650815598589608000e+15,4.008698872971467875e-01
1.650815598591525000e+15,4.004014831604190139e-01
1.650815598593441750e+15,3.999331401092594551e-01
1.650815598595358750e+15,3.994647359725317926e-01
1.650815598597275750e+15,3.989963318358040190e-01
1.650815598599192500e+15,3.982821337538227646e-01
1.650815598601109500e+15,3.974386368243492673e-01
1.650815598603026500e+15,3.965951398948757145e-01
1.650815598604943500e+15,3.957516429654022172e-01
1.650815598606860250e+15,3.949082560381363960e-01
1.650815598608777250e+15,3.940647591086628432e-01
1.650815598610694250e+15,3.932212621791892904e-01
1.650815598612611000e+15,3.928931471161936639e-01
1.650815598614528000e+15,3.934027682193307895e-01
1.650815598616445000e+15,3.939123893224679152e-01
1.650815598618362000e+15,3.944220104256050963e-01
1.650815598620278750e+15,3.949315650679827705e-01
1.650815598622195750e+15,3.954411861711198961e-01
1.650815598624112750e+15,3.959508072742570772e-01
1.650815598626029500e+15,3.964603619166348070e-01
1.650815598627946500e+15,3.969699830197719326e-01
1.650815598629863500e+15,3.974796041229091137e-01
1.650815598631780500e+15,3.979892252260462393e-01
1.650815598633697250e+15,3.984987798684239690e-01
1.650815598635614250e+15,3.986713977913348139e-01
1.650815598637531250e+15,3.981905473015340258e-01
1.650815598639448000e+15,3.977097595204565073e-01
1.650815598641365000e+15,3.972289090306557746e-01
1.650815598643282000e+15,3.967480585408549865e-01
1.650815598645199000e+15,3.962672080510541983e-01
1.650815598647115750e+15,3.957864202699766798e-01
1.650815598649032750e+15,3.953055697801759472e-01
1.650815598650949750e+15,3.948247192903751035e-01
1.650815598652866750e+15,3.943438688005743709e-01
1.650815598654783500e+15,3.938630810194969079e-01
1.650815598656700500e+15,3.933822305296960642e-01
1.650815598658617500e+15,3.929013800398953316e-01
1.650815598660534250e+15,3.933519864983219816e-01
1.650815598662451250e+15,3.944793168300745889e-01
1.650815598664368250e+15,3.956066471618271407e-01
1.650815598666285250e+15,3.967339774935796926e-01
1.650815598668202000e+15,3.978611608078138628e-01
1.650815598670119000e+15,3.988350048502667944e-01
1.650815598672036000e+15,3.988350048502667944e-01
1.650815598673952750e+15,3.988350048502668499e-01
1.650815598675869750e+15,3.988350048502668499e-01
1.650815598677786750e+15,3.988350048502667944e-01
1.650815598679703750e+15,3.988350048502668499e-01
1.650815598681620500e+15,3.988350048502667944e-01
1.650815598683537500e+15,3.988350048502667944e-01
1.650815598685454500e+15,3.988350048502669054e-01
1.650815598687371250e+15,3.988350048502667944e-01
1.650815598689288250e+15,3.988350048502668499e-01
1.650815598691205250e+15,3.988350048502668499e-01
1.650815598693122250e+15,3.988350048502667944e-01
1.650815598695039000e+15,3.988350048502667944e-01
1.650815598696956000e+15,3.988350048502667944e-01
1.650815598698873000e+15,3.988350048502667944e-01
1.650815598700789750e+15,3.988350048502667944e-01
1.650815598702706750e+15,3.988350048502667389e-01
1.650815598704623750e+15,3.988350048502667944e-01
1.650815598706540750e+15,3.988350048502667944e-01
1.650815598708457500e+15,3.988350048502667944e-01
1.650815598710374500e+15,3.988350048502667389e-01
1.650815598712291500e+15,3.988350048502667389e-01
1.650815598714208250e+15,3.988350048502666834e-01
1.650815598716125250e+15,3.988350048502666279e-01
1.650815598718042250e+15,3.988350048502666834e-01
1.650815598719959250e+15,3.988350048502666279e-01
1.650815598721876000e+15,3.985986530565676089e-01
1.650815598723793000e+15,3.980461086803225301e-01
1.650815598725710000e+15,3.974935643040773958e-01
1.650815598727627000e+15,3.969410199278322615e-01
1.650815598729543750e+15,3.963885476100608152e-01
1.650815598731460750e+15,3.958360032338157364e-01
1.650815598733377750e+15,3.952834588575706021e-01
1.650815598735294500e+15,3.947309865397991557e-01
1.650815598737211500e+15,3.941784421635540214e-01
1.650815598739128500e+15,3.936258977873088871e-01
1.650815598741045500e+15,3.930733534110637528e-01
1.650815598742962250e+15,3.928619362745141008e-01
1.650815598744879250e+15,3.933668974096349857e-01
1.650815598746796250e+15,3.938718585447559262e-01
1.650815598748713000e+15,3.943767538268336814e-01
1.650815598750630000e+15,3.948817149619545663e-01
1.650815598752547000e+15,3.953866760970754513e-01
1.650815598754464000e+15,3.958916372321963917e-01
1.650815598756380750e+15,3.963965325142740914e-01
1.650815598758297750e+15,3.969014936493950318e-01
1.650815598760214750e+15,3.974064547845159168e-01
1.650815598762131500e+15,3.979113500665937275e-01
1.650815598764048500e+15,3.984163112017146124e-01
1.650815598765965500e+15,3.988350048502669054e-01
1.650815598767882500e+15,3.988350048502669609e-01
1.650815598769799250e+15,3.988350048502669054e-01
1.650815598771716250e+15,3.988350048502669054e-01
1.650815598773633250e+15,3.988350048502669054e-01
1.650815598775550000e+15,3.988350048502669609e-01
1.650815598777467000e+15,3.988350048502669054e-01
1.650815598779384000e+15,3.979231604315378035e-01
1.650815598781301000e+15,3.970055721109584934e-01
1.650815598783217750e+15,3.960881034550010060e-01
1.650815598785134750e+15,3.951705151344216960e-01
1.650815598787051750e+15,3.942529268138423304e-01
1.650815598788968500e+15,3.933354581578848985e-01
1.650815598790885500e+15,3.923985268503394352e-01
1.650815598792802500e+15,3.914178227748426608e-01
1.650815598794719500e+15,3.904371186993458309e-01
1.650815598796636250e+15,3.894565425195292141e-01
1.650815598798553250e+15,3.884758384440324397e-01
1.650815598800470250e+15,3.874951343685356653e-01
1.650815598802387250e+15,3.865631585471813736e-01
1.650815598804304000e+15,3.865631585471813736e-01
1.650815598806221000e+15,3.865631585471813736e-01
1.650815598808138000e+15,3.865631585471813736e-01
1.650815598810054750e+15,3.865631585471813736e-01
1.650815598811971750e+15,3.865631585471813736e-01
1.650815598813888750e+15,3.865631585471813736e-01
1.650815598815805750e+15,3.865631585471813181e-01
1.650815598817722500e+15,3.865631585471814291e-01
1.650815598819639500e+15,3.865631585471813736e-01
1.650815598821556500e+15,3.865631585471813736e-01
1.650815598823473250e+15,3.865631585471813736e-01
1.650815598825390250e+15,3.865631585471813736e-01
1.650815598827307250e+15,3.865631585471813736e-01
1.650815598829224250e+15,3.865631585471813181e-01
1.650815598831141000e+15,3.865631585471813736e-01
1.650815598833058000e+15,3.865631585471813736e-01
1.650815598834975000e+15,3.865631585471814291e-01
1.650815598836891750e+15,3.865631585471813736e-01
1.650815598838808750e+15,3.865631585471813736e-01
1.650815598840725750e+15,3.865631585471813736e-01
1.650815598842642750e+15,3.865631585471813736e-01
1.650815598844559500e+15,3.865631585471813736e-01
1.650815598846476500e+15,3.865631585471813736e-01
1.650815598848393500e+15,3.865631585471813736e-01
1.650815598850310250e+15,3.865631585471813736e-01
1.650815598852227250e+15,3.865631585471813736e-01
1.650815598854144250e+15,3.865631585471813736e-01
1.650815598856061250e+15,3.865631585471813736e-01
1.650815598857978000e+15,3.865631585471813736e-01
1.650815598859895000e+15,3.865631585471813181e-01
1.650815598861812000e+15,3.865631585471813736e-01
1.650815598863728750e+15,3.865631585471813736e-01
1.650815598865645750e+15,3.865631585471813736e-01
1.650815598867562750e+15,3.865631585471813736e-01
1.650815598869479750e+15,3.865631585471813736e-01
1.650815598871396500e+15,3.865631585471813736e-01
1.650815598873313500e+15,3.865631585471813736e-01
1.650815598875230500e+15,3.865631585471813181e-01
1.650815598877147500e+15,3.865631585471813736e-01
1.650815598879064250e+15,3.861180418466370057e-01
1.650815598880981250e+15,3.851649128715534109e-01
1.650815598882898250e+15,3.842117838964698162e-01
1.650815598884815000e+15,3.832587792209395383e-01
1.650815598886732000e+15,3.823056502458559436e-01
1.650815598888649000e+15,3.813525212707723488e-01
1.650815598890566000e+15,3.804424751923519699e-01
1.650815598892482750e+15,3.809640980557359446e-01
1.650815598894399750e+15,3.814857889539267077e-01
1.650815598896316750e+15,3.820074798521174708e-01
1.650815598898233500e+15,3.825291027155014456e-01
1.650815598900150500e+15,3.830507936136921532e-01
1.650815598902067500e+15,3.835724845118828608e-01
1.650815598903984500e+15,3.840941754100736238e-01
1.650815598905901250e+15,3.846157982734575986e-01
1.650815598907818250e+15,3.851374891716483617e-01
1.650815598909735250e+15,3.856591800698391248e-01
1.650815598911652000e+15,3.861808029332230996e-01
1.650815598913569000e+15,3.865631585471813736e-01
1.650815598915486000e+15,3.865631585471813736e-01
1.650815598917403000e+15,3.865631585471813736e-01
1.650815598919319750e+15,3.865631585471813736e-01
1.650815598921236750e+15,3.865631585471814291e-01
1.650815598923153750e+15,3.865631585471813736e-01
1.650815598925070500e+15,3.861946232915882127e-01
1.650815598926987500e+15,3.857808709724244167e-01
1.650815598928904500e+15,3.853671186532606763e-01
1.650815598930821500e+15,3.849533663340968803e-01
1.650815598932738250e+15,3.845396679732429046e-01
1.650815598934655250e+15,3.841259156540791642e-01
1.650815598936572250e+15,3.837121633349153682e-01
1.650815598938489000e+15,3.832984649740613925e-01
1.650815598940406000e+15,3.828847126548975965e-01
1.650815598942323000e+15,3.824709603357338561e-01
1.650815598944240000e+15,3.820572080165700601e-01
1.650815598946156750e+15,3.816435096557160289e-01
1.650815598948073750e+15,3.812297573365522885e-01
1.650815598949990750e+15,3.808160050173884925e-01
1.650815598951907500e+15,3.805072511034411353e-01
1.650815598953824500e+15,3.818353040199485848e-01
1.650815598955741500e+15,3.831633569364560898e-01
1.650815598957658500e+15,3.844914098529635393e-01
1.650815598959575250e+15,3.858192895752982632e-01
1.650815598961492250e+15,3.860893816771568954e-01
1.650815598963409250e+15,3.850123223710945619e-01
1.650815598965326250e+15,3.839352630650322840e-01
1.650815598967243000e+15,3.828583442205383269e-01
1.650815598969160000e+15,3.817812849144759935e-01
1.650815598971077000e+15,3.807042256084137155e-01
1.650815598972993750e+15,3.796273067639197585e-01
1.650815598974910750e+15,3.785502474578574250e-01
1.650815598976827750e+15,3.774731881517950915e-01
1.650815598978744750e+15,3.763961288457328136e-01
1.650815598980661500e+15,3.753192100012388566e-01
1.650815598982578500e+15,3.743129219553371079e-01
1.650815598984495500e+15,3.747863598575912891e-01
1.650815598986412250e+15,3.752597360178134278e-01
1.650815598988329250e+15,3.757331739200676091e-01
1.650815598990246250e+15,3.762066118223219013e-01
1.650815598992163250e+15,3.766800497245760271e-01
1.650815598994080000e+15,3.771534258847981658e-01
1.650815598995997000e+15,3.776268637870524025e-01
1.650815598997914000e+15,3.781003016893066393e-01
1.650815598999830750e+15,3.785736778495287780e-01
1.650815599001747750e+15,3.790471157517829592e-01
1.650815599003664750e+15,3.795205536540371405e-01
1.650815599005581750e+15,3.799939915562913773e-01
1.650815599007498500e+15,3.804272353956391073e-01
1.650815599009415500e+15,3.804272353956391073e-01
1.650815599011332500e+15,3.804272353956390518e-01
1.650815599013249250e+15,3.804272353956390518e-01
1.650815599015166250e+15,3.804272353956390518e-01
1.650815599017083250e+15,3.804272353956390518e-01
1.650815599019000250e+15,3.804272353956390518e-01
1.650815599020917000e+15,3.804272353956390518e-01
1.650815599022834000e+15,3.804272353956390518e-01
1.650815599024751000e+15,3.804272353956390518e-01
1.650815599026667750e+15,3.804272353956390518e-01
1.650815599028584750e+15,3.801395905435031031e-01
1.650815599030501750e+15,3.796599948213508213e-01
1.650815599032418750e+15,3.791803990991985396e-01
1.650815599034335500e+15,3.787008659221325901e-01
1.650815599036252500e+15,3.782212701999803084e-01
1.650815599038169500e+15,3.777416744778280266e-01
1.650815599040086500e+15,3.772620787556757449e-01
1.650815599042003250e+15,3.767825455786097955e-01
1.650815599043920250e+15,3.763029498564575137e-01
1.650815599045837250e+15,3.758233541343052875e-01
1.650815599047754000e+15,3.753438209572393380e-01
1.650815599049671000e+15,3.748642252350870008e-01
1.650815599051588000e+15,3.743846295129347190e-01
1.650815599053505000e+15,3.742913122440964524e-01
1.650815599055421750e+15,3.742913122440965079e-01
1.650815599057338750e+15,3.742913122440965079e-01
1.650815599059255750e+15,3.742913122440965079e-01
1.650815599061172500e+15,3.742913122440964524e-01
1.650815599063089500e+15,3.742913122440965079e-01
1.650815599065006500e+15,3.742913122440965079e-01
1.650815599066923500e+15,3.742913122440965079e-01
1.650815599068840250e+15,3.742913122440965079e-01
1.650815599070757250e+15,3.742913122440964524e-01
1.650815599072674250e+15,3.735416675128697683e-01
1.650815599074591000e+15,3.726213270558136337e-01
1.650815599076508000e+15,3.717008665595691874e-01
1.650815599078425000e+15,3.707804060633247412e-01
1.650815599080342000e+15,3.698599455670802394e-01
1.650815599082258750e+15,3.689396051100241603e-01
1.650815599084175750e+15,3.681553890925535200e-01
1.650815599086092750e+15,3.681553890925535200e-01
1.650815599088009500e+15,3.681553890925535200e-01
1.650815599089926500e+15,3.681553890925535200e-01
1.650815599091843500e+15,3.681553890925535200e-01
1.650815599093760500e+15,3.681553890925535200e-01
1.650815599095677250e+15,3.681553890925535200e-01
1.650815599097594250e+15,3.681553890925535200e-01
1.650815599099511250e+15,3.681553890925535200e-01
1.650815599101428000e+15,3.681553890925535755e-01
1.650815599103345000e+15,3.681553890925535200e-01
1.650815599105262000e+15,3.681553890925535200e-01
1.650815599107179000e+15,3.681553890925535200e-01
1.650815599109095750e+15,3.681553890925535200e-01
1.650815599111012750e+15,3.681553890925535200e-01
1.650815599112929750e+15,3.681553890925535200e-01
1.650815599114846750e+15,3.681553890925535200e-01
1.650815599116763500e+15,3.681553890925535200e-01
1.650815599118680500e+15,3.681553890925535200e-01
1.650815599120597500e+15,3.681553890925534644e-01
1.650815599122514250e+15,3.681553890925535200e-01
1.650815599124431250e+15,3.681553890925534644e-01
1.650815599126348250e+15,3.681553890925534644e-01
1.650815599128265250e+15,3.681553890925535200e-01
1.650815599130182000e+15,3.681553890925534644e-01
1.650815599132099000e+15,3.681553890925535200e-01
1.650815599134016000e+15,3.681553890925535200e-01
1.650815599135932750e+15,3.681553890925535200e-01
1.650815599137849750e+15,3.681553890925535200e-01
1.650815599139766750e+15,3.681553890925535200e-01
1.650815599141683750e+15,3.681553890925535200e-01
1.650815599143600500e+15,3.681553890925535200e-01
1.650815599145517500e+15,3.681553890925535200e-01
1.650815599147434500e+15,3.681553890925535200e-01
1.650815599149351250e+15,3.681553890925535200e-01
1.650815599151268250e+15,3.681553890925535200e-01
1.650815599153185250e+15,3.681553890925535200e-01
1.650815599155102250e+15,3.681553890925534644e-01
1.650815599157019000e+15,3.681553890925534644e-01
1.650815599158936000e+15,3.681553890925535200e-01
1.650815599160853000e+15,3.681553890925535200e-01
1.650815599162769750e+15,3.681553890925535200e-01
1.650815599164686750e+15,3.681553890925535200e-01
1.650815599166603750e+15,3.681553890925534644e-01
1.650815599168520750e+15,3.681553890925535200e-01
1.650815599170437500e+15,3.676847382775281226e-01
1.650815599172354500e+15,3.671491267533940617e-01
1.650815599174271500e+15,3.666135152292600008e-01
1.650815599176188250e+15,3.660779735553508218e-01
1.650815599178105250e+15,3.655423620312168165e-01
1.650815599180022250e+15,3.650067505070827556e-01
1.650815599181939250e+15,3.644711389829487502e-01
1.650815599183856000e+15,3.639355973090395713e-01
1.650815599185773000e+15,3.633999857849055659e-01
1.650815599187690000e+15,3.628643742607715050e-01
1.650815599189607000e+15,3.623287627366374997e-01
1.650815599191523750e+15,3.622349470656512360e-01
1.650815599193440750e+15,3.627450765079926476e-01
1.650815599195357750e+15,3.632552059503340036e-01
1.650815599197274500e+15,3.637652688656224376e-01
1.650815599199191500e+15,3.642753983079637381e-01
1.650815599201108500e+15,3.647855277503051497e-01
1.650815599203025500e+15,3.652956571926465612e-01
1.650815599204942250e+15,3.658057201079348841e-01
1.650815599206859250e+15,3.663158495502762957e-01
1.650815599208776250e+15,3.668259789926177072e-01
1.650815599210693000e+15,3.673360419079060857e-01
1.650815599212610000e+15,3.678461713502474417e-01
1.650815599214527000e+15,3.677022322912804619e-01
1.650815599216444000e+15,3.665516341614255547e-01
1.650815599218360750e+15,3.654011860834915915e-01
1.650815599220277750e+15,3.642505879536367397e-01
1.650815599222194750e+15,3.630999898237817769e-01
1.650815599224111500e+15,3.620194659410111981e-01
1.650815599226028500e+15,3.620194659410111981e-01
1.650815599227945500e+15,3.620194659410111981e-01
1.650815599229862500e+15,3.620194659410111981e-01
1.650815599231779250e+15,3.620194659410111981e-01
1.650815599233696250e+15,3.620194659410111981e-01
1.650815599235613250e+15,3.620194659410112537e-01
1.650815599237530000e+15,3.620194659410111981e-01
1.650815599239447000e+15,3.620194659410111981e-01
1.650815599241364000e+15,3.620194659410112537e-01
1.650815599243281000e+15,3.620194659410111981e-01
1.650815599245197750e+15,3.620194659410112537e-01
1.650815599247114750e+15,3.633599402976577797e-01
1.650815599249031750e+15,3.654964519099558884e-01
1.650815599250948500e+15,3.676326848952832238e-01
1.650815599252865500e+15,3.697691965075813325e-01
1.650815599254782500e+15,3.719057081198794412e-01
1.650815599256699500e+15,3.740422197321775499e-01
1.650815599258616250e+15,3.738444647159751000e-01
1.650815599260533250e+15,3.733385697144049331e-01
1.650815599262450250e+15,3.728326747128347662e-01
1.650815599264367000e+15,3.723268456860953091e-01
1.650815599266284000e+15,3.718209506845251422e-01
1.650815599268201000e+15,3.713150556829549753e-01
1.650815599270118000e+15,3.708091606813848085e-01
1.650815599272034750e+15,3.703033316546452403e-01
1.650815599273951750e+15,3.697974366530751289e-01
1.650815599275868750e+15,3.692915416515049620e-01
1.650815599277785750e+15,3.687856466499348507e-01
1.650815599279702500e+15,3.682798176231952825e-01
1.650815599281619500e+15,3.681553890925535755e-01
1.650815599283536500e+15,3.681553890925536310e-01
1.650815599285453250e+15,3.681553890925537420e-01
1.650815599287370250e+15,3.681553890925538530e-01
1.650815599289287250e+15,3.681553890925539640e-01
1.650815599291204250e+15,3.681553890925539640e-01
1.650815599293121000e+15,3.681553890925540751e-01
1.650815599295038000e+15,3.681553890925541861e-01
1.650815599296955000e+15,3.681553890925542416e-01
1.650815599298871750e+15,3.681553890925543526e-01
1.650815599300788750e+15,3.681553890925544081e-01
1.650815599302705750e+15,3.681553890925545192e-01
1.650815599304622750e+15,3.681553890925546302e-01
1.650815599306539500e+15,3.689875770727793491e-01
1.650815599308456500e+15,3.700312829007745830e-01
1.650815599310373500e+15,3.710749887287698723e-01
1.650815599312290250e+15,3.721185584448939987e-01
1.650815599314207250e+15,3.731622642728892325e-01
1.650815599316124250e+15,3.742059701008845218e-01
1.650815599318041250e+15,3.733530133363128223e-01
1.650815599319958000e+15,3.723312923128813123e-01
1.650815599321875000e+15,3.713094380272843331e-01
1.650815599323792000e+15,3.702875837416872429e-01
1.650815599325708750e+15,3.692658627182557884e-01
1.650815599327625750e+15,3.682440084326587537e-01
1.650815599329542750e+15,3.681553890925541861e-01
1.650815599331459750e+15,3.681553890925541861e-01
1.650815599333376500e+15,3.681553890925541861e-01
1.650815599335293500e+15,3.681553890925541861e-01
1.650815599337210500e+15,3.681553890925541306e-01
1.650815599339127250e+15,3.678308442467989048e-01
1.650815599341044250e+15,3.671343399430620491e-01
1.650815599342961250e+15,3.664378356393251379e-01
1.650815599344878250e+15,3.657413313355883377e-01
1.650815599346795000e+15,3.650449178644419312e-01
1.650815599348712000e+15,3.643484135607051311e-01
1.650815599350629000e+15,3.636519092569682199e-01
1.650815599352546000e+15,3.629554049532314197e-01
1.650815599354462750e+15,3.622589914820850132e-01
1.650815599356379750e+15,3.620194659410111981e-01
1.650815599358296750e+15,3.620194659410111981e-01
1.650815599360213500e+15,3.620194659410111426e-01
1.650815599362130500e+15,3.620194659410111426e-01
1.650815599364047500e+15,3.620194659410110871e-01
1.650815599365964500e+15,3.620194659410110871e-01
1.650815599367881250e+15,3.620194659410110316e-01
1.650815599369798250e+15,3.620194659410110316e-01
1.650815599371715250e+15,3.623793641387006437e-01
1.650815599373632000e+15,3.629186135976973926e-01
1.650815599375549000e+15,3.634579333905221254e-01
1.650815599377466000e+15,3.639972531833468583e-01
1.650815599379383000e+15,3.645365729761715912e-01
1.650815599381299750e+15,3.650758224351683401e-01
1.650815599383216750e+15,3.656151422279930729e-01
1.650815599385133750e+15,3.661544620208178613e-01
1.650815599387050500e+15,3.666937114798146657e-01
1.650815599388967500e+15,3.672330312726393431e-01
1.650815599390884500e+15,3.677723510654640204e-01
1.650815599392801500e+15,3.681553890925537420e-01
1.650815599394718250e+15,3.681553890925538530e-01
1.650815599396635250e+15,3.681553890925539085e-01
1.650815599398552250e+15,3.681553890925539640e-01
1.650815599400469000e+15,3.681553890925540751e-01
1.650815599402386000e+15,3.681553890925541306e-01
1.650815599404303000e+15,3.681553890925540751e-01
1.650815599406220000e+15,3.681553890925540196e-01
1.650815599408136750e+15,3.681553890925539640e-01
1.650815599410053750e+15,3.681553890925539640e-01
1.650815599411970750e+15,3.681553890925538530e-01
1.650815599413887500e+15,3.681553890925537975e-01
1.650815599415804500e+15,3.681553890925537420e-01
1.650815599417721500e+15,3.681553890925537420e-01
1.650815599419638500e+15,3.681553890925536865e-01
1.650815599421555250e+15,3.681553890925535755e-01
1.650815599423472250e+15,3.681553890925535755e-01
1.650815599425389250e+15,3.681553890925535200e-01
1.650815599427306250e+15,3.686436443542691066e-01
1.650815599429223000e+15,3.691480848732791031e-01
1.650815599431140000e+15,3.696525911860180091e-01
1.650815599433057000e+15,3.701570974987568041e-01
1.650815599434973750e+15,3.706615380177668562e-01
1.650815599436890750e+15,3.711660443305057067e-01
1.650815599438807750e+15,3.716705506432446127e-01
1.650815599440724750e+15,3.721750569559834632e-01
1.650815599442641500e+15,3.726794974749935152e-01
1.650815599444558500e+15,3.731840037877323102e-01
1.650815599446475500e+15,3.736885101004712162e-01
1.650815599448392250e+15,3.741929506194812682e-01
1.650815599450309250e+15,3.733777315973407229e-01
1.650815599452226250e+15,3.722428966063610067e-01
1.650815599454143250e+15,3.711080616153812350e-01
1.650815599456060000e+15,3.699733746206183005e-01
1.650815599457977000e+15,3.688385396296385288e-01
1.650815599459894000e+15,3.681553890925540751e-01
1.650815599461810750e+15,3.681553890925539640e-01
1.650815599463727750e+15,3.681553890925538530e-01
1.650815599465644750e+15,3.681553890925537420e-01
1.650815599467561750e+15,3.681553890925535755e-01
1.650815599469478500e+15,3.681553890925534644e-01
1.650815599471395500e+15,3.681553890925533534e-01
1.650815599473312500e+15,3.681553890925533534e-01
1.650815599475229250e+15,3.681553890925535200e-01
1.650815599477146250e+15,3.681553890925535755e-01
1.650815599479063250e+15,3.681553890925537420e-01
1.650815599480980250e+15,3.681553890925538530e-01
1.650815599482897000e+15,3.681553890925539085e-01
1.650815599484814000e+15,3.681553890925540196e-01
1.650815599486731000e+15,3.681553890925539640e-01
1.650815599488647750e+15,3.681553890925540196e-01
1.650815599490564750e+15,3.681553890925539640e-01
1.650815599492481750e+15,3.681553890925539640e-01
1.650815599494398750e+15,3.681553890925539640e-01
1.650815599496315500e+15,3.681553890925539640e-01
1.650815599498232500e+15,3.681553890925539640e-01
1.650815599500149500e+15,3.681553890925539640e-01
1.650815599502066250e+15,3.681553890925539640e-01
1.650815599503983250e+15,3.681553890925539640e-01
1.650815599505900250e+15,3.681553890925539640e-01
1.650815599507817250e+15,3.681553890925539640e-01
1.650815599509734000e+15,3.681553890925539640e-01
1.650815599511651000e+15,3.681553890925540196e-01
1.650815599513568000e+15,3.681553890925539640e-01
1.650815599515485000e+15,3.681553890925539640e-01
1.650815599517401750e+15,3.681553890925539640e-01
1.650815599519318750e+15,3.681553890925539640e-01
1.650815599521235750e+15,3.681553890925539640e-01
1.650815599523152500e+15,3.681553890925539640e-01
1.650815599525069500e+15,3.681553890925539640e-01
1.650815599526986500e+15,3.681553890925539640e-01
1.650815599528903500e+15,3.681553890925539640e-01
1.650815599530820250e+15,3.681553890925539085e-01
1.650815599532737250e+15,3.681553890925539640e-01
1.650815599534654250e+15,3.681553890925539640e-01
1.650815599536571000e+15,3.681553890925539085e-01
1.650815599538488000e+15,3.681553890925539640e-01
1.650815599540405000e+15,3.681553890925539085e-01
1.650815599542322000e+15,3.681553890925539640e-01
1.650815599544238750e+15,3.681553890925539640e-01
1.650815599546155750e+15,3.681553890925539085e-01
1.650815599548072750e+15,3.681553890925539085e-01
1.650815599549989500e+15,3.681553890925539085e-01
1.650815599551906500e+15,3.681553890925539640e-01
1.650815599553823500e+15,3.681553890925539085e-01
1.650815599555740500e+15,3.681553890925539640e-01
1.650815599557657250e+15,3.681553890925539640e-01
1.650815599559574250e+15,3.681553890925539085e-01
1.650815599561491250e+15,3.681553890925539640e-01
1.650815599563408000e+15,3.681553890925540196e-01
1.650815599565325000e+15,3.681553890925540751e-01
1.650815599567242000e+15,3.681553890925540196e-01
1.650815599569159000e+15,3.681553890925540751e-01
1.650815599571075750e+15,3.681553890925540751e-01
1.650815599572992750e+15,3.681553890925540751e-01
1.650815599574909750e+15,3.681553890925541861e-01
1.650815599576826500e+15,3.681553890925541306e-01
1.650815599578743500e+15,3.681553890925541306e-01
1.650815599580660500e+15,3.681553890925541861e-01
1.650815599582577500e+15,3.681553890925541861e-01
1.650815599584494250e+15,3.681553890925542416e-01
1.650815599586411250e+15,3.681553890925540751e-01
1.650815599588328250e+15,3.681553890925539085e-01
1.650815599590245250e+15,3.681553890925537975e-01
1.650815599592162000e+15,3.681553890925536865e-01
1.650815599594079000e+15,3.681553890925535200e-01
1.650815599595996000e+15,3.681553890925534644e-01
1.650815599597912750e+15,3.681553890925533534e-01
1.650815599599829750e+15,3.681553890925533534e-01
1.650815599601746750e+15,3.681553890925534089e-01
1.650815599603663750e+15,3.681553890925534089e-01
1.650815599605580500e+15,3.681553890925535200e-01
1.650815599607497500e+15,3.681553890925535200e-01
1.650815599609414500e+15,3.681553890925536310e-01
1.650815599611331250e+15,3.681553890925536310e-01
1.650815599613248250e+15,3.681553890925536865e-01
1.650815599615165250e+15,3.681553890925537420e-01
1.650815599617082250e+15,3.681553890925537420e-01
1.650815599618999000e+15,3.681553890925537420e-01
1.650815599620916000e+15,3.681553890925537975e-01
1.650815599622833000e+15,3.681553890925537420e-01
1.650815599624749750e+15,3.681553890925537975e-01
1.650815599626666750e+15,3.681553890925537975e-01
1.650815599628583750e+15,3.681553890925538530e-01
1.650815599630500750e+15,3.681553890925538530e-01
1.650815599632417500e+15,3.681553890925538530e-01
1.650815599634334500e+15,3.681553890925539085e-01
1.650815599636251500e+15,3.681553890925539085e-01
1.650815599638168250e+15,3.681553890925538530e-01
1.650815599640085250e+15,3.681553890925539085e-01
1.650815599642002250e+15,3.681553890925539085e-01
1.650815599643919250e+15,3.681553890925539640e-01
1.650815599645836000e+15,3.681553890925539640e-01
1.650815599647753000e+15,3.681553890925539640e-01
1.650815599649670000e+15,3.681553890925539640e-01
1.650815599651586750e+15,3.681553890925539640e-01
1.650815599653503750e+15,3.681553890925539640e-01
1.650815599655420750e+15,3.681553890925539640e-01
1.650815599657337750e+15,3.681553890925539640e-01
1.650815599659254500e+15,3.681553890925539640e-01
1.650815599661171500e+15,3.681553890925539640e-01
1.650815599663088500e+15,3.681553890925539085e-01
1.650815599665005500e+15,3.681553890925539640e-01
1.650815599666922250e+15,3.681553890925539640e-01
1.650815599668839250e+15,3.681553890925539640e-01
1.650815599670756250e+15,3.681553890925539640e-01
1.650815599672673000e+15,3.681553890925539085e-01
1.650815599674590000e+15,3.681553890925540196e-01
1.650815599676507000e+15,3.681553890925539640e-01
1.650815599678424000e+15,3.681553890925539640e-01
1.650815599680340750e+15,3.681553890925539640e-01
1.650815599682257750e+15,3.681553890925539640e-01
1.650815599684174750e+15,3.681553890925539640e-01
1.650815599686091500e+15,3.681553890925539640e-01
1.650815599688008500e+15,3.681553890925539640e-01
1.650815599689925500e+15,3.681553890925539640e-01
1.650815599691842500e+15,3.681553890925540196e-01
1.650815599693759250e+15,3.681553890925540196e-01
1.650815599695676250e+15,3.681553890925540196e-01
1.650815599697593250e+15,3.681553890925539640e-01
1.650815599699510000e+15,3.681553890925539640e-01
1.650815599701427000e+15,3.681553890925539640e-01
1.650815599703344000e+15,3.681553890925539640e-01
1.650815599705261000e+15,3.681553890925539640e-01
1.650815599707177750e+15,3.681553890925539640e-01
1.650815599709094750e+15,3.681553890925539640e-01
1.650815599711011750e+15,3.681553890925539640e-01
1.650815599712928500e+15,3.681553890925539640e-01
1.650815599714845500e+15,3.681553890925540196e-01
1.650815599716762500e+15,3.681553890925539640e-01
1.650815599718679500e+15,3.681553890925539640e-01
1.650815599720596250e+15,3.681553890925539640e-01
1.650815599722513250e+15,3.690996552272244879e-01
1.650815599724430250e+15,3.702079718842967160e-01
1.650815599726347000e+15,3.713161440034637995e-01
1.650815599728264000e+15,3.724244606605360275e-01
1.650815599730181000e+15,3.735327773176083110e-01
1.650815599732098000e+15,3.739217519149099500e-01
1.650815599734014750e+15,3.727509175992583246e-01
1.650815599735931750e+15,3.715799305727269797e-01
1.650815599737848750e+15,3.704089435461956348e-01
1.650815599739765750e+15,3.692379565196642344e-01
1.650815599741682500e+15,3.680671222040127200e-01
1.650815599743599500e+15,3.668961351774813195e-01
1.650815599745516500e+15,3.657251481509499191e-01
1.650815599747433250e+15,3.645543138352984047e-01
1.650815599749350250e+15,3.633833268087670043e-01
1.650815599751267250e+15,3.622123397822356039e-01
1.650815599753184250e+15,3.628100949702545708e-01
1.650815599755101000e+15,3.637565044577188988e-01
1.650815599757018000e+15,3.647030373845320250e-01
1.650815599758935000e+15,3.656495703113451512e-01
1.650815599760851750e+15,3.665959797988095348e-01
1.650815599762768750e+15,3.675425127256226610e-01
1.650815599764685750e+15,3.681553890925537420e-01
1.650815599766602750e+15,3.681553890925537975e-01
1.650815599768519500e+15,3.681553890925538530e-01
1.650815599770436500e+15,3.681553890925539085e-01
1.650815599772353500e+15,3.681553890925539640e-01
1.650815599774270250e+15,3.681553890925539640e-01
1.650815599776187250e+15,3.681553890925540196e-01
1.650815599778104250e+15,3.681553890925540751e-01
1.650815599780021250e+15,3.681553890925541306e-01
1.650815599781938000e+15,3.681553890925541861e-01
1.650815599783855000e+15,3.681553890925542416e-01
1.650815599785772000e+15,3.681553890925541861e-01
1.650815599787688750e+15,3.681553890925540751e-01
1.650815599789605750e+15,3.681553890925540751e-01
1.650815599791522750e+15,3.681553890925540751e-01
1.650815599793439750e+15,3.681553890925540196e-01
1.650815599795356500e+15,3.681553890925539640e-01
1.650815599797273500e+15,3.681553890925539640e-01
1.650815599799190500e+15,3.681553890925539085e-01
1.650815599801107250e+15,3.681553890925538530e-01
1.650815599803024250e+15,3.681553890925538530e-01
1.650815599804941250e+15,3.681553890925537975e-01
1.650815599806858250e+15,3.686527540958476346e-01
1.650815599808775000e+15,3.704076079753939044e-01
1.650815599810692000e+15,3.721626907389730676e-01
1.650815599812609000e+15,3.739177735025521754e-01
1.650815599814525750e+15,3.756726273820985007e-01
1.650815599816442750e+15,3.774277101456776085e-01
1.650815599818359750e+15,3.791827929092567162e-01
1.650815599820276750e+15,3.802718100294656955e-01
1.650815599822193500e+15,3.797376790198504493e-01
1.650815599824110500e+15,3.792034783440019763e-01
1.650815599826027500e+15,3.786692776681535033e-01
1.650815599827944500e+15,3.781350769923051414e-01
1.650815599829861250e+15,3.776009459826898951e-01
1.650815599831778250e+15,3.770667453068414776e-01
1.650815599833695250e+15,3.765325446309930602e-01
1.650815599835612000e+15,3.759984136213778139e-01
1.650815599837529000e+15,3.754642129455294519e-01
1.650815599839446000e+15,3.749300122696809789e-01
1.650815599841363000e+15,3.743958115938325615e-01
1.650815599843279750e+15,3.754297068913760582e-01
1.650815599845196750e+15,3.768451779721829764e-01
1.650815599847113750e+15,3.782606490529900056e-01
1.650815599849030500e+15,3.796759355392376190e-01
1.650815599850947500e+15,3.799411708536034604e-01
1.650815599852864500e+15,3.789052778829732349e-01
1.650815599854781500e+15,3.778693849123430648e-01
1.650815599856698250e+15,3.768336270346928085e-01
1.650815599858615250e+15,3.757977340640626940e-01
1.650815599860532250e+15,3.747618410934324684e-01
1.650815599862449000e+15,3.747487078838142027e-01
1.650815599864366000e+15,3.755869750361451320e-01
1.650815599866283000e+15,3.764252421884758948e-01
1.650815599868200000e+15,3.772635093408067686e-01
1.650815599870116750e+15,3.781016671729560130e-01
1.650815599872033750e+15,3.789399343252868313e-01
1.650815599873950750e+15,3.797782014776176496e-01
1.650815599875867500e+15,3.804272353956389963e-01
1.650815599877784500e+15,3.804272353956390518e-01
1.650815599879701500e+15,3.804272353956390518e-01
1.650815599881618500e+15,3.804272353956390518e-01
1.650815599883535250e+15,3.804272353956390518e-01
1.650815599885452250e+15,3.804272353956390518e-01
1.650815599887369250e+15,3.804272353956389963e-01
1.650815599889286000e+15,3.804272353956390518e-01
1.650815599891203000e+15,3.804272353956390518e-01
1.650815599893120000e+15,3.804272353956390518e-01
1.650815599895037000e+15,3.804272353956390518e-01
1.650815599896953750e+15,3.804272353956391073e-01
1.650815599898870750e+15,3.804272353956391073e-01
1.650815599900787750e+15,3.804272353956390518e-01
1.650815599902704750e+15,3.804272353956390518e-01
1.650815599904621500e+15,3.804272353956390518e-01
1.650815599906538500e+15,3.804272353956390518e-01
1.650815599908455500e+15,3.804272353956390518e-01
1.650815599910372250e+15,3.804272353956390518e-01
1.650815599912289250e+15,3.804272353956390518e-01
1.650815599914206250e+15,3.804272353956391073e-01
1.650815599916123250e+15,3.804272353956390518e-01
1.650815599918040000e+15,3.804272353956390518e-01
1.650815599919957000e+15,3.804272353956390518e-01
1.650815599921874000e+15,3.804272353956391073e-01
1.650815599923790750e+15,3.804272353956391073e-01
1.650815599925707750e+15,3.804272353956392183e-01
1.650815599927624750e+15,3.804272353956392738e-01
1.650815599929541750e+15,3.804272353956393848e-01
1.650815599931458500e+15,3.804272353956394959e-01
1.650815599933375500e+15,3.804272353956394959e-01
1.650815599935292500e+15,3.804272353956395514e-01
1.650815599937209250e+15,3.804272353956394959e-01
1.650815599939126250e+15,3.804272353956394959e-01
1.650815599941043250e+15,3.804272353956394959e-01
1.650815599942960250e+15,3.804272353956394959e-01
1.650815599944877000e+15,3.804272353956394404e-01
1.650815599946794000e+15,3.804272353956393848e-01
1.650815599948711000e+15,3.804272353956393293e-01
1.650815599950627750e+15,3.804272353956393293e-01
1.650815599952544750e+15,3.804272353956392738e-01
1.650815599954461750e+15,3.804272353956392183e-01
1.650815599956378750e+15,3.804272353956392183e-01
1.650815599958295500e+15,3.804272353956391628e-01
1.650815599960212500e+15,3.804272353956391628e-01
1.650815599962129500e+15,3.804272353956390518e-01
1.650815599964046250e+15,3.804272353956389963e-01
1.650815599965963250e+15,3.804272353956389963e-01
1.650815599967880250e+15,3.804272353956390518e-01
1.650815599969797250e+15,3.804272353956390518e-01
1.650815599971714000e+15,3.804272353956390518e-01
1.650815599973631000e+15,3.804272353956389963e-01
1.650815599975548000e+15,3.804272353956389963e-01
1.650815599977465000e+15,3.804272353956390518e-01
1.650815599979381750e+15,3.804272353956390518e-01
1.650815599981298750e+15,3.804272353956390518e-01
1.650815599983215750e+15,3.804272353956390518e-01
1.650815599985132500e+15,3.804272353956390518e-01
1.650815599987049500e+15,3.804272353956390518e-01
1.650815599988966500e+15,3.804272353956390518e-01
1.650815599990883500e+15,3.804272353956390518e-01
1.650815599992800250e+15,3.804272353956390518e-01
1.650815599994717250e+15,3.804272353956390518e-01
1.650815599996634250e+15,3.804272353956391073e-01
1.650815599998551000e+15,3.804272353956390518e-01
1.650815600000468000e+15,3.804272353956390518e-01
1.650815600002385000e+15,3.804272353956391073e-01
1.650815600004302000e+15,3.804272353956390518e-01
1.650815600006218750e+15,3.804272353956390518e-01
1.650815600008135750e+15,3.804272353956390518e-01
1.650815600010052750e+15,3.804272353956390518e-01
1.650815600011969500e+15,3.804272353956391073e-01
1.650815600013886500e+15,3.804272353956390518e-01
1.650815600015803500e+15,3.804272353956390518e-01
1.650815600017720500e+15,3.804272353956390518e-01
1.650815600019637250e+15,3.804272353956390518e-01
1.650815600021554250e+15,3.804272353956390518e-01
1.650815600023471250e+15,3.804272353956390518e-01
1.650815600025388000e+15,3.804272353956390518e-01
1.650815600027305000e+15,3.804272353956390518e-01
1.650815600029222000e+15,3.792868744652299617e-01
1.650815600031139000e+15,3.779956329391850334e-01
1.650815600033055750e+15,3.767045598066619538e-01
1.650815600034972750e+15,3.754133182806169700e-01
1.650815600036889750e+15,3.741220767545720971e-01
1.650815600038806500e+15,3.728310036220490176e-01
1.650815600040723500e+15,3.715397620960040337e-01
1.650815600042640500e+15,3.702485205699590498e-01
1.650815600044557500e+15,3.689572790439140659e-01
1.650815600046474250e+15,3.686019035403307331e-01
1.650815600048391250e+15,3.697805172358724635e-01
1.650815600050308250e+15,3.709591309314141938e-01
1.650815600052225250e+15,3.721377446269559797e-01
1.650815600054142000e+15,3.733162046170079851e-01
1.650815600056059000e+15,3.742053116274317581e-01
1.650815600057976000e+15,3.737072355484384323e-01
1.650815600059892750e+15,3.732092244245935886e-01
1.650815600061809750e+15,3.727111483456002627e-01
1.650815600063726750e+15,3.722130722666069369e-01
1.650815600065643750e+15,3.717149961876136111e-01
1.650815600067560500e+15,3.712169850637687674e-01
1.650815600069477500e+15,3.707189089847754415e-01
1.650815600071394500e+15,3.702208329057821157e-01
1.650815600073311250e+15,3.697228217819373275e-01
1.650815600075228250e+15,3.692247457029440016e-01
1.650815600077145250e+15,3.687266696239506203e-01
1.650815600079062250e+15,3.682285935449573500e-01
1.650815600080979000e+15,3.671254913045682300e-01
1.650815600082896000e+15,3.659179597696633479e-01
1.650815600084813000e+15,3.647104282347585213e-01
1.650815600086729750e+15,3.635030541765796319e-01
1.650815600088646750e+15,3.622955226416747498e-01
1.650815600090563750e+15,3.620194659410111981e-01
1.650815600092480750e+15,3.620194659410111981e-01
1.650815600094397500e+15,3.620194659410111981e-01
1.650815600096314500e+15,3.620194659410111981e-01
1.650815600098231500e+15,3.620194659410111981e-01
1.650815600100148250e+15,3.620194659410112537e-01
1.650815600102065250e+15,3.620194659410112537e-01
1.650815600103982250e+15,3.615799278306214837e-01
1.650815600105899250e+15,3.604730712688912764e-01
1.650815600107816000e+15,3.593663590546521402e-01
1.650815600109733000e+15,3.582595024929219885e-01
1.650815600111650000e+15,3.571526459311917812e-01
1.650815600113566750e+15,3.560459337169527005e-01
1.650815600115483750e+15,3.549390771552224377e-01
1.650815600117400750e+15,3.538322205934922304e-01
1.650815600119317750e+15,3.527253640317620786e-01
1.650815600121234500e+15,3.516186518175229425e-01
1.650815600123151500e+15,3.505117952557927907e-01
1.650815600125068500e+15,3.494964872753002494e-01
1.650815600126985250e+15,3.486854376441906878e-01
1.650815600128902250e+15,3.478742822285981195e-01
1.650815600130819250e+15,3.470631268130056069e-01
1.650815600132736250e+15,3.462519713974130386e-01
1.650815600134653000e+15,3.454409217663034770e-01
1.650815600136570000e+15,3.446297663507109643e-01
1.650815600138487000e+15,3.438186109351183961e-01
1.650815600140404000e+15,3.449967164969851563e-01
1.650815600142320750e+15,3.468557760945486512e-01
1.650815600144237750e+15,3.487150781676041644e-01
1.650815600146154750e+15,3.505743802406597887e-01
1.650815600148071500e+15,3.524334398382232281e-01
1.650815600149988500e+15,3.542927419112787968e-01
1.650815600151905500e+15,3.561520439843343100e-01
1.650815600153822500e+15,3.580113460573898232e-01
1.650815600155739250e+15,3.598704056549533736e-01
1.650815600157656250e+15,3.617297077280089423e-01
1.650815600159573250e+15,3.615959807343757104e-01
1.650815600161490000e+15,3.610943800732797082e-01
1.650815600163407000e+15,3.605927139888550625e-01
1.650815600165324000e+15,3.600910479044303614e-01
1.650815600167241000e+15,3.595893818200056602e-01
1.650815600169157750e+15,3.590877811589097135e-01
1.650815600171074750e+15,3.585861150744850123e-01
1.650815600172991750e+15,3.580844489900603667e-01
1.650815600174908500e+15,3.575828483289643644e-01
1.650815600176825500e+15,3.570811822445397743e-01
1.650815600178742500e+15,3.565795161601150731e-01
1.650815600180659500e+15,3.560778500756903719e-01
1.650815600182576250e+15,3.546625450330384566e-01
1.650815600184493250e+15,3.526692278526438740e-01
1.650815600186410250e+15,3.506759106722492914e-01
1.650815600188327000e+15,3.486828534445385319e-01
1.650815600190244000e+15,3.466895362641439493e-01
1.650815600192161000e+15,3.446962190837493667e-01
1.650815600194078000e+15,3.436116964863829004e-01
1.650815600195994750e+15,3.436116964863829559e-01
1.650815600197911750e+15,3.436116964863829559e-01
1.650815600199828750e+15,3.436116964863830114e-01
1.650815600201745500e+15,3.436116964863830114e-01
1.650815600203662500e+15,3.436116964863830670e-01
1.650815600205579500e+15,3.436116964863831225e-01
1.650815600207496500e+15,3.436116964863831225e-01
1.650815600209413250e+15,3.436116964863831780e-01
1.650815600211330250e+15,3.436116964863832335e-01
1.650815600213247250e+15,3.436116964863832890e-01
1.650815600215164250e+15,3.436116964863832890e-01
1.650815600217081000e+15,3.439232156768481929e-01
1.650815600218998000e+15,3.444048142963006542e-01
1.650815600220915000e+15,3.448864129157531710e-01
1.650815600222831750e+15,3.453679487289172956e-01
1.650815600224748750e+15,3.458495473483697569e-01
1.650815600226665750e+15,3.463311459678222737e-01
1.650815600228582750e+15,3.468127445872747905e-01
1.650815600230499500e+15,3.472942804004388595e-01
1.650815600232416500e+15,3.477758790198913763e-01
1.650815600234333500e+15,3.482574776393438931e-01
1.650815600236250250e+15,3.487390134525079621e-01
1.650815600238167250e+15,3.492206120719604789e-01
1.650815600240084250e+15,3.497022106914129957e-01
1.650815600242001250e+15,3.497476196379263325e-01
1.650815600243918000e+15,3.497476196379261659e-01
1.650815600245835000e+15,3.497476196379261104e-01
1.650815600247752000e+15,3.497476196379261104e-01
1.650815600249668750e+15,3.497476196379259994e-01
1.650815600251585750e+15,3.497476196379259439e-01
1.650815600253502750e+15,3.497476196379258884e-01
1.650815600255419750e+15,3.497476196379258884e-01
1.650815600257336500e+15,3.497476196379257773e-01
1.650815600259253500e+15,3.497476196379257218e-01
1.650815600261170500e+15,3.497476196379256663e-01
1.650815600263087250e+15,3.497476196379257773e-01
1.650815600265004250e+15,3.497476196379257773e-01
1.650815600266921250e+15,3.497476196379258884e-01
1.650815600268838250e+15,3.497476196379259439e-01
1.650815600270755000e+15,3.497476196379259994e-01
1.650815600272672000e+15,3.497476196379261659e-01
1.650815600274589000e+15,3.502173141207154394e-01
1.650815600276505750e+15,3.507682852956765518e-01
1.650815600278422750e+15,3.513193283333185812e-01
1.650815600280339750e+15,3.518703713709606662e-01
1.650815600282256750e+15,3.524214144086027511e-01
1.650815600284173500e+15,3.529723855835638080e-01
1.650815600286090500e+15,3.535234286212058930e-01
1.650815600288007500e+15,3.540744716588479779e-01
1.650815600289924500e+15,3.546255146964900073e-01
1.650815600291841250e+15,3.551764858714511197e-01
1.650815600293758250e+15,3.557275289090932047e-01
1.650815600295675250e+15,3.558835427894688763e-01
1.650815600297592000e+15,3.558835427894688208e-01
1.650815600299509000e+15,3.558835427894687653e-01
1.650815600301426000e+15,3.558835427894687653e-01
1.650815600303343000e+15,3.558835427894687653e-01
1.650815600305259750e+15,3.558835427894687653e-01
1.650815600307176750e+15,3.558835427894686543e-01
1.650815600309093750e+15,3.558835427894687098e-01
1.650815600311010500e+15,3.556335812011052755e-01
1.650815600312927500e+15,3.543873487826587620e-01
1.650815600314844500e+15,3.531411163642123596e-01
1.650815600316761500e+15,3.518948839457659572e-01
1.650815600318678250e+15,3.506488140511090923e-01
1.650815600320595250e+15,3.494025816326626899e-01
1.650815600322512250e+15,3.481563492142162319e-01
1.650815600324429000e+15,3.469102793195594225e-01
1.650815600326346000e+15,3.456640469011129646e-01
1.650815600328263000e+15,3.444178144826665067e-01
1.650815600330180000e+15,3.438878395411997801e-01
1.650815600332096750e+15,3.446696670158204134e-01
1.650815600334013750e+15,3.454515964635040959e-01
1.650815600335930750e+15,3.462335259111878338e-01
1.650815600337847500e+15,3.470153533858085226e-01
1.650815600339764500e+15,3.477972828334922051e-01
1.650815600341681500e+15,3.485792122811759430e-01
1.650815600343598500e+15,3.493611417288596255e-01
1.650815600345515250e+15,3.492159036330416688e-01
1.650815600347432250e+15,3.481642662006315669e-01
1.650815600349349250e+15,3.471126287682214651e-01
1.650815600351266000e+15,3.460611284820597211e-01
1.650815600353183000e+15,3.450094910496495637e-01
1.650815600355100000e+15,3.439578536172395173e-01
1.650815600357017000e+15,3.447877306420123467e-01
1.650815600358933750e+15,3.465405793728065786e-01
1.650815600360850750e+15,3.482936567261039063e-01
1.650815600362767750e+15,3.500467340794012339e-01
1.650815600364684750e+15,3.517998114326985060e-01
1.650815600366601500e+15,3.535526601634927935e-01
1.650815600368518500e+15,3.553057375167901211e-01
1.650815600370435500e+15,3.570588148700873932e-01
1.650815600372352250e+15,3.588116636008816807e-01
1.650815600374269250e+15,3.605647409541790083e-01
1.650815600376186250e+15,3.619218340190356598e-01
1.650815600378103250e+15,3.613481623119781938e-01
1.650815600380020000e+15,3.607745654186539919e-01
1.650815600381937000e+15,3.602008937115964704e-01
1.650815600383854000e+15,3.596272220045390045e-01
1.650815600385770750e+15,3.590536251112147470e-01
1.650815600387687750e+15,3.584799534041572810e-01
1.650815600389604750e+15,3.579062816970998151e-01
1.650815600391521750e+15,3.573326099900422936e-01
1.650815600393438500e+15,3.567590130967180917e-01
1.650815600395355500e+15,3.561853413896606257e-01
1.650815600397272500e+15,3.558835427894688763e-01
1.650815600399189250e+15,3.558835427894688763e-01
1.650815600401106250e+15,3.558835427894688763e-01
1.650815600403023250e+15,3.558835427894688763e-01
1.650815600404940250e+15,3.558835427894688208e-01
1.650815600406857000e+15,3.558835427894688763e-01
1.650815600408774000e+15,3.558835427894688208e-01
1.650815600410691000e+15,3.558835427894688763e-01
1.650815600412607750e+15,3.558835427894688763e-01
1.650815600414524750e+15,3.558835427894689318e-01
1.650815600416441750e+15,3.558835427894689318e-01
1.650815600418358750e+15,3.558835427894688763e-01
1.650815600420275500e+15,3.558835427894688763e-01
1.650815600422192500e+15,3.558835427894689318e-01
1.650815600424109500e+15,3.558835427894688763e-01
1.650815600426026250e+15,3.558835427894688763e-01
1.650815600427943250e+15,3.558835427894688763e-01
1.650815600429860250e+15,3.558835427894688763e-01
1.650815600431777250e+15,3.558835427894688763e-01
1.650815600433694000e+15,3.558835427894688763e-01
1.650815600435611000e+15,3.558835427894688763e-01
1.650815600437528000e+15,3.558835427894688763e-01
1.650815600439444750e+15,3.558835427894688763e-01
1.650815600441361750e+15,3.558835427894689318e-01
1.650815600443278750e+15,3.558835427894688763e-01
1.650815600445195750e+15,3.558835427894688763e-01
1.650815600447112500e+15,3.558835427894688208e-01
1.650815600449029500e+15,3.558835427894688763e-01
1.650815600450946500e+15,3.558835427894688208e-01
1.650815600452863500e+15,3.558835427894688763e-01
1.650815600454780250e+15,3.558835427894688763e-01
1.650815600456697250e+15,3.558835427894688763e-01
1.650815600458614250e+15,3.558835427894688763e-01
1.650815600460531000e+15,3.558835427894688763e-01
1.650815600462448000e+15,3.558835427894688763e-01
1.650815600464365000e+15,3.558835427894688763e-01
1.650815600466282000e+15,3.565377442870544256e-01
1.650815600468198750e+15,3.575305714608446594e-01
1.650815600470115750e+15,3.585235281282013187e-01
1.650815600472032750e+15,3.595164847955579779e-01
1.650815600473949500e+15,3.605093119693482673e-01
1.650815600475866500e+15,3.615022686367049265e-01
1.650815600477783500e+15,3.620194659410114202e-01
1.650815600479700500e+15,3.620194659410114202e-01
1.650815600481617250e+15,3.620194659410114202e-01
1.650815600483534250e+15,3.620194659410114202e-01
1.650815600485451250e+15,3.620194659410114202e-01
1.650815600487368000e+15,3.620194659410114202e-01
1.650815600489285000e+15,3.620194659410114202e-01
1.650815600491202000e+15,3.620194659410114202e-01
1.650815600493119000e+15,3.620194659410114202e-01
1.650815600495035750e+15,3.620194659410114202e-01
1.650815600496952750e+15,3.620194659410113647e-01
1.650815600498869750e+15,3.620194659410114202e-01
1.650815600500786500e+15,3.620194659410113647e-01
1.650815600502703500e+15,3.620194659410114202e-01
1.650815600504620500e+15,3.620194659410114202e-01
1.650815600506537500e+15,3.620194659410114202e-01
1.650815600508454250e+15,3.620194659410113647e-01
1.650815600510371250e+15,3.620194659410114202e-01
1.650815600512288250e+15,3.620194659410114202e-01
1.650815600514205000e+15,3.620194659410114202e-01
1.650815600516122000e+15,3.620194659410114202e-01
1.650815600518039000e+15,3.620194659410114202e-01
1.650815600519956000e+15,3.620194659410114202e-01
1.650815600521872750e+15,3.612735889614813178e-01
1.650815600523789750e+15,3.602742206792801660e-01
1.650815600525706750e+15,3.592748523970790697e-01
1.650815600527623750e+15,3.582754841148779734e-01
1.650815600529540500e+15,3.572762461623953945e-01
1.650815600531457500e+15,3.562768778801943537e-01
1.650815600533374500e+15,3.562113315245301615e-01
1.650815600535291250e+15,3.567517952302753370e-01
1.650815600537208250e+15,3.572923294282215334e-01
1.650815600539125250e+15,3.578328636261677298e-01
1.650815600541042250e+15,3.583733978241139262e-01
1.650815600542959000e+15,3.589138615298590462e-01
1.650815600544876000e+15,3.594543957278052426e-01
1.650815600546793000e+15,3.599949299257514390e-01
1.650815600548709750e+15,3.605353936314966146e-01
1.650815600550626750e+15,3.610759278294428110e-01
1.650815600552543750e+15,3.616164620273890073e-01
1.650815600554460750e+15,3.617969697312751753e-01
1.650815600556377500e+15,3.609226086651299292e-01
1.650815600558294500e+15,3.600481335568475050e-01
1.650815600560211500e+15,3.591736584485649697e-01
1.650815600562128250e+15,3.582992973824197791e-01
1.650815600564045250e+15,3.574248222741372993e-01
1.650815600565962250e+15,3.565503471658548196e-01
1.650815600567879250e+15,3.561454629971331776e-01
1.650815600569796000e+15,3.572482319329716716e-01
1.650815600571713000e+15,3.583511447019830376e-01
1.650815600573630000e+15,3.594540574709943481e-01
1.650815600575546750e+15,3.605568264068328421e-01
1.650815600577463750e+15,3.616597391758441526e-01
1.650815600579380750e+15,3.620194659410107541e-01
1.650815600581297750e+15,3.620194659410107541e-01
1.650815600583214500e+15,3.620194659410107541e-01
1.650815600585131500e+15,3.620194659410107541e-01
1.650815600587048500e+15,3.620194659410107541e-01
1.650815600588965250e+15,3.620194659410107541e-01
1.650815600590882250e+15,3.620194659410107541e-01
1.650815600592799250e+15,3.620194659410106985e-01
1.650815600594716250e+15,3.620194659410107541e-01
1.650815600596633000e+15,3.620194659410107541e-01
1.650815600598550000e+15,3.620194659410106985e-01
1.650815600600467000e+15,3.617424490944399773e-01
1.650815600602384000e+15,3.605880114968832428e-01
1.650815600604300750e+15,3.594337244519604235e-01
1.650815600606217750e+15,3.582792868544036891e-01
1.650815600608134750e+15,3.571248492568468436e-01
1.650815600610051500e+15,3.559705622119240243e-01
1.650815600611968500e+15,3.558835427894687098e-01
1.650815600613885500e+15,3.558835427894687653e-01
1.650815600615802500e+15,3.558835427894687653e-01
1.650815600617719250e+15,3.558835427894687653e-01
1.650815600619636250e+15,3.558835427894688208e-01
1.650815600621553250e+15,3.558835427894688763e-01
1.650815600623470000e+15,3.558835427894688763e-01
1.650815600625387000e+15,3.558835427894688208e-01
1.650815600627304000e+15,3.558835427894687653e-01
1.650815600629221000e+15,3.558835427894687653e-01
1.650815600631137750e+15,3.558835427894687653e-01
1.650815600633054750e+15,3.558835427894687653e-01
1.650815600634971750e+15,3.558835427894687653e-01
1.650815600636888500e+15,3.558835427894687098e-01
1.650815600638805500e+15,3.558835427894687098e-01
1.650815600640722500e+15,3.558835427894686543e-01
1.650815600642639500e+15,3.558835427894686543e-01
1.650815600644556250e+15,3.558835427894686543e-01
1.650815600646473250e+15,3.563269260777454095e-01
1.650815600648390250e+15,3.574449343166491433e-01
1.650815600650307000e+15,3.585627967537481364e-01
1.650815600652224000e+15,3.596808049926518702e-01
1.650815600654141000e+15,3.607988132315555485e-01
1.650815600656058000e+15,3.619168214704593378e-01
1.650815600657974750e+15,3.615184758741230575e-01
1.650815600659891750e+15,3.609667608327765675e-01
1.650815600661808750e+15,3.604150457914301886e-01
1.650815600663725500e+15,3.598634027004021796e-01
1.650815600665642500e+15,3.593116876590556896e-01
1.650815600667559500e+15,3.587599726177093107e-01
1.650815600669476500e+15,3.582082575763628762e-01
1.650815600671393250e+15,3.576566144853347562e-01
1.650815600673310250e+15,3.571048994439883773e-01
1.650815600675227250e+15,3.565531844026419983e-01
1.650815600677144250e+15,3.560014693612955083e-01
1.650815600679061000e+15,3.558835427894688763e-01
1.650815600680978000e+15,3.558835427894688208e-01
1.650815600682895000e+15,3.558835427894688208e-01
1.650815600684811750e+15,3.558835427894688208e-01
1.650815600686728750e+15,3.558835427894687653e-01
1.650815600688645750e+15,3.558835427894687653e-01
1.650815600690562750e+15,3.558835427894687653e-01
1.650815600692479500e+15,3.558835427894687098e-01
1.650815600694396500e+15,3.558835427894686543e-01
1.650815600696313500e+15,3.558835427894686543e-01
1.650815600698230250e+15,3.558835427894686543e-01
1.650815600700147250e+15,3.558835427894687098e-01
1.650815600702064250e+15,3.558835427894687653e-01
1.650815600703981250e+15,3.558835427894687653e-01
1.650815600705898000e+15,3.558835427894688208e-01
1.650815600707815000e+15,3.558835427894688763e-01
1.650815600709732000e+15,3.558835427894688763e-01
1.650815600711648750e+15,3.558835427894688763e-01
1.650815600713565750e+15,3.558835427894689873e-01
1.650815600715482750e+15,3.558835427894689873e-01
1.650815600717399750e+15,3.558835427894690429e-01
1.650815600719316500e+15,3.558835427894690429e-01
1.650815600721233500e+15,3.558835427894690984e-01
1.650815600723150500e+15,3.554810867261659069e-01
1.650815600725067250e+15,3.549081883530975645e-01
1.650815600726984250e+15,3.543352152574033020e-01
1.650815600728901250e+15,3.537622421617090396e-01
1.650815600730818250e+15,3.531892690660148326e-01
1.650815600732735000e+15,3.526163706929465458e-01
1.650815600734652000e+15,3.520433975972522833e-01
1.650815600736569000e+15,3.514704245015580764e-01
1.650815600738485750e+15,3.508975261284897895e-01
1.650815600740402750e+15,3.503245530327954715e-01
1.650815600742319750e+15,3.497515799371012646e-01
1.650815600744236750e+15,3.486646172552315126e-01
1.650815600746153500e+15,3.475742194524576445e-01
1.650815600748070500e+15,3.464836794300668044e-01
1.650815600749987500e+15,3.453931394076760197e-01
1.650815600751904250e+15,3.443027416049021516e-01
1.650815600753821250e+15,3.437847676207845815e-01
1.650815600755738250e+15,3.442572166982440507e-01
1.650815600757655250e+15,3.447296657757035199e-01
1.650815600759572000e+15,3.452020532400855157e-01
1.650815600761489000e+15,3.456745023175449849e-01
1.650815600763406000e+15,3.461469513950044541e-01
1.650815600765323000e+15,3.466194004724638678e-01
1.650815600767239750e+15,3.470917879368459191e-01
1.650815600769156750e+15,3.475642370143053883e-01
1.650815600771073750e+15,3.480366860917648575e-01
1.650815600772990500e+15,3.485090735561469089e-01
1.650815600774907500e+15,3.489815226336063780e-01
1.650815600776824500e+15,3.494539717110658472e-01
1.650815600778741500e+15,3.497476196379269431e-01
1.650815600780658250e+15,3.497476196379269431e-01
1.650815600782575250e+15,3.497476196379269431e-01
1.650815600784492250e+15,3.497476196379268876e-01
1.650815600786409000e+15,3.497476196379268321e-01
1.650815600788326000e+15,3.497476196379268321e-01
1.650815600790243000e+15,3.497476196379267765e-01
1.650815600792160000e+15,3.497476196379267765e-01
1.650815600794076750e+15,3.497476196379267210e-01
1.650815600795993750e+15,3.497476196379266655e-01
1.650815600797910750e+15,3.497476196379266100e-01
1.650815600799827500e+15,3.497476196379266655e-01
1.650815600801744500e+15,3.497476196379265545e-01
1.650815600803661500e+15,3.497476196379263880e-01
1.650815600805578500e+15,3.497476196379262214e-01
1.650815600807495250e+15,3.497476196379259994e-01
1.650815600809412250e+15,3.497476196379258329e-01
1.650815600811329250e+15,3.497476196379257218e-01
1.650815600813246000e+15,3.497476196379257218e-01
1.650815600815163000e+15,3.497476196379257773e-01
1.650815600817080000e+15,3.497476196379258884e-01
1.650815600818997000e+15,3.497476196379258884e-01
1.650815600820913750e+15,3.497476196379259994e-01
1.650815600822830750e+15,3.497476196379260549e-01
1.650815600824747750e+15,3.497476196379261659e-01
1.650815600826664500e+15,3.497476196379262214e-01
1.650815600828581500e+15,3.497476196379262214e-01
1.650815600830498500e+15,3.497476196379262769e-01
1.650815600832415500e+15,3.497476196379263325e-01
1.650815600834332250e+15,3.497476196379263325e-01
1.650815600836249250e+15,3.497476196379263325e-01
1.650815600838166250e+15,3.497476196379264435e-01
1.650815600840083250e+15,3.497476196379264435e-01
1.650815600842000000e+15,3.497476196379264990e-01
1.650815600843917000e+15,3.497476196379265545e-01
1.650815600845834000e+15,3.497476196379265545e-01
1.650815600847750750e+15,3.497476196379266100e-01
1.650815600849667750e+15,3.497476196379266655e-01
1.650815600851584750e+15,3.497476196379267210e-01
1.650815600853501750e+15,3.497476196379267210e-01
1.650815600855418500e+15,3.497476196379267765e-01
1.650815600857335500e+15,3.497476196379267765e-01
1.650815600859252500e+15,3.497476196379268321e-01
1.650815600861169250e+15,3.497476196379268876e-01
1.650815600863086250e+15,3.497476196379268876e-01
1.650815600865003250e+15,3.497476196379268876e-01
1.650815600866920250e+15,3.497476196379269431e-01
1.650815600868837000e+15,3.497476196379269986e-01
1.650815600870754000e+15,3.497476196379268876e-01
1.650815600872671000e+15,3.497476196379267765e-01
1.650815600874587750e+15,3.497476196379266655e-01
1.650815600876504750e+15,3.497476196379265545e-01
1.650815600878421750e+15,3.497476196379264435e-01
1.650815600880338750e+15,3.497476196379263325e-01
1.650815600882255500e+15,3.497476196379261659e-01
1.650815600884172500e+15,3.497476196379261104e-01
1.650815600886089500e+15,3.497476196379262214e-01
1.650815600888006250e+15,3.497476196379263325e-01
1.650815600889923250e+15,3.497476196379264435e-01
1.650815600891840250e+15,3.497476196379265545e-01
1.650815600893757250e+15,3.497476196379266655e-01
1.650815600895674000e+15,3.497476196379267210e-01
1.650815600897591000e+15,3.497476196379268321e-01
1.650815600899508000e+15,3.497476196379269431e-01
1.650815600901424750e+15,3.497476196379269431e-01
1.650815600903341750e+15,3.497476196379267765e-01
1.650815600905258750e+15,3.497476196379266100e-01
1.650815600907175750e+15,3.497476196379264435e-01
1.650815600909092500e+15,3.497476196379263325e-01
1.650815600911009500e+15,3.497476196379261104e-01
1.650815600912926500e+15,3.497476196379259994e-01
1.650815600914843500e+15,3.497476196379257773e-01
1.650815600916760250e+15,3.497476196379257218e-01
1.650815600918677250e+15,3.497476196379257773e-01
1.650815600920594250e+15,3.497476196379258884e-01
1.650815600922511000e+15,3.497476196379260549e-01
1.650815600924428000e+15,3.497476196379261659e-01
1.650815600926345000e+15,3.497476196379262769e-01
1.650815600928262000e+15,3.497476196379264435e-01
1.650815600930178750e+15,3.497476196379265545e-01
1.650815600932095750e+15,3.497476196379266655e-01
1.650815600934012750e+15,3.497476196379268321e-01
1.650815600935929500e+15,3.497476196379268876e-01
1.650815600937846500e+15,3.497476196379269431e-01
1.650815600939763500e+15,3.497476196379267765e-01
1.650815600941680500e+15,3.497476196379266655e-01
1.650815600943597250e+15,3.497476196379264435e-01
1.650815600945514250e+15,3.497476196379263325e-01
1.650815600947431250e+15,3.497476196379261659e-01
1.650815600949348000e+15,3.503430870420852217e-01
1.650815600951265000e+15,3.512204975061690160e-01
1.650815600953182000e+15,3.520979079702528658e-01
1.650815600955099000e+15,3.529753184343366046e-01
1.650815600957015750e+15,3.538526144734772672e-01
1.650815600958932750e+15,3.547300249375610615e-01
1.650815600960849750e+15,3.556074354016449113e-01
1.650815600962766500e+15,3.558835427894688763e-01
1.650815600964683500e+15,3.558835427894689318e-01
1.650815600966600500e+15,3.558835427894689873e-01
1.650815600968517500e+15,3.558835427894689873e-01
1.650815600970434250e+15,3.558835427894690984e-01
1.650815600972351250e+15,3.558835427894690984e-01
1.650815600974268250e+15,3.558835427894691539e-01
1.650815600976185000e+15,3.558835427894692094e-01
1.650815600978102000e+15,3.558835427894692094e-01
1.650815600980019000e+15,3.558835427894692649e-01
1.650815600981936000e+15,3.558835427894692649e-01
1.650815600983852750e+15,3.558835427894692649e-01
1.650815600985769750e+15,3.558835427894691539e-01
1.650815600987686750e+15,3.558835427894690984e-01
1.650815600989603500e+15,3.558835427894690429e-01
1.650815600991520500e+15,3.558835427894689873e-01
1.650815600993437500e+15,3.558835427894689318e-01
1.650815600995354500e+15,3.558835427894688763e-01
1.650815600997271250e+15,3.564627626833236085e-01
1.650815600999188250e+15,3.577779708995149632e-01
1.650815601001105250e+15,3.590931791157063735e-01
1.650815601003022250e+15,3.604083873318977282e-01
1.650815601004939000e+15,3.617234240290207459e-01
1.650815601006856000e+15,3.630386322452121006e-01
1.650815601008773000e+15,3.643538404614035109e-01
1.650815601010689750e+15,3.656688771585264730e-01
1.650815601012606750e+15,3.669840853747178278e-01
1.650815601014523750e+15,3.682647078627094839e-01
1.650815601016440750e+15,3.692638214855334944e-01
1.650815601018357500e+15,3.702628048118495885e-01
1.650815601020274500e+15,3.712619184346734880e-01
1.650815601022191500e+15,3.722610320574974430e-01
1.650815601024108250e+15,3.732600153838135371e-01
1.650815601026025250e+15,3.742591290066374921e-01
1.650815601027942250e+15,3.752582426294615026e-01
1.650815601029859250e+15,3.762573562522854020e-01
1.650815601031776000e+15,3.772563395786014406e-01
1.650815601033693000e+15,3.782554532014253956e-01
1.650815601035610000e+15,3.792545668242494616e-01
1.650815601037526750e+15,3.802535501505654447e-01
1.650815601039443750e+15,3.804272353956391628e-01
1.650815601041360750e+15,3.804272353956392183e-01
1.650815601043277750e+15,3.804272353956392738e-01
1.650815601045194500e+15,3.804272353956393848e-01
1.650815601047111500e+15,3.803375055209382571e-01
1.650815601049028500e+15,3.781462676890626762e-01
1.650815601050945250e+15,3.759553156211191682e-01
1.650815601052862250e+15,3.737640777892435873e-01
1.650815601054779250e+15,3.715728399573680063e-01
1.650815601056696250e+15,3.693816021254923143e-01
1.650815601058613000e+15,3.687865168897503376e-01
1.650815601060530000e+15,3.702200145049484581e-01
1.650815601062447000e+15,3.716535121201465230e-01
1.650815601064363750e+15,3.730868227899070133e-01
1.650815601066280750e+15,3.745203204051051893e-01
1.650815601068197750e+15,3.759538180203032542e-01
1.650815601070114750e+15,3.773873156355013192e-01
1.650815601072031500e+15,3.788206263052618650e-01
1.650815601073948500e+15,3.802541239204599299e-01
1.650815601075865500e+15,3.804272353956390518e-01
1.650815601077782500e+15,3.804272353956390518e-01
1.650815601079699250e+15,3.804272353956390518e-01
1.650815601081616250e+15,3.804272353956390518e-01
1.650815601083533250e+15,3.804272353956390518e-01
1.650815601085450000e+15,3.804272353956390518e-01
1.650815601087367000e+15,3.804272353956389963e-01
1.650815601089284000e+15,3.804272353956390518e-01
1.650815601091201000e+15,3.804272353956390518e-01
1.650815601093117750e+15,3.804272353956390518e-01
1.650815601095034750e+15,3.804272353956390518e-01
1.650815601096951750e+15,3.804272353956390518e-01
1.650815601098868500e+15,3.804272353956390518e-01
1.650815601100785500e+15,3.804272353956390518e-01
1.650815601102702500e+15,3.804272353956390518e-01
1.650815601104619500e+15,3.804272353956389963e-01
1.650815601106536250e+15,3.804272353956390518e-01
1.650815601108453250e+15,3.804272353956390518e-01
1.650815601110370250e+15,3.814439352843961850e-01
1.650815601112287000e+15,3.832698987529135071e-01
1.650815601114204000e+15,3.850961003802242377e-01
1.650815601116121000e+15,3.865631585471822618e-01
1.650815601118038000e+15,3.865631585471820397e-01
1.650815601119954750e+15,3.865631585471819287e-01
1.650815601121871750e+15,3.865631585471817067e-01
1.650815601123788750e+15,3.865631585471815956e-01
1.650815601125705500e+15,3.865631585471813736e-01
1.650815601127622500e+15,3.865631585471811515e-01
1.650815601129539500e+15,3.865631585471809850e-01
1.650815601131456500e+15,3.865631585471809850e-01
1.650815601133373250e+15,3.865631585471810405e-01
1.650815601135290250e+15,3.865631585471811515e-01
1.650815601137207250e+15,3.865631585471812626e-01
1.650815601139124000e+15,3.865631585471812626e-01
1.650815601141041000e+15,3.865631585471813736e-01
1.650815601142958000e+15,3.865631585471814846e-01
1.650815601144875000e+15,3.865631585471814846e-01
1.650815601146791750e+15,3.865631585471815956e-01
1.650815601148708750e+15,3.865631585471817067e-01
1.650815601150625750e+15,3.865631585471817622e-01
1.650815601152542750e+15,3.857360910340056903e-01
1.650815601154459500e+15,3.848408310278612077e-01
1.650815601156376500e+15,3.839454542537493742e-01
1.650815601158293500e+15,3.830500774796375407e-01
1.650815601160210250e+15,3.821548174734931136e-01
1.650815601162127250e+15,3.812594406993812246e-01
1.650815601164044250e+15,3.804875817893451084e-01
1.650815601165961250e+15,3.813429166265692172e-01
1.650815601167878000e+15,3.821981399177790673e-01
1.650815601169795000e+15,3.830534747550031205e-01
1.650815601171712000e+15,3.839088095922272847e-01
1.650815601173628750e+15,3.847640328834370793e-01
1.650815601175545750e+15,3.856193677206611881e-01
1.650815601177462750e+15,3.864747025578853523e-01
1.650815601179379750e+15,3.870668176482227607e-01
1.650815601181296500e+15,3.876284982777046251e-01
1.650815601183213500e+15,3.881902521666920625e-01
1.650815601185130500e+15,3.887520060556794999e-01
1.650815601187047250e+15,3.893136866851614197e-01
1.650815601188964250e+15,3.898754405741488016e-01
1.650815601190881250e+15,3.904371944631362945e-01
1.650815601192798250e+15,3.909989483521237874e-01
1.650815601194715000e+15,3.915606289816055963e-01
1.650815601196632000e+15,3.921223828705930337e-01
1.650815601198549000e+15,3.926841367595805266e-01
1.650815601200465750e+15,3.921844678975917597e-01
1.650815601202382750e+15,3.916557182490477684e-01
1.650815601204299750e+15,3.911269686005038881e-01
1.650815601206216750e+15,3.905982189519599523e-01
1.650815601208133500e+15,3.900695382587692217e-01
1.650815601210050500e+15,3.895407886102252859e-01
1.650815601211967500e+15,3.890120389616813501e-01
1.650815601213884250e+15,3.884833582684906195e-01
1.650815601215801250e+15,3.879546086199466837e-01
1.650815601217718250e+15,3.874258589714028034e-01
1.650815601219635250e+15,3.868971093228588676e-01
1.650815601221552000e+15,3.865631585471809295e-01
1.650815601223469000e+15,3.865631585471809850e-01
1.650815601225386000e+15,3.865631585471809850e-01
1.650815601227303000e+15,3.865631585471810960e-01
1.650815601229219750e+15,3.865631585471811515e-01
1.650815601231136750e+15,3.865631585471811515e-01
1.650815601233053750e+15,3.865631585471812071e-01
1.650815601234970500e+15,3.865631585471813181e-01
1.650815601236887500e+15,3.865631585471813181e-01
1.650815601238804500e+15,3.865631585471813181e-01
1.650815601240721500e+15,3.865631585471812626e-01
1.650815601242638250e+15,3.865631585471812626e-01
1.650815601244555250e+15,3.865631585471812626e-01
1.650815601246472250e+15,3.865631585471811515e-01
1.650815601248389000e+15,3.865631585471811515e-01
1.650815601250306000e+15,3.865631585471811515e-01
1.650815601252223000e+15,3.865631585471810960e-01
1.650815601254140000e+15,3.865631585471810405e-01
1.650815601256056750e+15,3.865631585471809850e-01
1.650815601257973750e+15,3.865631585471809295e-01
1.650815601259890750e+15,3.865631585471809295e-01
1.650815601261807500e+15,3.865631585471809295e-01
1.650815601263724500e+15,3.865631585471809295e-01
1.650815601265641500e+15,3.865631585471809295e-01
1.650815601267558500e+15,3.865631585471809295e-01
1.650815601269475250e+15,3.865631585471809295e-01
1.650815601271392250e+15,3.865631585471808740e-01
1.650815601273309250e+15,3.865631585471808740e-01
1.650815601275226000e+15,3.860986457938113126e-01
1.650815601277143000e+15,3.854029653655225429e-01
1.650815601279060000e+15,3.847072849372338843e-01
1.650815601280977000e+15,3.840116045089451702e-01
1.650815601282893750e+15,3.833160148058035177e-01
1.650815601284810750e+15,3.826203343775148036e-01
1.650815601286727750e+15,3.819246539492260895e-01
1.650815601288644500e+15,3.812290642460844925e-01
1.650815601290561500e+15,3.805333838177958339e-01
1.650815601292478500e+15,3.804272353956390518e-01
1.650815601294395500e+15,3.804272353956390518e-01
1.650815601296312250e+15,3.804272353956390518e-01
1.650815601298229250e+15,3.804272353956390518e-01
1.650815601300146250e+15,3.804272353956390518e-01
1.650815601302063000e+15,3.804272353956390518e-01
1.650815601303980000e+15,3.804272353956390518e-01
1.650815601305897000e+15,3.804272353956390518e-01
1.650815601307814000e+15,3.804272353956390518e-01
1.650815601309730750e+15,3.804272353956390518e-01
1.650815601311647750e+15,3.804272353956390518e-01
1.650815601313564750e+15,3.804272353956390518e-01
1.650815601315481750e+15,3.804272353956390518e-01
1.650815601317398500e+15,3.804272353956390518e-01
1.650815601319315500e+15,3.804272353956390518e-01
1.650815601321232500e+15,3.804272353956390518e-01
1.650815601323149250e+15,3.804272353956390518e-01
1.650815601325066250e+15,3.804272353956390518e-01
1.650815601326983250e+15,3.804272353956390518e-01
1.650815601328900250e+15,3.804272353956390518e-01
1.650815601330817000e+15,3.804272353956390518e-01
1.650815601332734000e+15,3.804272353956390518e-01
1.650815601334651000e+15,3.804272353956390518e-01
1.650815601336567750e+15,3.804272353956390518e-01
1.650815601338484750e+15,3.804272353956390518e-01
1.650815601340401750e+15,3.804272353956390518e-01
1.650815601342318750e+15,3.804272353956390518e-01
1.650815601344235500e+15,3.804272353956390518e-01
1.650815601346152500e+15,3.804272353956390518e-01
1.650815601348069500e+15,3.804272353956390518e-01
1.650815601349986250e+15,3.804272353956390518e-01
1.650815601351903250e+15,3.804272353956391073e-01
1.650815601353820250e+15,3.804272353956390518e-01
1.650815601355737250e+15,3.804272353956389963e-01
1.650815601357654000e+15,3.804272353956391073e-01
1.650815601359571000e+15,3.803025361503729052e-01
1.650815601361488000e+15,3.794395453446864352e-01
1.650815601363404750e+15,3.785766670834451730e-01
1.650815601365321750e+15,3.777136762777587031e-01
1.650815601367238750e+15,3.768506854720722332e-01
1.650815601369155750e+15,3.759876946663857078e-01
1.650815601371072500e+15,3.751248164051444456e-01
1.650815601372989500e+15,3.742913122440967300e-01
1.650815601374906500e+15,3.742913122440966744e-01
1.650815601376823250e+15,3.742913122440966189e-01
1.650815601378740250e+15,3.742913122440965079e-01
1.650815601380657250e+15,3.742913122440963969e-01
1.650815601382574250e+15,3.742913122440963414e-01
1.650815601384491000e+15,3.742913122440963414e-01
1.650815601386408000e+15,3.742913122440963969e-01
1.650815601388325000e+15,3.742913122440964524e-01
1.650815601390242000e+15,3.742913122440965079e-01
1.650815601392158750e+15,3.742913122440966189e-01
1.650815601394075750e+15,3.742913122440966744e-01
1.650815601395992750e+15,3.743043670893889674e-01
1.650815601397909500e+15,3.748635374740568182e-01
1.650815601399826500e+15,3.754227807908212533e-01
1.650815601401743500e+15,3.759820241075856884e-01
1.650815601403660500e+15,3.765412674243501234e-01
1.650815601405577250e+15,3.771004378090180298e-01
1.650815601407494250e+15,3.776596811257824649e-01
1.650815601409411250e+15,3.782189244425468999e-01
1.650815601411328000e+15,3.787780948272146953e-01
1.650815601413245000e+15,3.793373381439791858e-01
1.650815601415162000e+15,3.798965814607436764e-01
1.650815601417079000e+15,3.803578309093911813e-01
1.650815601418995750e+15,3.790003712255592960e-01
1.650815601420912750e+15,3.776427344894665583e-01
1.650815601422829750e+15,3.762850977533738206e-01
1.650815601424746500e+15,3.749276380695419353e-01
1.650815601426663500e+15,3.748766848302564902e-01
1.650815601428580500e+15,3.759784612148113214e-01
1.650815601430497500e+15,3.770802375993661526e-01
1.650815601432414250e+15,3.781818702989465097e-01
1.650815601434331250e+15,3.792836466835013409e-01
1.650815601436248250e+15,3.803854230680562276e-01
1.650815601438165000e+15,3.795143225110623186e-01
1.650815601440082000e+15,3.785652693658705381e-01
1.650815601441999000e+15,3.776162162206788131e-01
1.650815601443916000e+15,3.766671630754870881e-01
1.650815601445832750e+15,3.757182336983110327e-01
1.650815601447749750e+15,3.747691805531193632e-01
1.650815601449666750e+15,3.748015669281928863e-01
1.650815601451583500e+15,3.758291799208288708e-01
1.650815601453500500e+15,3.768569269441147673e-01
1.650815601455417500e+15,3.778846739674006083e-01
1.650815601457334500e+15,3.789124209906864493e-01
1.650815601459251250e+15,3.799400339833224338e-01
1.650815601461168250e+15,3.809677810066083303e-01
1.650815601463085250e+15,3.819955280298941158e-01
1.650815601465002250e+15,3.830232750531800123e-01
1.650815601466919000e+15,3.840508880458159968e-01
1.650815601468836000e+15,3.850786350691018378e-01
1.650815601470753000e+15,3.861063820923876788e-01
1.650815601472669750e+15,3.859426310099629553e-01
1.650815601474586750e+15,3.848254191866731233e-01
1.650815601476503750e+15,3.837082073633832913e-01
1.650815601478420750e+15,3.825909955400935702e-01
1.650815601480337500e+15,3.814739294147462267e-01
1.650815601482254500e+15,3.803567175914565057e-01
1.650815601484171500e+15,3.792395057681666737e-01
1.650815601486088250e+15,3.781224396428194412e-01
1.650815601488005250e+15,3.770052278195296092e-01
1.650815601489922250e+15,3.758880159962398326e-01
1.650815601491839250e+15,3.747708041729500006e-01
1.650815601493756000e+15,3.745487306560224550e-01
1.650815601495673000e+15,3.749998011273767418e-01
1.650815601497590000e+15,3.754508715987310841e-01
1.650815601499506750e+15,3.759018832450369274e-01
1.650815601501423750e+15,3.763529537163913252e-01
1.650815601503340750e+15,3.768040241877456120e-01
1.650815601505257750e+15,3.772550946590999543e-01
1.650815601507174500e+15,3.777061063054057977e-01
1.650815601509091500e+15,3.781571767767601955e-01
1.650815601511008500e+15,3.786082472481144823e-01
1.650815601512925250e+15,3.790592588944203811e-01
1.650815601514842250e+15,3.795103293657746679e-01
1.650815601516759250e+15,3.799613998371290102e-01
1.650815601518676250e+15,3.804124703084832970e-01
1.650815601520593000e+15,3.819383939401341799e-01
1.650815601522510000e+15,3.835009025322578258e-01
1.650815601524427000e+15,3.850634111243813607e-01
1.650815601526343750e+15,3.865456777713134895e-01
1.650815601528260750e+15,3.861090569590823751e-01
1.650815601530177750e+15,3.856724361468512607e-01
1.650815601532094750e+15,3.852358153346200909e-01
1.650815601534011500e+15,3.847992514630270144e-01
1.650815601535928500e+15,3.843626306507959001e-01
1.650815601537845500e+15,3.839260098385647302e-01
1.650815601539762500e+15,3.834893890263335603e-01
1.650815601541679250e+15,3.830528251547404839e-01
1.650815601543596250e+15,3.826162043425093140e-01
1.650815601545513250e+15,3.821795835302781996e-01
1.650815601547430000e+15,3.817430196586851232e-01
1.650815601549347000e+15,3.813063988464540088e-01
1.650815601551264000e+15,3.808697780342228389e-01
1.650815601553181000e+15,3.804331572219917246e-01
1.650815601555097750e+15,3.804272353956389408e-01
1.650815601557014750e+15,3.804272353956389408e-01
1.650815601558931750e+15,3.804272353956389408e-01
1.650815601560848500e+15,3.804272353956388297e-01
1.650815601562765500e+15,3.804272353956388297e-01
1.650815601564682500e+15,3.804272353956387187e-01
1.650815601566599500e+15,3.804272353956387187e-01
1.650815601568516250e+15,3.804272353956386632e-01
1.650815601570433250e+15,3.804272353956385522e-01
1.650815601572350250e+15,3.806626842659377452e-01
1.650815601574267000e+15,3.812036451555343985e-01
1.650815601576184000e+15,3.817446766021793114e-01
1.650815601578101000e+15,3.822857080488243353e-01
1.650815601580018000e+15,3.828267394954691927e-01
1.650815601581934750e+15,3.833677003850657905e-01
1.650815601583851750e+15,3.839087318317107589e-01
1.650815601585768750e+15,3.844497632783556718e-01
1.650815601587685500e+15,3.849907241679522696e-01
1.650815601589602500e+15,3.855317556145971825e-01
1.650815601591519500e+15,3.860727870612421508e-01
1.650815601593436500e+15,3.863706064133174412e-01
1.650815601595353250e+15,3.843144821649399079e-01
1.650815601597270250e+15,3.822580897381030463e-01
1.650815601599187250e+15,3.802016973112661846e-01
1.650815601601104000e+15,3.781455730628886514e-01
1.650815601603021000e+15,3.760891806360517342e-01
1.650815601604938000e+15,3.743837172606258035e-01
1.650815601606855000e+15,3.751187397365057796e-01
1.650815601608771750e+15,3.758536663565595348e-01
1.650815601610688750e+15,3.765886888324395665e-01
1.650815601612605750e+15,3.773237113083195426e-01
1.650815601614522500e+15,3.780586379283732423e-01
1.650815601616439500e+15,3.787936604042532185e-01
1.650815601618356500e+15,3.795286828801331946e-01
1.650815601620273500e+15,3.802637053560131708e-01
1.650815601622190250e+15,3.804272353956390518e-01
1.650815601624107250e+15,3.804272353956389408e-01
1.650815601626024250e+15,3.804272353956388852e-01
1.650815601627941250e+15,3.804272353956388297e-01
1.650815601629858000e+15,3.804272353956388297e-01
1.650815601631775000e+15,3.804272353956388297e-01
1.650815601633692000e+15,3.804272353956387187e-01
1.650815601635608750e+15,3.804272353956387187e-01
1.650815601637525750e+15,3.804272353956386632e-01
1.650815601639442750e+15,3.804272353956386632e-01
1.650815601641359750e+15,3.804272353956386077e-01
1.650815601643276500e+15,3.804272353956386077e-01
1.650815601645193500e+15,3.804272353956386077e-01
1.650815601647110500e+15,3.804272353956386077e-01
1.650815601649027250e+15,3.804272353956386077e-01
1.650815601650944250e+15,3.804272353956386077e-01
1.650815601652861250e+15,3.804272353956386077e-01
1.650815601654778250e+15,3.804272353956386077e-01
1.650815601656695000e+15,3.804272353956386077e-01
1.650815601658612000e+15,3.804272353956386077e-01
1.650815601660529000e+15,3.804272353956385522e-01
1.650815601662445750e+15,3.804272353956386077e-01
1.650815601664362750e+15,3.804272353956386632e-01
1.650815601666279750e+15,3.804272353956386077e-01
1.650815601668196750e+15,3.804272353956386077e-01
1.650815601670113500e+15,3.804272353956386077e-01
1.650815601672030500e+15,3.804272353956386077e-01
1.650815601673947500e+15,3.804272353956386077e-01
1.650815601675864250e+15,3.804272353956386632e-01
1.650815601677781250e+15,3.804272353956386077e-01
1.650815601679698250e+15,3.804272353956386077e-01
1.650815601681615250e+15,3.804272353956386077e-01
1.650815601683532000e+15,3.804272353956386077e-01
1.650815601685449000e+15,3.804272353956386077e-01
1.650815601687366000e+15,3.804272353956386077e-01
1.650815601689282750e+15,3.804272353956386077e-01
1.650815601691199750e+15,3.804272353956386077e-01
1.650815601693116750e+15,3.804272353956386077e-01
1.650815601695033750e+15,3.804272353956386077e-01
1.650815601696950500e+15,3.804272353956386077e-01
1.650815601698867500e+15,3.804272353956386077e-01
1.650815601700784500e+15,3.804272353956386077e-01
1.650815601702701500e+15,3.804272353956386077e-01
1.650815601704618250e+15,3.804272353956386077e-01
1.650815601706535250e+15,3.804272353956386077e-01
1.650815601708452250e+15,3.804272353956386632e-01
1.650815601710369000e+15,3.804272353956386077e-01
1.650815601712286000e+15,3.804272353956386077e-01
1.650815601714203000e+15,3.804272353956386077e-01
1.650815601716120000e+15,3.804272353956386077e-01
1.650815601718036750e+15,3.804272353956386077e-01
1.650815601719953750e+15,3.804272353956386077e-01
1.650815601721870750e+15,3.804272353956386077e-01
1.650815601723787500e+15,3.804272353956386077e-01
1.650815601725704500e+15,3.804272353956385522e-01
1.650815601727621500e+15,3.804272353956386077e-01
1.650815601729538500e+15,3.804272353956386077e-01
1.650815601731455250e+15,3.804272353956385522e-01
1.650815601733372250e+15,3.804272353956386077e-01
1.650815601735289250e+15,3.804272353956386077e-01
1.650815601737206000e+15,3.804272353956386077e-01
1.650815601739123000e+15,3.804272353956386077e-01
1.650815601741040000e+15,3.804272353956386077e-01
1.650815601742957000e+15,3.804272353956386077e-01
1.650815601744873750e+15,3.804272353956386077e-01
1.650815601746790750e+15,3.804272353956386077e-01
1.650815601748707750e+15,3.804272353956385522e-01
1.650815601750624500e+15,3.804272353956385522e-01
1.650815601752541500e+15,3.804272353956386632e-01
1.650815601754458500e+15,3.804272353956387742e-01
1.650815601756375500e+15,3.804272353956388297e-01
1.650815601758292250e+15,3.804272353956388852e-01
1.650815601760209250e+15,3.804272353956389408e-01
1.650815601762126250e+15,3.804272353956389963e-01
1.650815601764043000e+15,3.804272353956391073e-01
1.650815601765960000e+15,3.799442148390582696e-01
1.650815601767877000e+15,3.793570554180276666e-01
1.650815601769794000e+15,3.787698959969970636e-01
1.650815601771710750e+15,3.781828131486608680e-01
1.650815601773627750e+15,3.775956537276302649e-01
1.650815601775544750e+15,3.770084943065995509e-01
1.650815601777461750e+15,3.764213348855689478e-01
1.650815601779378500e+15,3.758342520372327522e-01
1.650815601781295500e+15,3.752470926162021492e-01
1.650815601783212500e+15,3.746599331951714906e-01
1.650815601785129250e+15,3.742913122440967300e-01
1.650815601787046250e+15,3.742913122440966189e-01
1.650815601788963250e+15,3.742913122440966189e-01
1.650815601790880250e+15,3.742913122440965079e-01
1.650815601792797000e+15,3.742913122440964524e-01
1.650815601794714000e+15,3.742913122440963414e-01
1.650815601796631000e+15,3.742913122440962859e-01
1.650815601798547750e+15,3.747234994326640867e-01
1.650815601800464750e+15,3.751913818782292576e-01
1.650815601802381750e+15,3.756592643237943729e-01
1.650815601804298750e+15,3.761271467693595438e-01
1.650815601806215500e+15,3.765949681973913554e-01
1.650815601808132500e+15,3.770628506429564153e-01
1.650815601810049500e+15,3.775307330885215862e-01
1.650815601811966250e+15,3.779985545165533978e-01
1.650815601813883250e+15,3.784664369621185132e-01
1.650815601815800250e+15,3.789343194076836840e-01
1.650815601817717250e+15,3.794022018532487994e-01
1.650815601819634000e+15,3.798700232812806110e-01
1.650815601821551000e+15,3.803379057268457264e-01
1.650815601823468000e+15,3.804272353956390518e-01
1.650815601825384750e+15,3.804272353956391073e-01
1.650815601827301750e+15,3.804272353956390518e-01
1.650815601829218750e+15,3.804272353956390518e-01
1.650815601831135750e+15,3.804272353956390518e-01
1.650815601833052500e+15,3.804272353956390518e-01
1.650815601834969500e+15,3.804272353956389963e-01
1.650815601836886500e+15,3.804272353956389408e-01
1.650815601838803250e+15,3.804272353956389408e-01
1.650815601840720250e+15,3.804272353956388852e-01
1.650815601842637250e+15,3.804272353956388297e-01
1.650815601844554250e+15,3.804272353956387742e-01
1.650815601846471000e+15,3.804272353956387742e-01
1.650815601848388000e+15,3.804272353956386632e-01
1.650815601850305000e+15,3.804272353956386632e-01
1.650815601852222000e+15,3.804272353956386077e-01
1.650815601854138750e+15,3.792159672577157803e-01
1.650815601856055750e+15,3.774471605386922057e-01
1.650815601857972750e+15,3.756783538196687422e-01
1.650815601859889500e+15,3.739097777744480045e-01
1.650815601861806500e+15,3.721409710554244854e-01
1.650815601863723500e+15,3.703721643364009664e-01
1.650815601865640500e+15,3.686033576173775028e-01
1.650815601867557250e+15,3.685456499471357894e-01
1.650815601869474250e+15,3.690683609048527880e-01
1.650815601871391250e+15,3.695910718625697866e-01
1.650815601873308000e+15,3.701137146524519084e-01
1.650815601875225000e+15,3.706364256101689625e-01
1.650815601877142000e+15,3.711591365678859056e-01
1.650815601879059000e+15,3.716818475256029597e-01
1.650815601880975750e+15,3.722044903154850815e-01
1.650815601882892750e+15,3.727272012732020801e-01
1.650815601884809750e+15,3.732499122309191342e-01
1.650815601886726500e+15,3.737725550208012559e-01
1.650815601888643500e+15,3.742874395669091858e-01
1.650815601890560500e+15,3.737754449346505914e-01
1.650815601892477500e+15,3.732634503023921635e-01
1.650815601894394250e+15,3.727515224404298610e-01
1.650815601896311250e+15,3.722395278081713776e-01
1.650815601898228250e+15,3.717275331759128387e-01
1.650815601900145000e+15,3.712156053139505918e-01
1.650815601902062000e+15,3.707036106816921084e-01
1.650815601903979000e+15,3.701916160494335695e-01
1.650815601905896000e+15,3.696796214171750306e-01
1.650815601907812750e+15,3.691676935552128391e-01
1.650815601909729750e+15,3.686556989229543002e-01
1.650815601911646750e+15,3.681676245819737736e-01
1.650815601913563500e+15,3.687036788527449094e-01
1.650815601915480500e+15,3.692398030405985576e-01
1.650815601917397500e+15,3.697759272284520948e-01
1.650815601919314500e+15,3.703120514163056876e-01
1.650815601921231250e+15,3.708481056870768788e-01
1.650815601923148250e+15,3.713842298749304160e-01
1.650815601925065250e+15,3.719203540627840088e-01
1.650815601926982000e+15,3.724564083335552001e-01
1.650815601928899000e+15,3.729925325214087373e-01
1.650815601930816000e+15,3.735286567092623855e-01
1.650815601932733000e+15,3.740647808971159227e-01
1.650815601934649750e+15,3.742913122440963414e-01
1.650815601936566750e+15,3.742913122440962859e-01
1.650815601938483750e+15,3.742913122440962859e-01
1.650815601940400750e+15,3.742913122440963414e-01
1.650815601942317500e+15,3.742913122440962859e-01
1.650815601944234500e+15,3.742913122440963414e-01
1.650815601946151500e+15,3.741106690668026813e-01
1.650815601948068250e+15,3.735927217069260342e-01
1.650815601949985250e+15,3.730747067916353465e-01
1.650815601951902250e+15,3.725566918763446034e-01
1.650815601953819250e+15,3.720386769610538602e-01
1.650815601955736000e+15,3.715207296011772131e-01
1.650815601957653000e+15,3.710027146858864144e-01
1.650815601959570000e+15,3.704846997705957268e-01
1.650815601961486750e+15,3.699667524107190797e-01
1.650815601963403750e+15,3.694487374954283920e-01
1.650815601965320750e+15,3.689307225801376489e-01
1.650815601967237750e+15,3.684127076648469057e-01
1.650815601969154500e+15,3.685952655515744580e-01
1.650815601971071500e+15,3.694695456676370116e-01
1.650815601972988500e+15,3.703438257836995651e-01
1.650815601974905250e+15,3.712179918830542658e-01
1.650815601976822250e+15,3.720922719991168748e-01
1.650815601978739250e+15,3.729665521151794283e-01
1.650815601980656250e+15,3.738408322312419818e-01
1.650815601982573000e+15,3.742913122440958418e-01
1.650815601984490000e+15,3.742913122440957863e-01
1.650815601986407000e+15,3.742913122440958418e-01
1.650815601988323750e+15,3.742913122440958418e-01
1.650815601990240750e+15,3.742913122440958418e-01
1.650815601992157750e+15,3.742913122440958418e-01
1.650815601994074750e+15,3.742913122440958418e-01
1.650815601995991500e+15,3.742913122440958418e-01
1.650815601997908500e+15,3.742913122440958418e-01
1.650815601999825500e+15,3.742913122440958418e-01
1.650815602001742250e+15,3.742913122440957863e-01
1.650815602003659250e+15,3.742913122440958418e-01
1.650815602005576250e+15,3.742913122440958418e-01
1.650815602007493250e+15,3.742913122440957863e-01
1.650815602009410000e+15,3.742913122440958418e-01
1.650815602011327000e+15,3.742913122440957863e-01
1.650815602013244000e+15,3.742913122440957863e-01
1.650815602015161000e+15,3.742913122440958973e-01
1.650815602017077750e+15,3.742913122440958973e-01
1.650815602018994750e+15,3.742913122440958418e-01
1.650815602020911750e+15,3.742913122440958418e-01
1.650815602022828500e+15,3.742913122440958418e-01
1.650815602024745500e+15,3.742913122440958418e-01
1.650815602026662500e+15,3.742913122440958418e-01
1.650815602028579500e+15,3.742913122440958418e-01
1.650815602030496250e+15,3.742913122440958418e-01
1.650815602032413250e+15,3.742913122440958418e-01
1.650815602034330250e+15,3.742913122440958418e-01
1.650815602036247000e+15,3.742913122440958418e-01
1.650815602038164000e+15,3.742913122440958418e-01
1.650815602040081000e+15,3.742913122440958418e-01
1.650815602041998000e+15,3.742913122440958418e-01
1.650815602043914750e+15,3.742913122440958418e-01
1.650815602045831750e+15,3.742913122440958418e-01
1.650815602047748750e+15,3.742913122440958418e-01
1.650815602049665500e+15,3.742913122440958418e-01
1.650815602051582500e+15,3.742913122440958418e-01
1.650815602053499500e+15,3.742913122440958418e-01
1.650815602055416500e+15,3.742913122440958418e-01
1.650815602057333250e+15,3.742913122440958973e-01
1.650815602059250250e+15,3.742913122440958418e-01
1.650815602061167250e+15,3.742913122440957863e-01
1.650815602063084000e+15,3.742913122440958418e-01
1.650815602065001000e+15,3.742913122440957863e-01
1.650815602066918000e+15,3.742913122440958418e-01
1.650815602068835000e+15,3.742913122440958418e-01
1.650815602070751750e+15,3.742913122440958418e-01
1.650815602072668750e+15,3.742913122440958418e-01
1.650815602074585750e+15,3.742913122440958418e-01
1.650815602076502500e+15,3.742913122440958418e-01
1.650815602078419500e+15,3.742913122440958418e-01
1.650815602080336500e+15,3.742913122440958418e-01
1.650815602082253500e+15,3.742913122440958418e-01
1.650815602084170250e+15,3.742913122440958418e-01
1.650815602086087250e+15,3.742913122440958418e-01
1.650815602088004250e+15,3.742913122440958418e-01
1.650815602089921250e+15,3.742913122440958418e-01
1.650815602091838000e+15,3.742913122440958418e-01
1.650815602093755000e+15,3.742913122440958418e-01
1.650815602095672000e+15,3.742913122440958418e-01
1.650815602097588750e+15,3.742913122440958418e-01
1.650815602099505750e+15,3.742913122440958418e-01
1.650815602101422750e+15,3.742913122440958418e-01
1.650815602103339750e+15,3.742913122440957863e-01
1.650815602105256500e+15,3.742913122440957863e-01
1.650815602107173500e+15,3.742913122440958973e-01
1.650815602109090500e+15,3.742913122440958418e-01
1.650815602111007250e+15,3.742913122440958973e-01
1.650815602112924250e+15,3.742913122440958418e-01
1.650815602114841250e+15,3.742913122440958418e-01
1.650815602116758250e+15,3.742913122440958973e-01
1.650815602118675000e+15,3.742913122440958418e-01
1.650815602120592000e+15,3.742913122440958418e-01
1.650815602122509000e+15,3.742913122440958418e-01
1.650815602124425750e+15,3.742913122440958418e-01
1.650815602126342750e+15,3.742913122440958418e-01
1.650815602128259750e+15,3.742913122440958418e-01
1.650815602130176750e+15,3.742913122440958418e-01
1.650815602132093500e+15,3.742913122440958418e-01
1.650815602134010500e+15,3.742913122440958418e-01
1.650815602135927500e+15,3.742913122440958418e-01
1.650815602137844250e+15,3.742913122440958418e-01
1.650815602139761250e+15,3.742913122440958418e-01
1.650815602141678250e+15,3.742913122440957863e-01
1.650815602143595250e+15,3.742913122440958418e-01
1.650815602145512000e+15,3.742913122440958418e-01
1.650815602147429000e+15,3.742913122440958418e-01
1.650815602149346000e+15,3.742913122440957863e-01
1.650815602151262750e+15,3.742913122440958418e-01
1.650815602153179750e+15,3.742913122440958418e-01
1.650815602155096750e+15,3.742913122440957863e-01
1.650815602157013750e+15,3.742913122440958418e-01
1.650815602158930500e+15,3.742913122440958418e-01
1.650815602160847500e+15,3.742913122440958418e-01
1.650815602162764500e+15,3.742913122440957863e-01
1.650815602164681250e+15,3.742913122440958418e-01
1.650815602166598250e+15,3.742913122440958418e-01
1.650815602168515250e+15,3.742913122440958418e-01
1.650815602170432250e+15,3.742913122440958418e-01
1.650815602172349000e+15,3.742913122440958418e-01
1.650815602174266000e+15,3.742913122440958418e-01
1.650815602176183000e+15,3.742913122440958418e-01
1.650815602178100000e+15,3.742913122440958418e-01
1.650815602180016750e+15,3.742913122440957863e-01
1.650815602181933750e+15,3.732884221728360874e-01
1.650815602183850750e+15,3.722667454003609766e-01
1.650815602185767500e+15,3.712452018669015752e-01
1.650815602187684500e+15,3.702235250944265199e-01
1.650815602189601500e+15,3.692018483219514646e-01
1.650815602191518500e+15,3.681801715494762983e-01
1.650815602193435250e+15,3.688502970660414992e-01
1.650815602195352250e+15,3.695625754166232957e-01
1.650815602197269250e+15,3.702748537672050366e-01
1.650815602199186000e+15,3.709870392280697482e-01
1.650815602201103000e+15,3.716993175786515446e-01
1.650815602203020000e+15,3.724115959292333411e-01
1.650815602204937000e+15,3.731238742798150265e-01
1.650815602206853750e+15,3.738360597406797936e-01
1.650815602208770750e+15,3.742913122440967855e-01
1.650815602210687750e+15,3.742913122440968410e-01
1.650815602212604500e+15,3.742913122440968965e-01
1.650815602214521500e+15,3.742913122440970075e-01
1.650815602216438500e+15,3.742913122440970630e-01
1.650815602218355500e+15,3.742913122440971185e-01
1.650815602220272250e+15,3.738182788572277371e-01
1.650815602222189250e+15,3.732329601529329466e-01
1.650815602224106250e+15,3.726476414486381561e-01
1.650815602226023000e+15,3.720623990769860168e-01
1.650815602227940000e+15,3.714770803726912263e-01
1.650815602229857000e+15,3.708917616683964358e-01
1.650815602231774000e+15,3.703064429641016453e-01
1.650815602233690750e+15,3.697212005924495060e-01
1.650815602235607750e+15,3.691358818881547155e-01
1.650815602237524750e+15,3.685505631838599805e-01
1.650815602239441500e+15,3.685214627135847132e-01
1.650815602241358500e+15,3.696487930453374871e-01
1.650815602243275500e+15,3.707761233770901499e-01
1.650815602245192500e+15,3.719034537088428127e-01
1.650815602247109250e+15,3.730306370230769830e-01
1.650815602249026250e+15,3.741579673548296459e-01
1.650815602250943250e+15,3.733267248085596068e-01
1.650815602252860250e+15,3.722327362779134230e-01
1.650815602254777000e+15,3.711388904166114111e-01
1.650815602256694000e+15,3.700449018859652828e-01
1.650815602258611000e+15,3.689509133553190434e-01
1.650815602260527750e+15,3.681553890925539085e-01
1.650815602262444750e+15,3.681553890925539640e-01
1.650815602264361750e+15,3.681553890925540196e-01
1.650815602266278750e+15,3.681553890925539640e-01
1.650815602268195500e+15,3.681553890925539640e-01
1.650815602270112500e+15,3.681553890925539640e-01
1.650815602272029500e+15,3.681553890925539640e-01
1.650815602273946250e+15,3.681553890925539640e-01
1.650815602275863250e+15,3.681553890925539640e-01
1.650815602277780250e+15,3.681553890925539640e-01
1.650815602279697250e+15,3.681553890925539640e-01
1.650815602281614000e+15,3.681553890925539640e-01
1.650815602283531000e+15,3.676155863294238713e-01
1.650815602285448000e+15,3.667525322035520285e-01
1.650815602287364750e+15,3.658895906303830659e-01
1.650815602289281750e+15,3.650265365045112231e-01
1.650815602291198750e+15,3.641634823786393804e-01
1.650815602293115750e+15,3.633004282527674822e-01
1.650815602295032500e+15,3.624374866795985750e-01
1.650815602296949500e+15,3.620194659410111426e-01
1.650815602298866500e+15,3.620194659410111981e-01
1.650815602300783250e+15,3.620194659410111981e-01
1.650815602302700250e+15,3.620194659410111981e-01
1.650815602304617250e+15,3.620194659410112537e-01
1.650815602306534250e+15,3.620194659410111981e-01
1.650815602308451000e+15,3.617786677048967503e-01
1.650815602310368000e+15,3.603626854391560608e-01
1.650815602312285000e+15,3.589467031734154823e-01
1.650815602314201750e+15,3.575309055688987714e-01
1.650815602316118750e+15,3.561149233031581929e-01
1.650815602318035750e+15,3.566367373362948068e-01
1.650815602319952750e+15,3.575370484485417277e-01
1.650815602321869500e+15,3.584372421493238758e-01
1.650815602323786500e+15,3.593375532615708523e-01
1.650815602325703500e+15,3.602378643738177733e-01
1.650815602327620500e+15,3.611381754860648052e-01
1.650815602329537250e+15,3.620194659410107541e-01
1.650815602331454250e+15,3.620194659410108096e-01
1.650815602333371250e+15,3.620194659410108096e-01
1.650815602335288000e+15,3.620194659410108096e-01
1.650815602337205000e+15,3.620194659410107541e-01
1.650815602339122000e+15,3.620194659410107541e-01
1.650815602341039000e+15,3.620194659410107541e-01
1.650815602342955750e+15,3.620194659410107541e-01
1.650815602344872750e+15,3.620194659410107541e-01
1.650815602346789750e+15,3.620194659410107541e-01
1.650815602348706500e+15,3.620194659410107541e-01
1.650815602350623500e+15,3.620194659410107541e-01
1.650815602352540500e+15,3.620194659410107541e-01
1.650815602354457500e+15,3.620194659410106985e-01
1.650815602356374250e+15,3.620194659410107541e-01
1.650815602358291250e+15,3.620194659410106985e-01
1.650815602360208250e+15,3.620194659410107541e-01
1.650815602362125000e+15,3.620194659410106985e-01
1.650815602364042000e+15,3.620194659410107541e-01
1.650815602365959000e+15,3.620194659410108651e-01
1.650815602367876000e+15,3.620194659410108651e-01
1.650815602369792750e+15,3.620194659410109206e-01
1.650815602371709750e+15,3.620194659410110316e-01
1.650815602373626750e+15,3.620194659410110871e-01
1.650815602375543500e+15,3.620194659410111426e-01
1.650815602377460500e+15,3.620194659410111426e-01
1.650815602379377500e+15,3.620194659410110871e-01
1.650815602381294500e+15,3.620194659410109761e-01
1.650815602383211250e+15,3.620194659410108651e-01
1.650815602385128250e+15,3.620194659410107541e-01
1.650815602387045250e+15,3.620194659410107541e-01
1.650815602388962000e+15,3.620194659410108096e-01
1.650815602390879000e+15,3.620194659410108651e-01
1.650815602392796000e+15,3.620194659410108651e-01
1.650815602394713000e+15,3.620194659410109206e-01
1.650815602396629750e+15,3.620194659410109761e-01
1.650815602398546750e+15,3.620194659410110316e-01
1.650815602400463750e+15,3.620194659410110316e-01
1.650815602402380750e+15,3.620194659410110871e-01
1.650815602404297500e+15,3.620194659410111426e-01
1.650815602406214500e+15,3.620194659410111981e-01
1.650815602408131500e+15,3.620194659410111426e-01
1.650815602410048250e+15,3.620194659410111426e-01
1.650815602411965250e+15,3.620194659410110871e-01
1.650815602413882250e+15,3.620194659410109761e-01
1.650815602415799250e+15,3.620194659410108651e-01
1.650815602417716000e+15,3.620194659410108096e-01
1.650815602419633000e+15,3.620194659410107541e-01
1.650815602421550000e+15,3.620194659410107541e-01
1.650815602423466750e+15,3.620194659410107541e-01
1.650815602425383750e+15,3.620194659410107541e-01
1.650815602427300750e+15,3.620194659410107541e-01
1.650815602429217750e+15,3.620194659410107541e-01
1.650815602431134500e+15,3.620194659410107541e-01
1.650815602433051500e+15,3.620194659410107541e-01
1.650815602434968500e+15,3.620194659410107541e-01
1.650815602436885250e+15,3.620194659410107541e-01
1.650815602438802250e+15,3.620194659410107541e-01
1.650815602440719250e+15,3.620194659410107541e-01
1.650815602442636250e+15,3.620194659410107541e-01
1.650815602444553000e+15,3.620194659410107541e-01
1.650815602446470000e+15,3.620194659410107541e-01
1.650815602448387000e+15,3.620194659410107541e-01
1.650815602450303750e+15,3.620194659410107541e-01
1.650815602452220750e+15,3.620194659410107541e-01
1.650815602454137750e+15,3.620194659410107541e-01
1.650815602456054750e+15,3.620194659410107541e-01
1.650815602457971500e+15,3.620194659410107541e-01
1.650815602459888500e+15,3.620194659410107541e-01
1.650815602461805500e+15,3.620194659410107541e-01
1.650815602463722250e+15,3.620194659410108096e-01
1.650815602465639250e+15,3.620194659410108096e-01
1.650815602467556250e+15,3.620194659410107541e-01
1.650815602469473250e+15,3.620194659410107541e-01
1.650815602471390000e+15,3.620194659410108096e-01
1.650815602473307000e+15,3.620194659410107541e-01
1.650815602475224000e+15,3.620194659410108096e-01
1.650815602477140750e+15,3.620194659410106985e-01
1.650815602479057750e+15,3.620194659410107541e-01
1.650815602480974750e+15,3.620194659410107541e-01
1.650815602482891750e+15,3.620194659410107541e-01
1.650815602484808500e+15,3.620194659410106985e-01
1.650815602486725500e+15,3.620194659410108096e-01
1.650815602488642500e+15,3.620194659410108651e-01
1.650815602490559500e+15,3.620194659410109206e-01
1.650815602492476250e+15,3.620194659410109761e-01
1.650815602494393250e+15,3.620194659410110871e-01
1.650815602496310250e+15,3.620194659410111426e-01
1.650815602498227000e+15,3.620194659410111981e-01
1.650815602500144000e+15,3.620194659410113092e-01
1.650815602502061000e+15,3.620194659410113647e-01
1.650815602503978000e+15,3.620194659410114757e-01
1.650815602505894750e+15,3.620194659410115312e-01
1.650815602507811750e+15,3.620194659410116422e-01
1.650815602509728750e+15,3.613474663094412564e-01
1.650815602511645500e+15,3.602957779699332286e-01
1.650815602513562500e+15,3.592439524596491296e-01
1.650815602515479500e+15,3.581921269493650861e-01
1.650815602517396500e+15,3.571403014390810426e-01
1.650815602519313250e+15,3.560886130995729593e-01
1.650815602521230250e+15,3.558835427894693204e-01
1.650815602523147250e+15,3.558835427894693204e-01
1.650815602525064000e+15,3.558835427894693204e-01
1.650815602526981000e+15,3.558835427894693759e-01
1.650815602528898000e+15,3.558835427894693204e-01
1.650815602530815000e+15,3.558835427894693759e-01
1.650815602532731750e+15,3.560496959796974892e-01
1.650815602534648750e+15,3.566794847402857682e-01
1.650815602536565750e+15,3.573092735008740473e-01
1.650815602538482500e+15,3.579389801293860196e-01
1.650815602540399500e+15,3.585687688899742431e-01
1.650815602542316500e+15,3.591985576505625222e-01
1.650815602544233500e+15,3.598283464111507457e-01
1.650815602546150250e+15,3.604580530396627736e-01
1.650815602548067250e+15,3.610878418002509971e-01
1.650815602549984250e+15,3.617176305608392761e-01
1.650815602551901000e+15,3.620194659410116422e-01
1.650815602553818000e+15,3.620194659410116422e-01
1.650815602555735000e+15,3.620194659410116422e-01
1.650815602557652000e+15,3.620194659410116422e-01
1.650815602559568750e+15,3.620194659410116422e-01
1.650815602561485750e+15,3.620194659410116422e-01
1.650815602563402750e+15,3.620194659410116422e-01
1.650815602565319750e+15,3.620194659410116422e-01
1.650815602567236500e+15,3.620194659410115867e-01
1.650815602569153500e+15,3.620194659410114757e-01
1.650815602571070500e+15,3.620194659410114202e-01
1.650815602572987250e+15,3.620194659410113647e-01
1.650815602574904250e+15,3.620194659410112537e-01
1.650815602576821250e+15,3.620194659410111981e-01
1.650815602578738250e+15,3.620194659410112537e-01
1.650815602580655000e+15,3.620194659410111981e-01
1.650815602582572000e+15,3.620194659410111981e-01
1.650815602584489000e+15,3.620194659410111981e-01
1.650815602586405750e+15,3.620194659410111981e-01
1.650815602588322750e+15,3.620194659410111981e-01
1.650815602590239750e+15,3.620194659410111981e-01
1.650815602592156750e+15,3.620194659410111981e-01
1.650815602594073500e+15,3.620194659410112537e-01
1.650815602595990500e+15,3.620194659410111981e-01
1.650815602597907500e+15,3.620194659410111981e-01
1.650815602599824250e+15,3.620194659410111981e-01
1.650815602601741250e+15,3.620194659410111981e-01
1.650815602603658250e+15,3.620194659410111981e-01
1.650815602605575250e+15,3.620194659410111981e-01
1.650815602607492000e+15,3.620194659410111981e-01
1.650815602609409000e+15,3.620194659410111981e-01
1.650815602611326000e+15,3.620194659410111981e-01
1.650815602613242750e+15,3.620194659410111981e-01
1.650815602615159750e+15,3.620194659410111981e-01
1.650815602617076750e+15,3.620194659410111981e-01
1.650815602618993750e+15,3.620194659410111981e-01
1.650815602620910500e+15,3.620194659410111981e-01
1.650815602622827500e+15,3.618677816392690816e-01
1.650815602624744500e+15,3.612914113589130172e-01
1.650815602626661250e+15,3.607151162442168713e-01
1.650815602628578250e+15,3.601387459638607513e-01
1.650815602630495250e+15,3.595623756835047424e-01
1.650815602632412250e+15,3.589860054031486225e-01
1.650815602634329000e+15,3.584097102884525321e-01
1.650815602636246000e+15,3.578333400080964677e-01
1.650815602638163000e+15,3.572569697277403478e-01
1.650815602640080000e+15,3.566805994473843389e-01
1.650815602641996750e+15,3.561043043326881929e-01
1.650815602643913750e+15,3.565737903743543824e-01
1.650815602645830750e+15,3.576925429596223838e-01
1.650815602647747500e+15,3.588111496460136829e-01
1.650815602649664500e+15,3.599299022312816287e-01
1.650815602651581500e+15,3.610486548165495191e-01
1.650815602653498500e+15,3.620847335022279179e-01
1.650815602655415250e+15,3.625782309300861761e-01
1.650815602657332250e+15,3.630717927243757304e-01
1.650815602659249250e+15,3.635653545186652291e-01
1.650815602661166000e+15,3.640588519465235429e-01
1.650815602663083000e+15,3.645524137408130416e-01
1.650815602665000000e+15,3.650459755351025404e-01
1.650815602666917000e+15,3.655395373293920391e-01
1.650815602668833750e+15,3.660330347572504084e-01
1.650815602670750750e+15,3.665265965515398516e-01
1.650815602672667750e+15,3.670201583458293504e-01
1.650815602674584500e+15,3.675136557736877196e-01
1.650815602676501500e+15,3.680072175679771629e-01
1.650815602678418500e+15,3.672944602244654355e-01
1.650815602680335500e+15,3.660641951181473064e-01
1.650815602682252250e+15,3.648340904532880180e-01
1.650815602684169250e+15,3.636038253469698889e-01
1.650815602686086250e+15,3.623735602406518153e-01
1.650815602688003000e+15,3.620194659410111981e-01
1.650815602689920000e+15,3.620194659410112537e-01
1.650815602691837000e+15,3.620194659410111981e-01
1.650815602693754000e+15,3.620194659410111981e-01
1.650815602695670750e+15,3.620194659410112537e-01
1.650815602697587750e+15,3.620194659410111981e-01
1.650815602699504750e+15,3.620194659410112537e-01
1.650815602701421500e+15,3.620194659410111981e-01
1.650815602703338500e+15,3.620194659410111981e-01
1.650815602705255500e+15,3.620194659410111981e-01
1.650815602707172500e+15,3.620194659410111981e-01
1.650815602709089250e+15,3.620194659410111981e-01
1.650815602711006250e+15,3.616386870252525920e-01
1.650815602712923250e+15,3.606810574004453707e-01
1.650815602714840250e+15,3.597234277756382048e-01
1.650815602716757000e+15,3.587659230373235753e-01
1.650815602718674000e+15,3.578082934125163539e-01
1.650815602720591000e+15,3.568506637877091880e-01
1.650815602722507750e+15,3.558931590493945030e-01
1.650815602724424750e+15,3.558835427894688763e-01
1.650815602726341750e+15,3.558835427894688208e-01
1.650815602728258750e+15,3.558835427894688208e-01
1.650815602730175500e+15,3.558835427894687653e-01
1.650815602732092500e+15,3.558835427894687098e-01
1.650815602734009500e+15,3.558835427894686543e-01
1.650815602735926250e+15,3.558835427894686543e-01
1.650815602737843250e+15,3.558835427894685988e-01
1.650815602739760250e+15,3.558835427894685433e-01
1.650815602741677250e+15,3.558835427894685433e-01
1.650815602743594000e+15,3.558835427894684877e-01
1.650815602745511000e+15,3.558835427894684322e-01
1.650815602747428000e+15,3.558835427894684877e-01
1.650815602749344750e+15,3.558835427894685433e-01
1.650815602751261750e+15,3.558835427894685433e-01
1.650815602753178750e+15,3.558835427894685988e-01
1.650815602755095750e+15,3.558835427894685988e-01
1.650815602757012500e+15,3.558835427894686543e-01
1.650815602758929500e+15,3.558835427894687098e-01
1.650815602760846500e+15,3.558835427894687653e-01
1.650815602762763250e+15,3.558835427894688208e-01
1.650815602764680250e+15,3.558835427894688208e-01
1.650815602766597250e+15,3.559951564352455966e-01
1.650815602768514250e+15,3.570275489995591300e-01
1.650815602770431000e+15,3.580598069273880357e-01
1.650815602772348000e+15,3.590921994917015692e-01
1.650815602774265000e+15,3.601245920560151026e-01
1.650815602776181750e+15,3.611568499838438973e-01
1.650815602778098750e+15,3.621892425481574307e-01
1.650815602780015750e+15,3.632216351124709641e-01
1.650815602781932750e+15,3.642540276767845531e-01
1.650815602783849500e+15,3.652862856046134032e-01
1.650815602785766500e+15,3.663186781689269367e-01
1.650815602787683500e+15,3.673510707332404701e-01
1.650815602789600250e+15,3.679479751899982221e-01
1.650815602791517250e+15,3.670085482527324361e-01
1.650815602793434250e+15,3.660691213154666501e-01
1.650815602795351250e+15,3.651296943782008642e-01
1.650815602797268000e+15,3.641903899535768874e-01
1.650815602799185000e+15,3.632509630163111014e-01
1.650815602801102000e+15,3.623115360790452599e-01
1.650815602803019000e+15,3.628268725037357978e-01
1.650815602804935750e+15,3.639984065908679622e-01
1.650815602806852750e+15,3.651700934801505039e-01
1.650815602808769750e+15,3.663417803694330455e-01
1.650815602810686500e+15,3.675133144565651544e-01
1.650815602812603500e+15,3.677736560791416975e-01
1.650815602814520500e+15,3.669291296086141241e-01
1.650815602816437500e+15,3.660846031380865506e-01
1.650815602818354250e+15,3.652401868040313637e-01
1.650815602820271250e+15,3.643956603335037348e-01
1.650815602822188250e+15,3.635511338629761058e-01
1.650815602824105000e+15,3.627067175289209744e-01
1.650815602826022000e+15,3.621256886432273059e-01
1.650815602827939000e+15,3.626960777752953891e-01
1.650815602829856000e+15,3.632664669073634722e-01
1.650815602831772750e+15,3.638367816537856902e-01
1.650815602833689750e+15,3.644071707858537734e-01
1.650815602835606750e+15,3.649775599179218011e-01
1.650815602837523500e+15,3.655478746643440746e-01
1.650815602839440500e+15,3.661182637964121023e-01
1.650815602841357500e+15,3.666886529284801854e-01
1.650815602843274500e+15,3.672590420605482131e-01
1.650815602845191250e+15,3.678293568069704866e-01
1.650815602847108250e+15,3.676265134745644314e-01
1.650815602849025250e+15,3.663919873744901357e-01
1.650815602850942000e+15,3.651576222715599007e-01
1.650815602852859000e+15,3.639230961714856605e-01
1.650815602854776000e+15,3.626885700714113647e-01
1.650815602856693000e+15,3.620194659410111981e-01
1.650815602858609750e+15,3.620194659410111981e-01
1.650815602860526750e+15,3.620194659410113092e-01
1.650815602862443750e+15,3.620194659410113647e-01
1.650815602864360500e+15,3.620194659410114202e-01
1.650815602866277500e+15,3.620194659410114757e-01
1.650815602868194500e+15,3.620194659410115867e-01
1.650815602870111500e+15,3.620194659410116422e-01
1.650815602872028250e+15,3.620194659410116977e-01
1.650815602873945250e+15,3.620194659410116422e-01
1.650815602875862250e+15,3.620194659410116422e-01
1.650815602877779250e+15,3.620194659410116977e-01
1.650815602879696000e+15,3.620194659410116422e-01
1.650815602881613000e+15,3.620194659410116977e-01
1.650815602883530000e+15,3.620194659410116422e-01
1.650815602885446750e+15,3.620194659410116977e-01
1.650815602887363750e+15,3.620194659410116422e-01
1.650815602889280750e+15,3.620194659410116977e-01
1.650815602891197750e+15,3.620194659410116422e-01
1.650815602893114500e+15,3.620194659410116422e-01
1.650815602895031500e+15,3.620194659410116422e-01
1.650815602896948500e+15,3.620194659410116422e-01
1.650815602898865250e+15,3.620194659410116422e-01
1.650815602900782250e+15,3.620194659410116422e-01
1.650815602902699250e+15,3.620194659410116422e-01
1.650815602904616250e+15,3.620194659410116422e-01
1.650815602906533000e+15,3.620194659410116422e-01
1.650815602908450000e+15,3.620194659410116422e-01
1.650815602910367000e+15,3.620194659410116422e-01
1.650815602912283750e+15,3.620194659410116422e-01
1.650815602914200750e+15,3.620194659410116422e-01
1.650815602916117750e+15,3.620194659410116422e-01
1.650815602918034750e+15,3.620194659410116422e-01
1.650815602919951500e+15,3.620194659410116422e-01
1.650815602921868500e+15,3.620194659410116422e-01
1.650815602923785500e+15,3.620194659410116977e-01
1.650815602925702250e+15,3.620194659410116977e-01
1.650815602927619250e+15,3.620194659410116977e-01
1.650815602929536250e+15,3.620194659410116422e-01
1.650815602931453250e+15,3.620194659410116422e-01
1.650815602933370000e+15,3.620194659410116422e-01
1.650815602935287000e+15,3.620194659410116422e-01
1.650815602937204000e+15,3.620194659410116422e-01
1.650815602939120750e+15,3.620194659410116977e-01
1.650815602941037750e+15,3.620194659410116422e-01
1.650815602942954750e+15,3.620194659410116422e-01
1.650815602944871750e+15,3.620194659410115867e-01
1.650815602946788500e+15,3.620194659410116422e-01
1.650815602948705500e+15,3.620194659410116422e-01
1.650815602950622500e+15,3.620194659410116422e-01
1.650815602952539500e+15,3.620194659410115867e-01
1.650815602954456250e+15,3.620194659410116422e-01
1.650815602956373250e+15,3.620194659410116422e-01
1.650815602958290250e+15,3.620194659410115867e-01
1.650815602960207000e+15,3.620194659410116422e-01
1.650815602962124000e+15,3.620194659410116422e-01
1.650815602964041000e+15,3.620194659410116422e-01
1.650815602965958000e+15,3.620194659410116422e-01
1.650815602967874750e+15,3.620194659410115867e-01
1.650815602969791750e+15,3.620194659410116422e-01
1.650815602971708750e+15,3.620194659410116422e-01
1.650815602973625500e+15,3.620194659410116422e-01
1.650815602975542500e+15,3.620194659410116422e-01
1.650815602977459500e+15,3.620194659410115867e-01
1.650815602979376500e+15,3.620194659410116422e-01
1.650815602981293250e+15,3.620194659410116422e-01
1.650815602983210250e+15,3.620194659410116422e-01
1.650815602985127250e+15,3.620194659410116422e-01
1.650815602987044000e+15,3.620194659410116422e-01
1.650815602988961000e+15,3.620194659410116422e-01
1.650815602990878000e+15,3.622364810478480579e-01
1.650815602992795000e+15,3.627097665538837612e-01
1.650815602994711750e+15,3.631829903377617463e-01
1.650815602996628750e+15,3.636562758437975051e-01
1.650815602998545750e+15,3.641295613498332084e-01
1.650815603000462500e+15,3.646027851337112491e-01
1.650815603002379500e+15,3.650760706397469524e-01
1.650815603004296500e+15,3.655493561457827112e-01
1.650815603006213500e+15,3.660226416518185255e-01
1.650815603008130250e+15,3.664958654356964551e-01
1.650815603010047250e+15,3.669691509417322139e-01
1.650815603011964250e+15,3.674424364477679172e-01
1.650815603013881000e+15,3.679156602316459579e-01
1.650815603015798000e+15,3.678846024112067403e-01
1.650815603017715000e+15,3.673358729522820942e-01
1.650815603019632000e+15,3.667871434933575592e-01
1.650815603021548750e+15,3.662384855953952911e-01
1.650815603023465750e+15,3.656897561364707006e-01
1.650815603025382750e+15,3.651410266775461100e-01
1.650815603027299750e+15,3.645922972186215194e-01
1.650815603029216500e+15,3.640436393206591958e-01
1.650815603031133500e+15,3.634949098617346608e-01
1.650815603033050500e+15,3.629461804028100147e-01
1.650815603034967250e+15,3.623975225048477466e-01
1.650815603036884250e+15,3.620194659410112537e-01
1.650815603038801250e+15,3.620194659410113092e-01
1.650815603040718250e+15,3.620194659410113092e-01
1.650815603042635000e+15,3.620194659410113092e-01
1.650815603044552000e+15,3.620194659410113647e-01
1.650815603046469000e+15,3.620194659410114202e-01
1.650815603048385750e+15,3.620194659410114202e-01
1.650815603050302750e+15,3.620194659410114757e-01
1.650815603052219750e+15,3.620194659410115312e-01
1.650815603054136750e+15,3.620194659410115312e-01
1.650815603056053500e+15,3.620194659410115867e-01
1.650815603057970500e+15,3.620194659410116422e-01
1.650815603059887500e+15,3.620194659410116422e-01
1.650815603061804250e+15,3.624933756647260030e-01
1.650815603063721250e+15,3.630668236308680630e-01
1.650815603065638250e+15,3.636402715970100674e-01
1.650815603067555250e+15,3.642137195631520719e-01
1.650815603069472000e+15,3.647870927447393052e-01
1.650815603071389000e+15,3.653605407108813097e-01
1.650815603073306000e+15,3.659339886770233141e-01
1.650815603075222750e+15,3.665073618586105475e-01
1.650815603077139750e+15,3.670808098247525519e-01
1.650815603079056750e+15,3.676542577908945564e-01
1.650815603080973750e+15,3.681553890925530759e-01
1.650815603082890500e+15,3.681553890925530759e-01
1.650815603084807500e+15,3.681553890925530759e-01
1.650815603086724500e+15,3.681553890925530759e-01
1.650815603088641250e+15,3.681553890925530759e-01
1.650815603090558250e+15,3.681553890925530759e-01
1.650815603092475250e+15,3.681553890925530759e-01
1.650815603094392250e+15,3.681553890925530204e-01
1.650815603096309000e+15,3.678987779161745908e-01
1.650815603098226000e+15,3.667807696772710790e-01
1.650815603100143000e+15,3.656627614383675118e-01
1.650815603102059750e+15,3.645448990012687407e-01
1.650815603103976750e+15,3.634268907623652289e-01
1.650815603105893750e+15,3.623088825234617172e-01
1.650815603107810750e+15,3.624802277178382770e-01
1.650815603109727500e+15,3.631018466766499087e-01
1.650815603111644500e+15,3.637235467126702093e-01
1.650815603113561500e+15,3.643452467486905100e-01
1.650815603115478500e+15,3.649669467847108661e-01
1.650815603117395250e+15,3.655885657435224423e-01
1.650815603119312250e+15,3.662102657795427429e-01
1.650815603121229250e+15,3.668319658155630436e-01
1.650815603123146000e+15,3.674535847743746753e-01
1.650815603125063000e+15,3.680752848103949759e-01
1.650815603126980000e+15,3.681553890925530759e-01
1.650815603128897000e+15,3.681553890925530759e-01
1.650815603130813750e+15,3.681553890925530759e-01
1.650815603132730750e+15,3.681553890925530759e-01
1.650815603134647750e+15,3.681553890925530759e-01
1.650815603136564500e+15,3.681553890925530759e-01
1.650815603138481500e+15,3.681553890925531869e-01
1.650815603140398500e+15,3.681553890925531869e-01
1.650815603142315500e+15,3.681553890925532979e-01
1.650815603144232250e+15,3.681553890925534089e-01
1.650815603146149250e+15,3.681553890925534644e-01
1.650815603148066250e+15,3.681553890925535200e-01
1.650815603149983000e+15,3.681553890925536310e-01
1.650815603151900000e+15,3.681553890925537420e-01
1.650815603153817000e+15,3.681553890925537420e-01
1.650815603155734000e+15,3.681553890925538530e-01
1.650815603157650750e+15,3.681553890925539640e-01
1.650815603159567750e+15,3.692174715698806065e-01
1.650815603161484750e+15,3.705814053223743798e-01
1.650815603163401500e+15,3.719451612014001984e-01
1.650815603165318500e+15,3.733090949538940273e-01
1.650815603167235500e+15,3.738108798490579754e-01
1.650815603169152500e+15,3.720942183368708411e-01
1.650815603171069250e+15,3.703777806981204401e-01
1.650815603172986250e+15,3.686611191859332504e-01
1.650815603174903250e+15,3.669444576737461716e-01
1.650815603176820000e+15,3.652280200349956596e-01
1.650815603178737000e+15,3.635113585228085253e-01
1.650815603180654000e+15,3.621433492028393597e-01
1.650815603182571000e+15,3.630895014455602365e-01
1.650815603184487750e+15,3.640355302985781027e-01
1.650815603186404750e+15,3.649816825412989796e-01
1.650815603188321750e+15,3.659278347840198009e-01
1.650815603190238750e+15,3.668739870267406777e-01
1.650815603192155500e+15,3.678200158797585440e-01
1.650815603194072500e+15,3.688309411299234841e-01
1.650815603195989500e+15,3.698774326496305220e-01
1.650815603197906250e+15,3.709237876941784418e-01
1.650815603199823250e+15,3.719702792138854797e-01
1.650815603201740250e+15,3.730167707335924621e-01
1.650815603203657250e+15,3.740632622532994445e-01
1.650815603205574000e+15,3.742913122440962859e-01
1.650815603207491000e+15,3.742913122440962859e-01
1.650815603209408000e+15,3.742913122440962859e-01
1.650815603211324750e+15,3.742913122440962859e-01
1.650815603213241750e+15,3.742913122440962859e-01
1.650815603215158750e+15,3.742913122440962859e-01
1.650815603217075750e+15,3.742913122440962859e-01
1.650815603218992500e+15,3.742913122440962859e-01
1.650815603220909500e+15,3.742913122440962859e-01
1.650815603222826500e+15,3.742913122440962859e-01
1.650815603224743250e+15,3.742913122440962859e-01
1.650815603226660250e+15,3.747275610310736305e-01
1.650815603228577250e+15,3.752754980824318798e-01
1.650815603230494250e+15,3.758234351337901291e-01
1.650815603232411000e+15,3.763713007275255595e-01
1.650815603234328000e+15,3.769192377788838089e-01
1.650815603236245000e+15,3.774671748302421137e-01
1.650815603238161750e+15,3.780150404239775996e-01
1.650815603240078750e+15,3.785629774753358490e-01
1.650815603241995750e+15,3.791109145266940983e-01
1.650815603243912750e+15,3.796588515780523476e-01
1.650815603245829500e+15,3.802067171717877780e-01
1.650815603247746500e+15,3.798732273582706709e-01
1.650815603249663500e+15,3.789460921268126836e-01
1.650815603251580250e+15,3.780190778050093181e-01
1.650815603253497250e+15,3.770919425735512753e-01
1.650815603255414250e+15,3.761648073420933436e-01
1.650815603257331250e+15,3.752376721106353563e-01
1.650815603259248000e+15,3.743106577888319353e-01
1.650815603261165000e+15,3.742913122440963969e-01
1.650815603263082000e+15,3.742913122440966189e-01
1.650815603264999000e+15,3.742913122440967300e-01
1.650815603266915750e+15,3.742913122440969520e-01
1.650815603268832750e+15,3.742913122440971185e-01
1.650815603270749750e+15,3.746865038765238576e-01
1.650815603272666500e+15,3.752018864663887454e-01
1.650815603274583500e+15,3.757173362771470404e-01
1.650815603276500500e+15,3.762327860879053354e-01
1.650815603278417500e+15,3.767482358986635749e-01
1.650815603280334250e+15,3.772636184885284627e-01
1.650815603282251250e+15,3.777790682992867577e-01
1.650815603284168250e+15,3.782945181100449972e-01
1.650815603286085000e+15,3.788099006999098850e-01
1.650815603288002000e+15,3.793253505106681800e-01
1.650815603289919000e+15,3.798408003214264195e-01
1.650815603291836000e+15,3.803562501321847145e-01
1.650815603293752750e+15,3.804272353956382191e-01
1.650815603295669750e+15,3.804272353956382746e-01
1.650815603297586750e+15,3.804272353956383856e-01
1.650815603299503500e+15,3.804272353956383856e-01
1.650815603301420500e+15,3.804272353956384967e-01
1.650815603303337500e+15,3.804272353956385522e-01
1.650815603305254500e+15,3.804272353956386077e-01
1.650815603307171250e+15,3.804272353956386632e-01
1.650815603309088250e+15,3.804272353956387187e-01
1.650815603311005250e+15,3.804272353956388297e-01
1.650815603312922000e+15,3.804272353956388297e-01
1.650815603314839000e+15,3.804272353956389408e-01
1.650815603316756000e+15,3.804272353956390518e-01
1.650815603318673000e+15,3.809335836283316290e-01
1.650815603320589750e+15,3.820673955150296619e-01
1.650815603322506750e+15,3.832013552838050563e-01
1.650815603324423750e+15,3.843353150525803397e-01
1.650815603326340500e+15,3.854691269392783726e-01
1.650815603328257500e+15,3.865631585471813736e-01
1.650815603330174500e+15,3.865631585471812626e-01
1.650815603332091500e+15,3.865631585471812071e-01
1.650815603334008250e+15,3.865631585471811515e-01
1.650815603335925250e+15,3.865631585471810405e-01
1.650815603337842250e+15,3.865631585471809295e-01
1.650815603339759250e+15,3.865631585471809295e-01
1.650815603341676000e+15,3.865631585471808185e-01
1.650815603343593000e+15,3.865631585471807075e-01
1.650815603345510000e+15,3.865631585471806519e-01
1.650815603347426750e+15,3.865631585471805409e-01
1.650815603349343750e+15,3.861253722517004050e-01
1.650815603351260750e+15,3.848628881171606841e-01
1.650815603353177750e+15,3.836004039826209633e-01
1.650815603355094500e+15,3.823380844912912524e-01
1.650815603357011500e+15,3.810756003567515315e-01
1.650815603358928500e+15,3.810391216472490683e-01
1.650815603360845250e+15,3.822968513767666110e-01
1.650815603362762250e+15,3.835547451508556360e-01
1.650815603364679250e+15,3.848126389249446611e-01
1.650815603366596250e+15,3.860705326990336861e-01
1.650815603368513000e+15,3.865631585471806519e-01
1.650815603370430000e+15,3.865631585471809295e-01
1.650815603372347000e+15,3.865631585471812071e-01
1.650815603374263750e+15,3.865631585471814846e-01
1.650815603376180750e+15,3.865631585471817067e-01
1.650815603378097750e+15,3.865631585471819842e-01
1.650815603380014750e+15,3.865631585471822618e-01
1.650815603381931500e+15,3.865631585471820952e-01
1.650815603383848500e+15,3.865631585471819287e-01
1.650815603385765500e+15,3.865631585471817622e-01
1.650815603387682250e+15,3.865631585471815956e-01
1.650815603389599250e+15,3.865631585471814291e-01
1.650815603391516250e+15,3.865631585471812626e-01
1.650815603393433250e+15,3.865631585471810960e-01
1.650815603395350000e+15,3.865631585471809850e-01
1.650815603397267000e+15,3.865631585471808740e-01
1.650815603399184000e+15,3.865631585471808185e-01
1.650815603401100750e+15,3.865631585471807630e-01
1.650815603403017750e+15,3.865631585471807075e-01
1.650815603404934750e+15,3.865631585471807075e-01
1.650815603406851750e+15,3.865631585471807075e-01
1.650815603408768500e+15,3.865631585471805964e-01
1.650815603410685500e+15,3.865631585471805964e-01
1.650815603412602500e+15,3.865631585471804854e-01
1.650815603414519250e+15,3.865631585471805964e-01
1.650815603416436250e+15,3.865631585471806519e-01
1.650815603418353250e+15,3.865631585471807075e-01
1.650815603420270250e+15,3.865631585471807075e-01
1.650815603422187000e+15,3.865631585471808185e-01
1.650815603424104000e+15,3.865631585471808185e-01
1.650815603426021000e+15,3.865631585471809295e-01
1.650815603427938000e+15,3.865631585471809850e-01
1.650815603429854750e+15,3.865631585471811515e-01
1.650815603431771750e+15,3.865631585471813736e-01
1.650815603433688750e+15,3.865631585471815956e-01
1.650815603435605500e+15,3.865631585471818177e-01
1.650815603437522500e+15,3.865631585471819842e-01
1.650815603439439500e+15,3.865631585471822063e-01
1.650815603441356500e+15,3.865631585471823173e-01
1.650815603443273250e+15,3.865631585471823728e-01
1.650815603445190250e+15,3.865631585471823728e-01
1.650815603447107250e+15,3.865631585471824283e-01
1.650815603449024000e+15,3.865631585471824838e-01
1.650815603450941000e+15,3.865631585471824838e-01
1.650815603452858000e+15,3.865631585471825948e-01
1.650815603454775000e+15,3.865631585471825948e-01
1.650815603456691750e+15,3.865631585471826503e-01
1.650815603458608750e+15,3.865631585471827059e-01
1.650815603460525750e+15,3.855294146019242474e-01
1.650815603462442500e+15,3.843957120088336010e-01
1.650815603464359500e+15,3.832618615479207458e-01
1.650815603466276500e+15,3.821280110870078905e-01
1.650815603468193500e+15,3.809941606260949798e-01
1.650815603470110250e+15,3.809007022684466337e-01
1.650815603472027250e+15,3.818478830617395015e-01
1.650815603473944250e+15,3.827950638550323692e-01
1.650815603475861000e+15,3.837421211244868569e-01
1.650815603477778000e+15,3.846893019177797246e-01
1.650815603479695000e+15,3.856364827110726479e-01
1.650815603481612000e+15,3.865836635043655156e-01
1.650815603483528750e+15,3.875307207738200033e-01
1.650815603485445750e+15,3.884779015671129265e-01
1.650815603487362750e+15,3.894250823604058498e-01
1.650815603489279500e+15,3.903721396298602819e-01
1.650815603491196500e+15,3.913193204231531497e-01
1.650815603493113500e+15,3.922665012164460174e-01
1.650815603495030500e+15,3.923973553548940063e-01
1.650815603496947250e+15,3.918420658978251092e-01
1.650815603498864250e+15,3.912867040148454434e-01
1.650815603500781250e+15,3.907313421318658886e-01
1.650815603502698250e+15,3.901759802488863338e-01
1.650815603504615000e+15,3.896206907918174367e-01
1.650815603506532000e+15,3.890653289088378264e-01
1.650815603508449000e+15,3.885099670258582716e-01
1.650815603510365750e+15,3.879546775687893745e-01
1.650815603512282750e+15,3.873993156858097642e-01
1.650815603514199750e+15,3.868439538028302094e-01
1.650815603516116750e+15,3.863106149606583828e-01
1.650815603518033500e+15,3.857998653753575979e-01
1.650815603519950500e+15,3.852890491734421441e-01
1.650815603521867500e+15,3.847782329715265792e-01
1.650815603523784250e+15,3.842674833862258499e-01
1.650815603525701250e+15,3.837566671843103960e-01
1.650815603527618250e+15,3.832458509823948867e-01
1.650815603529535250e+15,3.827350347804793773e-01
1.650815603531452000e+15,3.822242851951785925e-01
1.650815603533369000e+15,3.817134689932630831e-01
1.650815603535286000e+15,3.812026527913476293e-01
1.650815603537202750e+15,3.806919032060468444e-01
1.650815603539119750e+15,3.801618892502691693e-01
1.650815603541036750e+15,3.796112331629368231e-01
1.650815603542953750e+15,3.790605770756044768e-01
1.650815603544870500e+15,3.785099928004901360e-01
1.650815603546787500e+15,3.779593367131578452e-01
1.650815603548704500e+15,3.774086806258255544e-01
1.650815603550621250e+15,3.768580963507112136e-01
1.650815603552538250e+15,3.763074402633788118e-01
1.650815603554455250e+15,3.757567841760464655e-01
1.650815603556372250e+15,3.752061280887141748e-01
1.650815603558289000e+15,3.746555438135997784e-01
1.650815603560206000e+15,3.746221708454053889e-01
1.650815603562123000e+15,3.755994527232308089e-01
1.650815603564039750e+15,3.765766071516719604e-01
1.650815603565956750e+15,3.775538890294973804e-01
1.650815603567873750e+15,3.785311709073228004e-01
1.650815603569790750e+15,3.795084527851482203e-01
1.650815603571707500e+15,3.803803728555609220e-01
1.650815603573624500e+15,3.795957834290997202e-01
1.650815603575541500e+15,3.788111940026385183e-01
1.650815603577458500e+15,3.780266045761772609e-01
1.650815603579375250e+15,3.772421174696725110e-01
1.650815603581292250e+15,3.764575280432113646e-01
1.650815603583209250e+15,3.756729386167501072e-01
1.650815603585126000e+15,3.748884515102453574e-01
1.650815603587043000e+15,3.742913122440967300e-01
1.650815603588960000e+15,3.742913122440967300e-01
1.650815603590877000e+15,3.742913122440967300e-01
1.650815603592793750e+15,3.742913122440967855e-01
1.650815603594710750e+15,3.742913122440967300e-01
1.650815603596627750e+15,3.742913122440967300e-01
1.650815603598544500e+15,3.742913122440967855e-01
1.650815603600461500e+15,3.742913122440967300e-01
1.650815603602378500e+15,3.742913122440967300e-01
1.650815603604295500e+15,3.742913122440967300e-01
1.650815603606212250e+15,3.742913122440967300e-01
1.650815603608129250e+15,3.742913122440967300e-01
1.650815603610046250e+15,3.742913122440967300e-01
1.650815603611963000e+15,3.742913122440967300e-01
1.650815603613880000e+15,3.742913122440967300e-01
1.650815603615797000e+15,3.742913122440967300e-01
1.650815603617714000e+15,3.742913122440967300e-01
1.650815603619630750e+15,3.742913122440967300e-01
1.650815603621547750e+15,3.742913122440967300e-01
1.650815603623464750e+15,3.742913122440967300e-01
1.650815603625381500e+15,3.742913122440967300e-01
1.650815603627298500e+15,3.742913122440967300e-01
1.650815603629215500e+15,3.742913122440966744e-01
1.650815603631132500e+15,3.742913122440965634e-01
1.650815603633049250e+15,3.742913122440965079e-01
1.650815603634966250e+15,3.742913122440963969e-01
1.650815603636883250e+15,3.742913122440963414e-01
1.650815603638800000e+15,3.742913122440962859e-01
1.650815603640717000e+15,3.742913122440961748e-01
1.650815603642634000e+15,3.742913122440960638e-01
1.650815603644551000e+15,3.742913122440960638e-01
1.650815603646467750e+15,3.742913122440960083e-01
1.650815603648384750e+15,3.742913122440958973e-01
1.650815603650301750e+15,3.742913122440958418e-01
1.650815603652218500e+15,3.742913122440959528e-01
1.650815603654135500e+15,3.742913122440960083e-01
1.650815603656052500e+15,3.742913122440961193e-01
1.650815603657969500e+15,3.742913122440961748e-01
1.650815603659886250e+15,3.742913122440962304e-01
1.650815603661803250e+15,3.742913122440963414e-01
1.650815603663720250e+15,3.742913122440963969e-01
1.650815603665637250e+15,3.742913122440964524e-01
1.650815603667554000e+15,3.742913122440965634e-01
1.650815603669471000e+15,3.742913122440966189e-01
1.650815603671388000e+15,3.742913122440967300e-01
1.650815603673304750e+15,3.742913122440967300e-01
1.650815603675221750e+15,3.742913122440967300e-01
1.650815603677138750e+15,3.742913122440967300e-01
1.650815603679055750e+15,3.742913122440967300e-01
1.650815603680972500e+15,3.742913122440967300e-01
1.650815603682889500e+15,3.747117458619801944e-01
1.650815603684806500e+15,3.755825953978880194e-01
1.650815603686723250e+15,3.764533313644771173e-01
1.650815603688640250e+15,3.773241809003848868e-01
1.650815603690557250e+15,3.781950304362927118e-01
1.650815603692474250e+15,3.790658799722004813e-01
1.650815603694391000e+15,3.799366159387895792e-01
1.650815603696308000e+15,3.808273419457980924e-01
1.650815603698225000e+15,3.817437150122912071e-01
1.650815603700141750e+15,3.826599685726463917e-01
1.650815603702058750e+15,3.835763416391395619e-01
1.650815603703975750e+15,3.844927147056327321e-01
1.650815603705892750e+15,3.854090877721259578e-01
1.650815603707809500e+15,3.863253413324811425e-01
1.650815603709726500e+15,3.851186037891393132e-01
1.650815603711643500e+15,3.831677679517552781e-01
1.650815603713560250e+15,3.812171865269739501e-01
1.650815603715477250e+15,3.792663506895899150e-01
1.650815603717394250e+15,3.773155148522058244e-01
1.650815603719311250e+15,3.753646790148217893e-01
1.650815603721228000e+15,3.747853959205679764e-01
1.650815603723145000e+15,3.758841875769440843e-01
1.650815603725062000e+15,3.769829792333202478e-01
1.650815603726978750e+15,3.780816275939665738e-01
1.650815603728895750e+15,3.791804192503426818e-01
1.650815603730812750e+15,3.802792109067189008e-01
1.650815603732729750e+15,3.794778871512937690e-01
1.650815603734646500e+15,3.783808784113703583e-01
1.650815603736563500e+15,3.772837265895714332e-01
1.650815603738480500e+15,3.761865747677724525e-01
1.650815603740397500e+15,3.750894229459734719e-01
1.650815603742314250e+15,3.745894316845924110e-01
1.650815603744231250e+15,3.756837255427659117e-01
1.650815603746148250e+15,3.767780194009393568e-01
1.650815603748065000e+15,3.778721705499503702e-01
1.650815603749982000e+15,3.789664644081237599e-01
1.650815603751899000e+15,3.800607582662972606e-01
1.650815603753816000e+15,3.804272353956386632e-01
1.650815603755732750e+15,3.804272353956387187e-01
1.650815603757649750e+15,3.804272353956388297e-01
1.650815603759566750e+15,3.804272353956388297e-01
1.650815603761483500e+15,3.804272353956389408e-01
1.650815603763400500e+15,3.804272353956390518e-01
1.650815603765317500e+15,3.804272353956390518e-01
1.650815603767234500e+15,3.804272353956389408e-01
1.650815603769151250e+15,3.804272353956388297e-01
1.650815603771068250e+15,3.804272353956387742e-01
1.650815603772985250e+15,3.804272353956387187e-01
1.650815603774902000e+15,3.804272353956386077e-01
1.650815603776819000e+15,3.804272353956384967e-01
1.650815603778736000e+15,3.804272353956384967e-01
1.650815603780653000e+15,3.804272353956383856e-01
1.650815603782569750e+15,3.804272353956383301e-01
1.650815603784486750e+15,3.804272353956382746e-01
1.650815603786403750e+15,3.804272353956382191e-01
1.650815603788320500e+15,3.804272353956382746e-01
1.650815603790237500e+15,3.804272353956383856e-01
1.650815603792154500e+15,3.804272353956384967e-01
1.650815603794071500e+15,3.804272353956386077e-01
1.650815603795988250e+15,3.804272353956385522e-01
1.650815603797905250e+15,3.804272353956386077e-01
1.650815603799822250e+15,3.804272353956385522e-01
1.650815603801739000e+15,3.804272353956385522e-01
1.650815603803656000e+15,3.804272353956386077e-01
1.650815603805573000e+15,3.804272353956385522e-01
1.650815603807490000e+15,3.804272353956385522e-01
1.650815603809406750e+15,3.804272353956386077e-01
1.650815603811323750e+15,3.804272353956386077e-01
1.650815603813240750e+15,3.804272353956386077e-01
1.650815603815157750e+15,3.804272353956386077e-01
1.650815603817074500e+15,3.804272353956385522e-01
1.650815603818991500e+15,3.804272353956386077e-01
1.650815603820908500e+15,3.804272353956386077e-01
1.650815603822825250e+15,3.804272353956386077e-01
1.650815603824742250e+15,3.804272353956386077e-01
1.650815603826659250e+15,3.804272353956385522e-01
1.650815603828576250e+15,3.804272353956386077e-01
1.650815603830493000e+15,3.804272353956385522e-01
1.650815603832410000e+15,3.804272353956386632e-01
1.650815603834327000e+15,3.804272353956386632e-01
1.650815603836243750e+15,3.804272353956387187e-01
1.650815603838160750e+15,3.804272353956387187e-01
1.650815603840077750e+15,3.804272353956388297e-01
1.650815603841994750e+15,3.804272353956388297e-01
1.650815603843911500e+15,3.804272353956388297e-01
1.650815603845828500e+15,3.804272353956389408e-01
1.650815603847745500e+15,3.804272353956389408e-01
1.650815603849662250e+15,3.804272353956389963e-01
1.650815603851579250e+15,3.804272353956389963e-01
1.650815603853496250e+15,3.804272353956390518e-01
1.650815603855413250e+15,3.804272353956390518e-01
1.650815603857330000e+15,3.804272353956390518e-01
1.650815603859247000e+15,3.804272353956389963e-01
1.650815603861164000e+15,3.804272353956390518e-01
1.650815603863080750e+15,3.804272353956390518e-01
1.650815603864997750e+15,3.804272353956390518e-01
1.650815603866914750e+15,3.804272353956390518e-01
1.650815603868831750e+15,3.804272353956390518e-01
1.650815603870748500e+15,3.804272353956391073e-01
1.650815603872665500e+15,3.804272353956390518e-01
1.650815603874582500e+15,3.804272353956390518e-01
1.650815603876499250e+15,3.804272353956390518e-01
1.650815603878416250e+15,3.804272353956389408e-01
1.650815603880333250e+15,3.804272353956389408e-01
1.650815603882250250e+15,3.804272353956389408e-01
1.650815603884167000e+15,3.804272353956388297e-01
1.650815603886084000e+15,3.804272353956388297e-01
1.650815603888001000e+15,3.804272353956387742e-01
1.650815603889918000e+15,3.804272353956387187e-01
1.650815603891834750e+15,3.804272353956386077e-01
1.650815603893751750e+15,3.804272353956386077e-01
1.650815603895668750e+15,3.796541109842583861e-01
1.650815603897585500e+15,3.787409165824632828e-01
1.650815603899502500e+15,3.778276030735335800e-01
1.650815603901419500e+15,3.769142895646038216e-01
1.650815603903336500e+15,3.760009760556740077e-01
1.650815603905253250e+15,3.750877816538789600e-01
1.650815603907170250e+15,3.742913122440962859e-01
1.650815603909087250e+15,3.742913122440961748e-01
1.650815603911004000e+15,3.742913122440960638e-01
1.650815603912921000e+15,3.742913122440960083e-01
1.650815603914838000e+15,3.742913122440959528e-01
1.650815603916755000e+15,3.742913122440958973e-01
1.650815603918671750e+15,3.742913122440958418e-01
1.650815603920588750e+15,3.742913122440958973e-01
1.650815603922505750e+15,3.742913122440959528e-01
1.650815603924422500e+15,3.742913122440960083e-01
1.650815603926339500e+15,3.742913122440959528e-01
1.650815603928256500e+15,3.742913122440960083e-01
1.650815603930173500e+15,3.742913122440960638e-01
1.650815603932090250e+15,3.742913122440961193e-01
1.650815603934007250e+15,3.742913122440961748e-01
1.650815603935924250e+15,3.742913122440961748e-01
1.650815603937841000e+15,3.742913122440962304e-01
1.650815603939758000e+15,3.742913122440962304e-01
1.650815603941675000e+15,3.742913122440962859e-01
1.650815603943592000e+15,3.742913122440961748e-01
1.650815603945508750e+15,3.742913122440961193e-01
1.650815603947425750e+15,3.742913122440960638e-01
1.650815603949342750e+15,3.742913122440959528e-01
1.650815603951259500e+15,3.742913122440958973e-01
1.650815603953176500e+15,3.742913122440958418e-01
1.650815603955093500e+15,3.742913122440959528e-01
1.650815603957010500e+15,3.742913122440960638e-01
1.650815603958927250e+15,3.742913122440960638e-01
1.650815603960844250e+15,3.742913122440961748e-01
1.650815603962761250e+15,3.742913122440962304e-01
1.650815603964678000e+15,3.742913122440962859e-01
1.650815603966595000e+15,3.742913122440962859e-01
1.650815603968512000e+15,3.742913122440962859e-01
1.650815603970429000e+15,3.742913122440962859e-01
1.650815603972345750e+15,3.742913122440962304e-01
1.650815603974262750e+15,3.742913122440962304e-01
1.650815603976179750e+15,3.747992622805904617e-01
1.650815603978096750e+15,3.756345530547353651e-01
1.650815603980013500e+15,3.764697348968543134e-01
1.650815603981930500e+15,3.773050256709991612e-01
1.650815603983847500e+15,3.781403164451439536e-01
1.650815603985764250e+15,3.789754982872629574e-01
1.650815603987681250e+15,3.798107890614077498e-01
1.650815603989598250e+15,3.804272353956390518e-01
1.650815603991515250e+15,3.804272353956391628e-01
1.650815603993432000e+15,3.804272353956392738e-01
1.650815603995349000e+15,3.804272353956393293e-01
1.650815603997266000e+15,3.804272353956393848e-01
1.650815603999182750e+15,3.804272353956394404e-01
1.650815604001099750e+15,3.801962196806272787e-01
1.650815604003016750e+15,3.796140874089501405e-01
1.650815604004933750e+15,3.790319551372730023e-01
1.650815604006850500e+15,3.784498987826891980e-01
1.650815604008767500e+15,3.778677665110120598e-01
1.650815604010684500e+15,3.772856342393349216e-01
1.650815604012601250e+15,3.767035778847511174e-01
1.650815604014518250e+15,3.761214456130739792e-01
1.650815604016435250e+15,3.755393133413968410e-01
1.650815604018352250e+15,3.749571810697197027e-01
1.650815604020269000e+15,3.743751247151358430e-01
1.650815604022186000e+15,3.752021263455601052e-01
1.650815604024103000e+15,3.762661303873066632e-01
1.650815604026019750e+15,3.773299956700493785e-01
1.650815604027936750e+15,3.783939997117959919e-01
1.650815604029853750e+15,3.794580037535424943e-01
1.650815604031770750e+15,3.804711184900112508e-01
1.650815604033687500e+15,3.809637271057481622e-01
1.650815604035604500e+15,3.814563999719892684e-01
1.650815604037521500e+15,3.819490728382303746e-01
1.650815604039438250e+15,3.824416814539672860e-01
1.650815604041355250e+15,3.829343543202083922e-01
1.650815604043272250e+15,3.834270271864494983e-01
1.650815604045189250e+15,3.839197000526906045e-01
1.650815604047106000e+15,3.844123086684275714e-01
1.650815604049023000e+15,3.849049815346686776e-01
1.650815604050940000e+15,3.853976544009097838e-01
1.650815604052857000e+15,3.858903272671508899e-01
1.650815604054773750e+15,3.863829358828878568e-01
1.650815604056690750e+15,3.862180714133756632e-01
1.650815604058607750e+15,3.856739364880156784e-01
1.650815604060524500e+15,3.851298725244350907e-01
1.650815604062441500e+15,3.845857375990751059e-01
1.650815604064358500e+15,3.840416026737151212e-01
1.650815604066275500e+15,3.834974677483550809e-01
1.650815604068192250e+15,3.829534037847746042e-01
1.650815604070109250e+15,3.824092688594145639e-01
1.650815604072026250e+15,3.818651339340545237e-01
1.650815604073943000e+15,3.813210699704741025e-01
1.650815604075860000e+15,3.807769350451140622e-01
1.650815604077777000e+15,3.804272353956391073e-01
1.650815604079694000e+15,3.804272353956391628e-01
1.650815604081610750e+15,3.804272353956392738e-01
1.650815604083527750e+15,3.804272353956392738e-01
1.650815604085444750e+15,3.804272353956393848e-01
1.650815604087361500e+15,3.804272353956394404e-01
1.650815604089278500e+15,3.804272353956395514e-01
1.650815604091195500e+15,3.804272353956394959e-01
1.650815604093112500e+15,3.804272353956394404e-01
1.650815604095029250e+15,3.804272353956394959e-01
1.650815604096946250e+15,3.804272353956394959e-01
1.650815604098863250e+15,3.804272353956394959e-01
1.650815604100780000e+15,3.804272353956394959e-01
1.650815604102697000e+15,3.804272353956394959e-01
1.650815604104614000e+15,3.804272353956394959e-01
1.650815604106531000e+15,3.804272353956394404e-01
1.650815604108447750e+15,3.804272353956394959e-01
1.650815604110364750e+15,3.804272353956394959e-01
1.650815604112281750e+15,3.804272353956393848e-01
1.650815604114198500e+15,3.804272353956393848e-01
1.650815604116115500e+15,3.804272353956393293e-01
1.650815604118032500e+15,3.804272353956393293e-01
1.650815604119949500e+15,3.804272353956392738e-01
1.650815604121866250e+15,3.804272353956392738e-01
1.650815604123783250e+15,3.804272353956392738e-01
1.650815604125700250e+15,3.804272353956391628e-01
1.650815604127617250e+15,3.804272353956391073e-01
1.650815604129534000e+15,3.804272353956391073e-01
1.650815604131451000e+15,3.804272353956390518e-01
1.650815604133368000e+15,3.804272353956391073e-01
1.650815604135284750e+15,3.804272353956392183e-01
1.650815604137201750e+15,3.804272353956393293e-01
1.650815604139118750e+15,3.804272353956393848e-01
1.650815604141035750e+15,3.804272353956394959e-01
1.650815604142952500e+15,3.804272353956394404e-01
1.650815604144869500e+15,3.804272353956393293e-01
1.650815604146786500e+15,3.804272353956391628e-01
1.650815604148703250e+15,3.804272353956391073e-01
1.650815604150620250e+15,3.804272353956389408e-01
1.650815604152537250e+15,3.804272353956388297e-01
1.650815604154454250e+15,3.804272353956387187e-01
1.650815604156371000e+15,3.804272353956386632e-01
1.650815604158288000e+15,3.804272353956387742e-01
1.650815604160205000e+15,3.804272353956389408e-01
1.650815604162121750e+15,3.804272353956391073e-01
1.650815604164038750e+15,3.804272353956392738e-01
1.650815604165955750e+15,3.804272353956394404e-01
1.650815604167872750e+15,3.812694822138155692e-01
1.650815604169789500e+15,3.831129039537400915e-01
1.650815604171706500e+15,3.849565661295248908e-01
1.650815604173623500e+15,3.868002283053096346e-01
1.650815604175540250e+15,3.886436500452341569e-01
1.650815604177457250e+15,3.904873122210189007e-01
1.650815604179374250e+15,3.923309743968036445e-01
1.650815604181291250e+15,3.917401288521055736e-01
1.650815604183208000e+15,3.905421018886015005e-01
1.650815604185125000e+15,3.893439186675046182e-01
1.650815604187042000e+15,3.881457354464078469e-01
1.650815604188958750e+15,3.869477084829037739e-01
1.650815604190875750e+15,3.865631585471813181e-01
1.650815604192792750e+15,3.865631585471813736e-01
1.650815604194709750e+15,3.865631585471813736e-01
1.650815604196626500e+15,3.865631585471813736e-01
1.650815604198543500e+15,3.865631585471813736e-01
1.650815604200460500e+15,3.865631585471813736e-01
1.650815604202377500e+15,3.865631585471813736e-01
1.650815604204294250e+15,3.865631585471813736e-01
1.650815604206211250e+15,3.865631585471814291e-01
1.650815604208128250e+15,3.865631585471813736e-01
1.650815604210045000e+15,3.865631585471813736e-01
1.650815604211962000e+15,3.865631585471813181e-01
1.650815604213879000e+15,3.858849244078793039e-01
1.650815604215796000e+15,3.849168120884137734e-01
1.650815604217712750e+15,3.839488260225110694e-01
1.650815604219629750e+15,3.829807137030455944e-01
1.650815604221546750e+15,3.820126013835801193e-01
1.650815604223463500e+15,3.810446153176774153e-01
1.650815604225380500e+15,3.810091551865374404e-01
1.650815604227297500e+15,3.826154046309598877e-01
1.650815604229214500e+15,3.842216540753824461e-01
1.650815604231131250e+15,3.858276940454381521e-01
1.650815604233048250e+15,3.860023672240576187e-01
1.650815604234965250e+15,3.849679318462099764e-01
1.650815604236882000e+15,3.839336313712545801e-01
1.650815604238799000e+15,3.828991959934069378e-01
1.650815604240716000e+15,3.818647606155592955e-01
1.650815604242633000e+15,3.808303252377115422e-01
1.650815604244549750e+15,3.804272353956394404e-01
1.650815604246466750e+15,3.804272353956394959e-01
1.650815604248383750e+15,3.804272353956394959e-01
1.650815604250300500e+15,3.804272353956394959e-01
1.650815604252217500e+15,3.804272353956394404e-01
1.650815604254134500e+15,3.804272353956394404e-01
1.650815604256051500e+15,3.804272353956394959e-01
1.650815604257968250e+15,3.804272353956395514e-01
1.650815604259885250e+15,3.804272353956395514e-01
1.650815604261802250e+15,3.804272353956394959e-01
1.650815604263719000e+15,3.804272353956394959e-01
1.650815604265636000e+15,3.804272353956394959e-01
1.650815604267553000e+15,3.804272353956394959e-01
1.650815604269470000e+15,3.805999001554647432e-01
1.650815604271386750e+15,3.811637079551156715e-01
1.650815604273303750e+15,3.817275892917170732e-01
1.650815604275220750e+15,3.822914706283184749e-01
1.650815604277137500e+15,3.828552784279694032e-01
1.650815604279054500e+15,3.834191597645708605e-01
1.650815604280971500e+15,3.839830411011723177e-01
1.650815604282888500e+15,3.845469224377737749e-01
1.650815604284805250e+15,3.851107302374245922e-01
1.650815604286722250e+15,3.856746115740260494e-01
1.650815604288639250e+15,3.862384929106274511e-01
1.650815604290556250e+15,3.861410965068369228e-01
1.650815604292473000e+15,3.851463379260436914e-01
1.650815604294390000e+15,3.841514495997722101e-01
1.650815604296307000e+15,3.831565612735007842e-01
1.650815604298223750e+15,3.821618026927074974e-01
1.650815604300140750e+15,3.811669143664360715e-01
1.650815604302057750e+15,3.801720260401646456e-01
1.650815604303974750e+15,3.791771377138932198e-01
1.650815604305891500e+15,3.781823791330998774e-01
1.650815604307808500e+15,3.771874908068285071e-01
1.650815604309725500e+15,3.761926024805570812e-01
1.650815604311642250e+15,3.751978438997637388e-01
1.650815604313559250e+15,3.743431580387535651e-01
1.650815604315476250e+15,3.749269371186835786e-01
1.650815604317393250e+15,3.755107161986134812e-01
1.650815604319310000e+15,3.760944191466863984e-01
1.650815604321227000e+15,3.766781982266163009e-01
1.650815604323144000e+15,3.772619773065462034e-01
1.650815604325060750e+15,3.778456802546191207e-01
1.650815604326977750e+15,3.784294593345490787e-01
1.650815604328894750e+15,3.790132384144789812e-01
1.650815604330811750e+15,3.795970174944089393e-01
1.650815604332728500e+15,3.801807204424818010e-01
1.650815604334645500e+15,3.804272353956394959e-01
1.650815604336562500e+15,3.804272353956394959e-01
1.650815604338479250e+15,3.804272353956394959e-01
1.650815604340396250e+15,3.804272353956394959e-01
1.650815604342313250e+15,3.804272353956394959e-01
1.650815604344230250e+15,3.804272353956394959e-01
1.650815604346147000e+15,3.804272353956394959e-01
1.650815604348064000e+15,3.804272353956394959e-01
1.650815604349981000e+15,3.804272353956394959e-01
1.650815604351897750e+15,3.804272353956394959e-01
1.650815604353814750e+15,3.804272353956394959e-01
1.650815604355731750e+15,3.804272353956394959e-01
1.650815604357648750e+15,3.804272353956394959e-01
1.650815604359565500e+15,3.804272353956394404e-01
1.650815604361482500e+15,3.804272353956394959e-01
1.650815604363399500e+15,3.804272353956394959e-01
1.650815604365316500e+15,3.804272353956394959e-01
1.650815604367233250e+15,3.804272353956394404e-01
1.650815604369150250e+15,3.804272353956395514e-01
1.650815604371067250e+15,3.804272353956395514e-01
1.650815604372984000e+15,3.804272353956395514e-01
1.650815604374901000e+15,3.804272353956394959e-01
1.650815604376818000e+15,3.804272353956394959e-01
1.650815604378735000e+15,3.804272353956394959e-01
1.650815604380651750e+15,3.804272353956394959e-01
1.650815604382568750e+15,3.804272353956394959e-01
1.650815604384485750e+15,3.804272353956394959e-01
1.650815604386402500e+15,3.804272353956394959e-01
1.650815604388319500e+15,3.804272353956394959e-01
1.650815604390236500e+15,3.804272353956394959e-01
1.650815604392153500e+15,3.804272353956394959e-01
1.650815604394070250e+15,3.804272353956394404e-01
1.650815604395987250e+15,3.804272353956393848e-01
1.650815604397904250e+15,3.804272353956392738e-01
1.650815604399821000e+15,3.804272353956391628e-01
1.650815604401738000e+15,3.804272353956391073e-01
1.650815604403655000e+15,3.804272353956391073e-01
1.650815604405572000e+15,3.808831078543036819e-01
1.650815604407488750e+15,3.815227810132679753e-01
1.650815604409405750e+15,3.821625376042342981e-01
1.650815604411322750e+15,3.828022941952006208e-01
1.650815604413239500e+15,3.834419673541650253e-01
1.650815604415156500e+15,3.840817239451312926e-01
1.650815604417073500e+15,3.847214805360975598e-01
1.650815604418990500e+15,3.853612371270638826e-01
1.650815604420907250e+15,3.860009102860282870e-01
1.650815604422824250e+15,3.865631585471813736e-01
1.650815604424741250e+15,3.865631585471813736e-01
1.650815604426658000e+15,3.865631585471813736e-01
1.650815604428575000e+15,3.865631585471813736e-01
1.650815604430492000e+15,3.865631585471813736e-01
1.650815604432409000e+15,3.865631585471813736e-01
1.650815604434325750e+15,3.865631585471813736e-01
1.650815604436242750e+15,3.865631585471813736e-01
1.650815604438159750e+15,3.865631585471813736e-01
1.650815604440076750e+15,3.865631585471813181e-01
1.650815604441993500e+15,3.865631585471813736e-01
1.650815604443910500e+15,3.865631585471813181e-01
1.650815604445827500e+15,3.863180806915353926e-01
1.650815604447744250e+15,3.858466778016111376e-01
1.650815604449661250e+15,3.853752134270267415e-01
1.650815604451578250e+15,3.849037490524423455e-01
1.650815604453495250e+15,3.844322846778579494e-01
1.650815604455412000e+15,3.839608817879337499e-01
1.650815604457329000e+15,3.834894174133492983e-01
1.650815604459246000e+15,3.830179530387649023e-01
1.650815604461162750e+15,3.825465501488407583e-01
1.650815604463079750e+15,3.820750857742563622e-01
1.650815604464996750e+15,3.816036213996718551e-01
1.650815604466913750e+15,3.811321570250874591e-01
1.650815604468830500e+15,3.806607541351632595e-01
1.650815604470747500e+15,3.804272353956390518e-01
1.650815604472664500e+15,3.804272353956390518e-01
1.650815604474581250e+15,3.804272353956389963e-01
1.650815604476498250e+15,3.804272353956390518e-01
1.650815604478415250e+15,3.804272353956390518e-01
1.650815604480332250e+15,3.809395144395208987e-01
1.650815604482249000e+15,3.818916704224161185e-01
1.650815604484166000e+15,3.828439505941703125e-01
1.650815604486083000e+15,3.837962307659245065e-01
1.650815604487999750e+15,3.847483867488196152e-01
1.650815604489916750e+15,3.857006669205739202e-01
1.650815604491833750e+15,3.863736714278176443e-01
1.650815604493750750e+15,3.843640072075020786e-01
1.650815604495667500e+15,3.823546050717223643e-01
1.650815604497584500e+15,3.803449408514069097e-01
1.650815604499501500e+15,3.783352766310913995e-01
1.650815604501418250e+15,3.763258744953116297e-01
1.650815604503335250e+15,3.743162102749961750e-01
1.650815604505252250e+15,3.756815511750042913e-01
1.650815604507169250e+15,3.770892300502441952e-01
1.650815604509086000e+15,3.784967253471226978e-01
1.650815604511003000e+15,3.799044042223626572e-01
1.650815604512920000e+15,3.794711628026851691e-01
1.650815604514837000e+15,3.779501742875876480e-01
1.650815604516753750e+15,3.764293841277998043e-01
1.650815604518670750e+15,3.749083956127021722e-01
1.650815604520587750e+15,3.733874070976046511e-01
1.650815604522504500e+15,3.718666169378168629e-01
1.650815604524421500e+15,3.703456284227192308e-01
1.650815604526338500e+15,3.688246399076216542e-01
1.650815604528255500e+15,3.675693647595307811e-01
1.650815604530172250e+15,3.665230097149827504e-01
1.650815604532089250e+15,3.654765181952756570e-01
1.650815604534006250e+15,3.644300266755686191e-01
1.650815604535923000e+15,3.633836716310205883e-01
1.650815604537840000e+15,3.623371801113134949e-01
1.650815604539757000e+15,3.635875090894243877e-01
1.650815604541674000e+15,3.658391485766962492e-01
1.650815604543590750e+15,3.680904944229290710e-01
1.650815604545507750e+15,3.703421339102009879e-01
1.650815604547424750e+15,3.725937733974729049e-01
1.650815604549341500e+15,3.741459820704927108e-01
1.650815604551258500e+15,3.735551062639166364e-01
1.650815604553175500e+15,3.729642304573406175e-01
1.650815604555092500e+15,3.723733546507645986e-01
1.650815604557009250e+15,3.717825559015446313e-01
1.650815604558926250e+15,3.711916800949686124e-01
1.650815604560843250e+15,3.706008042883925935e-01
1.650815604562760000e+15,3.700100055391726261e-01
1.650815604564677000e+15,3.694191297325966072e-01
1.650815604566594000e+15,3.688282539260205883e-01
1.650815604568511000e+15,3.682373781194445139e-01
1.650815604570427750e+15,3.681553890925540196e-01
1.650815604572344750e+15,3.681553890925539640e-01
1.650815604574261750e+15,3.681553890925540196e-01
1.650815604576178500e+15,3.681553890925539640e-01
1.650815604578095500e+15,3.681553890925539640e-01
1.650815604580012500e+15,3.681553890925539640e-01
1.650815604581929500e+15,3.677560729839584597e-01
1.650815604583846250e+15,3.663373720550419099e-01
1.650815604585763250e+15,3.649184860862233482e-01
1.650815604587680250e+15,3.634996001174048419e-01
1.650815604589597000e+15,3.620808991884882921e-01
1.650815604591514000e+15,3.628259794549465456e-01
1.650815604593431000e+15,3.636689927625870178e-01
1.650815604595348000e+15,3.645120060702273790e-01
1.650815604597264750e+15,3.653549094387301688e-01
1.650815604599181750e+15,3.661979227463705855e-01
1.650815604601098750e+15,3.670409360540109467e-01
1.650815604603015750e+15,3.678839493616513634e-01
1.650815604604932500e+15,3.681553890925543526e-01
1.650815604606849500e+15,3.681553890925542416e-01
1.650815604608766500e+15,3.681553890925541861e-01
1.650815604610683250e+15,3.681553890925540751e-01
1.650815604612600250e+15,3.681553890925540196e-01
1.650815604614517250e+15,3.681553890925539640e-01
1.650815604616434250e+15,3.681553890925538530e-01
1.650815604618351000e+15,3.681553890925537420e-01
1.650815604620268000e+15,3.681553890925536310e-01
1.650815604622185000e+15,3.681553890925535755e-01
1.650815604624101750e+15,3.680137363248619509e-01
1.650815604626018750e+15,3.668318065940031625e-01
1.650815604627935750e+15,3.656498768631443186e-01
1.650815604629852750e+15,3.644679471322855857e-01
1.650815604631769500e+15,3.632861715393677082e-01
1.650815604633686500e+15,3.621042418085089198e-01
1.650815604635603500e+15,3.627387594356205613e-01
1.650815604637520250e+15,3.635135308915310448e-01
1.650815604639437250e+15,3.642884034001943050e-01
1.650815604641354250e+15,3.650632759088575652e-01
1.650815604643271250e+15,3.658381484175208254e-01
1.650815604645188000e+15,3.666129198734312533e-01
1.650815604647105000e+15,3.673877923820945690e-01
1.650815604649022000e+15,3.681432347383420400e-01
1.650815604650938750e+15,3.668489648252001301e-01
1.650815604652855750e+15,3.655545261015830105e-01
1.650815604654772750e+15,3.642600873779660020e-01
1.650815604656689750e+15,3.629656486543489380e-01
1.650815604658606500e+15,3.620194659410111981e-01
1.650815604660523500e+15,3.620194659410111981e-01
1.650815604662440500e+15,3.620194659410111981e-01
1.650815604664357250e+15,3.620194659410111981e-01
1.650815604666274250e+15,3.620194659410111426e-01
1.650815604668191250e+15,3.620194659410111981e-01
1.650815604670108250e+15,3.620194659410111981e-01
1.650815604672025000e+15,3.620194659410111981e-01
1.650815604673942000e+15,3.620194659410111426e-01
1.650815604675859000e+15,3.620194659410111981e-01
1.650815604677776000e+15,3.620194659410111426e-01
1.650815604679692750e+15,3.620194659410111426e-01
1.650815604681609750e+15,3.620194659410111981e-01
1.650815604683526750e+15,3.620194659410111981e-01
1.650815604685443500e+15,3.620194659410111981e-01
1.650815604687360500e+15,3.620194659410111981e-01
1.650815604689277500e+15,3.620194659410111981e-01
1.650815604691194500e+15,3.620194659410111426e-01
1.650815604693111250e+15,3.620194659410111981e-01
1.650815604695028250e+15,3.620194659410111426e-01
1.650815604696945250e+15,3.620194659410111981e-01
1.650815604698862000e+15,3.620194659410111981e-01
1.650815604700779000e+15,3.620194659410111981e-01
1.650815604702696000e+15,3.620194659410111981e-01
1.650815604704613000e+15,3.620194659410111981e-01
1.650815604706529750e+15,3.620194659410111981e-01
1.650815604708446750e+15,3.620194659410111981e-01
1.650815604710363750e+15,3.620194659410111981e-01
1.650815604712280500e+15,3.615735143124074180e-01
1.650815604714197500e+15,3.598789865184857106e-01
1.650815604716114500e+15,3.581844587245640033e-01
1.650815604718031500e+15,3.564899309306422959e-01
1.650815604719948250e+15,3.547956241236525643e-01
1.650815604721865250e+15,3.531010963297308014e-01
1.650815604723782250e+15,3.514065685358090940e-01
1.650815604725699000e+15,3.497182822095176169e-01
1.650815604727616000e+15,3.483122859530620175e-01
1.650815604729533000e+15,3.469062896966064180e-01
1.650815604731450000e+15,3.455002934401508741e-01
1.650815604733366750e+15,3.440944805426228159e-01
1.650815604735283750e+15,3.442834301154492627e-01
1.650815604737200750e+15,3.453064397416023557e-01
1.650815604739117500e+15,3.463293159549195588e-01
1.650815604741034500e+15,3.473523255810725963e-01
1.650815604742951500e+15,3.483753352072257448e-01
1.650815604744868500e+15,3.493983448333787822e-01
1.650815604746785250e+15,3.497476196379261104e-01
1.650815604748702250e+15,3.497476196379261104e-01
1.650815604750619250e+15,3.497476196379261104e-01
1.650815604752536250e+15,3.497476196379261104e-01
1.650815604754453000e+15,3.497476196379261104e-01
1.650815604756370000e+15,3.497476196379261104e-01
1.650815604758287000e+15,3.497476196379261104e-01
1.650815604760203750e+15,3.497476196379261104e-01
1.650815604762120750e+15,3.497476196379261104e-01
1.650815604764037750e+15,3.497476196379261104e-01
1.650815604765954750e+15,3.497476196379261104e-01
1.650815604767871500e+15,3.497476196379261659e-01
1.650815604769788500e+15,3.497476196379261104e-01
1.650815604771705500e+15,3.497476196379261104e-01
1.650815604773622250e+15,3.497476196379261104e-01
1.650815604775539250e+15,3.497476196379261104e-01
1.650815604777456250e+15,3.497476196379261104e-01
1.650815604779373250e+15,3.497476196379261659e-01
1.650815604781290000e+15,3.497476196379261659e-01
1.650815604783207000e+15,3.497476196379261104e-01
1.650815604785124000e+15,3.497476196379261104e-01
1.650815604787040750e+15,3.497476196379261104e-01
1.650815604788957750e+15,3.497476196379261104e-01
1.650815604790874750e+15,3.497476196379261104e-01
1.650815604792791750e+15,3.497476196379261659e-01
1.650815604794708500e+15,3.497476196379261104e-01
1.650815604796625500e+15,3.497476196379261104e-01
1.650815604798542500e+15,3.497476196379261104e-01
1.650815604800459250e+15,3.497476196379261104e-01
1.650815604802376250e+15,3.497476196379261104e-01
1.650815604804293250e+15,3.497476196379261104e-01
1.650815604806210250e+15,3.497476196379261104e-01
1.650815604808127000e+15,3.497476196379259994e-01
1.650815604810044000e+15,3.497476196379259439e-01
1.650815604811961000e+15,3.497476196379259439e-01
1.650815604813877750e+15,3.497476196379258884e-01
1.650815604815794750e+15,3.497476196379258884e-01
1.650815604817711750e+15,3.497476196379257773e-01
1.650815604819628750e+15,3.497476196379257773e-01
1.650815604821545500e+15,3.497476196379257773e-01
1.650815604823462500e+15,3.497476196379257218e-01
1.650815604825379500e+15,3.497476196379257218e-01
1.650815604827296250e+15,3.497476196379257218e-01
1.650815604829213250e+15,3.497476196379258329e-01
1.650815604831130250e+15,3.497476196379258884e-01
1.650815604833047250e+15,3.497476196379259994e-01
1.650815604834964000e+15,3.497476196379260549e-01
1.650815604836881000e+15,3.497476196379261659e-01
1.650815604838798000e+15,3.497476196379261104e-01
1.650815604840715000e+15,3.497476196379261104e-01
1.650815604842631750e+15,3.497476196379261104e-01
1.650815604844548750e+15,3.497476196379261104e-01
1.650815604846465750e+15,3.497476196379261659e-01
1.650815604848382500e+15,3.497476196379261104e-01
1.650815604850299500e+15,3.497476196379261104e-01
1.650815604852216500e+15,3.497476196379261104e-01
1.650815604854133500e+15,3.497476196379261104e-01
1.650815604856050250e+15,3.497476196379261104e-01
1.650815604857967250e+15,3.497476196379261104e-01
1.650815604859884250e+15,3.497476196379261104e-01
1.650815604861801000e+15,3.497476196379261104e-01
1.650815604863718000e+15,3.497476196379261104e-01
1.650815604865635000e+15,3.497476196379261104e-01
1.650815604867552000e+15,3.497476196379261104e-01
1.650815604869468750e+15,3.497476196379261104e-01
1.650815604871385750e+15,3.497476196379261104e-01
1.650815604873302750e+15,3.497476196379259994e-01
1.650815604875219500e+15,3.497476196379258884e-01
1.650815604877136500e+15,3.497476196379258329e-01
1.650815604879053500e+15,3.497476196379257218e-01
1.650815604880970500e+15,3.498577929642969764e-01
1.650815604882887250e+15,3.508242676705768393e-01
1.650815604884804250e+15,3.517908684332943237e-01
1.650815604886721250e+15,3.527574691960116970e-01
1.650815604888638000e+15,3.537239439022916709e-01
1.650815604890555000e+15,3.546905446650090443e-01
1.650815604892472000e+15,3.556571454277264732e-01
1.650815604894389000e+15,3.551974634851452484e-01
1.650815604896305750e+15,3.543016579629637564e-01
1.650815604898222750e+15,3.534057356016637175e-01
1.650815604900139750e+15,3.525098132403636786e-01
1.650815604902056500e+15,3.516140077181822421e-01
1.650815604903973500e+15,3.507180853568822032e-01
1.650815604905890500e+15,3.498221629955821088e-01
1.650815604907807500e+15,3.487961563470456383e-01
1.650815604909724250e+15,3.477584793838624511e-01
1.650815604911641250e+15,3.467206670773946842e-01
1.650815604913558250e+15,3.456828547709268618e-01
1.650815604915475250e+15,3.446450424644591504e-01
1.650815604917392000e+15,3.436153162330995436e-01
1.650815604919309000e+15,3.444826980398621452e-01
1.650815604921226000e+15,3.453500798466247468e-01
1.650815604923142750e+15,3.462173485363024827e-01
1.650815604925059750e+15,3.470847303430650843e-01
1.650815604926976750e+15,3.479521121498276304e-01
1.650815604928893750e+15,3.488194939565902319e-01
1.650815604930810500e+15,3.496867626462679124e-01
1.650815604932727500e+15,3.477703471046851846e-01
1.650815604934644500e+15,3.456438778501417231e-01
1.650815604936561250e+15,3.435176859129241422e-01
1.650815604938478250e+15,3.413912166583806806e-01
1.650815604940395250e+15,3.392647474038372191e-01
1.650815604942312250e+15,3.372951216395775886e-01
1.650815604944229000e+15,3.361570308034328436e-01
1.650815604946146000e+15,3.350187915271111150e-01
1.650815604948063000e+15,3.338805522507893864e-01
1.650815604949979750e+15,3.327424614146445858e-01
1.650815604951896750e+15,3.316042221383228572e-01
1.650815604953813750e+15,3.317711906923870302e-01
1.650815604955730750e+15,3.323330250772508765e-01
1.650815604957647500e+15,3.328947861921114360e-01
1.650815604959564500e+15,3.334566205769752267e-01
1.650815604961481500e+15,3.340184549618390175e-01
1.650815604963398250e+15,3.345802160766995215e-01
1.650815604965315250e+15,3.351420504615633122e-01
1.650815604967232250e+15,3.357038848464271030e-01
1.650815604969149250e+15,3.362657192312909493e-01
1.650815604971066000e+15,3.368274803461515088e-01
1.650815604972983000e+15,3.373893147310152441e-01
1.650815604974900000e+15,3.374757733348414113e-01
1.650815604976816750e+15,3.374757733348413558e-01
1.650815604978733750e+15,3.374757733348413558e-01
1.650815604980650750e+15,3.374757733348413002e-01
1.650815604982567750e+15,3.374757733348412447e-01
1.650815604984484500e+15,3.374757733348412447e-01
1.650815604986401500e+15,3.374757733348411892e-01
1.650815604988318500e+15,3.374757733348411337e-01
1.650815604990235500e+15,3.374757733348411337e-01
1.650815604992152250e+15,3.374757733348411337e-01
1.650815604994069250e+15,3.374757733348409672e-01
1.650815604995986250e+15,3.374757733348410227e-01
1.650815604997903000e+15,3.374757733348410227e-01
1.650815604999820000e+15,3.374757733348410227e-01
1.650815605001737000e+15,3.374757733348410227e-01
1.650815605003654000e+15,3.374757733348410227e-01
1.650815605005570750e+15,3.374757733348410227e-01
1.650815605007487750e+15,3.374757733348409672e-01
1.650815605009404750e+15,3.374757733348409117e-01
1.650815605011321500e+15,3.374757733348408006e-01
1.650815605013238500e+15,3.374757733348408006e-01
1.650815605015155500e+15,3.374757733348407451e-01
1.650815605017072500e+15,3.374757733348406896e-01
1.650815605018989250e+15,3.374757733348406341e-01
1.650815605020906250e+15,3.374757733348406341e-01
1.650815605022823250e+15,3.374757733348406896e-01
1.650815605024740000e+15,3.374757733348408006e-01
1.650815605026657000e+15,3.374757733348409117e-01
1.650815605028574000e+15,3.374757733348410227e-01
1.650815605030491000e+15,3.374757733348411337e-01
1.650815605032407750e+15,3.374757733348411892e-01
1.650815605034324750e+15,3.374757733348412447e-01
1.650815605036241750e+15,3.374757733348414113e-01
1.650815605038158500e+15,3.374757733348414668e-01
1.650815605040075500e+15,3.374757733348414113e-01
1.650815605041992500e+15,3.374757733348413002e-01
1.650815605043909500e+15,3.374757733348412447e-01
1.650815605045826250e+15,3.374757733348411337e-01
1.650815605047743250e+15,3.374757733348410782e-01
1.650815605049660250e+15,3.374757733348410227e-01
1.650815605051577000e+15,3.374757733348409117e-01
1.650815605053494000e+15,3.374757733348408562e-01
1.650815605055411000e+15,3.374757733348408006e-01
1.650815605057328000e+15,3.374757733348406896e-01
1.650815605059244750e+15,3.374757733348406341e-01
1.650815605061161750e+15,3.374757733348406341e-01
1.650815605063078750e+15,3.374757733348408006e-01
1.650815605064995750e+15,3.374757733348410227e-01
1.650815605066912500e+15,3.374757733348411337e-01
1.650815605068829500e+15,3.374757733348413558e-01
1.650815605070746500e+15,3.374757733348414113e-01
1.650815605072663250e+15,3.374757733348413002e-01
1.650815605074580250e+15,3.374757733348411337e-01
1.650815605076497250e+15,3.374757733348410227e-01
1.650815605078414250e+15,3.374757733348409117e-01
1.650815605080331000e+15,3.374757733348407451e-01
1.650815605082248000e+15,3.374757733348406341e-01
1.650815605084165000e+15,3.374757733348405786e-01
1.650815605086081750e+15,3.374757733348405786e-01
1.650815605087998750e+15,3.374757733348405786e-01
1.650815605089915750e+15,3.374757733348405786e-01
1.650815605091832750e+15,3.374757733348405786e-01
1.650815605093749500e+15,3.374757733348405786e-01
1.650815605095666500e+15,3.374757733348405786e-01
1.650815605097583500e+15,3.374757733348405786e-01
1.650815605099500250e+15,3.374757733348406341e-01
1.650815605101417250e+15,3.374757733348405786e-01
1.650815605103334250e+15,3.374757733348405786e-01
1.650815605105251250e+15,3.374757733348406341e-01
1.650815605107168000e+15,3.374757733348406896e-01
1.650815605109085000e+15,3.374757733348406896e-01
1.650815605111002000e+15,3.374757733348407451e-01
1.650815605112918750e+15,3.374757733348408006e-01
1.650815605114835750e+15,3.374757733348408562e-01
1.650815605116752750e+15,3.374757733348408562e-01
1.650815605118669750e+15,3.374757733348409117e-01
1.650815605120586500e+15,3.374757733348409117e-01
1.650815605122503500e+15,3.374757733348410227e-01
1.650815605124420500e+15,3.370238273140414575e-01
1.650815605126337250e+15,3.359980516652935068e-01
1.650815605128254250e+15,3.349721422255388936e-01
1.650815605130171250e+15,3.339462327857841695e-01
1.650815605132088250e+15,3.329203233460295563e-01
1.650815605134005000e+15,3.318945476972816611e-01
1.650815605135922000e+15,3.308686382575269924e-01
1.650815605137839000e+15,3.298427288177723238e-01
1.650815605139755750e+15,3.288169531690244285e-01
1.650815605141672750e+15,3.277910437292697043e-01
1.650815605143589750e+15,3.267651342895150912e-01
1.650815605145506750e+15,3.257392248497604226e-01
1.650815605147423500e+15,3.237890135663165636e-01
1.650815605149340500e+15,3.208295055322224476e-01
1.650815605151257500e+15,3.178699974981283316e-01
1.650815605153174500e+15,3.149104894640342156e-01
1.650815605155091250e+15,3.119513673856044722e-01
1.650815605157008250e+15,3.089918593515103007e-01
1.650815605158925250e+15,3.060323513174162402e-01
1.650815605160842000e+15,3.030732292389864413e-01
1.650815605162759000e+15,3.012522531761025468e-01
1.650815605164676000e+15,3.044581852233926300e-01
1.650815605166593000e+15,3.076641172706826577e-01
1.650815605168509750e+15,3.108696312256347682e-01
1.650815605170426750e+15,3.140755632729248514e-01
1.650815605172343750e+15,3.172814953202148791e-01
1.650815605174260500e+15,3.190680038802136131e-01
1.650815605176177500e+15,3.190680038802136131e-01
1.650815605178094500e+15,3.190680038802136131e-01
1.650815605180011500e+15,3.190680038802136131e-01
1.650815605181928250e+15,3.190680038802136131e-01
1.650815605183845250e+15,3.190680038802136131e-01
1.650815605185762250e+15,3.190680038802136131e-01
1.650815605187679000e+15,3.190680038802136131e-01
1.650815605189596000e+15,3.190680038802136131e-01
1.650815605191513000e+15,3.185063688808054683e-01
1.650815605193430000e+15,3.171081165511101529e-01
1.650815605195346750e+15,3.157100465704406056e-01
1.650815605197263750e+15,3.143117942407452348e-01
1.650815605199180750e+15,3.129135419110498084e-01
1.650815605201097500e+15,3.115154719303802611e-01
1.650815605203014500e+15,3.101172196006849457e-01
1.650815605204931500e+15,3.087189672709895749e-01
1.650815605206848500e+15,3.073207149412942041e-01
1.650815605208765250e+15,3.059226449606246567e-01
1.650815605210682250e+15,3.045243926309292859e-01
1.650815605212599250e+15,3.031261403012339706e-01
1.650815605214516000e+15,3.017280703205644232e-01
1.650815605216433000e+15,3.014979599191507376e-01
1.650815605218350000e+15,3.050430366766875845e-01
1.650815605220267000e+15,3.085881134342243759e-01
1.650815605222183750e+15,3.121327278708485586e-01
1.650815605224100750e+15,3.156778046283853500e-01
1.650815605226017750e+15,3.192228813859221415e-01
1.650815605227934750e+15,3.227679581434589329e-01
1.650815605229851500e+15,3.237415990932348553e-01
1.650815605231768500e+15,3.190655646342775986e-01
1.650815605233685500e+15,3.143895301753202864e-01
1.650815605235602250e+15,3.097141055278469501e-01
1.650815605237519250e+15,3.050380710688896380e-01
1.650815605239436250e+15,3.003620366099323258e-01
1.650815605241353250e+15,2.956860021509750691e-01
1.650815605243270000e+15,2.910105775035017328e-01
1.650815605245187000e+15,2.863345430445444761e-01
1.650815605247104000e+15,2.816585085855871640e-01
1.650815605249020750e+15,2.769830839381138832e-01
1.650815605250937750e+15,2.773000878855236273e-01
1.650815605252854750e+15,2.787528542109465324e-01
1.650815605254771750e+15,2.802056205363693819e-01
1.650815605256688500e+15,2.816581974034816915e-01
1.650815605258605500e+15,2.831109637289045411e-01
1.650815605260522500e+15,2.845637300543274462e-01
1.650815605262439250e+15,2.860163069214397558e-01
1.650815605264356250e+15,2.874690732468626053e-01
1.650815605266273250e+15,2.889218395722855104e-01
1.650815605268190250e+15,2.903746058977083599e-01
1.650815605270107000e+15,2.918271827648206695e-01
1.650815605272024000e+15,2.932799490902435746e-01
1.650815605273941000e+15,2.944366734394805452e-01
1.650815605275857750e+15,2.938258377325769777e-01
1.650815605277774750e+15,2.932149223549147532e-01
1.650815605279691750e+15,2.926040069772525287e-01
1.650815605281608750e+15,2.919930915995903042e-01
1.650815605283525500e+15,2.913822558926868478e-01
1.650815605285442500e+15,2.907713405150246233e-01
1.650815605287359500e+15,2.901604251373623988e-01
1.650815605289276250e+15,2.895495894304588869e-01
1.650815605291193250e+15,2.889386740527966069e-01
1.650815605293110250e+15,2.883883881225002277e-01
1.650815605295027250e+15,2.883883881225002277e-01
1.650815605296944000e+15,2.883883881225002277e-01
1.650815605298861000e+15,2.883883881225002277e-01
1.650815605300778000e+15,2.883883881225002277e-01
1.650815605302695000e+15,2.883883881225002832e-01
1.650815605304611750e+15,2.883883881225002832e-01
1.650815605306528750e+15,2.883883881225002277e-01
1.650815605308445750e+15,2.877075357708134828e-01
1.650815605310362500e+15,2.867341822410013896e-01
1.650815605312279500e+15,2.857607017575529706e-01
1.650815605314196500e+15,2.847872212741044962e-01
1.650815605316113500e+15,2.838137407906560772e-01
1.650815605318030250e+15,2.828403872608439285e-01
1.650815605319947250e+15,2.819979746588844316e-01
1.650815605321864250e+15,2.813554222344604172e-01
1.650815605323781000e+15,2.807129536066489406e-01
1.650815605325698000e+15,2.800704011822249262e-01
1.650815605327615000e+15,2.794278487578009118e-01
1.650815605329532000e+15,2.787852963333768974e-01
1.650815605331448750e+15,2.781428277055654208e-01
1.650815605333365750e+15,2.775002752811414064e-01
1.650815605335282750e+15,2.768577228567173920e-01
1.650815605337199500e+15,2.762152542289058044e-01
1.650815605339116500e+15,2.761165418194155841e-01
1.650815605341033500e+15,2.761165418194155841e-01
1.650815605342950500e+15,2.761165418194155841e-01
1.650815605344867250e+15,2.761165418194155841e-01
1.650815605346784250e+15,2.761165418194155841e-01
1.650815605348701250e+15,2.761165418194155841e-01
1.650815605350618000e+15,2.761165418194155841e-01
1.650815605352535000e+15,2.761165418194155841e-01
1.650815605354452000e+15,2.761165418194155841e-01
1.650815605356369000e+15,2.761165418194155841e-01
1.650815605358285750e+15,2.761165418194155841e-01
1.650815605360202750e+15,2.760772429448842824e-01
1.650815605362119750e+15,2.755935450798662756e-01
1.650815605364036500e+15,2.751099102949037256e-01
1.650815605365953500e+15,2.746262124298857188e-01
1.650815605367870500e+15,2.741425145648677120e-01
1.650815605369787500e+15,2.736588166998497051e-01
1.650815605371704250e+15,2.731751819148872107e-01
1.650815605373621250e+15,2.726914840498692039e-01
1.650815605375538250e+15,2.722077861848511970e-01
1.650815605377455250e+15,2.717240883198331902e-01
1.650815605379372000e+15,2.712404535348706403e-01
1.650815605381289000e+15,2.707567556698526889e-01
1.650815605383206000e+15,2.702730578048346266e-01
1.650815605385122750e+15,2.703004134108455969e-01
1.650815605387039750e+15,2.711094487421273902e-01
1.650815605388956750e+15,2.719184840734092390e-01
1.650815605390873750e+15,2.727275194046910878e-01
1.650815605392790500e+15,2.735364492279745985e-01
1.650815605394707500e+15,2.743454845592564473e-01
1.650815605396624500e+15,2.751545198905382406e-01
1.650815605398541250e+15,2.759634497138217513e-01
1.650815605400458250e+15,2.756766747211131796e-01
1.650815605402375250e+15,2.751341460240278591e-01
1.650815605404292250e+15,2.745916173269425942e-01
1.650815605406209000e+15,2.740491593821651750e-01
1.650815605408126000e+15,2.735066306850798545e-01
1.650815605410043000e+15,2.729641019879945896e-01
1.650815605411959750e+15,2.724216440432171149e-01
1.650815605413876750e+15,2.718791153461318499e-01
1.650815605415793750e+15,2.713365866490465295e-01
1.650815605417710750e+15,2.707940579519612090e-01
1.650815605419627500e+15,2.702516000071838453e-01
1.650815605421544500e+15,2.696849616466351907e-01
1.650815605423461500e+15,2.690942638772630402e-01
1.650815605425378250e+15,2.685036431420287917e-01
1.650815605427295250e+15,2.679129453726566412e-01
1.650815605429212250e+15,2.673222476032844908e-01
1.650815605431129250e+15,2.667315498339123403e-01
1.650815605433046000e+15,2.661409290986780918e-01
1.650815605434963000e+15,2.655502313293059968e-01
1.650815605436880000e+15,2.649595335599338464e-01
1.650815605438796750e+15,2.643689128246995423e-01
1.650815605440713750e+15,2.638933530463754562e-01
1.650815605442630750e+15,2.643256890143803051e-01
1.650815605444547750e+15,2.647580249823850984e-01
1.650815605446464500e+15,2.651903045685474747e-01
1.650815605448381500e+15,2.656226405365523235e-01
1.650815605450298500e+15,2.660549765045571724e-01
1.650815605452215250e+15,2.664872560907195487e-01
1.650815605454132250e+15,2.669195920587243420e-01
1.650815605456049250e+15,2.673519280267291909e-01
1.650815605457966250e+15,2.677842639947340397e-01
1.650815605459883000e+15,2.682165435808964160e-01
1.650815605461800000e+15,2.686488795489012094e-01
1.650815605463717000e+15,2.690812155169060582e-01
1.650815605465634000e+15,2.695135514849109071e-01
1.650815605467550750e+15,2.699458310710732833e-01
1.650815605469467750e+15,2.709379649712346239e-01
1.650815605471384750e+15,2.719790841676860138e-01
1.650815605473301500e+15,2.730200675895942952e-01
1.650815605475218500e+15,2.740611867860456297e-01
1.650815605477135500e+15,2.751023059824970196e-01
1.650815605479052500e+15,2.760046439208518887e-01
1.650815605480969250e+15,2.716717086264691106e-01
1.650815605482886250e+15,2.673382081911845343e-01
1.650815605484803250e+15,2.630047077558999025e-01
1.650815605486720000e+15,2.586717724615171798e-01
1.650815605488637000e+15,2.577087723647873418e-01
1.650815605490554000e+15,2.577087723647873974e-01
1.650815605492471000e+15,2.577087723647874529e-01
1.650815605494387750e+15,2.577087723647875084e-01
1.650815605496304750e+15,2.577087723647876194e-01
1.650815605498221750e+15,2.577087723647876749e-01
1.650815605500138500e+15,2.577087723647876749e-01
1.650815605502055500e+15,2.579416121785904070e-01
1.650815605503972500e+15,2.585332012084906594e-01
1.650815605505889500e+15,2.591247902383908563e-01
1.650815605507806250e+15,2.597163021179220710e-01
1.650815605509723250e+15,2.603078911478223234e-01
1.650815605511640250e+15,2.608994801777225758e-01
1.650815605513557000e+15,2.614909920572537905e-01
1.650815605515474000e+15,2.620825810871540429e-01
1.650815605517391000e+15,2.626741701170542953e-01
1.650815605519308000e+15,2.632657591469544922e-01
1.650815605521224750e+15,2.638335055915851379e-01
1.650815605523141750e+15,2.633070985796582830e-01
1.650815605525058750e+15,2.627806915677314281e-01
1.650815605526975500e+15,2.622543532056496041e-01
1.650815605528892500e+15,2.617279461937227492e-01
1.650815605530809500e+15,2.612015391817958943e-01
1.650815605532726500e+15,2.606751321698690393e-01
1.650815605534643250e+15,2.601487938077872153e-01
1.650815605536560250e+15,2.596223867958603049e-01
1.650815605538477250e+15,2.590959797839335055e-01
1.650815605540394250e+15,2.585695727720065951e-01
1.650815605542311000e+15,2.580432344099248265e-01
1.650815605544228000e+15,2.583834102386266540e-01
1.650815605546145000e+15,2.602335973690248494e-01
1.650815605548061750e+15,2.620835432126298326e-01
1.650815605549978750e+15,2.639337303430280834e-01
1.650815605551895750e+15,2.657839174734263343e-01
1.650815605553812750e+15,2.676341046038244742e-01
1.650815605555729500e+15,2.694840504474294574e-01
1.650815605557646500e+15,2.678420420724357265e-01
1.650815605559563500e+15,2.649189395173891515e-01
1.650815605561480250e+15,2.619962181702918391e-01
1.650815605563397250e+15,2.590731156152452641e-01
1.650815605565314250e+15,2.561500130601986891e-01
1.650815605567231250e+15,2.532269105051520586e-01
1.650815605569148000e+15,2.515728492132445204e-01
1.650815605571065000e+15,2.515728492132445204e-01
1.650815605572982000e+15,2.515728492132445204e-01
1.650815605574898750e+15,2.515728492132445204e-01
1.650815605576815750e+15,2.515728492132445204e-01
1.650815605578732750e+15,2.515728492132445204e-01
1.650815605580649750e+15,2.503126673633508381e-01
1.650815605582566500e+15,2.484442058968772682e-01
1.650815605584483500e+15,2.465755007286342393e-01
1.650815605586400500e+15,2.447067955603911826e-01
1.650815605588317250e+15,2.428383340939176405e-01
1.650815605590234250e+15,2.409696289256745838e-01
1.650815605592151250e+15,2.393010029101607650e-01
1.650815605594068250e+15,2.393010029101607650e-01
1.650815605595985000e+15,2.393010029101607650e-01
1.650815605597902000e+15,2.393010029101607650e-01
1.650815605599819000e+15,2.393010029101607650e-01
1.650815605601735750e+15,2.393010029101607650e-01
1.650815605603652750e+15,2.393010029101607650e-01
1.650815605605569750e+15,2.393010029101607650e-01
1.650815605607486750e+15,2.393010029101607650e-01
1.650815605609403500e+15,2.393010029101607650e-01
1.650815605611320500e+15,2.393010029101607650e-01
1.650815605613237500e+15,2.393010029101607650e-01
1.650815605615154500e+15,2.393010029101607650e-01
1.650815605617071250e+15,2.393010029101607927e-01
1.650815605618988250e+15,2.393010029101607927e-01
1.650815605620905250e+15,2.393010029101607650e-01
1.650815605622822000e+15,2.393010029101607650e-01
1.650815605624739000e+15,2.393010029101607650e-01
1.650815605626656000e+15,2.393010029101607650e-01
1.650815605628573000e+15,2.393010029101607650e-01
1.650815605630489750e+15,2.393010029101607650e-01
1.650815605632406750e+15,2.393010029101607650e-01
1.650815605634323750e+15,2.393010029101607650e-01
1.650815605636240500e+15,2.393010029101607650e-01
1.650815605638157500e+15,2.393010029101607927e-01
1.650815605640074500e+15,2.393010029101607650e-01
1.650815605641991500e+15,2.393010029101607650e-01
1.650815605643908250e+15,2.393010029101607650e-01
1.650815605645825250e+15,2.393010029101607927e-01
1.650815605647742250e+15,2.393010029101607650e-01
1.650815605649659000e+15,2.393010029101607927e-01
1.650815605651576000e+15,2.393010029101607927e-01
1.650815605653493000e+15,2.393010029101607927e-01
1.650815605655410000e+15,2.393010029101607650e-01
1.650815605657326750e+15,2.393010029101607650e-01
1.650815605659243750e+15,2.393010029101607372e-01
1.650815605661160750e+15,2.393010029101606539e-01
1.650815605663077500e+15,2.393010029101605707e-01
1.650815605664994500e+15,2.393010029101604597e-01
1.650815605666911500e+15,2.393010029101603764e-01
1.650815605668828500e+15,2.393010029101603209e-01
1.650815605670745250e+15,2.393010029101603209e-01
1.650815605672662250e+15,2.393010029101603209e-01
1.650815605674579250e+15,2.393010029101603209e-01
1.650815605676496000e+15,2.393010029101603486e-01
1.650815605678413000e+15,2.393010029101603486e-01
1.650815605680330000e+15,2.393010029101603209e-01
1.650815605682247000e+15,2.393010029101603209e-01
1.650815605684163750e+15,2.393010029101603209e-01
1.650815605686080750e+15,2.393010029101603209e-01
1.650815605687997750e+15,2.393010029101603209e-01
1.650815605689914750e+15,2.393010029101602931e-01
1.650815605691831500e+15,2.393010029101603209e-01
1.650815605693748500e+15,2.393010029101603486e-01
1.650815605695665500e+15,2.393010029101603209e-01
1.650815605697582250e+15,2.393010029101603209e-01
1.650815605699499250e+15,2.393010029101603209e-01
1.650815605701416250e+15,2.393010029101603209e-01
1.650815605703333250e+15,2.393010029101603209e-01
1.650815605705250000e+15,2.393010029101602931e-01
1.650815605707167000e+15,2.393010029101602931e-01
1.650815605709084000e+15,2.393010029101602931e-01
1.650815605711000750e+15,2.393010029101602931e-01
1.650815605712917750e+15,2.393010029101602931e-01
1.650815605714834750e+15,2.393010029101602931e-01
1.650815605716751750e+15,2.393010029101603209e-01
1.650815605718668500e+15,2.393010029101603209e-01
1.650815605720585500e+15,2.393010029101602931e-01
1.650815605722502500e+15,2.393010029101602931e-01
1.650815605724419250e+15,2.393010029101603209e-01
1.650815605726336250e+15,2.393010029101603209e-01
1.650815605728253250e+15,2.393010029101603486e-01
1.650815605730170250e+15,2.393010029101603764e-01
1.650815605732087000e+15,2.393010029101604319e-01
1.650815605734004000e+15,2.393010029101604319e-01
1.650815605735921000e+15,2.393010029101604874e-01
1.650815605737837750e+15,2.393010029101605429e-01
1.650815605739754750e+15,2.393010029101605429e-01
1.650815605741671750e+15,2.393010029101605984e-01
1.650815605743588750e+15,2.393010029101606539e-01
1.650815605745505500e+15,2.393010029101606817e-01
1.650815605747422500e+15,2.393010029101607372e-01
1.650815605749339500e+15,2.393010029101607650e-01
1.650815605751256250e+15,2.393010029101607095e-01
1.650815605753173250e+15,2.393010029101605984e-01
1.650815605755090250e+15,2.393010029101604597e-01
1.650815605757007250e+15,2.393010029101603486e-01
1.650815605758924000e+15,2.393010029101602099e-01
1.650815605760841000e+15,2.393010029101600988e-01
1.650815605762758000e+15,2.393010029101599601e-01
1.650815605764674750e+15,2.390025300819133836e-01
1.650815605766591750e+15,2.381583066783744818e-01
1.650815605768508750e+15,2.373140832748355522e-01
1.650815605770425750e+15,2.364698598712967059e-01
1.650815605772342500e+15,2.356257465647066396e-01
1.650815605774259500e+15,2.347815231611677100e-01
1.650815605776176500e+15,2.339372997576288082e-01
1.650815605778093500e+15,2.331650797586171109e-01
1.650815605780010250e+15,2.331650797586171664e-01
1.650815605781927250e+15,2.331650797586172219e-01
1.650815605783844250e+15,2.331650797586172219e-01
1.650815605785761000e+15,2.331650797586172774e-01
1.650815605787678000e+15,2.331650797586173052e-01
1.650815605789595000e+15,2.331650797586173884e-01
1.650815605791512000e+15,2.331650797586173884e-01
1.650815605793428750e+15,2.331650797586174717e-01
1.650815605795345750e+15,2.331650797586174995e-01
1.650815605797262750e+15,2.331650797586175272e-01
1.650815605799179500e+15,2.331650797586175550e-01
1.650815605801096500e+15,2.331650797586175550e-01
1.650815605803013500e+15,2.331650797586175550e-01
1.650815605804930500e+15,2.331650797586175550e-01
1.650815605806847250e+15,2.331650797586175550e-01
1.650815605808764250e+15,2.331650797586175550e-01
1.650815605810681250e+15,2.331650797586175550e-01
1.650815605812598000e+15,2.331650797586175272e-01
1.650815605814515000e+15,2.331650797586175272e-01
1.650815605816432000e+15,2.331650797586175550e-01
1.650815605818349000e+15,2.331650797586175550e-01
1.650815605820265750e+15,2.331650797586175550e-01
1.650815605822182750e+15,2.331650797586175550e-01
1.650815605824099750e+15,2.331650797586175272e-01
1.650815605826016500e+15,2.331650797586175550e-01
1.650815605827933500e+15,2.331650797586175550e-01
1.650815605829850500e+15,2.331650797586175272e-01
1.650815605831767500e+15,2.337280601846941641e-01
1.650815605833684250e+15,2.343826508620871218e-01
1.650815605835601250e+15,2.350373269171607271e-01
1.650815605837518250e+15,2.356920029722343324e-01
1.650815605839435000e+15,2.363465936496273179e-01
1.650815605841352000e+15,2.370012697047009231e-01
1.650815605843269000e+15,2.376559457597745284e-01
1.650815605845186000e+15,2.383106218148481337e-01
1.650815605847102750e+15,2.389652124922411192e-01
1.650815605849019750e+15,2.355958391403266128e-01
1.650815605850936750e+15,2.279890932803306791e-01
1.650815605852853750e+15,2.203823474203347454e-01
1.650815605854770500e+15,2.127765935720576373e-01
1.650815605856687500e+15,2.051698477120617037e-01
1.650815605858604500e+15,2.028445531488735631e-01
1.650815605860521250e+15,2.033993972636406744e-01
1.650815605862438250e+15,2.039543137462328792e-01
1.650815605864355250e+15,2.045092302288250563e-01
1.650815605866272250e+15,2.050641467114172611e-01
1.650815605868189000e+15,2.056189908261843446e-01
1.650815605870106000e+15,2.061739073087765495e-01
1.650815605872023000e+15,2.067288237913687543e-01
1.650815605873939750e+15,2.072836679061358656e-01
1.650815605875856750e+15,2.078385843887280426e-01
1.650815605877773750e+15,2.083935008713202197e-01
1.650815605879690750e+15,2.091122219028867801e-01
1.650815605881607500e+15,2.099449791570621726e-01
1.650815605883524500e+15,2.107778450270265946e-01
1.650815605885441500e+15,2.116107108969910444e-01
1.650815605887358250e+15,2.124434681511664924e-01
1.650815605889275250e+15,2.132763340211308867e-01
1.650815605891192250e+15,2.141091998910953087e-01
1.650815605893109250e+15,2.137806840028042277e-01
1.650815605895026000e+15,2.093786887934023788e-01
1.650815605896943000e+15,2.049761194356753136e-01
1.650815605898860000e+15,2.005735500779482483e-01
1.650815605900776750e+15,1.961715548685463995e-01
1.650815605902693750e+15,1.917689855108193620e-01
1.650815605904610750e+15,1.905980431439042444e-01
1.650815605906527750e+15,1.911924723273238369e-01
1.650815605908444500e+15,1.917868239899839233e-01
1.650815605910361500e+15,1.923812531734035436e-01
1.650815605912278500e+15,1.929756823568231083e-01
1.650815605914195250e+15,1.935700340194832503e-01
1.650815605916112250e+15,1.941644632029028150e-01
1.650815605918029250e+15,1.947588923863224075e-01
1.650815605919946250e+15,1.953533215697419723e-01
1.650815605921863000e+15,1.959476732324021142e-01
1.650815605923780000e+15,1.963495408493618477e-01
1.650815605925697000e+15,1.963495408493619032e-01
1.650815605927614000e+15,1.963495408493619310e-01
1.650815605929530750e+15,1.963495408493619587e-01
1.650815605931447750e+15,1.963495408493620142e-01
1.650815605933364750e+15,1.963495408493620697e-01
1.650815605935281500e+15,1.963495408493620697e-01
1.650815605937198500e+15,1.963495408493621253e-01
1.650815605939115500e+15,1.963495408493621808e-01
1.650815605941032500e+15,1.963495408493622085e-01
1.650815605942949250e+15,1.963495408493622640e-01
1.650815605944866250e+15,1.963495408493622363e-01
1.650815605946783250e+15,1.963495408493620975e-01
1.650815605948700000e+15,1.963495408493619587e-01
1.650815605950617000e+15,1.963495408493618477e-01
1.650815605952534000e+15,1.963495408493617367e-01
1.650815605954451000e+15,1.963495408493615701e-01
1.650815605956367750e+15,1.963495408493614591e-01
1.650815605958284750e+15,1.963495408493614314e-01
1.650815605960201750e+15,1.963495408493615146e-01
1.650815605962118500e+15,1.963495408493615701e-01
1.650815605964035500e+15,1.963495408493616257e-01
1.650815605965952500e+15,1.963495408493617089e-01
1.650815605967869500e+15,1.963495408493617922e-01
1.650815605969786250e+15,1.963495408493618477e-01
1.650815605971703250e+15,1.957888438692131361e-01
1.650815605973620250e+15,1.951726156273068669e-01
1.650815605975537000e+15,1.945564677490210503e-01
1.650815605977454000e+15,1.939402395071146978e-01
1.650815605979371000e+15,1.933240112652084286e-01
1.650815605981288000e+15,1.927077830233021594e-01
1.650815605983204750e+15,1.920916351450163151e-01
1.650815605985121750e+15,1.914754069031099903e-01
1.650815605987038750e+15,1.908591786612037211e-01
1.650815605988955500e+15,1.902430307829179046e-01
1.650815605990872500e+15,1.897399570198277374e-01
1.650815605992789500e+15,1.892425549274095453e-01
1.650815605994706500e+15,1.887451528349913255e-01
1.650815605996623250e+15,1.882478156098256472e-01
1.650815605998540250e+15,1.877504135174074551e-01
1.650815606000457250e+15,1.872530114249892352e-01
1.650815606002374250e+15,1.867556093325710154e-01
1.650815606004291000e+15,1.862582721074053649e-01
1.650815606006208000e+15,1.857608700149871450e-01
1.650815606008125000e+15,1.852634679225689252e-01
1.650815606010041750e+15,1.847661306974032469e-01
1.650815606011958750e+15,1.842687286049850548e-01
1.650815606013875750e+15,1.848304991245381113e-01
1.650815606015792750e+15,1.860527107497984833e-01
1.650815606017709500e+15,1.872747629838714123e-01
1.650815606019626500e+15,1.884969746091317844e-01
1.650815606021543500e+15,1.897191862343921565e-01
1.650815606023460250e+15,1.902136176978190540e-01
1.650815606025377250e+15,1.902136176978190540e-01
1.650815606027294250e+15,1.902136176978190818e-01
1.650815606029211250e+15,1.902136176978190818e-01
1.650815606031128000e+15,1.902136176978190818e-01
1.650815606033045000e+15,1.902136176978190818e-01
1.650815606034962000e+15,1.902136176978190540e-01
1.650815606036878750e+15,1.902136176978190818e-01
1.650815606038795750e+15,1.896855129661685346e-01
1.650815606040712750e+15,1.885812023355995237e-01
1.650815606042629750e+15,1.874768917050305128e-01
1.650815606044546500e+15,1.863727250899323840e-01
1.650815606046463500e+15,1.852684144593633730e-01
1.650815606048380500e+15,1.841641038287943621e-01
1.650815606050297250e+15,1.830599372136962055e-01
1.650815606052214250e+15,1.819556265831271946e-01
1.650815606054131250e+15,1.808513159525582115e-01
1.650815606056048250e+15,1.797470053219891728e-01
1.650815606057965000e+15,1.786428387068910439e-01
1.650815606059882000e+15,1.775992830599868455e-01
1.650815606061799000e+15,1.766613542918255841e-01
1.650815606063715750e+15,1.757235478409267804e-01
1.650815606065632750e+15,1.747856190727655190e-01
1.650815606067549750e+15,1.738476903046043132e-01
1.650815606069466750e+15,1.729097615364430796e-01
1.650815606071383500e+15,1.719719550855442480e-01
1.650815606073300500e+15,1.718058482431913392e-01
1.650815606075217500e+15,1.718058482431915057e-01
1.650815606077134250e+15,1.718058482431916167e-01
1.650815606079051250e+15,1.718058482431917555e-01
1.650815606080968250e+15,1.718058482431918943e-01
1.650815606082885250e+15,1.718058482431920331e-01
1.650815606084802000e+15,1.718058482431921441e-01
1.650815606086719000e+15,1.718058482431922829e-01
1.650815606088636000e+15,1.718058482431923939e-01
1.650815606090553000e+15,1.718058482431925327e-01
1.650815606092469750e+15,1.707736408303778264e-01
1.650815606094386750e+15,1.696910301832073031e-01
1.650815606096303750e+15,1.686084195360368077e-01
1.650815606098220500e+15,1.675259500743967178e-01
1.650815606100137500e+15,1.664433394272261946e-01
1.650815606102054500e+15,1.655369788759123162e-01
1.650815606103971500e+15,1.650714850027274472e-01
1.650815606105888250e+15,1.646060518355771107e-01
1.650815606107805250e+15,1.641405579623922417e-01
1.650815606109722250e+15,1.636750640892073450e-01
1.650815606111639000e+15,1.632096309220570085e-01
1.650815606113556000e+15,1.627441370488721395e-01
1.650815606115473000e+15,1.622786431756872427e-01
1.650815606117390000e+15,1.618131493025023182e-01
1.650815606119306750e+15,1.613477161353520095e-01
1.650815606121223750e+15,1.608822222621670850e-01
1.650815606123140750e+15,1.604167283889822160e-01
1.650815606125057500e+15,1.599512952218318795e-01
1.650815606126974500e+15,1.596609939894838015e-01
1.650815606128891500e+15,1.608874109096701810e-01
1.650815606130808500e+15,1.621138278298565605e-01
1.650815606132725250e+15,1.633400848104341330e-01
1.650815606134642250e+15,1.645665017306204847e-01
1.650815606136559250e+15,1.655924858987201098e-01
1.650815606138476000e+15,1.648204100961389029e-01
1.650815606140393000e+15,1.640482335923965362e-01
1.650815606142310000e+15,1.632760570886541696e-01
1.650815606144227000e+15,1.625038805849117751e-01
1.650815606146143750e+15,1.617318047823305960e-01
1.650815606148060750e+15,1.609596282785882015e-01
1.650815606149977750e+15,1.601874517748458626e-01
1.650815606151894500e+15,1.595340019401061127e-01
1.650815606153811500e+15,1.595340019401060294e-01
1.650815606155728500e+15,1.595340019401059461e-01
1.650815606157645500e+15,1.595340019401058629e-01
1.650815606159562250e+15,1.595340019401057796e-01
1.650815606161479250e+15,1.595340019401056963e-01
1.650815606163396250e+15,1.585317681655382394e-01
1.650815606165313250e+15,1.575061270894161369e-01
1.650815606167230000e+15,1.564806197693028866e-01
1.650815606169147000e+15,1.554549786931807565e-01
1.650815606171064000e+15,1.544293376170586263e-01
1.650815606172980750e+15,1.534038302969453760e-01
1.650815606174897750e+15,1.523781892208232458e-01
1.650815606176814750e+15,1.513525481447011156e-01
1.650815606178731750e+15,1.503269070685789854e-01
1.650815606180648500e+15,1.493013997484657351e-01
1.650815606182565500e+15,1.482757586723436327e-01
1.650815606184482500e+15,1.472924448583702861e-01
1.650815606186399250e+15,1.498727499704192168e-01
1.650815606188316250e+15,1.524533916293720759e-01
1.650815606190233250e+15,1.550340332883249073e-01
1.650815606192150250e+15,1.576146749472777386e-01
1.650815606194067000e+15,1.594067963047655356e-01
1.650815606195984000e+15,1.589101502702482960e-01
1.650815606197901000e+15,1.584135042357311118e-01
1.650815606199817750e+15,1.579169229698673127e-01
1.650815606201734750e+15,1.574202769353501008e-01
1.650815606203651750e+15,1.569236309008328889e-01
1.650815606205568750e+15,1.564269848663156492e-01
1.650815606207485500e+15,1.559304036004518779e-01
1.650815606209402500e+15,1.554337575659346382e-01
1.650815606211319500e+15,1.549371115314174263e-01
1.650815606213236250e+15,1.544405302655536549e-01
1.650815606215153250e+15,1.539438842310364430e-01
1.650815606217070250e+15,1.534472381965192034e-01
1.650815606218987250e+15,1.513808969721384123e-01
1.650815606220904000e+15,1.491424061649974098e-01
1.650815606222821000e+15,1.469036233934887248e-01
1.650815606224738000e+15,1.446648406219800675e-01
1.650815606226654750e+15,1.424263498148390650e-01
1.650815606228571750e+15,1.413423287186341137e-01
1.650815606230488750e+15,1.418577333580831601e-01
1.650815606232405750e+15,1.423731379975321787e-01
1.650815606234322500e+15,1.428884754219786613e-01
1.650815606236239500e+15,1.434038800614277076e-01
1.650815606238156500e+15,1.439192847008767262e-01
1.650815606240073500e+15,1.444346893403257726e-01
1.650815606241990250e+15,1.449500267647722551e-01
1.650815606243907250e+15,1.454654314042213015e-01
1.650815606245824250e+15,1.459808360436703201e-01
1.650815606247741000e+15,1.464961734681168304e-01
1.650815606249658000e+15,1.470115781075658490e-01
1.650815606251575000e+15,1.468616331516491569e-01
1.650815606253492000e+15,1.460821391369702404e-01
1.650815606255408750e+15,1.453027467777444626e-01
1.650815606257325750e+15,1.445232527630655461e-01
1.650815606259242750e+15,1.437437587483866297e-01
1.650815606261159500e+15,1.429643663891608241e-01
1.650815606263076500e+15,1.421848723744819354e-01
1.650815606264993500e+15,1.414053783598029912e-01
1.650815606266910500e+15,1.411262324854800632e-01
1.650815606268827250e+15,1.411262324854800632e-01
1.650815606270744250e+15,1.411262324854800632e-01
1.650815606272661250e+15,1.411262324854800632e-01
1.650815606274578000e+15,1.411262324854800632e-01
1.650815606276495000e+15,1.411262324854800632e-01
1.650815606278412000e+15,1.411262324854800632e-01
1.650815606280329000e+15,1.411262324854800632e-01
1.650815606282245750e+15,1.411262324854800632e-01
1.650815606284162750e+15,1.411262324854800632e-01
1.650815606286079750e+15,1.411262324854800632e-01
1.650815606287996500e+15,1.411262324854799244e-01
1.650815606289913500e+15,1.411262324854796746e-01
1.650815606291830500e+15,1.411262324854794248e-01
1.650815606293747500e+15,1.411262324854791750e-01
1.650815606295664250e+15,1.411262324854789529e-01
1.650815606297581250e+15,1.411262324854787309e-01
1.650815606299498250e+15,1.411262324854787309e-01
1.650815606301415000e+15,1.411262324854787309e-01
1.650815606303332000e+15,1.411262324854787309e-01
1.650815606305249000e+15,1.411262324854787309e-01
1.650815606307166000e+15,1.409667261435979257e-01
1.650815606309082750e+15,1.400831024996670726e-01
1.650815606310999750e+15,1.391993636054891792e-01
1.650815606312916750e+15,1.383156247113113135e-01
1.650815606314833500e+15,1.374320010673804604e-01
1.650815606316750500e+15,1.365482621732025947e-01
1.650815606318667500e+15,1.356645232790247291e-01
1.650815606320584500e+15,1.352472447561191560e-01
1.650815606322501250e+15,1.363308112478014422e-01
1.650815606324418250e+15,1.374145190680987894e-01
1.650815606326335250e+15,1.384982268883961365e-01
1.650815606328252250e+15,1.395819347086934836e-01
1.650815606330169000e+15,1.406655012003757699e-01
1.650815606332086000e+15,1.411262324854787864e-01
1.650815606334003000e+15,1.411262324854788974e-01
1.650815606335919750e+15,1.411262324854790084e-01
1.650815606337836750e+15,1.411262324854791195e-01
1.650815606339753750e+15,1.411262324854792305e-01
1.650815606341670750e+15,1.411262324854793415e-01
1.650815606343587500e+15,1.411262324854794525e-01
1.650815606345504500e+15,1.411262324854795636e-01
1.650815606347421500e+15,1.411262324854796468e-01
1.650815606349338250e+15,1.411262324854797856e-01
1.650815606351255250e+15,1.411262324854798966e-01
1.650815606353172250e+15,1.411262324854799799e-01
1.650815606355089250e+15,1.396796898184574642e-01
1.650815606357006000e+15,1.345945716946325699e-01
1.650815606358923000e+15,1.295087903233674564e-01
1.650815606360840000e+15,1.244230089521023430e-01
1.650815606362756750e+15,1.193378908282774487e-01
1.650815606364673750e+15,1.142521094570123491e-01
1.650815606366590750e+15,1.091663280857472634e-01
1.650815606368507750e+15,1.043672300959677252e-01
1.650815606370424500e+15,1.056164102022575935e-01
1.650815606372341500e+15,1.068657532379991837e-01
1.650815606374258500e+15,1.081150962737407739e-01
1.650815606376175250e+15,1.093642763800306561e-01
1.650815606378092250e+15,1.106136194157722324e-01
1.650815606380009250e+15,1.118629624515138227e-01
1.650815606381926250e+15,1.131123054872553990e-01
1.650815606383843000e+15,1.143614855935452812e-01
1.650815606385760000e+15,1.156108286292868853e-01
1.650815606387677000e+15,1.163956188794113000e-01
1.650815606389593750e+15,1.155545840752981168e-01
1.650815606391510750e+15,1.147134395757624659e-01
1.650815606393427750e+15,1.138722950762268149e-01
1.650815606395344750e+15,1.130311505766911362e-01
1.650815606397261500e+15,1.121901157725779530e-01
1.650815606399178500e+15,1.113489712730423020e-01
1.650815606401095500e+15,1.105078267735066511e-01
1.650815606403012500e+15,1.093847334250817593e-01
1.650815606404929250e+15,1.082396617961537133e-01
1.650815606406846250e+15,1.070944408165501738e-01
1.650815606408763250e+15,1.059492198369466343e-01
1.650815606410680000e+15,1.048041482080185882e-01
1.650815606412597000e+15,1.036589272284150487e-01
1.650815606414514000e+15,1.025137062488115092e-01
1.650815606416431000e+15,1.013684852692079835e-01
1.650815606418347750e+15,1.002234136402799375e-01
1.650815606420264750e+15,9.907819266067638408e-02
1.650815606422181750e+15,9.827559106754053808e-02
1.650815606424098500e+15,9.875304126446030062e-02
1.650815606426015500e+15,9.923055373478519015e-02
1.650815606427932500e+15,9.970806620511005192e-02
1.650815606429849500e+15,1.001855786754349276e-01
1.650815606431766250e+15,1.006630288723547040e-01
1.650815606433683250e+15,1.011405413426795796e-01
1.650815606435600250e+15,1.016180538130044553e-01
1.650815606437517000e+15,1.020955040099242039e-01
1.650815606439434000e+15,1.025730164802490796e-01
1.650815606441351000e+15,1.030505289505739552e-01
1.650815606443268000e+15,1.035280414208988309e-01
1.650815606445184750e+15,1.040054916178186073e-01
1.650815606447101750e+15,1.044747014912205674e-01
1.650815606449018750e+15,1.049292055361009668e-01
1.650815606450935500e+15,1.053836503081534148e-01
1.650815606452852500e+15,1.058381543530338142e-01
1.650815606454769500e+15,1.062926583979142275e-01
1.650815606456686500e+15,1.067471624427946270e-01
1.650815606458603250e+15,1.072016072148470611e-01
1.650815606460520250e+15,1.076561112597274744e-01
1.650815606462437250e+15,1.081106153046078877e-01
1.650815606464354000e+15,1.085650600766603219e-01
1.650815606466271000e+15,1.090195641215407352e-01
1.650815606468188000e+15,1.094740681664211207e-01
1.650815606470105000e+15,1.099285722113015340e-01
1.650815606472021750e+15,1.103830169833539682e-01
1.650815606473938750e+15,1.059559369976062621e-01
1.650815606475855750e+15,1.007346281013409006e-01
1.650815606477772750e+15,9.551331920507552531e-02
1.650815606479689500e+15,9.029269123067976133e-02
1.650815606481606500e+15,8.507138233441438602e-02
1.650815606483523500e+15,7.985007343814901071e-02
1.650815606485440250e+15,7.976700097005462453e-02
1.650815606487357250e+15,7.976700097005415269e-02
1.650815606489274250e+15,7.976700097005370860e-02
1.650815606491191250e+15,7.976700097005323675e-02
1.650815606493108000e+15,8.002952924293336989e-02
1.650815606495025000e+15,8.210058561787970943e-02
1.650815606496942000e+15,8.417164199282603509e-02
1.650815606498858750e+15,8.624242827695663416e-02
1.650815606500775750e+15,8.831348465190297370e-02
1.650815606502692750e+15,9.038454102684931324e-02
1.650815606504609750e+15,9.245559740179565278e-02
1.650815606506526500e+15,9.452638368592625184e-02
1.650815606508443500e+15,9.659744006087257751e-02
1.650815606510360500e+15,9.866849643581891705e-02
1.650815606512277250e+15,1.007392827199495439e-01
1.650815606514194250e+15,1.028103390948958695e-01
1.650815606516111250e+15,1.024968707419756098e-01
1.650815606518028250e+15,9.591457377414816521e-02
1.650815606519945000e+15,8.933313521750586850e-02
1.650815606521862000e+15,8.275083824967842394e-02
1.650815606523779000e+15,7.616854128185096551e-02
1.650815606525695750e+15,7.363107781851015166e-02
1.650815606527612750e+15,7.363107781851024880e-02
1.650815606529529750e+15,7.363107781851034594e-02
1.650815606531446750e+15,7.363107781851045697e-02
1.650815606533363500e+15,7.363107781851055411e-02
1.650815606535280500e+15,7.363107781851066513e-02
1.650815606537197500e+15,7.363107781851076228e-02
1.650815606539114250e+15,7.363107781851085942e-02
1.650815606541031250e+15,7.363107781851097045e-02
1.650815606542948250e+15,7.363107781851106759e-02
1.650815606544865250e+15,7.363107781851116473e-02
1.650815606546782000e+15,7.363107781851126188e-02
1.650815606548699000e+15,7.363107781851137290e-02
1.650815606550616000e+15,7.313876565130981999e-02
1.650815606552533000e+15,7.228776256336981454e-02
1.650815606554449750e+15,7.143687045653154821e-02
1.650815606556366750e+15,7.058586736859154276e-02
1.650815606558283750e+15,6.973486428065153730e-02
1.650815606560200500e+15,6.888397217381325710e-02
1.650815606562117500e+15,6.803296908587326552e-02
1.650815606564034500e+15,6.779717753611114173e-02
1.650815606565951500e+15,6.861784066884725475e-02
1.650815606567868250e+15,6.943839677717898728e-02
1.650815606569785250e+15,7.025905990991510031e-02
1.650815606571702250e+15,7.107972304265119945e-02
1.650815606573619000e+15,7.190027915098294586e-02
1.650815606575536000e+15,7.272094228371904501e-02
1.650815606577453000e+15,7.354160541645515803e-02
1.650815606579370000e+15,7.363107781851141453e-02
1.650815606581286750e+15,7.363107781851141453e-02
1.650815606583203750e+15,7.363107781851141453e-02
1.650815606585120750e+15,7.363107781851141453e-02
1.650815606587037500e+15,7.363107781851141453e-02
1.650815606588954500e+15,7.363107781851141453e-02
1.650815606590871500e+15,7.363107781851141453e-02
1.650815606592788500e+15,7.363107781851141453e-02
1.650815606594705250e+15,7.363107781851141453e-02
1.650815606596622250e+15,7.363107781851141453e-02
1.650815606598539250e+15,7.284954316989707135e-02
1.650815606600456000e+15,7.105820500818521568e-02
1.650815606602373000e+15,6.926663320382803191e-02
1.650815606604290000e+15,6.747506139947086201e-02
1.650815606606207000e+15,6.568348959511367824e-02
1.650815606608123750e+15,6.389215143340183645e-02
1.650815606610040750e+15,6.210057962904464574e-02
1.650815606611957750e+15,6.222027592620880954e-02
1.650815606613874500e+15,6.368893610362136304e-02
1.650815606615791500e+15,6.515778783707633359e-02
1.650815606617708500e+15,6.662663957053131802e-02
1.650815606619625500e+15,6.707158675602338527e-02
1.650815606621542250e+15,6.603537259736969034e-02
1.650815606623459250e+15,6.499902328622364500e-02
1.650815606625376250e+15,6.396267397507761354e-02
1.650815606627293000e+15,6.292645981642390474e-02
1.650815606629210000e+15,6.189011050527788022e-02
1.650815606631127000e+15,6.011922687276936156e-02
1.650815606633044000e+15,5.757688580327909034e-02
1.650815606634960750e+15,5.503487628583230568e-02
1.650815606636877750e+15,5.249253521634202058e-02
1.650815606638794750e+15,4.995019414685175629e-02
1.650815606640711750e+15,4.740785307736148507e-02
1.650815606642628500e+15,4.486584355991470041e-02
1.650815606644545500e+15,4.342642684946037418e-02
1.650815606646462500e+15,4.534935715541236340e-02
1.650815606648379250e+15,4.727203668798068970e-02
1.650815606650296250e+15,4.919496699393267891e-02
1.650815606652213250e+15,5.111789729988466813e-02
1.650815606654130250e+15,5.304082760583667122e-02
1.650815606656047000e+15,5.496350713840499058e-02
1.650815606657964000e+15,5.522330836388310987e-02
1.650815606659881000e+15,5.522330836388311681e-02
1.650815606661797750e+15,5.522330836388310987e-02
1.650815606663714750e+15,5.522330836388310987e-02
1.650815606665631750e+15,5.522330836388310293e-02
1.650815606667548750e+15,5.522330836388311681e-02
1.650815606669465500e+15,5.522330836388310987e-02
1.650815606671382500e+15,5.454774232564229414e-02
1.650815606673299500e+15,5.311118093317680755e-02
1.650815606675216250e+15,5.167480688570250114e-02
1.650815606677133250e+15,5.023824549323700761e-02
1.650815606679050250e+15,4.925933087213642952e-02
1.650815606680967250e+15,5.012390747496681814e-02
1.650815606682884000e+15,5.098837132654488596e-02
1.650815606684801000e+15,5.185294792937528152e-02
1.650815606686718000e+15,5.271752453220567014e-02
1.650815606688634750e+15,5.358198838378373796e-02
1.650815606690551750e+15,5.444656498661412658e-02
1.650815606692468750e+15,5.464102055871649516e-02
1.650815606694385750e+15,4.890933520567716797e-02
1.650815606696302500e+15,4.317839733377411976e-02
1.650815606698219500e+15,3.744671198073479257e-02
1.650815606700136500e+15,3.171502662769546538e-02
1.650815606702053250e+15,2.598408875579242064e-02
1.650815606703970250e+15,2.757287265716348509e-02
1.650815606705887250e+15,3.161881458906038583e-02
1.650815606707804250e+15,3.566475652095729004e-02
1.650815606709721000e+15,3.971017081306130181e-02
1.650815606711638000e+15,4.375611274495820602e-02
1.650815606713555000e+15,4.780205467685510329e-02
1.650815606715472000e+15,4.722309079138388432e-02
1.650815606717388750e+15,4.449114405486376961e-02
1.650815606719305750e+15,4.175884099295738838e-02
1.650815606721222750e+15,3.902653793105100716e-02
1.650815606723139500e+15,3.629459119453089244e-02
1.650815606725056500e+15,3.356228813262451816e-02
1.650815606726973500e+15,3.082998507071813346e-02
1.650815606728890500e+15,2.809768200881175224e-02
1.650815606730807250e+15,2.536573527229164099e-02
1.650815606732724250e+15,2.263343221038525629e-02
1.650815606734641250e+15,1.990112914847887854e-02
1.650815606736558000e+15,1.840776945462785710e-02
1.650815606738475000e+15,1.840776945462785363e-02
1.650815606740392000e+15,1.840776945462785710e-02
1.650815606742309000e+15,1.840776945462785363e-02
1.650815606744225750e+15,1.840776945462785363e-02
1.650815606746142750e+15,1.840776945462785710e-02
1.650815606748059750e+15,1.840776945462785710e-02
1.650815606749976500e+15,1.767573312887122522e-02
1.650815606751893500e+15,1.674669397860610934e-02
1.650815606753810500e+15,1.581765482834099346e-02
1.650815606755727500e+15,1.488861567807587931e-02
1.650815606757644250e+15,1.395969768575941461e-02
1.650815606759561250e+15,1.303065853549429873e-02
1.650815606761478250e+15,1.202536380000007385e-02
1.650815606763395000e+15,1.068032369241558865e-02
1.650815606765312000e+15,9.335108152444565599e-03
1.650815606767229000e+15,7.989892612473540809e-03
1.650815606769146000e+15,6.644677072502517753e-03
1.650815606771062750e+15,6.135923151543209997e-03
1.650815606772979750e+15,6.135923151543209997e-03
1.650815606774896750e+15,6.135923151543209997e-03
1.650815606776813500e+15,6.135923151543209997e-03
1.650815606778730500e+15,6.135923151543209997e-03
1.650815606780647500e+15,6.135923151543210864e-03
1.650815606782564500e+15,6.135923151543111118e-03
1.650815606784481250e+15,6.135923151542995758e-03
1.650815606786398250e+15,6.135923151542880399e-03
1.650815606788315250e+15,6.135923151542765908e-03
1.650815606790232250e+15,6.135923151542650548e-03
1.650815606792149000e+15,6.135923151542535189e-03
1.650815606794066000e+15,6.135923151542419830e-03
1.650815606795983000e+15,6.135923151542304471e-03
1.650815606797899750e+15,6.135923151542189112e-03
1.650815606799816750e+15,6.135923151542073753e-03
1.650815606801733750e+15,6.135923151541959261e-03
1.650815606803650750e+15,6.135923151541907219e-03
1.650815606805567500e+15,6.135923151542007833e-03
1.650815606807484500e+15,6.135923151542108447e-03
1.650815606809401500e+15,6.135923151542209929e-03
1.650815606811318250e+15,6.135923151542309675e-03
1.650815606813235250e+15,6.135923151542411157e-03
1.650815606815152250e+15,6.135923151542511771e-03
1.650815606817069250e+15,6.135923151542612385e-03
1.650815606818986000e+15,6.135923151542712999e-03
1.650815606820903000e+15,6.135923151542813613e-03
1.650815606822820000e+15,6.135923151542915094e-03
1.650815606824736750e+15,6.135923151543014840e-03
1.650815606826653750e+15,6.135923151543116322e-03
1.650815606828570750e+15,6.220040795297174935e-03
1.650815606830487750e+15,7.373912158991988673e-03
1.650815606832404500e+15,8.527633043896545861e-03
1.650815606834321500e+15,9.681504407591358732e-03
1.650815606836238500e+15,1.083537577128616987e-02
1.650815606838155250e+15,1.198909665619072792e-02
1.650815606840072250e+15,1.193954024534156326e-02
1.650815606841989250e+15,1.149937392114499385e-02
1.650815606843906250e+15,1.105920759694842617e-02
1.650815606845823000e+15,1.061909867576753090e-02
1.650815606847740000e+15,1.017893235157096149e-02
1.650815606849657000e+15,9.738766027374390344e-03
1.650815606851573750e+15,9.298657106193496807e-03
1.650815606853490750e+15,8.858490781996927396e-03
1.650815606855407750e+15,8.418324457800357985e-03
1.650815606857324750e+15,7.978158133603786839e-03
1.650815606859241500e+15,7.538049212422893303e-03
1.650815606861158500e+15,7.097882888226323891e-03
1.650815606863075500e+15,6.657716564029754480e-03
1.650815606864992500e+15,6.217550239833184202e-03
1.650815606866909250e+15,5.400267336741579327e-03
1.650815606868826250e+15,4.496983303451122273e-03
1.650815606870743250e+15,3.593699270160664785e-03
1.650815606872660000e+15,2.690533036039911667e-03
1.650815606874577000e+15,1.787249002749454396e-03
1.650815606876494000e+15,8.839649694589972332e-04
1.650815606878411000e+15,2.028976927278583782e-05
1.650815606880327750e+15,9.688364827755238141e-04
1.650815606882244750e+15,1.917506914383583418e-03
1.650815606884161750e+15,2.866177345991643456e-03
1.650815606886078500e+15,3.814724059494381016e-03
1.650815606887995500e+15,4.763394491102441487e-03
1.650815606889912500e+15,5.712064922710500224e-03
1.650815606891829500e+15,6.135923151543209997e-03
1.650815606893746250e+15,6.135923151543209997e-03
1.650815606895663250e+15,6.135923151543209997e-03
1.650815606897580250e+15,6.135923151543209997e-03
1.650815606899497000e+15,6.135923151543210864e-03
1.650815606901414000e+15,6.135923151543210864e-03
1.650815606903331000e+15,6.957761908917298004e-03
1.650815606905248000e+15,7.929071956935871898e-03
1.650815606907164750e+15,8.900255334369153171e-03
1.650815606909081750e+15,9.871565382387727933e-03
1.650815606910998750e+15,1.084287543040630096e-02
1.650815606912915500e+15,1.181405880783958223e-02
1.650815606914832500e+15,1.109136830116965941e-02
1.650815606916749500e+15,8.858535218119804183e-03
1.650815606918666500e+15,6.625702135069949823e-03
1.650815606920583250e+15,4.393160240476414943e-03
1.650815606922500250e+15,2.160327157426561017e-03
1.650815606924417250e+15,0.000000000000000000e+00
1.650815606926334000e+15,0.000000000000000000e+00
1.650815606928251000e+15,0.000000000000000000e+00
1.650815606930168000e+15,0.000000000000000000e+00
1.650815606932085000e+15,0.000000000000000000e+00
1.650815606934001750e+15,0.000000000000000000e+00
1.650815606935918750e+15,4.031851605296716103e-04
1.650815606937835750e+15,2.906524278700944874e-03
1.650815606939752500e+15,5.409536931155189791e-03
1.650815606941669500e+15,7.912876049326462297e-03
1.650815606943586500e+15,1.041621516749773567e-02
1.650815606945503500e+15,1.291955428566900904e-02
1.650815606947420250e+15,1.542256693812325309e-02
1.650815606949337250e+15,1.792590605629452646e-02
1.650815606951254250e+15,2.042924517446579810e-02
1.650815606953171250e+15,2.293258429263707321e-02
1.650815606955088000e+15,2.317024858852687400e-02
1.650815606957005000e+15,1.931535520372006098e-02
1.650815606958922000e+15,1.546046181891324277e-02
1.650815606960838750e+15,1.160607115885666299e-02
1.650815606962755750e+15,7.751177774049846508e-03
1.650815606964672750e+15,8.251513093507205701e-03
1.650815606966589750e+15,1.189289214513084697e-02
1.650815606968506500e+15,1.553379631685730330e-02
1.650815606970423500e+15,1.917517536848094631e-02
1.650815606972340500e+15,2.281655442010458931e-02
1.650815606974257250e+15,2.645745859183104565e-02
1.650815606976174250e+15,3.009883764345468865e-02
1.650815606978091250e+15,2.706282183859044441e-02
1.650815606980008250e+15,2.275970690114517692e-02
1.650815606981925000e+15,1.845715314196509985e-02
1.650815606983842000e+15,1.415403820451983409e-02
1.650815606985759000e+15,9.850923267074570069e-03
1.650815606987675750e+15,6.704849076062766901e-03
1.650815606989592750e+15,1.087153865505909381e-02
1.650815606991509750e+15,1.503822823405542158e-02
1.650815606993426750e+15,1.920491781305174936e-02
1.650815606995343500e+15,2.337106400530068392e-02
1.650815606997260500e+15,2.753775358429701170e-02
1.650815606999177500e+15,3.155737296825716909e-02
1.650815607001094250e+15,3.512564684590254588e-02
1.650815607003011250e+15,3.869438613034036079e-02
1.650815607004928250e+15,4.226312541477818263e-02
1.650815607006845250e+15,4.583186469921600448e-02
1.650815607008762000e+15,4.940013857686138821e-02
1.650815607010679000e+15,5.296887786129920311e-02
1.650815607012596000e+15,5.477342138237050601e-02
1.650815607014512750e+15,5.355200371690996275e-02
1.650815607016429750e+15,5.233042674302820080e-02
1.650815607018346750e+15,5.110884976914643885e-02
1.650815607020263750e+15,4.988727279526466996e-02
1.650815607022180500e+15,4.866585512980413364e-02
1.650815607024097500e+15,4.744427815592236475e-02
1.650815607026014500e+15,4.622270118204060280e-02
1.650815607027931500e+15,4.500112420815884084e-02
1.650815607029848250e+15,4.377970654269829759e-02
1.650815607031765250e+15,4.267432181747225772e-02
1.650815607033682250e+15,4.181360436675453374e-02
1.650815607035599000e+15,4.095299916400899770e-02
1.650815607037516000e+15,4.009228171329128065e-02
1.650815607039433000e+15,3.923156426257356361e-02
1.650815607041350000e+15,3.837084681185584656e-02
1.650815607043266750e+15,3.751024160911031746e-02
1.650815607045183750e+15,3.705907235550680301e-02
1.650815607047100750e+15,3.832169200788013846e-02
1.650815607049017500e+15,3.958414699937028158e-02
1.650815607050934500e+15,4.084676665174362398e-02
1.650815607052851500e+15,4.210938630411695943e-02
1.650815607054768500e+15,4.358628129959982167e-02
1.650815607056685250e+15,4.549198181012704262e-02
1.650815607058602250e+15,4.739793087947917483e-02
1.650815607060519250e+15,4.930387994883128622e-02
1.650815607062436000e+15,5.120958045935850717e-02
1.650815607064353000e+15,5.311552952871063937e-02
1.650815607066270000e+15,5.502147859806276464e-02
1.650815607068187000e+15,5.522330836388340825e-02
1.650815607070103750e+15,5.522330836388322783e-02
1.650815607072020750e+15,5.522330836388305436e-02
1.650815607073937750e+15,5.522330836388288089e-02
1.650815607075854500e+15,5.522330836388270048e-02
1.650815607077771500e+15,5.676308322462156331e-02
1.650815607079688500e+15,5.861428950122016257e-02
1.650815607081605500e+15,6.046549577781876184e-02
1.650815607083522250e+15,6.231646063471513869e-02
1.650815607085439250e+15,6.416766691131373102e-02
1.650815607087356250e+15,6.601887318791233028e-02
1.650815607089273000e+15,6.739423744502770486e-02
1.650815607091190000e+15,6.689563354178042209e-02
1.650815607093107000e+15,6.639702963853313933e-02
1.650815607095024000e+15,6.589842573528585656e-02
1.650815607096940750e+15,6.539988685602178553e-02
1.650815607098857750e+15,6.490128295277450277e-02
1.650815607100774750e+15,6.440267904952722000e-02
1.650815607102691750e+15,6.390407514627993724e-02
1.650815607104608500e+15,6.340553626701586620e-02
1.650815607106525500e+15,6.290693236376858344e-02
1.650815607108442500e+15,6.240832846052130067e-02
1.650815607110359250e+15,6.190978958125722964e-02
1.650815607112276250e+15,6.141118567800994688e-02
1.650815607114193250e+15,6.265800065532303731e-02
1.650815607116110250e+15,6.410784222829309098e-02
1.650815607118027000e+15,6.555749472437569225e-02
1.650815607119944000e+15,6.700733629734574592e-02
1.650815607121861000e+15,6.845717787031579959e-02
1.650815607123777750e+15,6.990683036639841474e-02
1.650815607125694750e+15,7.135667193936845454e-02
1.650815607127611750e+15,7.280651351233852209e-02
1.650815607129528750e+15,7.425635508530857576e-02
1.650815607131445500e+15,7.570600758139117703e-02
1.650815607133362500e+15,7.715584915436123070e-02
1.650815607135279500e+15,7.860569072733129825e-02
1.650815607137196250e+15,7.994889356794684931e-02
1.650815607139113250e+15,8.086348533231275948e-02
1.650815607141030250e+15,8.177807709667866964e-02
1.650815607142947250e+15,8.269266886104459369e-02
1.650815607144864000e+15,8.360714135157581994e-02
1.650815607146781000e+15,8.452173311594173011e-02
1.650815607148698000e+15,8.543632488030766803e-02
1.650815607150614750e+15,8.563869944918736654e-02
1.650815607152531750e+15,8.509913226196236247e-02
1.650815607154448750e+15,8.455956507473735839e-02
1.650815607156365750e+15,8.401999788751238207e-02
1.650815607158282500e+15,8.348050106637856793e-02
1.650815607160199500e+15,8.294093387915356386e-02
1.650815607162116500e+15,8.240136669192857366e-02
1.650815607164033250e+15,8.186186987079475952e-02
1.650815607165950250e+15,8.132230268356976932e-02
1.650815607167867250e+15,8.078273549634476525e-02
1.650815607169784250e+15,8.024316830911977505e-02
1.650815607171701000e+15,7.964688763186970888e-02
1.650815607173618000e+15,7.862352199053405932e-02
1.650815607175535000e+15,7.760015634919843752e-02
1.650815607177452000e+15,7.657679070786280184e-02
1.650815607179368750e+15,7.555355852579181963e-02
1.650815607181285750e+15,7.453019288445618395e-02
1.650815607183202750e+15,7.377729836868078539e-02
1.650815607185119500e+15,7.498145836670665199e-02
1.650815607187036500e+15,7.618577542225152266e-02
1.650815607188953500e+15,7.739009247779637946e-02
1.650815607190870500e+15,7.859440953334123625e-02
1.650815607192787250e+15,7.974335964676067257e-02
1.650815607194704250e+15,7.884146080597653761e-02
1.650815607196621250e+15,7.793956196519240265e-02
1.650815607198538000e+15,7.703778074293210487e-02
1.650815607200455000e+15,7.613588190214798379e-02
1.650815607202372000e+15,7.523398306136384883e-02
1.650815607204289000e+15,7.433208422057971387e-02
1.650815607206205750e+15,7.363107781850967981e-02
1.650815607208122750e+15,7.363107781850983247e-02
1.650815607210039750e+15,7.363107781850998512e-02
1.650815607211956500e+15,7.363107781851013778e-02
1.650815607213873500e+15,7.363107781851030431e-02
1.650815607215790500e+15,7.363107781851044309e-02
1.650815607217707500e+15,7.496934350791265023e-02
1.650815607219624250e+15,7.771132187259627289e-02
1.650815607221541250e+15,8.045365787108249567e-02
1.650815607223458250e+15,8.319599386956871845e-02
1.650815607225375000e+15,8.593797223425232723e-02
1.650815607227292000e+15,8.868030823273856389e-02
1.650815607229209000e+15,9.142264423122478667e-02
1.650815607231126000e+15,9.416498022971100945e-02
1.650815607233042750e+15,9.690695859439463211e-02
1.650815607234959750e+15,9.682652851710178699e-02
1.650815607236876750e+15,9.431905363296035072e-02
1.650815607238793500e+15,9.181190575388986641e-02
1.650815607240710500e+15,8.930443086974843014e-02
1.650815607242627500e+15,8.679695598560699388e-02
1.650815607244544500e+15,8.770070588107921339e-02
1.650815607246461250e+15,9.049429987174889556e-02
1.650815607248378250e+15,9.328825822840143556e-02
1.650815607250295250e+15,9.608221658505397555e-02
1.650815607252212000e+15,9.887581057572364385e-02
1.650815607254129000e+15,1.016697689323761838e-01
1.650815607256046000e+15,1.043785473867456376e-01
1.650815607257963000e+15,1.056173640988583295e-01
1.650815607259879750e+15,1.068560192542793025e-01
1.650815607261796750e+15,1.080948359663919944e-01
1.650815607263713750e+15,1.093336526785047003e-01
1.650815607265630750e+15,1.105670653754601551e-01
1.650815607267547500e+15,1.117525336448601248e-01
1.650815607269464500e+15,1.129381565338335031e-01
1.650815607271381500e+15,1.141237794228069091e-01
1.650815607273298250e+15,1.153092476922068649e-01
1.650815607275215250e+15,1.164948705811802432e-01
1.650815607277132250e+15,1.136850055004887533e-01
1.650815607279049250e+15,1.105561090610027442e-01
1.650815607280966000e+15,1.074276206674791012e-01
1.650815607282883000e+15,1.042987242279930782e-01
1.650815607284800000e+15,1.011698277885070552e-01
1.650815607286716750e+15,9.821368823968787409e-02
1.650815607288633750e+15,9.912629314941787118e-02
1.650815607290550750e+15,1.000388980591478683e-01
1.650815607292467750e+15,1.009515029688778931e-01
1.650815607294384500e+15,1.018639888638830926e-01
1.650815607296301500e+15,1.027765937736130897e-01
1.650815607298218500e+15,1.036891986833431006e-01
1.650815607300135250e+15,1.046430447526864455e-01
1.650815607302052250e+15,1.056853632889296901e-01
1.650815607303969250e+15,1.067276818251729209e-01
1.650815607305886250e+15,1.077700003614161656e-01
1.650815607307803000e+15,1.088121829667078738e-01
1.650815607309720000e+15,1.098545015029511185e-01
1.650815607311637000e+15,1.115736855247211473e-01
1.650815607313553750e+15,1.141827545060798144e-01
1.650815607315470750e+15,1.167921637859883066e-01
1.650815607317387750e+15,1.194015730658967989e-01
1.650815607319304750e+15,1.220109823458052634e-01
1.650815607321221500e+15,1.246200513271639443e-01
1.650815607323138500e+15,1.272294606070724365e-01
1.650815607325055500e+15,1.298388698869809288e-01
1.650815607326972250e+15,1.324479388683396097e-01
1.650815607328889250e+15,1.350189072534228873e-01
1.650815607330806250e+15,1.361320486068350599e-01
1.650815607332723250e+15,1.372451899602472603e-01
1.650815607334640000e+15,1.383581861465554286e-01
1.650815607336557000e+15,1.394713274999676567e-01
1.650815607338474000e+15,1.405844688533798570e-01
1.650815607340391000e+15,1.407695391327807577e-01
1.650815607342307750e+15,1.400747302061711719e-01
1.650815607344224750e+15,1.393798306562504252e-01
1.650815607346141750e+15,1.386849311063297063e-01
1.650815607348058500e+15,1.379901221797201205e-01
1.650815607349975500e+15,1.372952226297993739e-01
1.650815607351892500e+15,1.366003230798786272e-01
1.650815607353809500e+15,1.359054235299579083e-01
1.650815607355726250e+15,1.352106146033483225e-01
1.650815607357643250e+15,1.334818204810283016e-01
1.650815607359560250e+15,1.312730955384862896e-01
1.650815607361477000e+15,1.290646586404073093e-01
1.650815607363394000e+15,1.268559336978652974e-01
1.650815607365311000e+15,1.246472087553232994e-01
1.650815607367228000e+15,1.229965623175841016e-01
1.650815607369144750e+15,1.251901705803315501e-01
1.650815607371061750e+15,1.273840649534563052e-01
1.650815607372978750e+15,1.295779593265810603e-01
1.650815607374895500e+15,1.317715675893284810e-01
1.650815607376812500e+15,1.339654619624532361e-01
1.650815607378729500e+15,1.361593563355779912e-01
1.650815607380646500e+15,1.383532507087027463e-01
1.650815607382563250e+15,1.405468589714501948e-01
1.650815607384480250e+15,1.427407533445749221e-01
1.650815607386397250e+15,1.449346477176996772e-01
1.650815607388314000e+15,1.471282559804471535e-01
1.650815607390231000e+15,1.425260228442367105e-01
1.650815607392148000e+15,1.374820414199194873e-01
1.650815607394065000e+15,1.324380599956022642e-01
1.650815607395981750e+15,1.293875373090787873e-01
1.650815607397898750e+15,1.312299000127372384e-01
1.650815607399815750e+15,1.330722627163957172e-01
1.650815607401732500e+15,1.349143851536608874e-01
1.650815607403649500e+15,1.367567478573193662e-01
1.650815607405566500e+15,1.385991105609778173e-01
1.650815607407483500e+15,1.404414732646362962e-01
1.650815607409400250e+15,1.414513748534829973e-01
1.650815607411317250e+15,1.419689566840518224e-01
1.650815607413234250e+15,1.424865385146206198e-01
1.650815607415151250e+15,1.430041203451894172e-01
1.650815607417068000e+15,1.435216346768236062e-01
1.650815607418985000e+15,1.440392165073924313e-01
1.650815607420902000e+15,1.445567983379612009e-01
1.650815607422818750e+15,1.450743126695954177e-01
1.650815607424735750e+15,1.455918945001642151e-01
1.650815607426652750e+15,1.461094763307330402e-01
1.650815607428569750e+15,1.466270581613018098e-01
1.650815607430486500e+15,1.471445724929359988e-01
1.650815607432403500e+15,1.472621556370220519e-01
1.650815607434320500e+15,1.472621556370222184e-01
1.650815607436237250e+15,1.472621556370223850e-01
1.650815607438154250e+15,1.472621556370225238e-01
1.650815607440071250e+15,1.472621556370226625e-01
1.650815607441988250e+15,1.472621556370228291e-01
1.650815607443905000e+15,1.472621556370228291e-01
1.650815607445822000e+15,1.472621556370228291e-01
1.650815607447739000e+15,1.472621556370228291e-01
1.650815607449655750e+15,1.472621556370228291e-01
1.650815607451572750e+15,1.472621556370228291e-01
1.650815607453489750e+15,1.472621556370228291e-01
1.650815607455406750e+15,1.469361361143756706e-01
1.650815607457323500e+15,1.460044955328864136e-01
1.650815607459240500e+15,1.450727334383436207e-01
1.650815607461157500e+15,1.441409713438008000e-01
1.650815607463074250e+15,1.432093307623115430e-01
1.650815607464991250e+15,1.422775686677687501e-01
1.650815607466908250e+15,1.413458065732259572e-01
1.650815607468825250e+15,1.420113578999810389e-01
1.650815607470742000e+15,1.431692245700001698e-01
1.650815607472659000e+15,1.443272422595406612e-01
1.650815607474576000e+15,1.454852599490811527e-01
1.650815607476492750e+15,1.466431266191002836e-01
1.650815607478409750e+15,1.478011443086407750e-01
1.650815607480326750e+15,1.489591619981812665e-01
1.650815607482243750e+15,1.501171796877217579e-01
1.650815607484160500e+15,1.512750463577409443e-01
1.650815607486077500e+15,1.524330640472814080e-01
1.650815607487994500e+15,1.533980787885651231e-01
1.650815607489911250e+15,1.533980787885650121e-01
1.650815607491828250e+15,1.533980787885648733e-01
1.650815607493745250e+15,1.533980787885647623e-01
1.650815607495662250e+15,1.533980787885646235e-01
1.650815607497579000e+15,1.533980787885645125e-01
1.650815607499496000e+15,1.533980787885643737e-01
1.650815607501413000e+15,1.534086343074900216e-01
1.650815607503330000e+15,1.559380005300745886e-01
1.650815607505246750e+15,1.584670368926927586e-01
1.650815607507163750e+15,1.609964031152772979e-01
1.650815607509080750e+15,1.635257693378618926e-01
1.650815607510997500e+15,1.660548057004800349e-01
1.650815607512914500e+15,1.685841719230646019e-01
1.650815607514831500e+15,1.711135381456491966e-01
1.650815607516748500e+15,1.736429043682337636e-01
1.650815607518665250e+15,1.761719407308519059e-01
1.650815607520582250e+15,1.787013069534364729e-01
1.650815607522499250e+15,1.812306731760210399e-01
1.650815607524416000e+15,1.837597095386392099e-01
1.650815607526333000e+15,1.805242020784181833e-01
1.650815607528250000e+15,1.764597360516361735e-01
1.650815607530167000e+15,1.723952700248542191e-01
1.650815607532083750e+15,1.683313340536312652e-01
1.650815607534000750e+15,1.642668680268493109e-01
1.650815607535917750e+15,1.602024020000673010e-01
1.650815607537834500e+15,1.610995910416253840e-01
1.650815607539751500e+15,1.629736055952375473e-01
1.650815607541668500e+15,1.648476201488496551e-01
1.650815607543585500e+15,1.667216347024617629e-01
1.650815607545502250e+15,1.685954048618963363e-01
1.650815607547419250e+15,1.704694194155084719e-01
1.650815607549336250e+15,1.723434339691206074e-01
1.650815607551253000e+15,1.742172041285551809e-01
1.650815607553170000e+15,1.760912186821673164e-01
1.650815607555087000e+15,1.779417713947326618e-01
1.650815607557004000e+15,1.779417713947329116e-01
1.650815607558920750e+15,1.779417713947331614e-01
1.650815607560837750e+15,1.779417713947334390e-01
1.650815607562754750e+15,1.779417713947336610e-01
1.650815607564671500e+15,1.779417713947339663e-01
1.650815607566588500e+15,1.779417713947341884e-01
1.650815607568505500e+15,1.783358215053839346e-01
1.650815607570422500e+15,1.816562349652304231e-01
1.650815607572339250e+15,1.849762154029773176e-01
1.650815607574256250e+15,1.882966288628238338e-01
1.650815607576173250e+15,1.916170423226702946e-01
1.650815607578090250e+15,1.949374557825167831e-01
1.650815607580007000e+15,1.982574362202636498e-01
1.650815607581924000e+15,2.015778496801101938e-01
1.650815607583841000e+15,2.006761200233206643e-01
1.650815607585757750e+15,1.981864860900610648e-01
1.650815607587674750e+15,1.956965274360589202e-01
1.650815607589591750e+15,1.932065687820567756e-01
1.650815607591508750e+15,1.907166101280545756e-01
1.650815607593425500e+15,1.882269761947950037e-01
1.650815607595342500e+15,1.857370175407928314e-01
1.650815607597259500e+15,1.832470588867906591e-01
1.650815607599176250e+15,1.807574249535310873e-01
1.650815607601093250e+15,1.782674662995289427e-01
1.650815607603010250e+15,1.772458837040688517e-01
1.650815607604927250e+15,1.764452735297216968e-01
1.650815607606844000e+15,1.756447677646304772e-01
1.650815607608761000e+15,1.748441575902833223e-01
1.650815607610678000e+15,1.740435474159361673e-01
1.650815607612594750e+15,1.732430416508449200e-01
1.650815607614511750e+15,1.724424314764977650e-01
1.650815607616428750e+15,1.720142796406803065e-01
1.650815607618345750e+15,1.730316265254327746e-01
1.650815607620262500e+15,1.740488407358393441e-01
1.650815607622179500e+15,1.750661876205918399e-01
1.650815607624096500e+15,1.760835345053443080e-01
1.650815607626013250e+15,1.771007487157508498e-01
1.650815607627930250e+15,1.780660723804730616e-01
1.650815607629847250e+15,1.787832582033805351e-01
1.650815607631764250e+15,1.795004440262879530e-01
1.650815607633681000e+15,1.802175363194845337e-01
1.650815607635598000e+15,1.809347221423919794e-01
1.650815607637515000e+15,1.816519079652994251e-01
1.650815607639431750e+15,1.823690002584960057e-01
1.650815607641348750e+15,1.830861860814034237e-01
1.650815607643265750e+15,1.838033719043108694e-01
1.650815607645182750e+15,1.854826073181595758e-01
1.650815607647099500e+15,1.877574681887049513e-01
1.650815607649016500e+15,1.900326257673330965e-01
1.650815607650933500e+15,1.923077833459612140e-01
1.650815607652850500e+15,1.945829409245893593e-01
1.650815607654767250e+15,1.969559352546648712e-01
1.650815607656684250e+15,1.996703732580898949e-01
1.650815607658601250e+15,2.023848112615148909e-01
1.650815607660518000e+15,2.050988952693734435e-01
1.650815607662435000e+15,2.078133332727984395e-01
1.650815607664352000e+15,2.105277712762234632e-01
1.650815607666269000e+15,2.132422092796484592e-01
1.650815607668185750e+15,2.163653551596295133e-01
1.650815607670102750e+15,2.200058889514913407e-01
1.650815607672019750e+15,2.236464227433531404e-01
1.650815607673936500e+15,2.272864817655498859e-01
1.650815607675853500e+15,2.309270155574116579e-01
1.650815607677770500e+15,2.325193695157890261e-01
1.650815607679687500e+15,2.308432333810568615e-01
1.650815607681604250e+15,2.291673158347616868e-01
1.650815607683521250e+15,2.274911797000294666e-01
1.650815607685438250e+15,2.258150435652973020e-01
1.650815607687355000e+15,2.241391260190020995e-01
1.650815607689272000e+15,2.224629898842699349e-01
1.650815607691189000e+15,2.207868537495377703e-01
1.650815607693106000e+15,2.191107176148055780e-01
1.650815607695022750e+15,2.174348000685104032e-01
1.650815607696939750e+15,2.157586639337782386e-01
1.650815607698856750e+15,2.147573103039910614e-01
1.650815607700773500e+15,2.147573103039910891e-01
1.650815607702690500e+15,2.147573103039910336e-01
1.650815607704607500e+15,2.147573103039910614e-01
1.650815607706524500e+15,2.152300825758344249e-01
1.650815607708441250e+15,2.178154927100878213e-01
1.650815607710358250e+15,2.204012400570886099e-01
1.650815607712275250e+15,2.229869874040894540e-01
1.650815607714192000e+15,2.255723975383428503e-01
1.650815607716109000e+15,2.281581448853436389e-01
1.650815607718026000e+15,2.307438922323444275e-01
1.650815607719943000e+15,2.331650797586179713e-01
1.650815607721859750e+15,2.331650797586179158e-01
1.650815607723776750e+15,2.331650797586178325e-01
1.650815607725693750e+15,2.331650797586177493e-01
1.650815607727610750e+15,2.331650797586176938e-01
1.650815607729527500e+15,2.331650797586176105e-01
1.650815607731444500e+15,2.331650797586175272e-01
1.650815607733361500e+15,2.331650797586174717e-01
1.650815607735278250e+15,2.331650797586174162e-01
1.650815607737195250e+15,2.331650797586173329e-01
1.650815607739112250e+15,2.331650797586172497e-01
1.650815607741029250e+15,2.331650797586171942e-01
1.650815607742946000e+15,2.331650797586171109e-01
1.650815607744863000e+15,2.372566509442485538e-01
1.650815607746780000e+15,2.427531764963547500e-01
1.650815607748696750e+15,2.482489852350086568e-01
1.650815607750613750e+15,2.537455107871148252e-01
1.650815607752530750e+15,2.592420363392209381e-01
1.650815607754447750e+15,2.647385618913271621e-01
1.650815607756364500e+15,2.697016557587433305e-01
1.650815607758281500e+15,2.636590354559040228e-01
1.650815607760198500e+15,2.576164151530647151e-01
1.650815607762115250e+15,2.515745828810421747e-01
1.650815607764032250e+15,2.455319625782028670e-01
1.650815607765949250e+15,2.394893422753636147e-01
1.650815607767866250e+15,2.410757955083850657e-01
1.650815607769783000e+15,2.429074464507177122e-01
1.650815607771700000e+15,2.447393362936558514e-01
1.650815607773617000e+15,2.465712261365939906e-01
1.650815607775533750e+15,2.484028770789266094e-01
1.650815607777450750e+15,2.502347669218647486e-01
1.650815607779367750e+15,2.518738639081280484e-01
1.650815607781284750e+15,2.529905454177410751e-01
1.650815607783201500e+15,2.541070812985709582e-01
1.650815607785118500e+15,2.552237628081840404e-01
1.650815607787035500e+15,2.563404443177970671e-01
1.650815607788952250e+15,2.574569801986268947e-01
1.650815607790869250e+15,2.585736617082399769e-01
1.650815607792786250e+15,2.596903432178530591e-01
1.650815607794703250e+15,2.608070247274661413e-01
1.650815607796620000e+15,2.619235606082959689e-01
1.650815607798537000e+15,2.630402421179090511e-01
1.650815607800454000e+15,2.635500480688106051e-01
1.650815607802370750e+15,2.624963811004608072e-01
1.650815607804287750e+15,2.614425767032642067e-01
1.650815607806204750e+15,2.603887723060676063e-01
1.650815607808121750e+15,2.593349679088710058e-01
1.650815607810038500e+15,2.582813009405212079e-01
1.650815607811955500e+15,2.571191553393052387e-01
1.650815607813872500e+15,2.558281263982991049e-01
1.650815607815789500e+15,2.545370974572930267e-01
1.650815607817706250e+15,2.532462368820851406e-01
1.650815607819623250e+15,2.519552079410790624e-01
1.650815607821540250e+15,2.523296037207613529e-01
1.650815607823457000e+15,2.534046522308819327e-01
1.650815607825374000e+15,2.544798409586248589e-01
1.650815607827291000e+15,2.555550296863677850e-01
1.650815607829208000e+15,2.566302184141106557e-01
1.650815607831124750e+15,2.577052669242313465e-01
1.650815607833041750e+15,2.587804556519741617e-01
1.650815607834958750e+15,2.598556443797170878e-01
1.650815607836875500e+15,2.609306928898377786e-01
1.650815607838792500e+15,2.620058816175807048e-01
1.650815607840709500e+15,2.630810703453236310e-01
1.650815607842626500e+15,2.645520744331480989e-01
1.650815607844543250e+15,2.669928818837484785e-01
1.650815607846460250e+15,2.694340076866966749e-01
1.650815607848377250e+15,2.718751334896448713e-01
1.650815607850294000e+15,2.743159409402451954e-01
1.650815607852211000e+15,2.761165418194151400e-01
1.650815607854128000e+15,2.761165418194149734e-01
1.650815607856045000e+15,2.761165418194148069e-01
1.650815607857961750e+15,2.761165418194146404e-01
1.650815607859878750e+15,2.761165418194144738e-01
1.650815607861795750e+15,2.761165418194143073e-01
1.650815607863712500e+15,2.741091504091120457e-01
1.650815607865629500e+15,2.703603249502233297e-01
1.650815607867546500e+15,2.666114994913345582e-01
1.650815607869463500e+15,2.628626740324457867e-01
1.650815607871380250e+15,2.591143374657660647e-01
1.650815607873297250e+15,2.611665415682686286e-01
1.650815607875214250e+15,2.666983951573140277e-01
1.650815607877131000e+15,2.722295273257036019e-01
1.650815607879048000e+15,2.777613809147490564e-01
1.650815607880965000e+15,2.832932345037944555e-01
1.650815607882882000e+15,2.888250880928398545e-01
1.650815607884798750e+15,2.943562202612294287e-01
1.650815607886715750e+15,2.921419853439068404e-01
1.650815607888632750e+15,2.896850014525447214e-01
1.650815607890549750e+15,2.872280175611826025e-01
1.650815607892466500e+15,2.847713540902549467e-01
1.650815607894383500e+15,2.823143701988928278e-01
1.650815607896300500e+15,2.798573863075307644e-01
1.650815607898217250e+15,2.774007228366030531e-01
1.650815607900134250e+15,2.749437389452409342e-01
1.650815607902051250e+15,2.724867550538788707e-01
1.650815607903968250e+15,2.700297711625166963e-01
1.650815607905885000e+15,2.675731076915890405e-01
1.650815607907802000e+15,2.651161238002269771e-01
1.650815607909719000e+15,2.663757911795373023e-01
1.650815607911635750e+15,2.716206318416490850e-01
1.650815607913552750e+15,2.768661565836698646e-01
1.650815607915469750e+15,2.821116813256905331e-01
1.650815607917386750e+15,2.873572060677113127e-01
1.650815607919303500e+15,2.926020467298230954e-01
1.650815607921220500e+15,2.949089346891421992e-01
1.650815607923137500e+15,2.955160348017361049e-01
1.650815607925054250e+15,2.961230557411280717e-01
1.650815607926971250e+15,2.967301558537219774e-01
1.650815607928888250e+15,2.973372559663158832e-01
1.650815607930805250e+15,2.979443560789097334e-01
1.650815607932722000e+15,2.985513770183017002e-01
1.650815607934639000e+15,2.991584771308956059e-01
1.650815607936556000e+15,2.997655772434894561e-01
1.650815607938472750e+15,3.003725981828813674e-01
1.650815607940389750e+15,2.996297487052625996e-01
1.650815607942306750e+15,2.976714427564560728e-01
1.650815607944223750e+15,2.957131368076494904e-01
1.650815607946140500e+15,2.937550862456385636e-01
1.650815607948057500e+15,2.917967802968319813e-01
1.650815607949974500e+15,2.898384743480254544e-01
1.650815607951891250e+15,2.888023568874282798e-01
1.650815607953808250e+15,2.903982907685064285e-01
1.650815607955725250e+15,2.919942246495846327e-01
1.650815607957642250e+15,2.935901585306627815e-01
1.650815607959559000e+15,2.951858842826485252e-01
1.650815607961476000e+15,2.967818181637267294e-01
1.650815607963393000e+15,2.983777520448049336e-01
1.650815607965310000e+15,2.999736859258831378e-01
1.650815607967226750e+15,3.015694116778688816e-01
1.650815607969143750e+15,3.031653455589470303e-01
1.650815607971060750e+15,3.047612794400251790e-01
1.650815607972977500e+15,3.063570051920109227e-01
1.650815607974894500e+15,3.081839438909664275e-01
1.650815607976811500e+15,3.100985796330528177e-01
1.650815607978728500e+15,3.120132153751391524e-01
1.650815607980645250e+15,3.139276014255533154e-01
1.650815607982562250e+15,3.158422371676397056e-01
1.650815607984479250e+15,3.177568729097260403e-01
1.650815607986396000e+15,3.171580381084486144e-01
1.650815607988313000e+15,3.110961103195867272e-01
1.650815607990230000e+15,3.050341825307247845e-01
1.650815607992147000e+15,2.989722547418628418e-01
1.650815607994063750e+15,2.929111175017475865e-01
1.650815607995980750e+15,2.906926561879782933e-01
1.650815607997897750e+15,2.997677088464763551e-01
1.650815607999814500e+15,3.088415780082792716e-01
1.650815608001731500e+15,3.179166306667773889e-01
1.650815608003648500e+15,3.269916833252754507e-01
1.650815608005565500e+15,3.309606745881251144e-01
1.650815608007482250e+15,3.302327979511204270e-01
1.650815608009399250e+15,3.295048263778125874e-01
1.650815608011316250e+15,3.287768548045047479e-01
1.650815608013233000e+15,3.280489781675001160e-01
1.650815608015150000e+15,3.273210065941922764e-01
1.650815608017067000e+15,3.265930350208844368e-01
1.650815608018984000e+15,3.258650634475765973e-01
1.650815608020900750e+15,3.254296375636760996e-01
1.650815608022817750e+15,3.278915840199593812e-01
1.650815608024734750e+15,3.303535304762427183e-01
1.650815608026651500e+15,3.328151558649129482e-01
1.650815608028568500e+15,3.352771023211962853e-01
1.650815608030485500e+15,3.377390487774795114e-01
1.650815608032402500e+15,3.402009952337628484e-01
1.650815608034319250e+15,3.426626206224331339e-01
1.650815608036236250e+15,3.451245670787164710e-01
1.650815608038153250e+15,3.475865135349997526e-01
1.650815608040070250e+15,3.495033817452759539e-01
1.650815608041987000e+15,3.475049058403110180e-01
1.650815608043904000e+15,3.455061692759088809e-01
1.650815608045821000e+15,3.435074327115066883e-01
1.650815608047737750e+15,3.415089568065417525e-01
1.650815608049654750e+15,3.395102202421396154e-01
1.650815608051571750e+15,3.375114836777374228e-01
1.650815608053488750e+15,3.355127471133353412e-01
1.650815608055405500e+15,3.335142712083703498e-01
1.650815608057322500e+15,3.315155346439682127e-01
1.650815608059239500e+15,3.295167980795660756e-01
1.650815608061156250e+15,3.275183221746011397e-01
1.650815608063073250e+15,3.255195856101989471e-01
1.650815608064990250e+15,3.252039270317571562e-01
1.650815608066907250e+15,3.252039270317570452e-01
1.650815608068824000e+15,3.252039270317568787e-01
1.650815608070741000e+15,3.252039270317567676e-01
1.650815608072658000e+15,3.252039270317566011e-01
1.650815608074574750e+15,3.252039270317564901e-01
1.650815608076491750e+15,3.260179990858051990e-01
1.650815608078408750e+15,3.295748677527262083e-01
1.650815608080325750e+15,3.331317364196472175e-01
1.650815608082242500e+15,3.366881412278479591e-01
1.650815608084159500e+15,3.402450098947689683e-01
1.650815608086076500e+15,3.435601404471169129e-01
1.650815608087993250e+15,3.425960425128010134e-01
1.650815608089910250e+15,3.416318188320479066e-01
1.650815608091827250e+15,3.406675951512947442e-01
1.650815608093744250e+15,3.397033714705416374e-01
1.650815608095661000e+15,3.387392735362257379e-01
1.650815608097578000e+15,3.377750498554725755e-01
1.650815608099495000e+15,3.368108261747194687e-01
1.650815608101411750e+15,3.358467282404035692e-01
1.650815608103328750e+15,3.348825045596504069e-01
1.650815608105245750e+15,3.339182808788973000e-01
1.650815608107162750e+15,3.329540571981441377e-01
1.650815608109079500e+15,3.319899592638282382e-01
1.650815608110996500e+15,3.334393209210249065e-01
1.650815608112913500e+15,3.398839732896708488e-01
1.650815608114830250e+15,3.463277851976531152e-01
1.650815608116747250e+15,3.527724375662990020e-01
1.650815608118664250e+15,3.592170899349449442e-01
1.650815608120581250e+15,3.656617423035908865e-01
1.650815608122498000e+15,3.656570057596036372e-01
1.650815608124415000e+15,3.615809199304405031e-01
1.650815608126332000e+15,3.575048341012773689e-01
1.650815608128249000e+15,3.534287482721142348e-01
1.650815608130165750e+15,3.493531940138730474e-01
1.650815608132082750e+15,3.452771081847099133e-01
1.650815608133999750e+15,3.439420195097955268e-01
1.650815608135916500e+15,3.445004730093547129e-01
1.650815608137833500e+15,3.450589993475078332e-01
1.650815608139750500e+15,3.456175256856609534e-01
1.650815608141667500e+15,3.461760520238140737e-01
1.650815608143584250e+15,3.467345055233732598e-01
1.650815608145501250e+15,3.472930318615264356e-01
1.650815608147418250e+15,3.478515581996796113e-01
1.650815608149335000e+15,3.484100116992387974e-01
1.650815608151252000e+15,3.489685380373919177e-01
1.650815608153169000e+15,3.495270643755450379e-01
1.650815608155086000e+15,3.547228373614998986e-01
1.650815608157002750e+15,3.629437413025882742e-01
1.650815608158919750e+15,3.711657174888757238e-01
1.650815608160836750e+15,3.793876936751632289e-01
1.650815608162753500e+15,3.876085976162516045e-01
1.650815608164670500e+15,3.958305738025390541e-01
1.650815608166587500e+15,3.965894964792365252e-01
1.650815608168504500e+15,3.930509518452329765e-01
1.650815608170421250e+15,3.895128686802740159e-01
1.650815608172338250e+15,3.859743240462704672e-01
1.650815608174255250e+15,3.824357794122669185e-01
1.650815608176172000e+15,3.788976962473079579e-01
1.650815608178089000e+15,3.753591516133043537e-01
1.650815608180006000e+15,3.718206069793008606e-01
1.650815608181923000e+15,3.682820623452973119e-01
1.650815608183839750e+15,3.647439791803383513e-01
1.650815608185756750e+15,3.612054345463348026e-01
1.650815608187673750e+15,3.576668899123312539e-01
1.650815608189590500e+15,3.541288067473723489e-01
1.650815608191507500e+15,3.505902621133687447e-01
1.650815608193424500e+15,3.576440012578062655e-01
1.650815608195341500e+15,3.680085090053650809e-01
1.650815608197258250e+15,3.783716650956796546e-01
1.650815608199175250e+15,3.887361728432383590e-01
1.650815608201092250e+15,3.991006805907971189e-01
1.650815608203009250e+15,4.041872024148832621e-01
1.650815608204926000e+15,4.023800372795545699e-01
1.650815608206843000e+15,4.005726364372824144e-01
1.650815608208760000e+15,3.987652355950102590e-01
1.650815608210676750e+15,3.969580704596815668e-01
1.650815608212593750e+15,3.951506696174094668e-01
1.650815608214510750e+15,3.933432687751373669e-01
1.650815608216427750e+15,3.915358679328652114e-01
1.650815608218344500e+15,3.897287027975364637e-01
1.650815608220261500e+15,3.879213019552643638e-01
1.650815608222178500e+15,3.861139011129922083e-01
1.650815608224095250e+15,3.843067359776635161e-01
1.650815608226012250e+15,3.824993351353914162e-01
1.650815608227929250e+15,3.806919342931192607e-01
1.650815608229846250e+15,3.811835940107302090e-01
1.650815608231763000e+15,3.820696141026931336e-01
1.650815608233680000e+15,3.829557497574695435e-01
1.650815608235597000e+15,3.838418854122460644e-01
1.650815608237513750e+15,3.847279055042089890e-01
1.650815608239430750e+15,3.856140411589854544e-01
1.650815608241347750e+15,3.865001768137619198e-01
1.650815608243264750e+15,3.878238652683192456e-01
1.650815608245181500e+15,3.891808550803325661e-01
1.650815608247098500e+15,3.905380218833217620e-01
1.650815608249015500e+15,3.918951886863110134e-01
1.650815608250932250e+15,3.932521784983243340e-01
1.650815608252849250e+15,3.946093453013135299e-01
1.650815608254766250e+15,3.959665121043027258e-01
1.650815608256683250e+15,3.973236789072919217e-01
1.650815608258600000e+15,3.986806687193052978e-01
1.650815608260517000e+15,3.975177274387837745e-01
1.650815608262434000e+15,3.960314291469583248e-01
1.650815608264350750e+15,3.945453246864176755e-01
1.650815608266267750e+15,3.930590263945921703e-01
1.650815608268184750e+15,3.915727281027667761e-01
1.650815608270101750e+15,3.900864298109412709e-01
1.650815608272018500e+15,3.886003253504006216e-01
1.650815608273935500e+15,3.871140270585751719e-01
1.650815608275852500e+15,3.871941670097055477e-01
1.650815608277769500e+15,3.881967722502018825e-01
1.650815608279686250e+15,3.891992467388410981e-01
1.650815608281603250e+15,3.902018519793374329e-01
1.650815608283520250e+15,3.912044572198338233e-01
1.650815608285437000e+15,3.922069317084730389e-01
1.650815608287354000e+15,3.955464560430164700e-01
1.650815608289271000e+15,4.011390960204883616e-01
1.650815608291188000e+15,4.067317359979603086e-01
1.650815608293104750e+15,4.123236466274957657e-01
1.650815608295021750e+15,4.179162866049676572e-01
1.650815608296938750e+15,4.235089265824396598e-01
1.650815608298855500e+15,4.291008372119750058e-01
1.650815608300772500e+15,4.346934771894469529e-01
1.650815608302689500e+15,4.402861171669189555e-01
1.650815608304606500e+15,4.458787571443909026e-01
1.650815608306523250e+15,4.455136701293976875e-01
1.650815608308440250e+15,4.417171512295324232e-01
1.650815608310357250e+15,4.379206323296671588e-01
1.650815608312274000e+15,4.341246085418128953e-01
1.650815608314191000e+15,4.303280896419476864e-01
1.650815608316108000e+15,4.265315707420823665e-01
1.650815608318025000e+15,4.241848155841139723e-01
1.650815608319941750e+15,4.289390522648156567e-01
1.650815608321858750e+15,4.336939090363847171e-01
1.650815608323775750e+15,4.384487658079537775e-01
1.650815608325692500e+15,4.432030024886555175e-01
1.650815608327609500e+15,4.479578592602245779e-01
1.650815608329526500e+15,4.527127160317936938e-01
1.650815608331443500e+15,4.540583132141495781e-01
1.650815608333360250e+15,4.540583132141496336e-01
1.650815608335277250e+15,4.540583132141495781e-01
1.650815608337194250e+15,4.540583132141496336e-01
1.650815608339111000e+15,4.540583132141496336e-01
1.650815608341028000e+15,4.540583132141495781e-01
1.650815608342945000e+15,4.516460720940020934e-01
1.650815608344862000e+15,4.487340656536225048e-01
1.650815608346778750e+15,4.458224389741245464e-01
1.650815608348695750e+15,4.429104325337449577e-01
1.650815608350612750e+15,4.399984260933653690e-01
1.650815608352529750e+15,4.370864196529857804e-01
1.650815608354446500e+15,4.359455137897924049e-01
1.650815608356363500e+15,4.365275596446841488e-01
1.650815608358280500e+15,4.371096054995758373e-01
1.650815608360197250e+15,4.376915754486440657e-01
1.650815608362114250e+15,4.382736213035357542e-01
1.650815608364031250e+15,4.388556671584274982e-01
1.650815608365948250e+15,4.394377130133191312e-01
1.650815608367865000e+15,4.400196829623873596e-01
1.650815608369782000e+15,4.406017288172791035e-01
1.650815608371699000e+15,4.411837746721707920e-01
1.650815608373615750e+15,4.417657446212389649e-01
1.650815608375532750e+15,4.438955657167568125e-01
1.650815608377449750e+15,4.460825257765330676e-01
1.650815608379366750e+15,4.482694858363093227e-01
1.650815608381283500e+15,4.504561606900266968e-01
1.650815608383200500e+15,4.526431207498028964e-01
1.650815608385117500e+15,4.540583132141496336e-01
1.650815608387034250e+15,4.540583132141495781e-01
1.650815608388951250e+15,4.540583132141495781e-01
1.650815608390868250e+15,4.540583132141495781e-01
1.650815608392785250e+15,4.540583132141495781e-01
1.650815608394702000e+15,4.540583132141495781e-01
1.650815608396619000e+15,4.540583132141495781e-01
1.650815608398536000e+15,4.540583132141495781e-01
1.650815608400452750e+15,4.542907749526938765e-01
1.650815608402369750e+15,4.549724256644178122e-01
1.650815608404286750e+15,4.556540763761418034e-01
1.650815608406203750e+15,4.563357270878657390e-01
1.650815608408120500e+15,4.570172889040873265e-01
1.650815608410037500e+15,4.576989396158113177e-01
1.650815608411954500e+15,4.583805903275352533e-01
1.650815608413871250e+15,4.590621521437568964e-01
1.650815608415788250e+15,4.597438028554808320e-01
1.650815608417705250e+15,4.603413993942148674e-01
1.650815608419622250e+15,4.607752502603076339e-01
1.650815608421539000e+15,4.612090445469968492e-01
1.650815608423456000e+15,4.616428954130895601e-01
1.650815608425373000e+15,4.620767462791823266e-01
1.650815608427289750e+15,4.625105405658715974e-01
1.650815608429206750e+15,4.629443914319643638e-01
1.650815608431123750e+15,4.633782422980571303e-01
1.650815608433040750e+15,4.638120931641498412e-01
1.650815608434957500e+15,4.642458874508390565e-01
1.650815608436874500e+15,4.646797383169317675e-01
1.650815608438791500e+15,4.651135891830245894e-01
1.650815608440708500e+15,4.655474400491173004e-01
1.650815608442625250e+15,4.659812343358065712e-01
1.650815608444542250e+15,4.663301595172351099e-01
1.650815608446459250e+15,4.663301595172351099e-01
1.650815608448376000e+15,4.663301595172351099e-01
1.650815608450293000e+15,4.663301595172351099e-01
1.650815608452210000e+15,4.663301595172351099e-01
1.650815608454127000e+15,4.663301595172351099e-01
1.650815608456043750e+15,4.662309037402634360e-01
1.650815608457960750e+15,4.656431869079706853e-01
1.650815608459877750e+15,4.650554700756779347e-01
1.650815608461794500e+15,4.644678298887728873e-01
1.650815608463711500e+15,4.638801130564801367e-01
1.650815608465628500e+15,4.632923962241874416e-01
1.650815608467545500e+15,4.627046793918946910e-01
1.650815608469462250e+15,4.621170392049895881e-01
1.650815608471379250e+15,4.615293223726968930e-01
1.650815608473296250e+15,4.609416055404041423e-01
1.650815608475213000e+15,4.603539653534989839e-01
1.650815608477130000e+15,4.615902188819172580e-01
1.650815608479047000e+15,4.635071948730362656e-01
1.650815608480964000e+15,4.654241708641553288e-01
1.650815608482880750e+15,4.673408968584055190e-01
1.650815608484797750e+15,4.692578728495245266e-01
1.650815608486714750e+15,4.711748488406435897e-01
1.650815608488631500e+15,4.729096305632983777e-01
1.650815608490548500e+15,4.742689931752834265e-01
1.650815608492465500e+15,4.756283557872684753e-01
1.650815608494382500e+15,4.769877183992535796e-01
1.650815608496299250e+15,4.783469037339026508e-01
1.650815608498216250e+15,4.797062663458876441e-01
1.650815608500133250e+15,4.810656289578727485e-01
1.650815608502050000e+15,4.824248142925218752e-01
1.650815608503967000e+15,4.837841769045069240e-01
1.650815608505884000e+15,4.850807782482791652e-01
1.650815608507801000e+15,4.862298028337538880e-01
1.650815608509717750e+15,4.873786775725168496e-01
1.650815608511634750e+15,4.885277021579916279e-01
1.650815608513551750e+15,4.896767267434664062e-01
1.650815608515468750e+15,4.908257513289411844e-01
1.650815608517385500e+15,4.888739190560849046e-01
1.650815608519302500e+15,4.867863221652328765e-01
1.650815608521219500e+15,4.846987252743808483e-01
1.650815608523136250e+15,4.826114006314279337e-01
1.650815608525053250e+15,4.805238037405759055e-01
1.650815608526970250e+15,4.786694566722925481e-01
1.650815608528887250e+15,4.795187393207767101e-01
1.650815608530804000e+15,4.803679112125254225e-01
1.650815608532721000e+15,4.812171938610096400e-01
1.650815608534638000e+15,4.820664765094938575e-01
1.650815608536554750e+15,4.829156484012425143e-01
1.650815608538471750e+15,4.837649310497267319e-01
1.650815608540388750e+15,4.846142136982109494e-01
1.650815608542305750e+15,4.890123263097772011e-01
1.650815608544222500e+15,4.940148914738430319e-01
1.650815608546139500e+15,4.990181091180397877e-01
1.650815608548056500e+15,5.040213267622366544e-01
1.650815608549973250e+15,5.090238919263024853e-01
1.650815608551890250e+15,5.022856083296175500e-01
1.650815608553807250e+15,4.949096383600264382e-01
1.650815608555724250e+15,4.875336683904352708e-01
1.650815608557641000e+15,4.801586603365938788e-01
1.650815608559558000e+15,4.727826903670027114e-01
1.650815608561475000e+15,4.667931648574521475e-01
1.650815608563391750e+15,4.704909377152061145e-01
1.650815608565308750e+15,4.741891928701894576e-01
1.650815608567225750e+15,4.778874480251728007e-01
1.650815608569142750e+15,4.815857031801562549e-01
1.650815608571059500e+15,4.852834760379102219e-01
1.650815608572976500e+15,4.889817311928936205e-01
1.650815608574893500e+15,4.926799863478770192e-01
1.650815608576810250e+15,4.963777592056309307e-01
1.650815608578727250e+15,5.000760143606143293e-01
1.650815608580644250e+15,5.037742695155976724e-01
1.650815608582561250e+15,5.074725246705810155e-01
1.650815608584478000e+15,5.085026630175800699e-01
1.650815608586395000e+15,5.069773682674384441e-01
1.650815608588312000e+15,5.054520735172968182e-01
1.650815608590229000e+15,5.039267787671553034e-01
1.650815608592145750e+15,5.024016829339087442e-01
1.650815608594062750e+15,5.008763881837671184e-01
1.650815608595979750e+15,4.993510934336255480e-01
1.650815608597896500e+15,4.978259976003789333e-01
1.650815608599813500e+15,4.963007028502373630e-01
1.650815608601730500e+15,4.947754081000957926e-01
1.650815608603647500e+15,4.932501133499542223e-01
1.650815608605564250e+15,4.917250175167076076e-01
1.650815608607481250e+15,4.908738521234037311e-01
1.650815608609398250e+15,4.908738521234041752e-01
1.650815608611315000e+15,4.908738521234046193e-01
1.650815608613232000e+15,4.908738521234051744e-01
1.650815608615149000e+15,4.908738521234056185e-01
1.650815608617066000e+15,4.908738521234060626e-01
1.650815608618982750e+15,4.932790818695286239e-01
1.650815608620899750e+15,4.962182534541130230e-01
1.650815608622816750e+15,4.991574250386974221e-01
1.650815608624733500e+15,5.020962133197365285e-01
1.650815608626650500e+15,5.050353849043209831e-01
1.650815608628567500e+15,5.079745564889053266e-01
1.650815608630484500e+15,5.092816215780331390e-01
1.650815608632401250e+15,5.092816215780331390e-01
1.650815608634318250e+15,5.092816215780331390e-01
1.650815608636235250e+15,5.092816215780331390e-01
1.650815608638152000e+15,5.097339042629287498e-01
1.650815608640069000e+15,5.123375856651658511e-01
1.650815608641986000e+15,5.149412670674029524e-01
1.650815608643903000e+15,5.175449484696401647e-01
1.650815608645819750e+15,5.201482903203120678e-01
1.650815608647736750e+15,5.227519717225492801e-01
1.650815608649653750e+15,5.253556531247862704e-01
1.650815608651570500e+15,5.276316175412655296e-01
1.650815608653487500e+15,5.270736740500641115e-01
1.650815608655404500e+15,5.265157305588628045e-01
1.650815608657321500e+15,5.259577870676614975e-01
1.650815608659238250e+15,5.253999163390438154e-01
1.650815608661155250e+15,5.248419728478423973e-01
1.650815608663072250e+15,5.242840293566410903e-01
1.650815608664989000e+15,5.237261586280234082e-01
1.650815608666906000e+15,5.231682151368219902e-01
1.650815608668823000e+15,5.226102716456206831e-01
1.650815608670740000e+15,5.220523281544193761e-01
1.650815608672656750e+15,5.215534678811176716e-01
1.650815608674573750e+15,5.215534678811176716e-01
1.650815608676490750e+15,5.215534678811177827e-01
1.650815608678407750e+15,5.215534678811177827e-01
1.650815608680324500e+15,5.215534678811177827e-01
1.650815608682241500e+15,5.215534678811177827e-01
1.650815608684158500e+15,5.215534678811177827e-01
1.650815608686075250e+15,5.216223380853322045e-01
1.650815608687992250e+15,5.225250675313419801e-01
1.650815608689909250e+15,5.234277969773518668e-01
1.650815608691826250e+15,5.243305264233616425e-01
1.650815608693743000e+15,5.252331381425267010e-01
1.650815608695660000e+15,5.261358675885365876e-01
1.650815608697577000e+15,5.270385970345463633e-01
1.650815608699493750e+15,5.278355137182670909e-01
1.650815608701410750e+15,5.283593420273967611e-01
1.650815608703327750e+15,5.288831703365263204e-01
1.650815608705244750e+15,5.294069986456558796e-01
1.650815608707161500e+15,5.299307586412345117e-01
1.650815608709078500e+15,5.304545869503640709e-01
1.650815608710995500e+15,5.309784152594936302e-01
1.650815608712912250e+15,5.315021752550722622e-01
1.650815608714829250e+15,5.320260035642019325e-01
1.650815608716746250e+15,5.325498318733313807e-01
1.650815608718663250e+15,5.330736601824610510e-01
1.650815608720580000e+15,5.335974201780396831e-01
1.650815608722497000e+15,5.338253141842024263e-01
1.650815608724414000e+15,5.338253141842024263e-01
1.650815608726330750e+15,5.338253141842024263e-01
1.650815608728247750e+15,5.338253141842024263e-01
1.650815608730164750e+15,5.338253141842024263e-01
1.650815608732081750e+15,5.338253141842024263e-01
1.650815608733998500e+15,5.338253141842024263e-01
1.650815608735915500e+15,5.338253141842024263e-01
1.650815608737832500e+15,5.338253141842024263e-01
1.650815608739749250e+15,5.338253141842025373e-01
1.650815608741666250e+15,5.338253141842026483e-01
1.650815608743583250e+15,5.338253141842026483e-01
1.650815608745500250e+15,5.338253141842028704e-01
1.650815608747417000e+15,5.338253141842028704e-01
1.650815608749334000e+15,5.338253141842029814e-01
1.650815608751251000e+15,5.338253141842030924e-01
1.650815608753168000e+15,5.338253141842032035e-01
1.650815608755084750e+15,5.338253141842032035e-01
1.650815608757001750e+15,5.338253141842033145e-01
1.650815608758918750e+15,5.338253141842033145e-01
1.650815608760835500e+15,5.338253141842033145e-01
1.650815608762752500e+15,5.338253141842032035e-01
1.650815608764669500e+15,5.338253141842030924e-01
1.650815608766586500e+15,5.338253141842030924e-01
1.650815608768503250e+15,5.338253141842029814e-01
1.650815608770420250e+15,5.338253141842028704e-01
1.650815608772337250e+15,5.338253141842028704e-01
1.650815608774254000e+15,5.338253141842027594e-01
1.650815608776171000e+15,5.338253141842027594e-01
1.650815608778088000e+15,5.338253141842026483e-01
1.650815608780005000e+15,5.338253141842026483e-01
1.650815608781921750e+15,5.338253141842025373e-01
1.650815608783838750e+15,5.338253141842025373e-01
1.650815608785755750e+15,5.342807671362803656e-01
1.650815608787672500e+15,5.348651952172146506e-01
1.650815608789589500e+15,5.354496995245843216e-01
1.650815608791506500e+15,5.360342038319541036e-01
1.650815608793423500e+15,5.366187081393238856e-01
1.650815608795340250e+15,5.372031362202580596e-01
1.650815608797257250e+15,5.377876405276278415e-01
1.650815608799174250e+15,5.383721448349975125e-01
1.650815608801091000e+15,5.389565729159316865e-01
1.650815608803008000e+15,5.395410772233014685e-01
1.650815608804925000e+15,5.401127173237767476e-01
1.650815608806842000e+15,5.406514689695197662e-01
1.650815608808758750e+15,5.411901503555281989e-01
1.650815608810675750e+15,5.417289020012712175e-01
1.650815608812592750e+15,5.422676536470143471e-01
1.650815608814509500e+15,5.428063350330225578e-01
1.650815608816426500e+15,5.433450866787656874e-01
1.650815608818343500e+15,5.438838383245087060e-01
1.650815608820260500e+15,5.444225899702517246e-01
1.650815608822177250e+15,5.449612713562601574e-01
1.650815608824094250e+15,5.455000230020032870e-01
1.650815608826011250e+15,5.460387746477463056e-01
1.650815608827928250e+15,5.456695048582408392e-01
1.650815608829845000e+15,5.451899325739184565e-01
1.650815608831762000e+15,5.447102977394090439e-01
1.650815608833679000e+15,5.442306629048997424e-01
1.650815608835595750e+15,5.437510906205773598e-01
1.650815608837512750e+15,5.432714557860680582e-01
1.650815608839429750e+15,5.427918209515586456e-01
1.650815608841346750e+15,5.423121861170492330e-01
1.650815608843263500e+15,5.418326138327268504e-01
1.650815608845180500e+15,5.413529789982174378e-01
1.650815608847097500e+15,5.408733441637081363e-01
1.650815608849014250e+15,5.403937718793858647e-01
1.650815608850931250e+15,5.398650441700829639e-01
1.650815608852848250e+15,5.388854834870794308e-01
1.650815608854765250e+15,5.379059228040758978e-01
1.650815608856682000e+15,5.369264898676402442e-01
1.650815608858599000e+15,5.359469291846367112e-01
1.650815608860516000e+15,5.349673685016331781e-01
1.650815608862432750e+15,5.339879355651975246e-01
1.650815608864349750e+15,5.348225498392333854e-01
1.650815608866266750e+15,5.360182969858743318e-01
1.650815608868183750e+15,5.372140441325155003e-01
1.650815608870100500e+15,5.384096353392573420e-01
1.650815608872017500e+15,5.396053824858985104e-01
1.650815608873934500e+15,5.403509369029155796e-01
1.650815608875851250e+15,5.409056763350518215e-01
1.650815608877768250e+15,5.414604881213593846e-01
1.650815608879685250e+15,5.420152999076669476e-01
1.650815608881602250e+15,5.425701116939745106e-01
1.650815608883519000e+15,5.431248511261106415e-01
1.650815608885436000e+15,5.436796629124180935e-01
1.650815608887353000e+15,5.442344746987257675e-01
1.650815608889269750e+15,5.447892141308618985e-01
1.650815608891186750e+15,5.453440259171694615e-01
1.650815608893103750e+15,5.458988377034770245e-01
1.650815608895020750e+15,5.455570387591452963e-01
1.650815608896937500e+15,5.447165448907309582e-01
1.650815608898854500e+15,5.438759413974479928e-01
1.650815608900771500e+15,5.430353379041650275e-01
1.650815608902688500e+15,5.421947344108821731e-01
1.650815608904605250e+15,5.413542405424678350e-01
1.650815608906522250e+15,5.405136370491848696e-01
1.650815608908439250e+15,5.399612373357457473e-01
1.650815608910356000e+15,5.399612373357458583e-01
1.650815608912273000e+15,5.399612373357460804e-01
1.650815608914190000e+15,5.399612373357461914e-01
1.650815608916107000e+15,5.399612373357463024e-01
1.650815608918023750e+15,5.399612373357465245e-01
1.650815608919940750e+15,5.407728885843463562e-01
1.650815608921857750e+15,5.417640881024643473e-01
1.650815608923774500e+15,5.427551583561696091e-01
1.650815608925691500e+15,5.437463578742876003e-01
1.650815608927608500e+15,5.447375573924055914e-01
1.650815608929525500e+15,5.457287569105235825e-01
1.650815608931442250e+15,5.453701646731168307e-01
1.650815608933359250e+15,5.442128875497888041e-01
1.650815608935276250e+15,5.430556104264607775e-01
1.650815608937193000e+15,5.418984842260753387e-01
1.650815608939110000e+15,5.407412071027473122e-01
1.650815608941027000e+15,5.395839299794193966e-01
1.650815608942944000e+15,5.384266528560913700e-01
1.650815608944860750e+15,5.372695266557059313e-01
1.650815608946777750e+15,5.361122495323779047e-01
1.650815608948694750e+15,5.349549724090498781e-01
1.650815608950611500e+15,5.338478290635111367e-01
1.650815608952528500e+15,5.347964229894389687e-01
1.650815608954445500e+15,5.357450169153668007e-01
1.650815608956362500e+15,5.366936108412946327e-01
1.650815608958279250e+15,5.376420810590943899e-01
1.650815608960196250e+15,5.385906749850222219e-01
1.650815608962113250e+15,5.395392689109500539e-01
1.650815608964030000e+15,5.396785518093016876e-01
1.650815608965947000e+15,5.391692396343066296e-01
1.650815608967864000e+15,5.386599274593116826e-01
1.650815608969781000e+15,5.381506152843166246e-01
1.650815608971697750e+15,5.376413695297930229e-01
1.650815608973614750e+15,5.371320573547979649e-01
1.650815608975531750e+15,5.366227451798029069e-01
1.650815608977448500e+15,5.361134994252794161e-01
1.650815608979365500e+15,5.356041872502843582e-01
1.650815608981282500e+15,5.350948750752893002e-01
1.650815608983199500e+15,5.345855629002943532e-01
1.650815608985116250e+15,5.340763171457707514e-01
1.650815608987033250e+15,5.362913085145175618e-01
1.650815608988950250e+15,5.411535467569593694e-01
1.650815608990867250e+15,5.460157849994011769e-01
1.650815608992784000e+15,5.508773891471322459e-01
1.650815608994701000e+15,5.557396273895740535e-01
1.650815608996618000e+15,5.606018656320158611e-01
1.650815608998534750e+15,5.654634697797469300e-01
1.650815609000451750e+15,5.703257080221887376e-01
1.650815609002368750e+15,5.672823624879437254e-01
1.650815609004285750e+15,5.636911052067996586e-01
1.650815609006202500e+15,5.601003162690673109e-01
1.650815609008119500e+15,5.565090589879232441e-01
1.650815609010036500e+15,5.529178017067792883e-01
1.650815609011953250e+15,5.493270127690469407e-01
1.650815609013870250e+15,5.457357554879027628e-01
1.650815609015787250e+15,5.421444982067586960e-01
1.650815609017704250e+15,5.385532409256147401e-01
1.650815609019621000e+15,5.349624519878823925e-01
1.650815609021538000e+15,5.433248388451814570e-01
1.650815609023455000e+15,5.572260516505991301e-01
1.650815609025371750e+15,5.711254515696309042e-01
1.650815609027288750e+15,5.850266643750485773e-01
1.650815609029205750e+15,5.989278771804660284e-01
1.650815609031122750e+15,6.128290899858835905e-01
1.650815609033039500e+15,6.127597452288586766e-01
1.650815609034956500e+15,6.118786872399063492e-01
1.650815609036873500e+15,6.109976292509540219e-01
1.650815609038790250e+15,6.101166861626262650e-01
1.650815609040707250e+15,6.092356281736740486e-01
1.650815609042624250e+15,6.083545701847217213e-01
1.650815609044541250e+15,6.074735121957695050e-01
1.650815609046458000e+15,6.065925691074416370e-01
1.650815609048375000e+15,6.057115111184894207e-01
1.650815609050292000e+15,6.048304531295370934e-01
1.650815609052208750e+15,6.039495100412093365e-01
1.650815609054125750e+15,6.030684520522571201e-01
1.650815609056042750e+15,6.021873940633047928e-01
1.650815609057959750e+15,6.012231109373884497e-01
1.650815609059876500e+15,5.951544676449636029e-01
1.650815609061793500e+15,5.890850328247847489e-01
1.650815609063710500e+15,5.830155980046056730e-01
1.650815609065627500e+15,5.769461631844267080e-01
1.650815609067544250e+15,5.708775198920019722e-01
1.650815609069461250e+15,5.648080850718230073e-01
1.650815609071378250e+15,5.685254552305458731e-01
1.650815609073295000e+15,5.727568028472825867e-01
1.650815609075212000e+15,5.769887023549304939e-01
1.650815609077129000e+15,5.812206018625785120e-01
1.650815609079046000e+15,5.854525013702265301e-01
1.650815609080962750e+15,5.886550983533936909e-01
1.650815609082879750e+15,5.860334271762375202e-01
1.650815609084796750e+15,5.834117559990814605e-01
1.650815609086713500e+15,5.807904267195749259e-01
1.650815609088630500e+15,5.781687555424187552e-01
1.650815609090547500e+15,5.755470843652626955e-01
1.650815609092464500e+15,5.729254131881065248e-01
1.650815609094381250e+15,5.711617698265718523e-01
1.650815609096298250e+15,5.752169876027239948e-01
1.650815609098215250e+15,5.792722053788761372e-01
1.650815609100132000e+15,5.833268943055531786e-01
1.650815609102049000e+15,5.873821120817053210e-01
1.650815609103966000e+15,5.914373298578574634e-01
1.650815609105883000e+15,5.954925476340096058e-01
1.650815609107799750e+15,5.995472365606865361e-01
1.650815609109716750e+15,6.000937959268338728e-01
1.650815609111633750e+15,5.979139284914174457e-01
1.650815609113550500e+15,5.957343453370959052e-01
1.650815609115467500e+15,5.935544779016795891e-01
1.650815609117384500e+15,5.913746104662632730e-01
1.650815609119301500e+15,5.891947430308468459e-01
1.650815609121218250e+15,5.890486225480867644e-01
1.650815609123135250e+15,5.890486225480866533e-01
1.650815609125052250e+15,5.890486225480864313e-01
1.650815609126969000e+15,5.890486225480863203e-01
1.650815609128886000e+15,5.890486225480862092e-01
1.650815609130803000e+15,5.890486225480859872e-01
1.650815609132720000e+15,5.890486225480860982e-01
1.650815609134636750e+15,5.890486225480860982e-01
1.650815609136553750e+15,5.890486225480862092e-01
1.650815609138470750e+15,5.890486225480863203e-01
1.650815609140387750e+15,5.890486225480864313e-01
1.650815609142304500e+15,5.890486225480864313e-01
1.650815609144221500e+15,5.890486225480865423e-01
1.650815609146138500e+15,5.890486225480866533e-01
1.650815609148055250e+15,5.890486225480867644e-01
1.650815609149972250e+15,5.890486225480867644e-01
1.650815609151889250e+15,5.890486225480868754e-01
1.650815609153806250e+15,5.890486225480867644e-01
1.650815609155723000e+15,5.890486225480865423e-01
1.650815609157640000e+15,5.890486225480864313e-01
1.650815609159557000e+15,5.890486225480862092e-01
1.650815609161473750e+15,5.890486225480862092e-01
1.650815609163390750e+15,5.890486225480859872e-01
1.650815609165307750e+15,5.890486225480858762e-01
1.650815609167224750e+15,5.890486225480857652e-01
1.650815609169141500e+15,5.890486225480856541e-01
1.650815609171058500e+15,5.890486225480854321e-01
1.650815609172975500e+15,5.890486225480853211e-01
1.650815609174892250e+15,5.890486225480852100e-01
1.650815609176809250e+15,5.890486225480850990e-01
1.650815609178726250e+15,5.927076419653932726e-01
1.650815609180643250e+15,5.975342996106572935e-01
1.650815609182560000e+15,6.023603278013509588e-01
1.650815609184477000e+15,6.071869854466149796e-01
1.650815609186394000e+15,6.120136430918790005e-01
1.650815609188310750e+15,6.119269517525949276e-01
1.650815609190227750e+15,6.094516645721428372e-01
1.650815609192144750e+15,6.069763773916907468e-01
1.650815609194061750e+15,6.045010902112386564e-01
1.650815609195978500e+15,6.020261258381913727e-01
1.650815609197895500e+15,5.995508386577393933e-01
1.650815609199812500e+15,5.970755514772871919e-01
1.650815609201729250e+15,5.955991949866659141e-01
1.650815609203646250e+15,5.973568128600793559e-01
1.650815609205563250e+15,5.991144307334927976e-01
1.650815609207480250e+15,6.008720486069061284e-01
1.650815609209397000e+15,6.026294372656775256e-01
1.650815609211314000e+15,6.043870551390909673e-01
1.650815609213231000e+15,6.061446730125042981e-01
1.650815609215148000e+15,6.079022908859176288e-01
1.650815609217064750e+15,6.096596795446891370e-01
1.650815609218981750e+15,6.114172974181025788e-01
1.650815609220898750e+15,6.131749152915159096e-01
1.650815609222815500e+15,6.135923151542552745e-01
1.650815609224732500e+15,6.135923151542553855e-01
1.650815609226649500e+15,6.135923151542552745e-01
1.650815609228566500e+15,6.135923151542552745e-01
1.650815609230483250e+15,6.135923151542552745e-01
1.650815609232400250e+15,6.135923151542552745e-01
1.650815609234317250e+15,6.135923151542552745e-01
1.650815609236234000e+15,6.135923151542552745e-01
1.650815609238151000e+15,6.135923151542552745e-01
1.650815609240068000e+15,6.135923151542552745e-01
1.650815609241985000e+15,6.135923151542553855e-01
1.650815609243901750e+15,6.135923151542553855e-01
1.650815609245818750e+15,6.135923151542552745e-01
1.650815609247735750e+15,6.149953526869210707e-01
1.650815609249652500e+15,6.169833565240950835e-01
1.650815609251569500e+15,6.189716196548438187e-01
1.650815609253486500e+15,6.209598827855924430e-01
1.650815609255403500e+15,6.229481459163410673e-01
1.650815609257320250e+15,6.249361497535150800e-01
1.650815609259237250e+15,6.241831410602552976e-01
1.650815609261154250e+15,6.210307653192759236e-01
1.650815609263071000e+15,6.178788006862440119e-01
1.650815609264988000e+15,6.147264249452646379e-01
1.650815609266905000e+15,6.115740492042852638e-01
1.650815609268822000e+15,6.084216734633058898e-01
1.650815609270738750e+15,6.071180447578137240e-01
1.650815609272655750e+15,6.066302751255719938e-01
1.650815609274572750e+15,6.061425054933302636e-01
1.650815609276489500e+15,6.056547994721516170e-01
1.650815609278406500e+15,6.051670298399098868e-01
1.650815609280323500e+15,6.046792602076680456e-01
1.650815609282240500e+15,6.041914905754263154e-01
1.650815609284157250e+15,6.037037845542477799e-01
1.650815609286074250e+15,6.032160149220059386e-01
1.650815609287991250e+15,6.027282452897642084e-01
1.650815609289908000e+15,6.022405392685855618e-01
1.650815609291825000e+15,6.017527696363438316e-01
1.650815609293742000e+15,6.016086582828268359e-01
1.650815609295659000e+15,6.041428745235913889e-01
1.650815609297575750e+15,6.066767602718883268e-01
1.650815609299492750e+15,6.092109765126527687e-01
1.650815609301409750e+15,6.117451927534173217e-01
1.650815609303326750e+15,6.137337407000661438e-01
1.650815609305243500e+15,6.142552941679472189e-01
1.650815609307160500e+15,6.147769156615838781e-01
1.650815609309077500e+15,6.152985371552204263e-01
1.650815609310994250e+15,6.158200906231016125e-01
1.650815609312911250e+15,6.163417121167382717e-01
1.650815609314828250e+15,6.168633336103749309e-01
1.650815609316745250e+15,6.173849551040115902e-01
1.650815609318662000e+15,6.179065085718926653e-01
1.650815609320579000e+15,6.184281300655293245e-01
1.650815609322496000e+15,6.189497515591659837e-01
1.650815609324412750e+15,6.194713050270471699e-01
1.650815609326329750e+15,6.199549702809423746e-01
1.650815609328246750e+15,6.204017913514651150e-01
1.650815609330163750e+15,6.208486124219877444e-01
1.650815609332080500e+15,6.212953752216352488e-01
1.650815609333997500e+15,6.217421962921578782e-01
1.650815609335914500e+15,6.221890173626805076e-01
1.650815609337831250e+15,6.226357801623279009e-01
1.650815609339748250e+15,6.230826012328506414e-01
1.650815609341665250e+15,6.235294223033732708e-01
1.650815609343582250e+15,6.239762433738959002e-01
1.650815609345499000e+15,6.244230061735434045e-01
1.650815609347416000e+15,6.248698272440660340e-01
1.650815609349333000e+15,6.253166483145887744e-01
1.650815609351249750e+15,6.257634111142361677e-01
1.650815609353166750e+15,6.258641614573416945e-01
1.650815609355083750e+15,6.258641614573416945e-01
1.650815609357000750e+15,6.258641614573416945e-01
1.650815609358917500e+15,6.258641614573416945e-01
1.650815609360834500e+15,6.258641614573416945e-01
1.650815609362751500e+15,6.258641614573416945e-01
1.650815609364668250e+15,6.258641614573416945e-01
1.650815609366585250e+15,6.258641614573415834e-01
1.650815609368502250e+15,6.258641614573416945e-01
1.650815609370419250e+15,6.258641614573414724e-01
1.650815609372336000e+15,6.258641614573412504e-01
1.650815609374253000e+15,6.258641614573411394e-01
1.650815609376170000e+15,6.258641614573409173e-01
1.650815609378087000e+15,6.258641614573408063e-01
1.650815609380003750e+15,6.258641614573408063e-01
1.650815609381920750e+15,6.258641614573408063e-01
1.650815609383837750e+15,6.258641614573408063e-01
1.650815609385754500e+15,6.258641614573408063e-01
1.650815609387671500e+15,6.258641614573408063e-01
1.650815609389588500e+15,6.258641614573408063e-01
1.650815609391505500e+15,6.258641614573408063e-01
1.650815609393422250e+15,6.258641614573408063e-01
1.650815609395339250e+15,6.258641614573408063e-01
1.650815609397256250e+15,6.258641614573408063e-01
1.650815609399173000e+15,6.258641614573408063e-01
1.650815609401090000e+15,6.258641614573408063e-01
1.650815609403007000e+15,6.258641614573408063e-01
1.650815609404924000e+15,6.258641614573408063e-01
1.650815609406840750e+15,6.258641614573408063e-01
1.650815609408757750e+15,6.258641614573408063e-01
1.650815609410674750e+15,6.258641614573406953e-01
1.650815609412591500e+15,6.258641614573408063e-01
1.650815609414508500e+15,6.260418632039513875e-01
1.650815609416425500e+15,6.269301402528495437e-01
1.650815609418342500e+15,6.278184173017475889e-01
1.650815609420259250e+15,6.287065785085683700e-01
1.650815609422176250e+15,6.295948555574664152e-01
1.650815609424093250e+15,6.304831326063644603e-01
1.650815609426010000e+15,6.313712938131851304e-01
1.650815609427927000e+15,6.316792819793569658e-01
1.650815609429844000e+15,6.305811058350654363e-01
1.650815609431761000e+15,6.294829296907737959e-01
1.650815609433677750e+15,6.283848967619417580e-01
1.650815609435594750e+15,6.272867206176502286e-01
1.650815609437511750e+15,6.261885444733585881e-01
1.650815609439428500e+15,6.250905115445264393e-01
1.650815609441345500e+15,6.239923354002350209e-01
1.650815609443262500e+15,6.228941592559432694e-01
1.650815609445179500e+15,6.217959831116517400e-01
1.650815609447096250e+15,6.206979501828197021e-01
1.650815609449013250e+15,6.199499918540231080e-01
1.650815609450930250e+15,6.218456509485448258e-01
1.650815609452847250e+15,6.237413100430665436e-01
1.650815609454764000e+15,6.256367219207006336e-01
1.650815609456681000e+15,6.275323810152224624e-01
1.650815609458598000e+15,6.294280401097441802e-01
1.650815609460514750e+15,6.313234519873782702e-01
1.650815609462431750e+15,6.314314011065109700e-01
1.650815609464348750e+15,6.305470642384930491e-01
1.650815609466265750e+15,6.296627273704751282e-01
1.650815609468182500e+15,6.287785058306872843e-01
1.650815609470099500e+15,6.278941689626693634e-01
1.650815609472016500e+15,6.270098320946513315e-01
1.650815609473933250e+15,6.261256105548634876e-01
1.650815609475850250e+15,6.262373105919347704e-01
1.650815609477767250e+15,6.267670842568227041e-01
1.650815609479684250e+15,6.272968579217106377e-01
1.650815609481601000e+15,6.278265624977011905e-01
1.650815609483518000e+15,6.283563361625891242e-01
1.650815609485435000e+15,6.288861098274770578e-01
1.650815609487351750e+15,6.294158144034676106e-01
1.650815609489268750e+15,6.299455880683555442e-01
1.650815609491185750e+15,6.304753617332434779e-01
1.650815609493102750e+15,6.310051353981314115e-01
1.650815609495019500e+15,6.315348399741220753e-01
1.650815609496936500e+15,6.320000846088840163e-01
1.650815609498853500e+15,6.320000846088840163e-01
1.650815609500770250e+15,6.320000846088840163e-01
1.650815609502687250e+15,6.320000846088840163e-01
1.650815609504604250e+15,6.320000846088840163e-01
1.650815609506521250e+15,6.320000846088840163e-01
1.650815609508438000e+15,6.320000846088840163e-01
1.650815609510355000e+15,6.320000846088840163e-01
1.650815609512272000e+15,6.320000846088840163e-01
1.650815609514188750e+15,6.320000846088841273e-01
1.650815609516105750e+15,6.320000846088840163e-01
1.650815609518022750e+15,6.320000846088840163e-01
1.650815609519939750e+15,6.320000846088840163e-01
1.650815609521856500e+15,6.320000846088840163e-01
1.650815609523773500e+15,6.320000846088840163e-01
1.650815609525690500e+15,6.320000846088840163e-01
1.650815609527607500e+15,6.320000846088840163e-01
1.650815609529524250e+15,6.320000846088839053e-01
1.650815609531441250e+15,6.320000846088840163e-01
1.650815609533358250e+15,6.320000846088840163e-01
1.650815609535275000e+15,6.320000846088840163e-01
1.650815609537192000e+15,6.320000846088840163e-01
1.650815609539109000e+15,6.320000846088840163e-01
1.650815609541026000e+15,6.320000846088840163e-01
1.650815609542942750e+15,6.320000846088840163e-01
1.650815609544859750e+15,6.312321917916340341e-01
1.650815609546776750e+15,6.301676099578475965e-01
1.650815609548693500e+15,6.291031669584159491e-01
1.650815609550610500e+15,6.280385851246296225e-01
1.650815609552527500e+15,6.269740032908430738e-01
1.650815609554444500e+15,6.259094214570567472e-01
1.650815609556361250e+15,6.271083281752587446e-01
1.650815609558278250e+15,6.284079154784857346e-01
1.650815609560195250e+15,6.297075027817126136e-01
1.650815609562112000e+15,6.310069206030273214e-01
1.650815609564029000e+15,6.323065079062542004e-01
1.650815609565946000e+15,6.336060952094810794e-01
1.650815609567863000e+15,6.349056825127079584e-01
1.650815609569779750e+15,6.362051003340225552e-01
1.650815609571696750e+15,6.375046876372495452e-01
1.650815609573613750e+15,6.376785515324250309e-01
1.650815609575530500e+15,6.367890468659056502e-01
1.650815609577447500e+15,6.358994261820828386e-01
1.650815609579364500e+15,6.350098054982599161e-01
1.650815609581281500e+15,6.341201848144368824e-01
1.650815609583198250e+15,6.332306801479176128e-01
1.650815609585115250e+15,6.323410594640946902e-01
1.650815609587032250e+15,6.320000846088840163e-01
1.650815609588949000e+15,6.320000846088841273e-01
1.650815609590866000e+15,6.320000846088840163e-01
1.650815609592783000e+15,6.320000846088840163e-01
1.650815609594700000e+15,6.320000846088840163e-01
1.650815609596616750e+15,6.320000846088840163e-01
1.650815609598533750e+15,6.320000846088841273e-01
1.650815609600450750e+15,6.320000846088840163e-01
1.650815609602367500e+15,6.320000846088840163e-01
1.650815609604284500e+15,6.320000846088840163e-01
1.650815609606201500e+15,6.320000846088840163e-01
1.650815609608118500e+15,6.320000846088840163e-01
1.650815609610035250e+15,6.320000846088840163e-01
1.650815609611952250e+15,6.320000846088840163e-01
1.650815609613869250e+15,6.320000846088840163e-01
1.650815609615786250e+15,6.320000846088840163e-01
1.650815609617703000e+15,6.320000846088840163e-01
1.650815609619620000e+15,6.320000846088840163e-01
1.650815609621537000e+15,6.320000846088840163e-01
1.650815609623453750e+15,6.320037755420875314e-01
1.650815609625370750e+15,6.325587182049251522e-01
1.650815609627287750e+15,6.331136608677628841e-01
1.650815609629204750e+15,6.336686035306005049e-01
1.650815609631121500e+15,6.342234738221987911e-01
1.650815609633038500e+15,6.347784164850365229e-01
1.650815609634955500e+15,6.353333591478741438e-01
1.650815609636872250e+15,6.358882294394725410e-01
1.650815609638789250e+15,6.364431721023100508e-01
1.650815609640706250e+15,6.369981147651477826e-01
1.650815609642623250e+15,6.375530574279852924e-01
1.650815609644540000e+15,6.381079277195838007e-01
1.650815609646457000e+15,6.381360077604263381e-01
1.650815609648374000e+15,6.381360077604263381e-01
1.650815609650290750e+15,6.381360077604263381e-01
1.650815609652207750e+15,6.381360077604263381e-01
1.650815609654124750e+15,6.392823831977849647e-01
1.650815609656041750e+15,6.406526726527601578e-01
1.650815609657958500e+15,6.420227834054068605e-01
1.650815609659875500e+15,6.433930728603821647e-01
1.650815609661792500e+15,6.447633623153574689e-01
1.650815609663709250e+15,6.461334730680041716e-01
1.650815609665626250e+15,6.475037625229794758e-01
1.650815609667543250e+15,6.488740519779546689e-01
1.650815609669460250e+15,6.502443414329299731e-01
1.650815609671377000e+15,6.478262393377380857e-01
1.650815609673294000e+15,6.448943937042617147e-01
1.650815609675211000e+15,6.419625480707852327e-01
1.650815609677127750e+15,6.390310847854612231e-01
1.650815609679044750e+15,6.370184591202364688e-01
1.650815609680961750e+15,6.354097932721090025e-01
1.650815609682878750e+15,6.338011274239815362e-01
1.650815609684795500e+15,6.321926713653491792e-01
1.650815609686712500e+15,6.305840055172216019e-01
1.650815609688629500e+15,6.289753396690940246e-01
1.650815609690546500e+15,6.273666738209666693e-01
1.650815609692463250e+15,6.258305098371017561e-01
1.650815609694380250e+15,6.253195383044560796e-01
1.650815609696297250e+15,6.248085667718102920e-01
1.650815609698214000e+15,6.242976618760363028e-01
1.650815609700131000e+15,6.237866903433906263e-01
1.650815609702048000e+15,6.232757188107448387e-01
1.650815609703965000e+15,6.227647472780990512e-01
1.650815609705881750e+15,6.222538423823251730e-01
1.650815609707798750e+15,6.217428708496793854e-01
1.650815609709715750e+15,6.212318993170335979e-01
1.650815609711632500e+15,6.207209944212596087e-01
1.650815609713549500e+15,6.202100228886139321e-01
1.650815609715466500e+15,6.197617804946604636e-01
1.650815609717383500e+15,6.203489985407643070e-01
1.650815609719300250e+15,6.209361400065280812e-01
1.650815609721217250e+15,6.215233580526319246e-01
1.650815609723134250e+15,6.221105760987357680e-01
1.650815609725051000e+15,6.226977175644996532e-01
1.650815609726968000e+15,6.232849356106033856e-01
1.650815609728885000e+15,6.238721536567072290e-01
1.650815609730802000e+15,6.244593717028110724e-01
1.650815609732718750e+15,6.250465131685749576e-01
1.650815609734635750e+15,6.256337312146788010e-01
1.650815609736552750e+15,6.258641614573399181e-01
1.650815609738469500e+15,6.258641614573399181e-01
1.650815609740386500e+15,6.258641614573399181e-01
1.650815609742303500e+15,6.258641614573399181e-01
1.650815609744220500e+15,6.258641614573399181e-01
1.650815609746137250e+15,6.258641614573398071e-01
1.650815609748054250e+15,6.242113979907045751e-01
1.650815609749971250e+15,6.208127950778165038e-01
1.650815609751888000e+15,6.174146353838789736e-01
1.650815609753805000e+15,6.140160324709907913e-01
1.650815609755722000e+15,6.106174295581027200e-01
1.650815609757639000e+15,6.072188266452145378e-01
1.650815609759555750e+15,6.038206669512768965e-01
1.650815609761472750e+15,6.014688666489600433e-01
1.650815609763389750e+15,6.020302451953021272e-01
1.650815609765306750e+15,6.025916237416441001e-01
1.650815609767223500e+15,6.031529290774297891e-01
1.650815609769140500e+15,6.037143076237717620e-01
1.650815609771057500e+15,6.042756861701139570e-01
1.650815609772974250e+15,6.048369915058995350e-01
1.650815609774891250e+15,6.053983700522416189e-01
1.650815609776808250e+15,6.059597485985837029e-01
1.650815609778725250e+15,6.065211271449256758e-01
1.650815609780642000e+15,6.070824324807113648e-01
1.650815609782559000e+15,6.080629239074148984e-01
1.650815609784476000e+15,6.098796765032147293e-01
1.650815609786392750e+15,6.116961921724894946e-01
1.650815609788309750e+15,6.135129447682894366e-01
1.650815609790226750e+15,6.153296973640892675e-01
1.650815609792143750e+15,6.171464499598893205e-01
1.650815609794060500e+15,6.189629656291637527e-01
1.650815609795977500e+15,6.197282383057984845e-01
1.650815609797894500e+15,6.197282383057984845e-01
1.650815609799811250e+15,6.197282383057984845e-01
1.650815609801728250e+15,6.197282383057984845e-01
1.650815609803645250e+15,6.197282383057984845e-01
1.650815609805562250e+15,6.197282383057984845e-01
1.650815609807479000e+15,6.197282383057984845e-01
1.650815609809396000e+15,6.197282383057984845e-01
1.650815609811313000e+15,6.197282383057984845e-01
1.650815609813229750e+15,6.197282383057984845e-01
1.650815609815146750e+15,6.197282383057985955e-01
1.650815609817063750e+15,6.194607099759765756e-01
1.650815609818980750e+15,6.169681130949622450e-01
1.650815609820897500e+15,6.144758412787472146e-01
1.650815609822814500e+15,6.119832443977328840e-01
1.650815609824731500e+15,6.094906475167185533e-01
1.650815609826648250e+15,6.077590849416021346e-01
1.650815609828565250e+15,6.094063876068926966e-01
1.650815609830482250e+15,6.110536902721832586e-01
1.650815609832399250e+15,6.127009929374738206e-01
1.650815609834316000e+15,6.143480807745609340e-01
1.650815609836233000e+15,6.159953834398514960e-01
1.650815609838150000e+15,6.176426861051420580e-01
1.650815609840067000e+15,6.192899887704326201e-01
1.650815609841983750e+15,6.166985051034712395e-01
1.650815609843900750e+15,6.125698407715978178e-01
1.650815609845817750e+15,6.084411764397243960e-01
1.650815609847734500e+15,6.043130505356457682e-01
1.650815609849651500e+15,6.001843862037723465e-01
1.650815609851568500e+15,5.960557218718989247e-01
1.650815609853485500e+15,5.955875762188755917e-01
1.650815609855402250e+15,5.960983258041765431e-01
1.650815609857319250e+15,5.966091420060919415e-01
1.650815609859236250e+15,5.971199582080074508e-01
1.650815609861153000e+15,5.976307077933081802e-01
1.650815609863070000e+15,5.981415239952236895e-01
1.650815609864987000e+15,5.986523401971391989e-01
1.650815609866904000e+15,5.991631563990547082e-01
1.650815609868820750e+15,5.996739059843555486e-01
1.650815609870737750e+15,6.001847221862709469e-01
1.650815609872654750e+15,6.006955383881864563e-01
1.650815609874571500e+15,6.012062879734872967e-01
1.650815609876488500e+15,6.013204688511715190e-01
1.650815609878405500e+15,6.013204688511715190e-01
1.650815609880322500e+15,6.013204688511715190e-01
1.650815609882239250e+15,6.013204688511715190e-01
1.650815609884156250e+15,6.013204688511715190e-01
1.650815609886073250e+15,6.013204688511715190e-01
1.650815609887990000e+15,6.013204688511715190e-01
1.650815609889907000e+15,6.020635896528018227e-01
1.650815609891824000e+15,6.031661922663664743e-01
1.650815609893741000e+15,6.042687948799310149e-01
1.650815609895657750e+15,6.053712537007707173e-01
1.650815609897574750e+15,6.064738563143352579e-01
1.650815609899491750e+15,6.073513334431760446e-01
1.650815609901408500e+15,6.063866819749412773e-01
1.650815609903325500e+15,6.054219046880723321e-01
1.650815609905242500e+15,6.044571274012032758e-01
1.650815609907159500e+15,6.034923501143343305e-01
1.650815609909076250e+15,6.025276986460994522e-01
1.650815609910993250e+15,6.015629213592305069e-01
1.650815609912910250e+15,6.013204688511715190e-01
1.650815609914827000e+15,6.013204688511714080e-01
1.650815609916744000e+15,6.013204688511715190e-01
1.650815609918661000e+15,6.013204688511715190e-01
1.650815609920578000e+15,6.013204688511715190e-01
1.650815609922494750e+15,6.013204688511715190e-01
1.650815609924411750e+15,6.013204688511715190e-01
1.650815609926328750e+15,6.013204688511715190e-01
1.650815609928245750e+15,6.013204688511715190e-01
1.650815609930162500e+15,6.013204688511715190e-01
1.650815609932079500e+15,6.013204688511715190e-01
1.650815609933996500e+15,6.013204688511712970e-01
1.650815609935913250e+15,6.013204688511710749e-01
1.650815609937830250e+15,6.013204688511710749e-01
1.650815609939747250e+15,6.013204688511708529e-01
1.650815609941664250e+15,6.013204688511706308e-01
1.650815609943581000e+15,6.013204688511705198e-01
1.650815609945498000e+15,6.013204688511706308e-01
1.650815609947415000e+15,6.013204688511706308e-01
1.650815609949331750e+15,6.013204688511706308e-01
1.650815609951248750e+15,6.013204688511706308e-01
1.650815609953165750e+15,6.013204688511706308e-01
1.650815609955082750e+15,6.013204688511706308e-01
1.650815609956999500e+15,6.013204688511707419e-01
1.650815609958916500e+15,6.013204688511706308e-01
1.650815609960833500e+15,6.013204688511707419e-01
1.650815609962750250e+15,6.013204688511708529e-01
1.650815609964667250e+15,6.013204688511708529e-01
1.650815609966584250e+15,6.013204688511710749e-01
1.650815609968501250e+15,6.013204688511710749e-01
1.650815609970418000e+15,6.013204688511711860e-01
1.650815609972335000e+15,6.013204688511712970e-01
1.650815609974252000e+15,6.013204688511712970e-01
1.650815609976168750e+15,6.013204688511714080e-01
1.650815609978085750e+15,6.013204688511715190e-01
1.650815609980002750e+15,6.007725514906390174e-01
1.650815609981919750e+15,5.999724314524437219e-01
1.650815609983836500e+15,5.991724157595847977e-01
1.650815609985753500e+15,5.983722957213895022e-01
1.650815609987670500e+15,5.975721756831943177e-01
1.650815609989587250e+15,5.967721599903352825e-01
1.650815609991504250e+15,5.959720399521399870e-01
1.650815609993421250e+15,5.951677997888258353e-01
1.650815609995338250e+15,5.941065795902057411e-01
1.650815609997255000e+15,5.930454977875426748e-01
1.650815609999172000e+15,5.919842775889225805e-01
1.650815610001089000e+15,5.909230573903025974e-01
1.650815610003006000e+15,5.898618371916825032e-01
1.650815610004922750e+15,5.893463102272615828e-01
1.650815610006839750e+15,5.906208323511649150e-01
1.650815610008756750e+15,5.918953544750684692e-01
1.650815610010673500e+15,5.931697103858623032e-01
1.650815610012590500e+15,5.944442325097658575e-01
1.650815610014507500e+15,5.951845456996284200e-01
1.650815610016424500e+15,5.951845456996283090e-01
1.650815610018341250e+15,5.951845456996283090e-01
1.650815610020258250e+15,5.951845456996283090e-01
1.650815610022175250e+15,5.951845456996283090e-01
1.650815610024092000e+15,5.951845456996283090e-01
1.650815610026009000e+15,5.951845456996284200e-01
1.650815610027926000e+15,5.951845456996284200e-01
1.650815610029843000e+15,5.921815229078563059e-01
1.650815610031759750e+15,5.891456347558895468e-01
1.650815610033676750e+15,5.861093506357276661e-01
1.650815610035593750e+15,5.830730665155656745e-01
1.650815610037510500e+15,5.800371783635989154e-01
1.650815610039427500e+15,5.770008942434370347e-01
1.650815610041344500e+15,5.777655520260465138e-01
1.650815610043261500e+15,5.788331291436275006e-01
1.650815610045178250e+15,5.799005670362323839e-01
1.650815610047095250e+15,5.809681441538134816e-01
1.650815610049012250e+15,5.820357212713945794e-01
1.650815610050929000e+15,5.831031591639994627e-01
1.650815610052846000e+15,5.841707362815804494e-01
1.650815610054763000e+15,5.852383133991616582e-01
1.650815610056680000e+15,5.863058905167426449e-01
1.650815610058596750e+15,5.873733284093476392e-01
1.650815610060513750e+15,5.884409055269286259e-01
1.650815610062430750e+15,5.886763419792119256e-01
1.650815610064347500e+15,5.878121957117086183e-01
1.650815610066264500e+15,5.869479367343751752e-01
1.650815610068181500e+15,5.860836777570417322e-01
1.650815610070098500e+15,5.852194187797082892e-01
1.650815610072015250e+15,5.843552725122049818e-01
1.650815610073932250e+15,5.834910135348715388e-01
1.650815610075849250e+15,5.825393939520480124e-01
1.650815610077766250e+15,5.814110903854766699e-01
1.650815610079683000e+15,5.802829339633452932e-01
1.650815610081600000e+15,5.791546303967738396e-01
1.650815610083517000e+15,5.780263268302023860e-01
1.650815610085433750e+15,5.768981704080708983e-01
1.650815610087350750e+15,5.757698668414994447e-01
1.650815610089267750e+15,5.746415632749279911e-01
1.650815610091184750e+15,5.735132597083565376e-01
1.650815610093101500e+15,5.723851032862251609e-01
1.650815610095018500e+15,5.712567997196537073e-01
1.650815610096935500e+15,5.710419736329158669e-01
1.650815610098852250e+15,5.719251991286142811e-01
1.650815610100769250e+15,5.728085398226295810e-01
1.650815610102686250e+15,5.736918805166449919e-01
1.650815610104603250e+15,5.745752212106602919e-01
1.650815610106520000e+15,5.754584467063587061e-01
1.650815610108437000e+15,5.763417874003741170e-01
1.650815610110354000e+15,5.767767762450012325e-01
1.650815610112270750e+15,5.767767762450010105e-01
1.650815610114187750e+15,5.767767762450008995e-01
1.650815610116104750e+15,5.767767762450006774e-01
1.650815610118021750e+15,5.767767762450005664e-01
1.650815610119938500e+15,5.767767762450005664e-01
1.650815610121855500e+15,5.767767762450006774e-01
1.650815610123772500e+15,5.767767762450008995e-01
1.650815610125689250e+15,5.767767762450011215e-01
1.650815610127606250e+15,5.767767762450012325e-01
1.650815610129523250e+15,5.767767762450013436e-01
1.650815610131440250e+15,5.767767762450013436e-01
1.650815610133357000e+15,5.767767762450013436e-01
1.650815610135274000e+15,5.767767762450013436e-01
1.650815610137191000e+15,5.767767762450013436e-01
1.650815610139107750e+15,5.767767762450013436e-01
1.650815610141024750e+15,5.767767762450013436e-01
1.650815610142941750e+15,5.767767762450013436e-01
1.650815610144858750e+15,5.767767762450013436e-01
1.650815610146775500e+15,5.767767762450013436e-01
1.650815610148692500e+15,5.767767762450013436e-01
1.650815610150609500e+15,5.767767762450013436e-01
1.650815610152526250e+15,5.767767762450013436e-01
1.650815610154443250e+15,5.767767762450013436e-01
1.650815610156360250e+15,5.767767762450012325e-01
1.650815610158277250e+15,5.767767762450010105e-01
1.650815610160194000e+15,5.767767762450008995e-01
1.650815610162111000e+15,5.767767762450007885e-01
1.650815610164028000e+15,5.767767762450006774e-01
1.650815610165945000e+15,5.767767762450004554e-01
1.650815610167861750e+15,5.768892168657401287e-01
1.650815610169778750e+15,5.775448782192244002e-01
1.650815610171695750e+15,5.782005395727087826e-01
1.650815610173612500e+15,5.788561154200175807e-01
1.650815610175529500e+15,5.795117767735018521e-01
1.650815610177446500e+15,5.801674381269862346e-01
1.650815610179363500e+15,5.808230994804705061e-01
1.650815610181280250e+15,5.814786753277793041e-01
1.650815610183197250e+15,5.821343366812636866e-01
1.650815610185114250e+15,5.827899980347479580e-01
1.650815610187031000e+15,5.813008686310567885e-01
1.650815610188948000e+15,5.793176339857174506e-01
1.650815610190865000e+15,5.773343993403781127e-01
1.650815610192782000e+15,5.753511646950388858e-01
1.650815610194698750e+15,5.733681886874989475e-01
1.650815610196615750e+15,5.713849540421597206e-01
1.650815610198532750e+15,5.694017193968203827e-01
1.650815610200449500e+15,5.674187433892805554e-01
1.650815610202366500e+15,5.654355087439412175e-01
1.650815610204283500e+15,5.650164663455777836e-01
1.650815610206200500e+15,5.659802160122316961e-01
1.650815610208117250e+15,5.669438399942654527e-01
1.650815610210034250e+15,5.679075896609193652e-01
1.650815610211951250e+15,5.688713393275731667e-01
1.650815610213868000e+15,5.698349633096069233e-01
1.650815610215785000e+15,5.704344157346701305e-01
1.650815610217702000e+15,5.691740959359440355e-01
1.650815610219619000e+15,5.679137761372181625e-01
1.650815610221535750e+15,5.666536206994464697e-01
1.650815610223452750e+15,5.653933009007204857e-01
1.650815610225369750e+15,5.650435487973052284e-01
1.650815610227286500e+15,5.668683790068816952e-01
1.650815610229203500e+15,5.686934472274414176e-01
1.650815610231120500e+15,5.705185154480010290e-01
1.650815610233037500e+15,5.723435836685608624e-01
1.650815610234954250e+15,5.741684138781371072e-01
1.650815610236871250e+15,5.759934820986969406e-01
1.650815610238788250e+15,5.762599389031050068e-01
1.650815610240705250e+15,5.753544993925585604e-01
1.650815610242622000e+15,5.744491779622822314e-01
1.650815610244539000e+15,5.735437384517356740e-01
1.650815610246456000e+15,5.726382989411893387e-01
1.650815610248372750e+15,5.717329775109130097e-01
1.650815610250289750e+15,5.708275380003665633e-01
1.650815610252206750e+15,5.706408530934582446e-01
1.650815610254123750e+15,5.706408530934584666e-01
1.650815610256040500e+15,5.706408530934585777e-01
1.650815610257957500e+15,5.706408530934587997e-01
1.650815610259874500e+15,5.706408530934587997e-01
1.650815610261791250e+15,5.706408530934590217e-01
1.650815610263708250e+15,5.706408530934591328e-01
1.650815610265625250e+15,5.706408530934593548e-01
1.650815610267542250e+15,5.706408530934594658e-01
1.650815610269459000e+15,5.706408530934596879e-01
1.650815610271376000e+15,5.706408530934597989e-01
1.650815610273293000e+15,5.706408530934597989e-01
1.650815610275209750e+15,5.706408530934594658e-01
1.650815610277126750e+15,5.706408530934592438e-01
1.650815610279043750e+15,5.706408530934587997e-01
1.650815610280960750e+15,5.706408530934585777e-01
1.650815610282877500e+15,5.706408530934583556e-01
1.650815610284794500e+15,5.705080392814017021e-01
1.650815610286711500e+15,5.700290099724419912e-01
1.650815610288628250e+15,5.695500431347014780e-01
1.650815610290545250e+15,5.690710138257417672e-01
1.650815610292462250e+15,5.685919845167819453e-01
1.650815610294379250e+15,5.681129552078222344e-01
1.650815610296296000e+15,5.676339883700816102e-01
1.650815610298213000e+15,5.671549590611218994e-01
1.650815610300130000e+15,5.666759297521621885e-01
1.650815610302046750e+15,5.661969629144215643e-01
1.650815610303963750e+15,5.657179336054618535e-01
1.650815610305880750e+15,5.652389042965021426e-01
1.650815610307797750e+15,5.647598749875424318e-01
1.650815610309714500e+15,5.638813209287248940e-01
1.650815610311631500e+15,5.625478480025819517e-01
1.650815610313548500e+15,5.612143750764390093e-01
1.650815610315465500e+15,5.598809021502960670e-01
1.650815610317382250e+15,5.585476031251608298e-01
1.650815610319299250e+15,5.591550232567404910e-01
1.650815610321216250e+15,5.600625935419538681e-01
1.650815610323133000e+15,5.609700454690185190e-01
1.650815610325050000e+15,5.618776157542318961e-01
1.650815610326967000e+15,5.627851860394452732e-01
1.650815610328884000e+15,5.636927563246586503e-01
1.650815610330800750e+15,5.646002082517233012e-01
1.650815610332717750e+15,5.655077785369366783e-01
1.650815610334634750e+15,5.664153488221500554e-01
1.650815610336551500e+15,5.673228007492145952e-01
1.650815610338468500e+15,5.682303710344280834e-01
1.650815610340385500e+15,5.691379413196414605e-01
1.650815610342302500e+15,5.700455116048548376e-01
1.650815610344219250e+15,5.694885102947737643e-01
1.650815610346136250e+15,5.661376704842596697e-01
1.650815610348053250e+15,5.627868306737456860e-01
1.650815610349970000e+15,5.594364278532956147e-01
1.650815610351887000e+15,5.560855880427815201e-01
1.650815610353804000e+15,5.527347482322675365e-01
1.650815610355721000e+15,5.522330836388311681e-01
1.650815610357637750e+15,5.522330836388311681e-01
1.650815610359554750e+15,5.522330836388311681e-01
1.650815610361471750e+15,5.522330836388311681e-01
1.650815610363388500e+15,5.522330836388311681e-01
1.650815610365305500e+15,5.522330836388311681e-01
1.650815610367222500e+15,5.522330836388311681e-01
1.650815610369139500e+15,5.522330836388311681e-01
1.650815610371056250e+15,5.522330836388311681e-01
1.650815610372973250e+15,5.522330836388311681e-01
1.650815610374890250e+15,5.520238023666308447e-01
1.650815610376807000e+15,5.516038705388479624e-01
1.650815610378724000e+15,5.511838839397296130e-01
1.650815610380641000e+15,5.507638973406112637e-01
1.650815610382558000e+15,5.503439107414930254e-01
1.650815610384474750e+15,5.499239789137099210e-01
1.650815610386391750e+15,5.495039923145916827e-01
1.650815610388308750e+15,5.490840057154733334e-01
1.650815610390225750e+15,5.486640191163550950e-01
1.650815610392142500e+15,5.482440872885719907e-01
1.650815610394059500e+15,5.478241006894537524e-01
1.650815610395976500e+15,5.474041140903354030e-01
1.650815610397893250e+15,5.469841822625524097e-01
1.650815610399810250e+15,5.465641956634340604e-01
1.650815610401727250e+15,5.461442090643157110e-01
1.650815610403644250e+15,5.465797142033763656e-01
1.650815610405561000e+15,5.471230743651096518e-01
1.650815610407478000e+15,5.476665053968263752e-01
1.650815610409395000e+15,5.482099364285429877e-01
1.650815610411311750e+15,5.487532965902762738e-01
1.650815610413228750e+15,5.492967276219928863e-01
1.650815610415145750e+15,5.498401586537096097e-01
1.650815610417062750e+15,5.503835896854262222e-01
1.650815610418979500e+15,5.509269498471596194e-01
1.650815610420896500e+15,5.514703808788762318e-01
1.650815610422813500e+15,5.520138119105928443e-01
1.650815610424730250e+15,5.532201932065509142e-01
1.650815610426647250e+15,5.548753771482248798e-01
1.650815610428564250e+15,5.565305610898989563e-01
1.650815610430481250e+15,5.581857450315730329e-01
1.650815610432398000e+15,5.598407131172296047e-01
1.650815610434315000e+15,5.614958970589037923e-01
1.650815610436232000e+15,5.631510810005777579e-01
1.650815610438148750e+15,5.641125031678280166e-01
1.650815610440065750e+15,5.619554218031651560e-01
1.650815610441982750e+15,5.597983404385024064e-01
1.650815610443899750e+15,5.576412590738394348e-01
1.650815610445816500e+15,5.554844590186920339e-01
1.650815610447733500e+15,5.533273776540291733e-01
1.650815610449650500e+15,5.522330836388311681e-01
1.650815610451567250e+15,5.522330836388311681e-01
1.650815610453484250e+15,5.522330836388311681e-01
1.650815610455401250e+15,5.522330836388311681e-01
1.650815610457318250e+15,5.522330836388311681e-01
1.650815610459235000e+15,5.522330836388311681e-01
1.650815610461152000e+15,5.496634012238161837e-01
1.650815610463069000e+15,5.470869989280089385e-01
1.650815610464985750e+15,5.445109326262411731e-01
1.650815610466902750e+15,5.419345303304338168e-01
1.650815610468819750e+15,5.400787674498924718e-01
1.650815610470736750e+15,5.405808403831993125e-01
1.650815610472653500e+15,5.410828478401191743e-01
1.650815610474570500e+15,5.415849207734257931e-01
1.650815610476487500e+15,5.420869937067325228e-01
1.650815610478404500e+15,5.425890666400392526e-01
1.650815610480321250e+15,5.430910740969590034e-01
1.650815610482238250e+15,5.435931470302657331e-01
1.650815610484155250e+15,5.440952199635724629e-01
1.650815610486072000e+15,5.445972274204923247e-01
1.650815610487989000e+15,5.450993003537989434e-01
1.650815610489906000e+15,5.456013732871056732e-01
1.650815610491823000e+15,5.460857853787109972e-01
1.650815610493739750e+15,5.451773170718425821e-01
1.650815610495656750e+15,5.442687302742598154e-01
1.650815610497573750e+15,5.433601434766770488e-01
1.650815610499490500e+15,5.424516751698086336e-01
1.650815610501407500e+15,5.415430883722257560e-01
1.650815610503324500e+15,5.406345015746431004e-01
1.650815610505241500e+15,5.399612373357456363e-01
1.650815610507158250e+15,5.399612373357456363e-01
1.650815610509075250e+15,5.399612373357456363e-01
1.650815610510992250e+15,5.399612373357456363e-01
1.650815610512909000e+15,5.399612373357456363e-01
1.650815610514826000e+15,5.399612373357456363e-01
1.650815610516743000e+15,5.399612373357456363e-01
1.650815610518660000e+15,5.399612373357456363e-01
1.650815610520576750e+15,5.399612373357456363e-01
1.650815610522493750e+15,5.399612373357456363e-01
1.650815610524410750e+15,5.399612373357456363e-01
1.650815610526327500e+15,5.399612373357456363e-01
1.650815610528244500e+15,5.399612373357457473e-01
1.650815610530161500e+15,5.399612373357457473e-01
1.650815610532078500e+15,5.399612373357456363e-01
1.650815610533995250e+15,5.399612373357456363e-01
1.650815610535912250e+15,5.399612373357456363e-01
1.650815610537829250e+15,5.399612373357456363e-01
1.650815610539746000e+15,5.399612373357456363e-01
1.650815610541663000e+15,5.399612373357456363e-01
1.650815610543580000e+15,5.399612373357456363e-01
1.650815610545497000e+15,5.399612373357456363e-01
1.650815610547413750e+15,5.399612373357456363e-01
1.650815610549330750e+15,5.399612373357456363e-01
1.650815610551247750e+15,5.399612373357456363e-01
1.650815610553164750e+15,5.399612373357457473e-01
1.650815610555081500e+15,5.393895459564328476e-01
1.650815610556998500e+15,5.385039440379335574e-01
1.650815610558915500e+15,5.376183421194342671e-01
1.650815610560832250e+15,5.367328556941430850e-01
1.650815610562749250e+15,5.358472537756437948e-01
1.650815610564666250e+15,5.349616518571446155e-01
1.650815610566583250e+15,5.340760499386454363e-01
1.650815610568500000e+15,5.338253141842033145e-01
1.650815610570417000e+15,5.338253141842033145e-01
1.650815610572334000e+15,5.338253141842033145e-01
1.650815610574250750e+15,5.338253141842033145e-01
1.650815610576167750e+15,5.338267542519984366e-01
1.650815610578084750e+15,5.354042456596973532e-01
1.650815610580001750e+15,5.369817370673961587e-01
1.650815610581918500e+15,5.385590227511243278e-01
1.650815610583835500e+15,5.401365141588232444e-01
1.650815610585752500e+15,5.417140055665221610e-01
1.650815610587669250e+15,5.432912912502502190e-01
1.650815610589586250e+15,5.448687826579491356e-01
1.650815610591503250e+15,5.456126703705855840e-01
1.650815610593420250e+15,5.434234716582262426e-01
1.650815610595337000e+15,5.412345584438731372e-01
1.650815610597254000e+15,5.390453597315136847e-01
1.650815610599171000e+15,5.368561610191542322e-01
1.650815610601087750e+15,5.346672478048012378e-01
1.650815610603004750e+15,5.324780490924417853e-01
1.650815610604921750e+15,5.302888503800824438e-01
1.650815610606838750e+15,5.280996516677229913e-01
1.650815610608755500e+15,5.259107384533698859e-01
1.650815610610672500e+15,5.237215397410105444e-01
1.650815610612589500e+15,5.215534678811178937e-01
1.650815610614506250e+15,5.215534678811177827e-01
1.650815610616423250e+15,5.215534678811177827e-01
1.650815610618340250e+15,5.215534678811177827e-01
1.650815610620257250e+15,5.215534678811177827e-01
1.650815610622174000e+15,5.215534678811177827e-01
1.650815610624091000e+15,5.215534678811177827e-01
1.650815610626008000e+15,5.215534678811177827e-01
1.650815610627925000e+15,5.215534678811177827e-01
1.650815610629841750e+15,5.215534678811177827e-01
1.650815610631758750e+15,5.215534678811177827e-01
1.650815610633675750e+15,5.215534678811177827e-01
1.650815610635592500e+15,5.215534678811177827e-01
1.650815610637509500e+15,5.215534678811177827e-01
1.650815610639426500e+15,5.215534678811180047e-01
1.650815610641343500e+15,5.215534678811181157e-01
1.650815610643260250e+15,5.215534678811182268e-01
1.650815610645177250e+15,5.215534678811183378e-01
1.650815610647094250e+15,5.215534678811185598e-01
1.650815610649011000e+15,5.215534678811186708e-01
1.650815610650928000e+15,5.229757102789813761e-01
1.650815610652845000e+15,5.244615079229612009e-01
1.650815610654762000e+15,5.259473055669410257e-01
1.650815610656678750e+15,5.274329094449266009e-01
1.650815610658595750e+15,5.289187070889063147e-01
1.650815610660512750e+15,5.304045047328861395e-01
1.650815610662429500e+15,5.318901086108716036e-01
1.650815610664346500e+15,5.333759062548514285e-01
1.650815610666263500e+15,5.348617038988311423e-01
1.650815610668180500e+15,5.363475015428109671e-01
1.650815610670097250e+15,5.378331054207964312e-01
1.650815610672014250e+15,5.393189030647762561e-01
1.650815610673931250e+15,5.402771337483517344e-01
1.650815610675848000e+15,5.408335265338904962e-01
1.650815610677765000e+15,5.413899918892460805e-01
1.650815610679682000e+15,5.419464572446016648e-01
1.650815610681599000e+15,5.425029225999572491e-01
1.650815610683515750e+15,5.430593153854960109e-01
1.650815610685432750e+15,5.436157807408515952e-01
1.650815610687349750e+15,5.441722460962072905e-01
1.650815610689266500e+15,5.447286388817460523e-01
1.650815610691183500e+15,5.452851042371016366e-01
1.650815610693100500e+15,5.458415695924571098e-01
1.650815610695017500e+15,5.438112823862639722e-01
1.650815610696934250e+15,5.395841170701640710e-01
1.650815610698851250e+15,5.353564004086465156e-01
1.650815610700768250e+15,5.311286837471290712e-01
1.650815610702685250e+15,5.269009670856115157e-01
1.650815610704602000e+15,5.226738017695116145e-01
1.650815610706519000e+15,5.215534678811177827e-01
1.650815610708436000e+15,5.215534678811177827e-01
1.650815610710352750e+15,5.215534678811177827e-01
1.650815610712269750e+15,5.215534678811177827e-01
1.650815610714186750e+15,5.215534678811177827e-01
1.650815610716103750e+15,5.215534678811177827e-01
1.650815610718020500e+15,5.215534678811176716e-01
1.650815610719937500e+15,5.215534678811177827e-01
1.650815610721854500e+15,5.215534678811177827e-01
1.650815610723771250e+15,5.215534678811177827e-01
1.650815610725688250e+15,5.215534678811177827e-01
1.650815610727605250e+15,5.215534678811177827e-01
1.650815610729522250e+15,5.210243634777130817e-01
1.650815610731439000e+15,5.198549649591476252e-01
1.650815610733356000e+15,5.186854139169720934e-01
1.650815610735273000e+15,5.175158628747966727e-01
1.650815610737189750e+15,5.163464643562312162e-01
1.650815610739106750e+15,5.151769133140555734e-01
1.650815610741023750e+15,5.140073622718801527e-01
1.650815610742940750e+15,5.128378112297046210e-01
1.650815610744857500e+15,5.116684127111391645e-01
1.650815610746774500e+15,5.104988616689636327e-01
1.650815610748691500e+15,5.093293106267881010e-01
1.650815610750608250e+15,5.081599121082227555e-01
1.650815610752525250e+15,5.069903610660472237e-01
1.650815610754442250e+15,5.058208100238716920e-01
1.650815610756359250e+15,5.046512589816961603e-01
1.650815610758276000e+15,5.034818604631307037e-01
1.650815610760193000e+15,5.037633147425328861e-01
1.650815610762110000e+15,5.046300574056753474e-01
1.650815610764026750e+15,5.054966870350849906e-01
1.650815610765943750e+15,5.063634296982275629e-01
1.650815610767860750e+15,5.072301723613699131e-01
1.650815610769777750e+15,5.080969150245124855e-01
1.650815610771694500e+15,5.089635446539221286e-01
1.650815610773611500e+15,5.075686504856440351e-01
1.650815610775528500e+15,5.048626219861716002e-01
1.650815610777445250e+15,5.021569463855644067e-01
1.650815610779362250e+15,4.994509178860919718e-01
1.650815610781279250e+15,4.967448893866194815e-01
1.650815610783196250e+15,4.940388608871469911e-01
1.650815610785113000e+15,4.913331852865399085e-01
1.650815610787030000e+15,4.886271567870673627e-01
1.650815610788947000e+15,4.859211282875949278e-01
1.650815610790864000e+15,4.832150997881224930e-01
1.650815610792780750e+15,4.805094241875152994e-01
1.650815610794697750e+15,4.788679929878161823e-01
1.650815610796614750e+15,4.797692698770588682e-01
1.650815610798531500e+15,4.806704292288877522e-01
1.650815610800448500e+15,4.815717061181304381e-01
1.650815610802365500e+15,4.824729830073730685e-01
1.650815610804282500e+15,4.833742598966157544e-01
1.650815610806199250e+15,4.842754192484446940e-01
1.650815610808116250e+15,4.852095052117686991e-01
1.650815610810033250e+15,4.861781756129468501e-01
1.650815610811950000e+15,4.871467196877817263e-01
1.650815610813867000e+15,4.881153900889598773e-01
1.650815610815784000e+15,4.890840604901380839e-01
1.650815610817701000e+15,4.900527308913163460e-01
1.650815610819617750e+15,4.905597346327117969e-01
1.650815610821534750e+15,4.884957646938617448e-01
1.650815610823451750e+15,4.864317947550116372e-01
1.650815610825368500e+15,4.843680939828202137e-01
1.650815610827285500e+15,4.823041240439701616e-01
1.650815610829202500e+15,4.802401541051200540e-01
1.650815610831119500e+15,4.786020058203206973e-01
1.650815610833036250e+15,4.786020058203206418e-01
1.650815610834953250e+15,4.786020058203206418e-01
1.650815610836870250e+15,4.786020058203206973e-01
1.650815610838787000e+15,4.786020058203206418e-01
1.650815610840704000e+15,4.786020058203206418e-01
1.650815610842621000e+15,4.786020058203206418e-01
1.650815610844538000e+15,4.779545357798145599e-01
1.650815610846454750e+15,4.771188198201243291e-01
1.650815610848371750e+15,4.762829948587438134e-01
1.650815610850288750e+15,4.754471698973632421e-01
1.650815610852205500e+15,4.746114539376730113e-01
1.650815610854122500e+15,4.737756289762925510e-01
1.650815610856039500e+15,4.729398040149119797e-01
1.650815610857956500e+15,4.724660826687773763e-01
1.650815610859873250e+15,4.724660826687774318e-01
1.650815610861790250e+15,4.724660826687774318e-01
1.650815610863707250e+15,4.724660826687774318e-01
1.650815610865624250e+15,4.724660826687774318e-01
1.650815610867541000e+15,4.724660826687774318e-01
1.650815610869458000e+15,4.724660826687774318e-01
1.650815610871375000e+15,4.724660826687774318e-01
1.650815610873291750e+15,4.724660826687774318e-01
1.650815610875208750e+15,4.724660826687773207e-01
1.650815610877125750e+15,4.734200024407902996e-01
1.650815610879042750e+15,4.752167739494601584e-01
1.650815610880959500e+15,4.770133111373803247e-01
1.650815610882876500e+15,4.788100826460501835e-01
1.650815610884793500e+15,4.806068541547200978e-01
1.650815610886710250e+15,4.824033913426402642e-01
1.650815610888627250e+15,4.842001628513101230e-01
1.650815610890544250e+15,4.847379289718627970e-01
1.650815610892461250e+15,4.847379289718627970e-01
1.650815610894378000e+15,4.847379289718628526e-01
1.650815610896295000e+15,4.847379289718628526e-01
1.650815610898212000e+15,4.847379289718628526e-01
1.650815610900128750e+15,4.847379289718629081e-01
1.650815610902045750e+15,4.847379289718629636e-01
1.650815610903962750e+15,4.840244041447794854e-01
1.650815610905879750e+15,4.818863391295095666e-01
1.650815610907796500e+15,4.797485529437930940e-01
1.650815610909713500e+15,4.776104879285231197e-01
1.650815610911630500e+15,4.754724229132532010e-01
1.650815610913547250e+15,4.733346367275366173e-01
1.650815610915464250e+15,4.724660826687774873e-01
1.650815610917381250e+15,4.724660826687774318e-01
1.650815610919298250e+15,4.724660826687774318e-01
1.650815610921215000e+15,4.724660826687774873e-01
1.650815610923132000e+15,4.715703487612531997e-01
1.650815610925049000e+15,4.697059384455918307e-01
1.650815610926965750e+15,4.678417712715993160e-01
1.650815610928882750e+15,4.659773609559380025e-01
1.650815610930799750e+15,4.641129506402767446e-01
1.650815610932716750e+15,4.622485403246154867e-01
1.650815610934633500e+15,4.603843731506228609e-01
1.650815610936550500e+15,4.585199628349616585e-01
1.650815610938467500e+15,4.566555525193003451e-01
1.650815610940384500e+15,4.547911422036390316e-01
1.650815610942301250e+15,4.529269750296464614e-01
1.650815610944218250e+15,4.510625647139851480e-01
1.650815610946135250e+15,4.491981543983238900e-01
1.650815610948052000e+15,4.486176299739628170e-01
1.650815610949969000e+15,4.508205637096134866e-01
1.650815610951886000e+15,4.530234974452641561e-01
1.650815610953803000e+15,4.552264311809147146e-01
1.650815610955719750e+15,4.574290776273458592e-01
1.650815610957636750e+15,4.596320113629964732e-01
1.650815610959553750e+15,4.601942363656920110e-01
1.650815610961470500e+15,4.601942363656921220e-01
1.650815610963387500e+15,4.601942363656922885e-01
1.650815610965304500e+15,4.601942363656923995e-01
1.650815610967221500e+15,4.601942363656925661e-01
1.650815610969138250e+15,4.601942363656926771e-01
1.650815610971055250e+15,4.601942363656928436e-01
1.650815610972972250e+15,4.598424727630122666e-01
1.650815610974889000e+15,4.567950472921055161e-01
1.650815610976806000e+15,4.537472243482013612e-01
1.650815610978723000e+15,4.506994014042973173e-01
1.650815610980640000e+15,4.476515784603932735e-01
1.650815610982556750e+15,4.446041529894865230e-01
1.650815610984473750e+15,4.419849195702507116e-01
1.650815610986390750e+15,4.446131319893115164e-01
1.650815610988307500e+15,4.472410016576656155e-01
1.650815610990224500e+15,4.498692140767264203e-01
1.650815610992141500e+15,4.524974264957872805e-01
1.650815610994058500e+15,4.533886034973337309e-01
1.650815610995975250e+15,4.517397067732399907e-01
1.650815610997892250e+15,4.500905949850110277e-01
1.650815610999809250e+15,4.484414831967822312e-01
1.650815611001726000e+15,4.467925864726884355e-01
1.650815611003643000e+15,4.451434746844595280e-01
1.650815611005560000e+15,4.434943628962306761e-01
1.650815611007477000e+15,4.418452511080017686e-01
1.650815611009393750e+15,4.401963543839080284e-01
1.650815611011310750e+15,4.385472425956791209e-01
1.650815611013227750e+15,4.368981308074502135e-01
1.650815611015144750e+15,4.365906713875934431e-01
1.650815611017061500e+15,4.404513883262255458e-01
1.650815611018978500e+15,4.443126088147386632e-01
1.650815611020895500e+15,4.481738293032518916e-01
1.650815611022812250e+15,4.520345462418838833e-01
1.650815611024729250e+15,4.540583132141496892e-01
1.650815611026646250e+15,4.540583132141497447e-01
1.650815611028563250e+15,4.540583132141497447e-01
1.650815611030480000e+15,4.540583132141496892e-01
1.650815611032397000e+15,4.540583132141497447e-01
1.650815611034314000e+15,4.540583132141498002e-01
1.650815611036230750e+15,4.540583132141496892e-01
1.650815611038147750e+15,4.540583132141496892e-01
1.650815611040064750e+15,4.540583132141496892e-01
1.650815611041981750e+15,4.540583132141496892e-01
1.650815611043898500e+15,4.540583132141496892e-01
1.650815611045815500e+15,4.540583132141496892e-01
1.650815611047732500e+15,4.540583132141496892e-01
1.650815611049649250e+15,4.540583132141496892e-01
1.650815611051566250e+15,4.540583132141496892e-01
1.650815611053483250e+15,4.540583132141496892e-01
1.650815611055400250e+15,4.534074793715596186e-01
1.650815611057317000e+15,4.521627941455337307e-01
1.650815611059234000e+15,4.509179465763193395e-01
1.650815611061151000e+15,4.496730990071049483e-01
1.650815611063067750e+15,4.484284137810791160e-01
1.650815611064984750e+15,4.483442370966073676e-01
1.650815611066901750e+15,4.490550090273286443e-01
1.650815611068818750e+15,4.497657809580499211e-01
1.650815611070735500e+15,4.504764601955094649e-01
1.650815611072652500e+15,4.511872321262307417e-01
1.650815611074569500e+15,4.518980040569519074e-01
1.650815611076486250e+15,4.526086832944115068e-01
1.650815611078403250e+15,4.533194552251328391e-01
1.650815611080320250e+15,4.540302271558540603e-01
1.650815611082237250e+15,4.535417493394853783e-01
1.650815611084154000e+15,4.530040038911419265e-01
1.650815611086071000e+15,4.524661883051372957e-01
1.650815611087988000e+15,4.519283727191327760e-01
1.650815611089904750e+15,4.513906272707893796e-01
1.650815611091821750e+15,4.508528116847847489e-01
1.650815611093738750e+15,4.503149960987802292e-01
1.650815611095655750e+15,4.497771805127755984e-01
1.650815611097572500e+15,4.492394350644322021e-01
1.650815611099489500e+15,4.487016194784276824e-01
1.650815611101406500e+15,4.481638038924230516e-01
1.650815611103323500e+15,4.479223900626072563e-01
1.650815611105240250e+15,4.479223900626072563e-01
1.650815611107157250e+15,4.479223900626072563e-01
1.650815611109074250e+15,4.479223900626072563e-01
1.650815611110991000e+15,4.479223900626072563e-01
1.650815611112908000e+15,4.479223900626072563e-01
1.650815611114825000e+15,4.479223900626072563e-01
1.650815611116742000e+15,4.479223900626072563e-01
1.650815611118658750e+15,4.479223900626072563e-01
1.650815611120575750e+15,4.479223900626072563e-01
1.650815611122492750e+15,4.479223900626072563e-01
1.650815611124409500e+15,4.479223900626073118e-01
1.650815611126326500e+15,4.479223900626072563e-01
1.650815611128243500e+15,4.479223900626073118e-01
1.650815611130160500e+15,4.479223900626072563e-01
1.650815611132077250e+15,4.479223900626072563e-01
1.650815611133994250e+15,4.479223900626073118e-01
1.650815611135911250e+15,4.488036018497529311e-01
1.650815611137828000e+15,4.498142601552198583e-01
1.650815611139745000e+15,4.508250502799518444e-01
1.650815611141662000e+15,4.518358404046838861e-01
1.650815611143579000e+15,4.528466305294157612e-01
1.650815611145495750e+15,4.538572888348827439e-01
1.650815611147412750e+15,4.536715599213120842e-01
1.650815611149329750e+15,4.531887951077883114e-01
1.650815611151246500e+15,4.527060932526387749e-01
1.650815611153163500e+15,4.522233284391150576e-01
1.650815611155080500e+15,4.517405636255912849e-01
1.650815611156997500e+15,4.512577988120675121e-01
1.650815611158914250e+15,4.507750969569179755e-01
1.650815611160831250e+15,4.502923321433942583e-01
1.650815611162748250e+15,4.498095673298704300e-01
1.650815611164665000e+15,4.493268654747209490e-01
1.650815611166582000e+15,4.488441006611971762e-01
1.650815611168499000e+15,4.483613358476734589e-01
1.650815611170416000e+15,4.479999922306817095e-01
1.650815611172332750e+15,4.488548425505478612e-01
1.650815611174249750e+15,4.497098043677819623e-01
1.650815611176166750e+15,4.505647661850160635e-01
1.650815611178083750e+15,4.514197280022501646e-01
1.650815611180000500e+15,4.522745783221162608e-01
1.650815611181917500e+15,4.531295401393503619e-01
1.650815611183834500e+15,4.539845019565845186e-01
1.650815611185751250e+15,4.535126883832802935e-01
1.650815611187668250e+15,4.529154219731297282e-01
1.650815611189585250e+15,4.523181555629790518e-01
1.650815611191502250e+15,4.517208891528284864e-01
1.650815611193419000e+15,4.511237006334459787e-01
1.650815611195336000e+15,4.505264342232953023e-01
1.650815611197253000e+15,4.499291678131446814e-01
1.650815611199169750e+15,4.493319792937621737e-01
1.650815611201086750e+15,4.487347128836115528e-01
1.650815611203003750e+15,4.481374464734609320e-01
1.650815611204920750e+15,4.479223900626072563e-01
1.650815611206837500e+15,4.479223900626072008e-01
1.650815611208754500e+15,4.479223900626072563e-01
1.650815611210671500e+15,4.479223900626072563e-01
1.650815611212588250e+15,4.479223900626072563e-01
1.650815611214505250e+15,4.479223900626072563e-01
1.650815611216422250e+15,4.479223900626072008e-01
1.650815611218339250e+15,4.479223900626072563e-01
1.650815611220256000e+15,4.479223900626071453e-01
1.650815611222173000e+15,4.479223900626072008e-01
1.650815611224090000e+15,4.479223900626071453e-01
1.650815611226006750e+15,4.479223900626071453e-01
1.650815611227923750e+15,4.481917217755838068e-01
1.650815611229840750e+15,4.493371657994913448e-01
1.650815611231757750e+15,4.504826098233988829e-01
1.650815611233674500e+15,4.516279044675432508e-01
1.650815611235591500e+15,4.527733484914507889e-01
1.650815611237508500e+15,4.539187925153582714e-01
1.650815611239425250e+15,4.531796087182472510e-01
1.650815611241342250e+15,4.521788800572377753e-01
1.650815611243259250e+15,4.511781513962281887e-01
1.650815611245176250e+15,4.501774227352186575e-01
1.650815611247093000e+15,4.491768245813375082e-01
1.650815611249010000e+15,4.481760959203280326e-01
1.650815611250927000e+15,4.483570255457206555e-01
1.650815611252844000e+15,4.489392730797027165e-01
1.650815611254760750e+15,4.495214446815599119e-01
1.650815611256677750e+15,4.501036922155420283e-01
1.650815611258594750e+15,4.506859397495240893e-01
1.650815611260511500e+15,4.512681113513812847e-01
1.650815611262428500e+15,4.518503588853632902e-01
1.650815611264345500e+15,4.524326064193454622e-01
1.650815611266262500e+15,4.530148539533275232e-01
1.650815611268179250e+15,4.535970255551847186e-01
1.650815611270096250e+15,4.538221451079251789e-01
1.650815611272013250e+15,4.526853359186426284e-01
1.650815611273930000e+15,4.515486749830363022e-01
1.650815611275847000e+15,4.504118657937538073e-01
1.650815611277764000e+15,4.492750566044713123e-01
1.650815611279681000e+15,4.481382474151887618e-01
1.650815611281597750e+15,4.479223900626073118e-01
1.650815611283514750e+15,4.479223900626072563e-01
1.650815611285431750e+15,4.479223900626073118e-01
1.650815611287348500e+15,4.479223900626073118e-01
1.650815611289265500e+15,4.479223900626072563e-01
1.650815611291182500e+15,4.479223900626073118e-01
1.650815611293099500e+15,4.479223900626072563e-01
1.650815611295016250e+15,4.479223900626072563e-01
1.650815611296933250e+15,4.479223900626073118e-01
1.650815611298850250e+15,4.479223900626072563e-01
1.650815611300767000e+15,4.479223900626073118e-01
1.650815611302684000e+15,4.479223900626072563e-01
1.650815611304601000e+15,4.481010372183216739e-01
1.650815611306518000e+15,4.489030667206745373e-01
1.650815611308434750e+15,4.497049916286738336e-01
1.650815611310351750e+15,4.505070211310266970e-01
1.650815611312268750e+15,4.513090506333794494e-01
1.650815611314185500e+15,4.521109755413788012e-01
1.650815611316102500e+15,4.529130050437316091e-01
1.650815611318019500e+15,4.537150345460844725e-01
1.650815611319936500e+15,4.533878224337750118e-01
1.650815611321853250e+15,4.522157629688571823e-01
1.650815611323770250e+15,4.510435506332642897e-01
1.650815611325687250e+15,4.498713382976713970e-01
1.650815611327604000e+15,4.486992788327535120e-01
1.650815611329521000e+15,4.475270664971607304e-01
1.650815611331438000e+15,4.463548541615678378e-01
1.650815611333355000e+15,4.451826418259750007e-01
1.650815611335271750e+15,4.440105823610571156e-01
1.650815611337188750e+15,4.428383700254643340e-01
1.650815611339105750e+15,4.418910444301281659e-01
1.650815611341022750e+15,4.429099776145968281e-01
1.650815611342939500e+15,4.439287779178469617e-01
1.650815611344856500e+15,4.449477111023156795e-01
1.650815611346773500e+15,4.459666442867843417e-01
1.650815611348690250e+15,4.469854445900344198e-01
1.650815611350607250e+15,4.480043777745030820e-01
1.650815611352524250e+15,4.490233109589717442e-01
1.650815611354441250e+15,4.500422441434405174e-01
1.650815611356358000e+15,4.510610444466905400e-01
1.650815611358275000e+15,4.520799776311592022e-01
1.650815611360192000e+15,4.530989108156279754e-01
1.650815611362108750e+15,4.540017894805592480e-01
1.650815611364025750e+15,4.530321608694383717e-01
1.650815611365942750e+15,4.520625322583176064e-01
1.650815611367859750e+15,4.510929036471967857e-01
1.650815611369776500e+15,4.501234014873815026e-01
1.650815611371693500e+15,4.491537728762606818e-01
1.650815611373610500e+15,4.481841442651398610e-01
1.650815611375527250e+15,4.460380480178792184e-01
1.650815611377444250e+15,4.434564623829006513e-01
1.650815611379361250e+15,4.408748767479221398e-01
1.650815611381278250e+15,4.382932911129436282e-01
1.650815611383195000e+15,4.357120421479748207e-01
1.650815611385112000e+15,4.331304565129963646e-01
1.650815611387029000e+15,4.305488708780177975e-01
1.650815611388945750e+15,4.299135250630068406e-01
1.650815611390862750e+15,4.305792050110265889e-01
1.650815611392779750e+15,4.312448849590463373e-01
1.650815611394696750e+15,4.319105649070660302e-01
1.650815611396613500e+15,4.325761580423642672e-01
1.650815611398530500e+15,4.332418379903839600e-01
1.650815611400447500e+15,4.339075179384037639e-01
1.650815611402364250e+15,4.345731110737020009e-01
1.650815611404281250e+15,4.352387910217216938e-01
1.650815611406198250e+15,4.351806135328190606e-01
1.650815611408115250e+15,4.339486733692761722e-01
1.650815611410032000e+15,4.327168938656399400e-01
1.650815611411949000e+15,4.314849537020970516e-01
1.650815611413866000e+15,4.302530135385542187e-01
1.650815611415783000e+15,4.290210733750113858e-01
1.650815611417699750e+15,4.277892938713750981e-01
1.650815611419616750e+15,4.265573537078323207e-01
1.650815611421533750e+15,4.253254135442894324e-01
1.650815611423450500e+15,4.240936340406530336e-01
1.650815611425367500e+15,4.228616938771102562e-01
1.650815611427284500e+15,4.216297537135674789e-01
1.650815611429201500e+15,4.203978135500245350e-01
1.650815611431118250e+15,4.191660340463883028e-01
1.650815611433035250e+15,4.179340938828454699e-01
1.650815611434952250e+15,4.172427743048949256e-01
1.650815611436869000e+15,4.172427743048948701e-01
1.650815611438786000e+15,4.172427743048948701e-01
1.650815611440703000e+15,4.172427743048948701e-01
1.650815611442620000e+15,4.172427743048948701e-01
1.650815611444536750e+15,4.172427743048948701e-01
1.650815611446453750e+15,4.172427743048948701e-01
1.650815611448370750e+15,4.172427743048948701e-01
1.650815611450287500e+15,4.172427743048948701e-01
1.650815611452204500e+15,4.172427743048948701e-01
1.650815611454121500e+15,4.172427743048948701e-01
1.650815611456038500e+15,4.172427743048949256e-01
1.650815611457955250e+15,4.172427743048948701e-01
1.650815611459872250e+15,4.172427743048949256e-01
1.650815611461789250e+15,4.172427743048948146e-01
1.650815611463706000e+15,4.172427743048948146e-01
1.650815611465623000e+15,4.172427743048948701e-01
1.650815611467540000e+15,4.172427743048947590e-01
1.650815611469457000e+15,4.172427743048948701e-01
1.650815611471373750e+15,4.172427743048948146e-01
1.650815611473290750e+15,4.172427743048947590e-01
1.650815611475207750e+15,4.172427743048947590e-01
1.650815611477124500e+15,4.172427743048947590e-01
1.650815611479041500e+15,4.172427743048947590e-01
1.650815611480958500e+15,4.172427743048947590e-01
1.650815611482875500e+15,4.172427743048947590e-01
1.650815611484792250e+15,4.172427743048948146e-01
1.650815611486709250e+15,4.172427743048948701e-01
1.650815611488626250e+15,4.172427743048948701e-01
1.650815611490543250e+15,4.172427743048948701e-01
1.650815611492460000e+15,4.172427743048948701e-01
1.650815611494377000e+15,4.172427743048949256e-01
1.650815611496294000e+15,4.163928380471402235e-01
1.650815611498210750e+15,4.155108048462461956e-01
1.650815611500127750e+15,4.146286566025452203e-01
1.650815611502044750e+15,4.137465083588443004e-01
1.650815611503961750e+15,4.128643601151433251e-01
1.650815611505878500e+15,4.119823269142493527e-01
1.650815611507795500e+15,4.111110574168584386e-01
1.650815611509712500e+15,4.116671544611808509e-01
1.650815611511629250e+15,4.122231789837186300e-01
1.650815611513546250e+15,4.127792760280409312e-01
1.650815611515463250e+15,4.133353730723633435e-01
1.650815611517380250e+15,4.138914701166857557e-01
1.650815611519297000e+15,4.144474946392235348e-01
1.650815611521214000e+15,4.150035916835459471e-01
1.650815611523131000e+15,4.155596887278683038e-01
1.650815611525047750e+15,4.161157132504060829e-01
1.650815611526964750e+15,4.166718102947284397e-01
1.650815611528881750e+15,4.172279073390507964e-01
1.650815611530798750e+15,4.172427743048940929e-01
1.650815611532715500e+15,4.172427743048940929e-01
1.650815611534632500e+15,4.172427743048941484e-01
1.650815611536549500e+15,4.172427743048942039e-01
1.650815611538466250e+15,4.172427743048941484e-01
1.650815611540383250e+15,4.172427743048941484e-01
1.650815611542300250e+15,4.172427743048941484e-01
1.650815611544217250e+15,4.172427743048941484e-01
1.650815611546134000e+15,4.172427743048940929e-01
1.650815611548051000e+15,4.172427743048940929e-01
1.650815611549968000e+15,4.172427743048941484e-01
1.650815611551884750e+15,4.171829658005477559e-01
1.650815611553801750e+15,4.167125949171348598e-01
1.650815611555718750e+15,4.162422240337219081e-01
1.650815611557635750e+15,4.157718531503090120e-01
1.650815611559552500e+15,4.153015436089518286e-01
1.650815611561469500e+15,4.148311727255388215e-01
1.650815611563386500e+15,4.143608018421259809e-01
1.650815611565303500e+15,4.138904309587130292e-01
1.650815611567220250e+15,4.134201214173558458e-01
1.650815611569137250e+15,4.129497505339428942e-01
1.650815611571054250e+15,4.124793796505299426e-01
1.650815611572971000e+15,4.120090701091728147e-01
1.650815611574888000e+15,4.115386992257598631e-01
1.650815611576805000e+15,4.111068511533514935e-01
1.650815611578722000e+15,4.111068511533515490e-01
1.650815611580638750e+15,4.111068511533516046e-01
1.650815611582555750e+15,4.111068511533516046e-01
1.650815611584472750e+15,4.111068511533516601e-01
1.650815611586389500e+15,4.111068511533516601e-01
1.650815611588306500e+15,4.111068511533516601e-01
1.650815611590223500e+15,4.111068511533516601e-01
1.650815611592140500e+15,4.111068511533516601e-01
1.650815611594057250e+15,4.111068511533516601e-01
1.650815611595974250e+15,4.111068511533516601e-01
1.650815611597891250e+15,4.111068511533516601e-01
1.650815611599808000e+15,4.111068511533516601e-01
1.650815611601725000e+15,4.111068511533516601e-01
1.650815611603642000e+15,4.111068511533516601e-01
1.650815611605559000e+15,4.111068511533516046e-01
1.650815611607475750e+15,4.111068511533516601e-01
1.650815611609392750e+15,4.111068511533516601e-01
1.650815611611309750e+15,4.111068511533516601e-01
1.650815611613226500e+15,4.111068511533516046e-01
1.650815611615143500e+15,4.111068511533516046e-01
1.650815611617060500e+15,4.111068511533516601e-01
1.650815611618977500e+15,4.111068511533516601e-01
1.650815611620894250e+15,4.111068511533516046e-01
1.650815611622811250e+15,4.111068511533516601e-01
1.650815611624728250e+15,4.111068511533515490e-01
1.650815611626645000e+15,4.111068511533515490e-01
1.650815611628562000e+15,4.111068511533515490e-01
1.650815611630479000e+15,4.111068511533515490e-01
1.650815611632396000e+15,4.111068511533515490e-01
1.650815611634312750e+15,4.111068511533515490e-01
1.650815611636229750e+15,4.111068511533514380e-01
1.650815611638146750e+15,4.111068511533514935e-01
1.650815611640063500e+15,4.111068511533514935e-01
1.650815611641980500e+15,4.111068511533514935e-01
1.650815611643897500e+15,4.111068511533514380e-01
1.650815611645814500e+15,4.111068511533514935e-01
1.650815611647731250e+15,4.111068511533514380e-01
1.650815611649648250e+15,4.111068511533514380e-01
1.650815611651565250e+15,4.111068511533514380e-01
1.650815611653482250e+15,4.111068511533514935e-01
1.650815611655399000e+15,4.111068511533514380e-01
1.650815611657316000e+15,4.111068511533514935e-01
1.650815611659233000e+15,4.111068511533515490e-01
1.650815611661149750e+15,4.111068511533516601e-01
1.650815611663066750e+15,4.111068511533517156e-01
1.650815611664983750e+15,4.111068511533518266e-01
1.650815611666900750e+15,4.111068511533519376e-01
1.650815611668817500e+15,4.111068511533520486e-01
1.650815611670734500e+15,4.111068511533521597e-01
1.650815611672651500e+15,4.111068511533522707e-01
1.650815611674568250e+15,4.111068511533523262e-01
1.650815611676485250e+15,4.111068511533524372e-01
1.650815611678402250e+15,4.111068511533523262e-01
1.650815611680319250e+15,4.111068511533522707e-01
1.650815611682236000e+15,4.111068511533521042e-01
1.650815611684153000e+15,4.111068511533519931e-01
1.650815611686070000e+15,4.111068511533518821e-01
1.650815611687986750e+15,4.111068511533518266e-01
1.650815611689903750e+15,4.111068511533517156e-01
1.650815611691820750e+15,4.111068511533515490e-01
1.650815611693737750e+15,4.111068511533515490e-01
1.650815611695654500e+15,4.111068511533515490e-01
1.650815611697571500e+15,4.111068511533515490e-01
1.650815611699488500e+15,4.111068511533514935e-01
1.650815611701405250e+15,4.111068511533514380e-01
1.650815611703322250e+15,4.111068511533514380e-01
1.650815611705239250e+15,4.111068511533514380e-01
1.650815611707156250e+15,4.111068511533514935e-01
1.650815611709073000e+15,4.111068511533514380e-01
1.650815611710990000e+15,4.111068511533514380e-01
1.650815611712907000e+15,4.111068511533514380e-01
1.650815611714823750e+15,4.111068511533514380e-01
1.650815611716740750e+15,4.111068511533513825e-01
1.650815611718657750e+15,4.111068511533514380e-01
1.650815611720574750e+15,4.111068511533514380e-01
1.650815611722491500e+15,4.111068511533514380e-01
1.650815611724408500e+15,4.111068511533514935e-01
1.650815611726325500e+15,4.111068511533515490e-01
1.650815611728242500e+15,4.111068511533514935e-01
1.650815611730159250e+15,4.100611247205400156e-01
1.650815611732076250e+15,4.090017205341483497e-01
1.650815611733993250e+15,4.079423163477566838e-01
1.650815611735910000e+15,4.068830503204921012e-01
1.650815611737827000e+15,4.058236461341003798e-01
1.650815611739744000e+15,4.049709280018091162e-01
1.650815611741661000e+15,4.049709280018091162e-01
1.650815611743577750e+15,4.049709280018091162e-01
1.650815611745494750e+15,4.049709280018091162e-01
1.650815611747411750e+15,4.049709280018091162e-01
1.650815611749328500e+15,4.048056258928955375e-01
1.650815611751245500e+15,4.038350772166707237e-01
1.650815611753162500e+15,4.028645285404459098e-01
1.650815611755079500e+15,4.018939798642210404e-01
1.650815611756996250e+15,4.009235577592894506e-01
1.650815611758913250e+15,3.999530090830646922e-01
1.650815611760830250e+15,3.989824604068398783e-01
1.650815611762747000e+15,3.980120383019082886e-01
1.650815611764664000e+15,3.970414896256834747e-01
1.650815611766581000e+15,3.960709409494586608e-01
1.650815611768498000e+15,3.951003922732337914e-01
1.650815611770414750e+15,3.941299701683022572e-01
1.650815611772331750e+15,3.931594214920774988e-01
1.650815611774248750e+15,3.933460242134731444e-01
1.650815611776165500e+15,3.945765149752140655e-01
1.650815611778082500e+15,3.958071662287719894e-01
1.650815611779999500e+15,3.970378174823299133e-01
1.650815611781916500e+15,3.982684687358878373e-01
1.650815611783833250e+15,3.994265483364230485e-01
1.650815611785750250e+15,4.005229842687036967e-01
1.650815611787667250e+15,4.016194202009842895e-01
1.650815611789584000e+15,4.027157131447500205e-01
1.650815611791501000e+15,4.038121490770306687e-01
1.650815611793418000e+15,4.049085850093112060e-01
1.650815611795335000e+15,4.006689409701120752e-01
1.650815611797251750e+15,3.961081922737594851e-01
1.650815611799168750e+15,3.915468487230053252e-01
1.650815611801085750e+15,3.869855051722511652e-01
1.650815611803002750e+15,3.824241616214970052e-01
1.650815611804919500e+15,3.815268540560606825e-01
1.650815611806836500e+15,3.834832057702406427e-01
1.650815611808753500e+15,3.854395574844207140e-01
1.650815611810670250e+15,3.873956540666608772e-01
1.650815611812587250e+15,3.893520057808408374e-01
1.650815611814504250e+15,3.913083574950208532e-01
1.650815611816421250e+15,3.926990816987238619e-01
1.650815611818338000e+15,3.926990816987238064e-01
1.650815611820255000e+15,3.926990816987236954e-01
1.650815611822172000e+15,3.926990816987235844e-01
1.650815611824088750e+15,3.926990816987235289e-01
1.650815611826005750e+15,3.926990816987234179e-01
1.650815611827922750e+15,3.926990816987234734e-01
1.650815611829839750e+15,3.926990816987234734e-01
1.650815611831756500e+15,3.926990816987234734e-01
1.650815611833673500e+15,3.926990816987234179e-01
1.650815611835590500e+15,3.926990816987234734e-01
1.650815611837507250e+15,3.926990816987234734e-01
1.650815611839424250e+15,3.926990816987234734e-01
1.650815611841341250e+15,3.926990816987234734e-01
1.650815611843258250e+15,3.926990816987234734e-01
1.650815611845175000e+15,3.926990816987234734e-01
1.650815611847092000e+15,3.926990816987234734e-01
1.650815611849009000e+15,3.926990816987234734e-01
1.650815611850925750e+15,3.926990816987234734e-01
1.650815611852842750e+15,3.899672431892018398e-01
1.650815611854759750e+15,3.868176810645571617e-01
1.650815611856676750e+15,3.836681189399124836e-01
1.650815611858593500e+15,3.805189675562855589e-01
1.650815611860510500e+15,3.773694054316408253e-01
1.650815611862427500e+15,3.743148598980088337e-01
1.650815611864344250e+15,3.753524453149226781e-01
1.650815611866261250e+15,3.763901660631808754e-01
1.650815611868178250e+15,3.774278868114390728e-01
1.650815611870095250e+15,3.784656075596973257e-01
1.650815611872012000e+15,3.795031929766111700e-01
1.650815611873929000e+15,3.804272353956391628e-01
1.650815611875846000e+15,3.804272353956391628e-01
1.650815611877763000e+15,3.804272353956392183e-01
1.650815611879679750e+15,3.804272353956391628e-01
1.650815611881596750e+15,3.804272353956391628e-01
1.650815611883513750e+15,3.804272353956391628e-01
1.650815611885430500e+15,3.804272353956391628e-01
1.650815611887347500e+15,3.804272353956391628e-01
1.650815611889264500e+15,3.804272353956391628e-01
1.650815611891181500e+15,3.804272353956391628e-01
1.650815611893098250e+15,3.804272353956392183e-01
1.650815611895015250e+15,3.804272353956391628e-01
1.650815611896932250e+15,3.804272353956391628e-01
1.650815611898849000e+15,3.804272353956391628e-01
1.650815611900766000e+15,3.804272353956391628e-01
1.650815611902683000e+15,3.804272353956392183e-01
1.650815611904600000e+15,3.804272353956392183e-01
1.650815611906516750e+15,3.804272353956392183e-01
1.650815611908433750e+15,3.804272353956392183e-01
1.650815611910350750e+15,3.804272353956392738e-01
1.650815611912267500e+15,3.804272353956392738e-01
1.650815611914184500e+15,3.796490480616389052e-01
1.650815611916101500e+15,3.782180791222828908e-01
1.650815611918018500e+15,3.767871101829267655e-01
1.650815611919935250e+15,3.753563278592383368e-01
1.650815611921852250e+15,3.742913122440968410e-01
1.650815611923769250e+15,3.742913122440968410e-01
1.650815611925686000e+15,3.742913122440968410e-01
1.650815611927603000e+15,3.742913122440968410e-01
1.650815611929520000e+15,3.742913122440968410e-01
1.650815611931437000e+15,3.742913122440968410e-01
1.650815611933353750e+15,3.742913122440968410e-01
1.650815611935270750e+15,3.742913122440968965e-01
1.650815611937187750e+15,3.742913122440968410e-01
1.650815611939104500e+15,3.742913122440967855e-01
1.650815611941021500e+15,3.742913122440968410e-01
1.650815611942938500e+15,3.742913122440967855e-01
1.650815611944855500e+15,3.742913122440968410e-01
1.650815611946772250e+15,3.742913122440967855e-01
1.650815611948689250e+15,3.742913122440967855e-01
1.650815611950606250e+15,3.742913122440967855e-01
1.650815611952523000e+15,3.742913122440967855e-01
1.650815611954440000e+15,3.742913122440967300e-01
1.650815611956357000e+15,3.742913122440967300e-01
1.650815611958274000e+15,3.742913122440967300e-01
1.650815611960190750e+15,3.742913122440966744e-01
1.650815611962107750e+15,3.742913122440967300e-01
1.650815611964024750e+15,3.742913122440967300e-01
1.650815611965941750e+15,3.742913122440967300e-01
1.650815611967858500e+15,3.742913122440967300e-01
1.650815611969775500e+15,3.742913122440967300e-01
1.650815611971692500e+15,3.742913122440967300e-01
1.650815611973609250e+15,3.742913122440967300e-01
1.650815611975526250e+15,3.742913122440967300e-01
1.650815611977443250e+15,3.742913122440967300e-01
1.650815611979360250e+15,3.742913122440967300e-01
1.650815611981277000e+15,3.734656403421110493e-01
1.650815611983194000e+15,3.725340258417539907e-01
1.650815611985111000e+15,3.716024113413969321e-01
1.650815611987027750e+15,3.706709183348454451e-01
1.650815611988944750e+15,3.697393038344883864e-01
1.650815611990861750e+15,3.688076893341313278e-01
1.650815611992778750e+15,3.683549828347774113e-01
1.650815611994695500e+15,3.690206136401834591e-01
1.650815611996612500e+15,3.696863312632243104e-01
1.650815611998529500e+15,3.703520488862651616e-01
1.650815612000446250e+15,3.710176796916712094e-01
1.650815612002363250e+15,3.716833973147120607e-01
1.650815612004280250e+15,3.723491149377529119e-01
1.650815612006197250e+15,3.730148325607937076e-01
1.650815612008114000e+15,3.736804633661997554e-01
1.650815612010031000e+15,3.742913122440969520e-01
1.650815612011948000e+15,3.742913122440968965e-01
1.650815612013864750e+15,3.742913122440968410e-01
1.650815612015781750e+15,3.742913122440966744e-01
1.650815612017698750e+15,3.742913122440966189e-01
1.650815612019615750e+15,3.742913122440965634e-01
1.650815612021532500e+15,3.742913122440964524e-01
1.650815612023449500e+15,3.742913122440963969e-01
1.650815612025366500e+15,3.742913122440962859e-01
1.650815612027283250e+15,3.742913122440961748e-01
1.650815612029200250e+15,3.742913122440961193e-01
1.650815612031117250e+15,3.742913122440960638e-01
1.650815612033034250e+15,3.742913122440959528e-01
1.650815612034951000e+15,3.742913122440958973e-01
1.650815612036868000e+15,3.742913122440958418e-01
1.650815612038785000e+15,3.742913122440958418e-01
1.650815612040702000e+15,3.742913122440958418e-01
1.650815612042618750e+15,3.742913122440958418e-01
1.650815612044535750e+15,3.742913122440958418e-01
1.650815612046452750e+15,3.742913122440958418e-01
1.650815612048369500e+15,3.742913122440958418e-01
1.650815612050286500e+15,3.742913122440958418e-01
1.650815612052203500e+15,3.742913122440958418e-01
1.650815612054120500e+15,3.742913122440958418e-01
1.650815612056037250e+15,3.742913122440958418e-01
1.650815612057954250e+15,3.742913122440958418e-01
1.650815612059871250e+15,3.742913122440958418e-01
1.650815612061788000e+15,3.742913122440957863e-01
1.650815612063705000e+15,3.742913122440958418e-01
1.650815612065622000e+15,3.742913122440957863e-01
1.650815612067539000e+15,3.742913122440958418e-01
1.650815612069455750e+15,3.742913122440958418e-01
1.650815612071372750e+15,3.742913122440958418e-01
1.650815612073289750e+15,3.742913122440958418e-01
1.650815612075206500e+15,3.742913122440958418e-01
1.650815612077123500e+15,3.742913122440958418e-01
1.650815612079040500e+15,3.742913122440958418e-01
1.650815612080957500e+15,3.742913122440958418e-01
1.650815612082874250e+15,3.742913122440958418e-01
1.650815612084791250e+15,3.742913122440958418e-01
1.650815612086708250e+15,3.742913122440958418e-01
1.650815612088625000e+15,3.742913122440958418e-01
1.650815612090542000e+15,3.742913122440958418e-01
1.650815612092459000e+15,3.742913122440958418e-01
1.650815612094376000e+15,3.742913122440958418e-01
1.650815612096292750e+15,3.742913122440958418e-01
1.650815612098209750e+15,3.742913122440958973e-01
1.650815612100126750e+15,3.742913122440958418e-01
1.650815612102043500e+15,3.742913122440958418e-01
1.650815612103960500e+15,3.742913122440958973e-01
1.650815612105877500e+15,3.742913122440958418e-01
1.650815612107794500e+15,3.742913122440958418e-01
1.650815612109711250e+15,3.742913122440958418e-01
1.650815612111628250e+15,3.742913122440958418e-01
1.650815612113545250e+15,3.742913122440958973e-01
1.650815612115462250e+15,3.742913122440958418e-01
1.650815612117379000e+15,3.739127618276011367e-01
1.650815612119296000e+15,3.728595235860622248e-01
1.650815612121213000e+15,3.718062853445233129e-01
1.650815612123129750e+15,3.707531844579976532e-01
1.650815612125046750e+15,3.696999462164587413e-01
1.650815612126963750e+15,3.686467079749198295e-01
1.650815612128880750e+15,3.684510831698866173e-01
1.650815612130797500e+15,3.690052475529013165e-01
1.650815612132714500e+15,3.695594842150842219e-01
1.650815612134631500e+15,3.701137208772671272e-01
1.650815612136548250e+15,3.706678852602817154e-01
1.650815612138465250e+15,3.712221219224646762e-01
1.650815612140382250e+15,3.717763585846475816e-01
1.650815612142299250e+15,3.723305952468304314e-01
1.650815612144216000e+15,3.728847596298451306e-01
1.650815612146133000e+15,3.734389962920280359e-01
1.650815612148050000e+15,3.739932329542109968e-01
1.650815612149966750e+15,3.738183014580671037e-01
1.650815612151883750e+15,3.727945795536714568e-01
1.650815612153800750e+15,3.717708576492758099e-01
1.650815612155717750e+15,3.707471357448801630e-01
1.650815612157634500e+15,3.697235473462102684e-01
1.650815612159551500e+15,3.686998254418145660e-01
1.650815612161468500e+15,3.685645570120514858e-01
1.650815612163385250e+15,3.694383983599017207e-01
1.650815612165302250e+15,3.703123536821028017e-01
1.650815612167219250e+15,3.711863090043039382e-01
1.650815612169136250e+15,3.720602643265050746e-01
1.650815612171053000e+15,3.729341056743553096e-01
1.650815612172970000e+15,3.738080609965563905e-01
1.650815612174887000e+15,3.742913122440958418e-01
1.650815612176803750e+15,3.742913122440958418e-01
1.650815612178720750e+15,3.742913122440958418e-01
1.650815612180637750e+15,3.742913122440958418e-01
1.650815612182554750e+15,3.742913122440958418e-01
1.650815612184471500e+15,3.742913122440958418e-01
1.650815612186388500e+15,3.739818026172161414e-01
1.650815612188305500e+15,3.734254688575082137e-01
1.650815612190222500e+15,3.728691350978002861e-01
1.650815612192139250e+15,3.723128738907475199e-01
1.650815612194056250e+15,3.717565401310395923e-01
1.650815612195973250e+15,3.712002063713316646e-01
1.650815612197890000e+15,3.706439451642788985e-01
1.650815612199807000e+15,3.700876114045709708e-01
1.650815612201724000e+15,3.695312776448630987e-01
1.650815612203641000e+15,3.689749438851551711e-01
1.650815612205557750e+15,3.684186826781024049e-01
1.650815612207474750e+15,3.681553890925545192e-01
1.650815612209391750e+15,3.681553890925543526e-01
1.650815612211308500e+15,3.681553890925542416e-01
1.650815612213225500e+15,3.681553890925540751e-01
1.650815612215142500e+15,3.681553890925538530e-01
1.650815612217059500e+15,3.681553890925536865e-01
1.650815612218976250e+15,3.681553890925535755e-01
1.650815612220893250e+15,3.692404296081582826e-01
1.650815612222810250e+15,3.704081616325310966e-01
1.650815612224727000e+15,3.715757413705159107e-01
1.650815612226644000e+15,3.727434733948887802e-01
1.650815612228561000e+15,3.739112054192616497e-01
1.650815612230478000e+15,3.739674989860686805e-01
1.650815612232394750e+15,3.734874765094056692e-01
1.650815612234311750e+15,3.730073914238374311e-01
1.650815612236228750e+15,3.725273063382691374e-01
1.650815612238145500e+15,3.720472838616061262e-01
1.650815612240062500e+15,3.715671987760378325e-01
1.650815612241979500e+15,3.710871136904695389e-01
1.650815612243896500e+15,3.706070286049013007e-01
1.650815612245813250e+15,3.701270061282382895e-01
1.650815612247730250e+15,3.696469210426699958e-01
1.650815612249647250e+15,3.691668359571017577e-01
1.650815612251564000e+15,3.686868134804386909e-01
1.650815612253481000e+15,3.682067283948704528e-01
1.650815612255398000e+15,3.670365584997917208e-01
1.650815612257315000e+15,3.657837557858172328e-01
1.650815612259231750e+15,3.645311164524783210e-01
1.650815612261148750e+15,3.632783137385038330e-01
1.650815612263065750e+15,3.620255110245292895e-01
1.650815612264982500e+15,3.614743712403979958e-01
1.650815612266899500e+15,3.609265617824291561e-01
1.650815612268816500e+15,3.603787523244603164e-01
1.650815612270733500e+15,3.598309428664915322e-01
1.650815612272650250e+15,3.592832048495057107e-01
1.650815612274567250e+15,3.587353953915368709e-01
1.650815612276484250e+15,3.581875859335680867e-01
1.650815612278401250e+15,3.576397764755991915e-01
1.650815612280318000e+15,3.570920384586134810e-01
1.650815612282235000e+15,3.565442290006446413e-01
1.650815612284152000e+15,3.559964195426758016e-01
1.650815612286068750e+15,3.572328695316451252e-01
1.650815612287985750e+15,3.589326621156778696e-01
1.650815612289902750e+15,3.606324546997106140e-01
1.650815612291819750e+15,3.623322472837433583e-01
1.650815612293736500e+15,3.640318181942518438e-01
1.650815612295653500e+15,3.657316107782845882e-01
1.650815612297570500e+15,3.674314033623173881e-01
1.650815612299487250e+15,3.675136543541995815e-01
1.650815612301404250e+15,3.663955398407484632e-01
1.650815612303321250e+15,3.652774253272973448e-01
1.650815612305238250e+15,3.641593108138463375e-01
1.650815612307155000e+15,3.630413421160594289e-01
1.650815612309072000e+15,3.619309438355642894e-01
1.650815612310989000e+15,3.609024779195452726e-01
1.650815612312905750e+15,3.598741461279285625e-01
1.650815612314822750e+15,3.588456802119097122e-01
1.650815612316739750e+15,3.578172142958907509e-01
1.650815612318656750e+15,3.567887483798718451e-01
1.650815612320573500e+15,3.558835427894687098e-01
1.650815612322490500e+15,3.558835427894687098e-01
1.650815612324407500e+15,3.558835427894686543e-01
1.650815612326324250e+15,3.558835427894687098e-01
1.650815612328241250e+15,3.558835427894686543e-01
1.650815612330158250e+15,3.558835427894686543e-01
1.650815612332075250e+15,3.558835427894687098e-01
1.650815612333992000e+15,3.558835427894686543e-01
1.650815612335909000e+15,3.558835427894686543e-01
1.650815612337826000e+15,3.558835427894687098e-01
1.650815612339742750e+15,3.558835427894686543e-01
1.650815612341659750e+15,3.558835427894687098e-01
1.650815612343576750e+15,3.559370296409788414e-01
1.650815612345493750e+15,3.569968156290414529e-01
1.650815612347410500e+15,3.580564634081854214e-01
1.650815612349327500e+15,3.591162493962480884e-01
1.650815612351244500e+15,3.601760353843106444e-01
1.650815612353161500e+15,3.612358213723733669e-01
1.650815612355078250e+15,3.620194659410111426e-01
1.650815612356995250e+15,3.620194659410111981e-01
1.650815612358912250e+15,3.620194659410111981e-01
1.650815612360829000e+15,3.620194659410111981e-01
1.650815612362746000e+15,3.620194659410111981e-01
1.650815612364663000e+15,3.620194659410111981e-01
1.650815612366580000e+15,3.617094787387044597e-01
1.650815612368496750e+15,3.605820252851532071e-01
1.650815612370413750e+15,3.594544247788494795e-01
1.650815612372330750e+15,3.583268242725456965e-01
1.650815612374247500e+15,3.571993708189945549e-01
1.650815612376164500e+15,3.560717703126907718e-01
1.650815612378081500e+15,3.549441698063869888e-01
1.650815612379998500e+15,3.538165693000832612e-01
1.650815612381915250e+15,3.526891158465320641e-01
1.650815612383832250e+15,3.515615153402283366e-01
1.650815612385749250e+15,3.504339148339245535e-01
1.650815612387666000e+15,3.502952417434360699e-01
1.650815612389583000e+15,3.516949638451208338e-01
1.650815612391500000e+15,3.530946859468055421e-01
1.650815612393417000e+15,3.544944080484903060e-01
1.650815612395333750e+15,3.558939476094731269e-01
1.650815612397250750e+15,3.572936697111578352e-01
1.650815612399167750e+15,3.586933918128425436e-01
1.650815612401084500e+15,3.600929313738254200e-01
1.650815612403001500e+15,3.614926534755101284e-01
1.650815612404918500e+15,3.612269105817470516e-01
1.650815612406835500e+15,3.599560376217224578e-01
1.650815612408752250e+15,3.586853303989122610e-01
1.650815612410669250e+15,3.574144574388876672e-01
1.650815612412586250e+15,3.561435844788630178e-01
1.650815612414503000e+15,3.548728772560528211e-01
1.650815612416420000e+15,3.536020042960282828e-01
1.650815612418337000e+15,3.523311313360035779e-01
1.650815612420254000e+15,3.510602583759790396e-01
1.650815612422170750e+15,3.497895511531688428e-01
1.650815612424087750e+15,3.497476196379254443e-01
1.650815612426004750e+15,3.497476196379254443e-01
1.650815612427921750e+15,3.497476196379254443e-01
1.650815612429838500e+15,3.497476196379254443e-01
1.650815612431755500e+15,3.497476196379254998e-01
1.650815612433672500e+15,3.497476196379254443e-01
1.650815612435589250e+15,3.497852545702990756e-01
1.650815612437506250e+15,3.510029113696270242e-01
1.650815612439423250e+15,3.522205681689549728e-01
1.650815612441340250e+15,3.534382249682830324e-01
1.650815612443257000e+15,3.546557229704279668e-01
1.650815612445174000e+15,3.558733797697559709e-01
1.650815612447091000e+15,3.550311942391519704e-01
1.650815612449007750e+15,3.541717838846967781e-01
1.650815612450924750e+15,3.533122614381123405e-01
1.650815612452841750e+15,3.524527389915279030e-01
1.650815612454758750e+15,3.515932165449434654e-01
1.650815612456675500e+15,3.507338061904882176e-01
1.650815612458592500e+15,3.498742837439037801e-01
1.650815612460509500e+15,3.507320293740069928e-01
1.650815612462426250e+15,3.518864297176190759e-01
1.650815612464343250e+15,3.530409806286425312e-01
1.650815612466260250e+15,3.541955315396660975e-01
1.650815612468177250e+15,3.553500824506895528e-01
1.650815612470094000e+15,3.565044827943016914e-01
1.650815612472011000e+15,3.576590337053251467e-01
1.650815612473928000e+15,3.588135846163486575e-01
1.650815612475844750e+15,3.599679849599606851e-01
1.650815612477761750e+15,3.611225358709841959e-01
1.650815612479678750e+15,3.618117545506920885e-01
1.650815612481595750e+15,3.608808773204366660e-01
1.650815612483512500e+15,3.599501214878378375e-01
1.650815612485429500e+15,3.590192442575824705e-01
1.650815612487346500e+15,3.580883670273270480e-01
1.650815612489263250e+15,3.571576111947282195e-01
1.650815612491180250e+15,3.562267339644727970e-01
1.650815612493097250e+15,3.558835427894686543e-01
1.650815612495014250e+15,3.558835427894687098e-01
1.650815612496931000e+15,3.558835427894687653e-01
1.650815612498848000e+15,3.558835427894688208e-01
1.650815612500765000e+15,3.558835427894688763e-01
1.650815612502682000e+15,3.558835427894689318e-01
1.650815612504598750e+15,3.558835427894689318e-01
1.650815612506515750e+15,3.558835427894689873e-01
1.650815612508432750e+15,3.558835427894690429e-01
1.650815612510349500e+15,3.558835427894690984e-01
1.650815612512266500e+15,3.565134863859973913e-01
1.650815612514183500e+15,3.573172147550788269e-01
1.650815612516100500e+15,3.581209431241602070e-01
1.650815612518017250e+15,3.589245666773353549e-01
1.650815612519934250e+15,3.597282950464167350e-01
1.650815612521851250e+15,3.605320234154981707e-01
1.650815612523768000e+15,3.613356469686733186e-01
1.650815612525685000e+15,3.620194659410111981e-01
1.650815612527602000e+15,3.620194659410111426e-01
1.650815612529519000e+15,3.620194659410111981e-01
1.650815612531435750e+15,3.620194659410111981e-01
1.650815612533352750e+15,3.620194659410111426e-01
1.650815612535269750e+15,3.620194659410111981e-01
1.650815612537186500e+15,3.620194659410111981e-01
1.650815612539103500e+15,3.620194659410113092e-01
1.650815612541020500e+15,3.620194659410113092e-01
1.650815612542937500e+15,3.620194659410113092e-01
1.650815612544854250e+15,3.620194659410113092e-01
1.650815612546771250e+15,3.620194659410114202e-01
1.650815612548688250e+15,3.620194659410114202e-01
1.650815612550605000e+15,3.620194659410113647e-01
1.650815612552522000e+15,3.620194659410114202e-01
1.650815612554439000e+15,3.620194659410114202e-01
1.650815612556356000e+15,3.620194659410114202e-01
1.650815612558272750e+15,3.620194659410114202e-01
1.650815612560189750e+15,3.620194659410114202e-01
1.650815612562106750e+15,3.620194659410113647e-01
1.650815612564023500e+15,3.620194659410113647e-01
1.650815612565940500e+15,3.620194659410113092e-01
1.650815612567857500e+15,3.620194659410113647e-01
1.650815612569774500e+15,3.620194659410113092e-01
1.650815612571691250e+15,3.620194659410113092e-01
1.650815612573608250e+15,3.620194659410111981e-01
1.650815612575525250e+15,3.620194659410111981e-01
1.650815612577442000e+15,3.620194659410111981e-01
1.650815612579359000e+15,3.620194659410111981e-01
1.650815612581276000e+15,3.620194659410111981e-01
1.650815612583193000e+15,3.620194659410111981e-01
1.650815612585109750e+15,3.620194659410111981e-01
1.650815612587026750e+15,3.620194659410113092e-01
1.650815612588943750e+15,3.620194659410113092e-01
1.650815612590860750e+15,3.620194659410113647e-01
1.650815612592777500e+15,3.620194659410114202e-01
1.650815612594694500e+15,3.619419873179484659e-01
1.650815612596611500e+15,3.610223184609112068e-01
1.650815612598528250e+15,3.601027695398230088e-01
1.650815612600445250e+15,3.591831006827857498e-01
1.650815612602362250e+15,3.582634318257484907e-01
1.650815612604279250e+15,3.573437629687112316e-01
1.650815612606196000e+15,3.564242140476229781e-01
1.650815612608113000e+15,3.572771353020858798e-01
1.650815612610030000e+15,3.606588021966254942e-01
1.650815612611946750e+15,3.640400280808763211e-01
1.650815612613863750e+15,3.674216949754159911e-01
1.650815612615780750e+15,3.708033618699556055e-01
1.650815612617697750e+15,3.741850287644952755e-01
1.650815612619614500e+15,3.748000359548344096e-01
1.650815612621531500e+15,3.753253380574383402e-01
1.650815612623448500e+15,3.758506401600422708e-01
1.650815612625365250e+15,3.763758737568946300e-01
1.650815612627282250e+15,3.769011758594986716e-01
1.650815612629199250e+15,3.774264779621024912e-01
1.650815612631116250e+15,3.779517800647064774e-01
1.650815612633033000e+15,3.784770136615588365e-01
1.650815612634950000e+15,3.790023157641627671e-01
1.650815612636867000e+15,3.795276178667666978e-01
1.650815612638783750e+15,3.800528514636190569e-01
1.650815612640700750e+15,3.802900860581509557e-01
1.650815612642617750e+15,3.798127092447780573e-01
1.650815612644534750e+15,3.793353324314052144e-01
1.650815612646451500e+15,3.788580178737461779e-01
1.650815612648368500e+15,3.783806410603733350e-01
1.650815612650285500e+15,3.779032642470004921e-01
1.650815612652202250e+15,3.774259496893414556e-01
1.650815612654119250e+15,3.769485728759686127e-01
1.650815612656036250e+15,3.764711960625957143e-01
1.650815612657953250e+15,3.759938192492228715e-01
1.650815612659870000e+15,3.755165046915638349e-01
1.650815612661787000e+15,3.750391278781909921e-01
1.650815612663704000e+15,3.745617510648181492e-01
1.650815612665621000e+15,3.745123331430534330e-01
1.650815612667537750e+15,3.750221307460321341e-01
1.650815612669454750e+15,3.755319948414593823e-01
1.650815612671371750e+15,3.760418589368865749e-01
1.650815612673288500e+15,3.765516565398652205e-01
1.650815612675205500e+15,3.770615206352925242e-01
1.650815612677122500e+15,3.775713847307197168e-01
1.650815612679039500e+15,3.780812488261469650e-01
1.650815612680956250e+15,3.785910464291256661e-01
1.650815612682873250e+15,3.791009105245528588e-01
1.650815612684790250e+15,3.796107746199801070e-01
1.650815612686707000e+15,3.801205722229588080e-01
1.650815612688624000e+15,3.802233007679023391e-01
1.650815612690541000e+15,3.797115956875740661e-01
1.650815612692458000e+15,3.791998906072458486e-01
1.650815612694374750e+15,3.786882522594527956e-01
1.650815612696291750e+15,3.781765471791244670e-01
1.650815612698208750e+15,3.776648420987961940e-01
1.650815612700125500e+15,3.771532037510031410e-01
1.650815612702042500e+15,3.766414986706748680e-01
1.650815612703959500e+15,3.761297935903465950e-01
1.650815612705876500e+15,3.756180885100183220e-01
1.650815612707793250e+15,3.751064501622252689e-01
1.650815612709710250e+15,3.745947450818970514e-01
1.650815612711627250e+15,3.742913122440967300e-01
1.650815612713544000e+15,3.742913122440966744e-01
1.650815612715461000e+15,3.742913122440967300e-01
1.650815612717378000e+15,3.742913122440967300e-01
1.650815612719295000e+15,3.742913122440967300e-01
1.650815612721211750e+15,3.742913122440967300e-01
1.650815612723128750e+15,3.742913122440967300e-01
1.650815612725045750e+15,3.742913122440967300e-01
1.650815612726962500e+15,3.742913122440967300e-01
1.650815612728879500e+15,3.742913122440967300e-01
1.650815612730796500e+15,3.742913122440967300e-01
1.650815612732713500e+15,3.742913122440967300e-01
1.650815612734630250e+15,3.742913122440967300e-01
1.650815612736547250e+15,3.742913122440967300e-01
1.650815612738464250e+15,3.737527025372851530e-01
1.650815612740381250e+15,3.725340364907135937e-01
1.650815612742298000e+15,3.713155293729432094e-01
1.650815612744215000e+15,3.700968633263716501e-01
1.650815612746132000e+15,3.688781972798001463e-01
1.650815612748048750e+15,3.686430545779694201e-01
1.650815612749965750e+15,3.698419705581456052e-01
1.650815612751882750e+15,3.710408865383217902e-01
1.650815612753799750e+15,3.722398025184978643e-01
1.650815612755716500e+15,3.734385621455206805e-01
1.650815612757633500e+15,3.745134044141449903e-01
1.650815612759550500e+15,3.752826016860195679e-01
1.650815612761467250e+15,3.760516986452608901e-01
1.650815612763384250e+15,3.768208959171355232e-01
1.650815612765301250e+15,3.775900931890101009e-01
1.650815612767218250e+15,3.783592904608846785e-01
1.650815612769135000e+15,3.791283874201260007e-01
1.650815612771052000e+15,3.798975846920005783e-01
1.650815612772969000e+15,3.801123156809319559e-01
1.650815612774885750e+15,3.791012229453131210e-01
1.650815612776802750e+15,3.780899983337668302e-01
1.650815612778719750e+15,3.770787737222205394e-01
1.650815612780636750e+15,3.760675491106743040e-01
1.650815612782553500e+15,3.750564563750554137e-01
1.650815612784470500e+15,3.742913122440967300e-01
1.650815612786387500e+15,3.742913122440966744e-01
1.650815612788304250e+15,3.742913122440966744e-01
1.650815612790221250e+15,3.742913122440966189e-01
1.650815612792138250e+15,3.742913122440965634e-01
1.650815612794055250e+15,3.742913122440965634e-01
1.650815612795972000e+15,3.742913122440965079e-01
1.650815612797889000e+15,3.742913122440964524e-01
1.650815612799806000e+15,3.742913122440965079e-01
1.650815612801722750e+15,3.742913122440965079e-01
1.650815612803639750e+15,3.742913122440965079e-01
1.650815612805556750e+15,3.742913122440965079e-01
1.650815612807473750e+15,3.742913122440965079e-01
1.650815612809390500e+15,3.742913122440965079e-01
1.650815612811307500e+15,3.742913122440965079e-01
1.650815612813224500e+15,3.742913122440965079e-01
1.650815612815141250e+15,3.748314306270437712e-01
1.650815612817058250e+15,3.758996864331927701e-01
1.650815612818975250e+15,3.769679422393417689e-01
1.650815612820892250e+15,3.780361980454907678e-01
1.650815612822809000e+15,3.791043145381543522e-01
1.650815612824726000e+15,3.801725703443034066e-01
1.650815612826643000e+15,3.804272353956388852e-01
1.650815612828560000e+15,3.804272353956388852e-01
1.650815612830476750e+15,3.804272353956389963e-01
1.650815612832393750e+15,3.804272353956390518e-01
1.650815612834310750e+15,3.804272353956390518e-01
1.650815612836227500e+15,3.804272353956391628e-01
1.650815612838144500e+15,3.804272353956391628e-01
1.650815612840061500e+15,3.804272353956392183e-01
1.650815612841978500e+15,3.804272353956392738e-01
1.650815612843895250e+15,3.804272353956393293e-01
1.650815612845812250e+15,3.804272353956394404e-01
1.650815612847729250e+15,3.804272353956394959e-01
1.650815612849646000e+15,3.796614035974578694e-01
1.650815612851563000e+15,3.774403755231549584e-01
1.650815612853480000e+15,3.752193474488521030e-01
1.650815612855397000e+15,3.729983193745491921e-01
1.650815612857313750e+15,3.707775809491865582e-01
1.650815612859230750e+15,3.685565528748837028e-01
1.650815612861147750e+15,3.697631964643585123e-01
1.650815612863064500e+15,3.717251667205466736e-01
1.650815612864981500e+15,3.736873928747725948e-01
1.650815612866898500e+15,3.756496190289986270e-01
1.650815612868815500e+15,3.776118451832245482e-01
1.650815612870732250e+15,3.795738154394127095e-01
1.650815612872649250e+15,3.797302200061771216e-01
1.650815612874566250e+15,3.784967295823613576e-01
1.650815612876483000e+15,3.772634000206249172e-01
1.650815612878400000e+15,3.760299095968091532e-01
1.650815612880317000e+15,3.747964191729933892e-01
1.650815612882234000e+15,3.742913122440965079e-01
1.650815612884150750e+15,3.742913122440965634e-01
1.650815612886067750e+15,3.742913122440965079e-01
1.650815612887984750e+15,3.742913122440965634e-01
1.650815612889901500e+15,3.742913122440965079e-01
1.650815612891818500e+15,3.742913122440965079e-01
1.650815612893735500e+15,3.742913122440965079e-01
1.650815612895652500e+15,3.742913122440965079e-01
1.650815612897569250e+15,3.742913122440965079e-01
1.650815612899486250e+15,3.742913122440965634e-01
1.650815612901403250e+15,3.742913122440965079e-01
1.650815612903320250e+15,3.742913122440965079e-01
1.650815612905237000e+15,3.742913122440965079e-01
1.650815612907154000e+15,3.739311413660356131e-01
1.650815612909071000e+15,3.730068474259516931e-01
1.650815612910987750e+15,3.720826740249836284e-01
1.650815612912904750e+15,3.711583800848997083e-01
1.650815612914821750e+15,3.702340861448157883e-01
1.650815612916738750e+15,3.693097922047318682e-01
1.650815612918655500e+15,3.683856188037637480e-01
1.650815612920572500e+15,3.681553890925535755e-01
1.650815612922489500e+15,3.681553890925536865e-01
1.650815612924406250e+15,3.681553890925538530e-01
1.650815612926323250e+15,3.681553890925539640e-01
1.650815612928240250e+15,3.681553890925540751e-01
1.650815612930157250e+15,3.681553890925542416e-01
1.650815612932074000e+15,3.681553890925544081e-01
1.650815612933991000e+15,3.681553890925545192e-01
1.650815612935908000e+15,3.681553890925546302e-01
1.650815612937824750e+15,3.681553890925547412e-01
1.650815612939741750e+15,3.681553890925548522e-01
1.650815612941658750e+15,3.681553890925548522e-01
1.650815612943575750e+15,3.681553890925548522e-01
1.650815612945492500e+15,3.681553890925548522e-01
1.650815612947409500e+15,3.681553890925548522e-01
1.650815612949326500e+15,3.681553890925547967e-01
1.650815612951243250e+15,3.681553890925547412e-01
1.650815612953160250e+15,3.681553890925547412e-01
1.650815612955077250e+15,3.681553890925546302e-01
1.650815612956994250e+15,3.681553890925545747e-01
1.650815612958911000e+15,3.681553890925544636e-01
1.650815612960828000e+15,3.681553890925544636e-01
1.650815612962745000e+15,3.681553890925544081e-01
1.650815612964661750e+15,3.681553890925544081e-01
1.650815612966578750e+15,3.681553890925544081e-01
1.650815612968495750e+15,3.681553890925544081e-01
1.650815612970412750e+15,3.681553890925544081e-01
1.650815612972329500e+15,3.681553890925544081e-01
1.650815612974246500e+15,3.681553890925544081e-01
1.650815612976163500e+15,3.681553890925544081e-01
1.650815612978080500e+15,3.681553890925544081e-01
1.650815612979997250e+15,3.681553890925544081e-01
1.650815612981914250e+15,3.681553890925544081e-01
1.650815612983831250e+15,3.681553890925544081e-01
1.650815612985748000e+15,3.681553890925544081e-01
1.650815612987665000e+15,3.681553890925544636e-01
1.650815612989582000e+15,3.681553890925544081e-01
1.650815612991499000e+15,3.681553890925544081e-01
1.650815612993415750e+15,3.681553890925544081e-01
1.650815612995332750e+15,3.681553890925544081e-01
1.650815612997249750e+15,3.681553890925544081e-01
1.650815612999166500e+15,3.681553890925544081e-01
1.650815613001083500e+15,3.681553890925544081e-01
1.650815613003000500e+15,3.681553890925544081e-01
1.650815613004917500e+15,3.681553890925544081e-01
1.650815613006834250e+15,3.681553890925544081e-01
1.650815613008751250e+15,3.681553890925544081e-01
1.650815613010668250e+15,3.681553890925544081e-01
1.650815613012585000e+15,3.681553890925544081e-01
1.650815613014502000e+15,3.681553890925544081e-01
1.650815613016419000e+15,3.681553890925544081e-01
1.650815613018336000e+15,3.681553890925544081e-01
1.650815613020252750e+15,3.681553890925544081e-01
1.650815613022169750e+15,3.681553890925544081e-01
1.650815613024086750e+15,3.681553890925544081e-01
1.650815613026003500e+15,3.681553890925544081e-01
1.650815613027920500e+15,3.681553890925544081e-01
1.650815613029837500e+15,3.681553890925544081e-01
1.650815613031754500e+15,3.681553890925544081e-01
1.650815613033671250e+15,3.681553890925544636e-01
1.650815613035588250e+15,3.681553890925544081e-01
1.650815613037505250e+15,3.681553890925544081e-01
1.650815613039422000e+15,3.681553890925544081e-01
1.650815613041339000e+15,3.681553890925544081e-01
1.650815613043256000e+15,3.681553890925544636e-01
1.650815613045173000e+15,3.681553890925544636e-01
1.650815613047089750e+15,3.681553890925544081e-01
1.650815613049006750e+15,3.681553890925544081e-01
1.650815613050923750e+15,3.681553890925544636e-01
1.650815613052840750e+15,3.681553890925544081e-01
1.650815613054757500e+15,3.681553890925544081e-01
1.650815613056674500e+15,3.681553890925544081e-01
1.650815613058591500e+15,3.681553890925544081e-01
1.650815613060508250e+15,3.681553890925544081e-01
1.650815613062425250e+15,3.681553890925544081e-01
1.650815613064342250e+15,3.681553890925544081e-01
1.650815613066259250e+15,3.681553890925544081e-01
1.650815613068176000e+15,3.681553890925544081e-01
1.650815613070093000e+15,3.681553890925544081e-01
1.650815613072010000e+15,3.681553890925544081e-01
1.650815613073926750e+15,3.681553890925544081e-01
1.650815613075843750e+15,3.681553890925541861e-01
1.650815613077760750e+15,3.681553890925539640e-01
1.650815613079677750e+15,3.681553890925537420e-01
1.650815613081594500e+15,3.681553890925535200e-01
1.650815613083511500e+15,3.681553890925533534e-01
1.650815613085428500e+15,3.681553890925531314e-01
1.650815613087345250e+15,3.681553890925531314e-01
1.650815613089262250e+15,3.681553890925532424e-01
1.650815613091179250e+15,3.681553890925534089e-01
1.650815613093096250e+15,3.681553890925534644e-01
1.650815613095013000e+15,3.681553890925535755e-01
1.650815613096930000e+15,3.681553890925536865e-01
1.650815613098847000e+15,3.681553890925536865e-01
1.650815613100763750e+15,3.681553890925536310e-01
1.650815613102680750e+15,3.681553890925535755e-01
1.650815613104597750e+15,3.681553890925535200e-01
1.650815613106514750e+15,3.681553890925535200e-01
1.650815613108431500e+15,3.681553890925534089e-01
1.650815613110348500e+15,3.681553890925534089e-01
1.650815613112265500e+15,3.681553890925532979e-01
1.650815613114182250e+15,3.681553890925532979e-01
1.650815613116099250e+15,3.681553890925531869e-01
1.650815613118016250e+15,3.681553890925531314e-01
1.650815613119933250e+15,3.681553890925530759e-01
1.650815613121850000e+15,3.684518504919236381e-01
1.650815613123767000e+15,3.689477636704517338e-01
1.650815613125684000e+15,3.694436768489799405e-01
1.650815613127600750e+15,3.699395253544279782e-01
1.650815613129517750e+15,3.704354385329561294e-01
1.650815613131434750e+15,3.709313517114842806e-01
1.650815613133351750e+15,3.714272648900124318e-01
1.650815613135268500e+15,3.719231133954604696e-01
1.650815613137185500e+15,3.724190265739886208e-01
1.650815613139102500e+15,3.729149397525168275e-01
1.650815613141019500e+15,3.734108529310449232e-01
1.650815613142936250e+15,3.739067014364930164e-01
1.650815613144853250e+15,3.738044554555398635e-01
1.650815613146770250e+15,3.716352411297663139e-01
1.650815613148687000e+15,3.694663096957933046e-01
1.650815613150604000e+15,3.672970953700198105e-01
1.650815613152521000e+15,3.651278810442463718e-01
1.650815613154438000e+15,3.629586667184728777e-01
1.650815613156354750e+15,3.630818756414725401e-01
1.650815613158271750e+15,3.649559399578122809e-01
1.650815613160188750e+15,3.668300042741520217e-01
1.650815613162105500e+15,3.687038241898245028e-01
1.650815613164022500e+15,3.705778885061643546e-01
1.650815613165939500e+15,3.724519528225040399e-01
1.650815613167856500e+15,3.742913122440967300e-01
1.650815613169773250e+15,3.742913122440965079e-01
1.650815613171690250e+15,3.742913122440963414e-01
1.650815613173607250e+15,3.742913122440961748e-01
1.650815613175524000e+15,3.742913122440958973e-01
1.650815613177441000e+15,3.742913122440958973e-01
1.650815613179358000e+15,3.742913122440958418e-01
1.650815613181275000e+15,3.742913122440958418e-01
1.650815613183191750e+15,3.742913122440958418e-01
1.650815613185108750e+15,3.742913122440958973e-01
1.650815613187025750e+15,3.742913122440958418e-01
1.650815613188942500e+15,3.742913122440959528e-01
1.650815613190859500e+15,3.742913122440960083e-01
1.650815613192776500e+15,3.742913122440960638e-01
1.650815613194693500e+15,3.742913122440961193e-01
1.650815613196610250e+15,3.742913122440961748e-01
1.650815613198527250e+15,3.742913122440962859e-01
1.650815613200444250e+15,3.742913122440963414e-01
1.650815613202361000e+15,3.742913122440964524e-01
1.650815613204278000e+15,3.742913122440965634e-01
1.650815613206195000e+15,3.742913122440966189e-01
1.650815613208112000e+15,3.742913122440966744e-01
1.650815613210028750e+15,3.743027616607253472e-01
1.650815613211945750e+15,3.752269103629178870e-01
1.650815613213862750e+15,3.761510590651104824e-01
1.650815613215779750e+15,3.770752077673029667e-01
1.650815613217696500e+15,3.779992359493205001e-01
1.650815613219613500e+15,3.789233846515130399e-01
1.650815613221530500e+15,3.798475333537055798e-01
1.650815613223447250e+15,3.801026957695290975e-01
1.650815613225364250e+15,3.792316527688251449e-01
1.650815613227281250e+15,3.783606097681211367e-01
1.650815613229198250e+15,3.774895667674171840e-01
1.650815613231115000e+15,3.766186373612619986e-01
1.650815613233032000e+15,3.757475943605580460e-01
1.650815613234949000e+15,3.748765513598540933e-01
1.650815613236865750e+15,3.742913122440967300e-01
1.650815613238782750e+15,3.742913122440967300e-01
1.650815613240699750e+15,3.742913122440968410e-01
1.650815613242616750e+15,3.742913122440968410e-01
1.650815613244533500e+15,3.742913122440968965e-01
1.650815613246450500e+15,3.742913122440969520e-01
1.650815613248367500e+15,3.742913122440970075e-01
1.650815613250284250e+15,3.742913122440970630e-01
1.650815613252201250e+15,3.742913122440970630e-01
1.650815613254118250e+15,3.742913122440970630e-01
1.650815613256035250e+15,3.742913122440970630e-01
1.650815613257952000e+15,3.742913122440971185e-01
1.650815613259869000e+15,3.742913122440971740e-01
1.650815613261786000e+15,3.742913122440969520e-01
1.650815613263702750e+15,3.742913122440966744e-01
1.650815613265619750e+15,3.742913122440963969e-01
1.650815613267536750e+15,3.742913122440961193e-01
1.650815613269453750e+15,3.742913122440958973e-01
1.650815613271370500e+15,3.739488041370935267e-01
1.650815613273287500e+15,3.733995878751750763e-01
1.650815613275204500e+15,3.728503716132566259e-01
1.650815613277121250e+15,3.723012269757855486e-01
1.650815613279038250e+15,3.717520107138671537e-01
1.650815613280955250e+15,3.712027944519487033e-01
1.650815613282872250e+15,3.706535781900303084e-01
1.650815613284789000e+15,3.701044335525592865e-01
1.650815613286706000e+15,3.695552172906407806e-01
1.650815613288623000e+15,3.690060010287223857e-01
1.650815613290540000e+15,3.684567847668039353e-01
1.650815613292456750e+15,3.686963249214143534e-01
1.650815613294373750e+15,3.698954853538241050e-01
1.650815613296290750e+15,3.710946457862337455e-01
1.650815613298207500e+15,3.722936498336104627e-01
1.650815613300124500e+15,3.734928102660202143e-01
1.650815613302041500e+15,3.739077047498486350e-01
1.650815613303958500e+15,3.727595774017268826e-01
1.650815613305875250e+15,3.716115997833063789e-01
1.650815613307792250e+15,3.704634724351846820e-01
1.650815613309709250e+15,3.693153450870629850e-01
1.650815613311626000e+15,3.681673674686424258e-01
1.650815613313543000e+15,3.681553890925534089e-01
1.650815613315460000e+15,3.681553890925533534e-01
1.650815613317377000e+15,3.681553890925532979e-01
1.650815613319293750e+15,3.681553890925531869e-01
1.650815613321210750e+15,3.681553890925530759e-01
1.650815613323127750e+15,3.681553890925529648e-01
1.650815613325044500e+15,3.681553890925529093e-01
1.650815613326961500e+15,3.681553890925528538e-01
1.650815613328878500e+15,3.681553890925529093e-01
1.650815613330795500e+15,3.681553890925530204e-01
1.650815613332712250e+15,3.681553890925530759e-01
1.650815613334629250e+15,3.681553890925531869e-01
1.650815613336546250e+15,3.681553890925531869e-01
1.650815613338463000e+15,3.681553890925532979e-01
1.650815613340380000e+15,3.681553890925533534e-01
1.650815613342297000e+15,3.681553890925534089e-01
1.650815613344214000e+15,3.681553890925535200e-01
1.650815613346130750e+15,3.681553890925535755e-01
1.650815613348047750e+15,3.681553890925535200e-01
1.650815613349964750e+15,3.681553890925534644e-01
1.650815613351881500e+15,3.681553890925535200e-01
1.650815613353798500e+15,3.681553890925535200e-01
1.650815613355715500e+15,3.681553890925535200e-01
1.650815613357632500e+15,3.681553890925535200e-01
1.650815613359549250e+15,3.681553890925535200e-01
1.650815613361466250e+15,3.681553890925535755e-01
1.650815613363383250e+15,3.681553890925535755e-01
1.650815613365300250e+15,3.681553890925535200e-01
1.650815613367217000e+15,3.681553890925534644e-01
1.650815613369134000e+15,3.681553890925535200e-01
1.650815613371051000e+15,3.681553890925535200e-01
1.650815613372967750e+15,3.681553890925534644e-01
1.650815613374884750e+15,3.681553890925535200e-01
1.650815613376801750e+15,3.681553890925535200e-01
1.650815613378718750e+15,3.681553890925535200e-01
1.650815613380635500e+15,3.681553890925535200e-01
1.650815613382552500e+15,3.681553890925535200e-01
1.650815613384469500e+15,3.681553890925535200e-01
1.650815613386386250e+15,3.681553890925534644e-01
1.650815613388303250e+15,3.681553890925534644e-01
1.650815613390220250e+15,3.681553890925535200e-01
1.650815613392137250e+15,3.681553890925534644e-01
1.650815613394054000e+15,3.681553890925534089e-01
1.650815613395971000e+15,3.681553890925531869e-01
1.650815613397888000e+15,3.681553890925530759e-01
1.650815613399804750e+15,3.681553890925529093e-01
1.650815613401721750e+15,3.681553890925528538e-01
1.650815613403638750e+15,3.681553890925528538e-01
1.650815613405555750e+15,3.681553890925528538e-01
1.650815613407472500e+15,3.681553890925528538e-01
1.650815613409389500e+15,3.681553890925528538e-01
1.650815613411306500e+15,3.681553890925528538e-01
1.650815613413223250e+15,3.681553890925528538e-01
1.650815613415140250e+15,3.681553890925528538e-01
1.650815613417057250e+15,3.681553890925528538e-01
1.650815613418974250e+15,3.681553890925528538e-01
1.650815613420891000e+15,3.681553890925528538e-01
1.650815613422808000e+15,3.681553890925528538e-01
1.650815613424725000e+15,3.681553890925528538e-01
1.650815613426641750e+15,3.681553890925527983e-01
1.650815613428558750e+15,3.681553890925528538e-01
1.650815613430475750e+15,3.681553890925528538e-01
1.650815613432392750e+15,3.681553890925528538e-01
1.650815613434309500e+15,3.681553890925528538e-01
1.650815613436226500e+15,3.681553890925528538e-01
1.650815613438143500e+15,3.681553890925528538e-01
1.650815613440060250e+15,3.681553890925528538e-01
1.650815613441977250e+15,3.681553890925528538e-01
1.650815613443894250e+15,3.681553890925528538e-01
1.650815613445811250e+15,3.681553890925529093e-01
1.650815613447728000e+15,3.681553890925529648e-01
1.650815613449645000e+15,3.681553890925530204e-01
1.650815613451562000e+15,3.681553890925531314e-01
1.650815613453479000e+15,3.681553890925531869e-01
1.650815613455395750e+15,3.681553890925532979e-01
1.650815613457312750e+15,3.681553890925534089e-01
1.650815613459229750e+15,3.681553890925534644e-01
1.650815613461146500e+15,3.681553890925535200e-01
1.650815613463063500e+15,3.681553890925536310e-01
1.650815613464980500e+15,3.681553890925537420e-01
1.650815613466897500e+15,3.681553890925538530e-01
1.650815613468814250e+15,3.681553890925539640e-01
1.650815613470731250e+15,3.681553890925540751e-01
1.650815613472648250e+15,3.681553890925541861e-01
1.650815613474565000e+15,3.681553890925542971e-01
1.650815613476482000e+15,3.681553890925544081e-01
1.650815613478399000e+15,3.681553890925542971e-01
1.650815613480316000e+15,3.681553890925541861e-01
1.650815613482232750e+15,3.681553890925540751e-01
1.650815613484149750e+15,3.681553890925539640e-01
1.650815613486066750e+15,3.681553890925537975e-01
1.650815613487983500e+15,3.681553890925536865e-01
1.650815613489900500e+15,3.681553890925535200e-01
1.650815613491817500e+15,3.681553890925535755e-01
1.650815613493734500e+15,3.681553890925535755e-01
1.650815613495651250e+15,3.681553890925535755e-01
1.650815613497568250e+15,3.681553890925536310e-01
1.650815613499485250e+15,3.681553890925536865e-01
1.650815613501402000e+15,3.681553890925537420e-01
1.650815613503319000e+15,3.681553890925537420e-01
1.650815613505236000e+15,3.681553890925537420e-01
1.650815613507153000e+15,3.681553890925538530e-01
1.650815613509069750e+15,3.681553890925538530e-01
1.650815613510986750e+15,3.681553890925539085e-01
1.650815613512903750e+15,3.681553890925539085e-01
1.650815613514820500e+15,3.681553890925539640e-01
1.650815613516737500e+15,3.681553890925540196e-01
1.650815613518654500e+15,3.681553890925541861e-01
1.650815613520571500e+15,3.681553890925542416e-01
1.650815613522488250e+15,3.681553890925543526e-01
1.650815613524405250e+15,3.677695308089818926e-01
1.650815613526322250e+15,3.669066666157962397e-01
1.650815613528239250e+15,3.660438024226105314e-01
1.650815613530156000e+15,3.651810507573581832e-01
1.650815613532073000e+15,3.643181865641725303e-01
1.650815613533990000e+15,3.634553223709868219e-01
1.650815613535906750e+15,3.625925707057344738e-01
1.650815613537823750e+15,3.622164145114546430e-01
1.650815613539740750e+15,3.628029005845254673e-01
1.650815613541657750e+15,3.633893866575962361e-01
1.650815613543574500e+15,3.639757962457852991e-01
1.650815613545491500e+15,3.645622823188560124e-01
1.650815613547408500e+15,3.651487683919267813e-01
1.650815613549325250e+15,3.657351779801158442e-01
1.650815613551242250e+15,3.663216640531866686e-01
1.650815613553159250e+15,3.669081501262574374e-01
1.650815613555076250e+15,3.674946361993282062e-01
1.650815613556993000e+15,3.680810457875172137e-01
1.650815613558910000e+15,3.681553890925544081e-01
1.650815613560827000e+15,3.681553890925544081e-01
1.650815613562743750e+15,3.681553890925544081e-01
1.650815613564660750e+15,3.681553890925544081e-01
1.650815613566577750e+15,3.681553890925544081e-01
1.650815613568494750e+15,3.681553890925544081e-01
1.650815613570411500e+15,3.681553890925544081e-01
1.650815613572328500e+15,3.681553890925544081e-01
1.650815613574245500e+15,3.681553890925544081e-01
1.650815613576162250e+15,3.681553890925544081e-01
1.650815613578079250e+15,3.681553890925544081e-01
1.650815613579996250e+15,3.681553890925544081e-01
1.650815613581913250e+15,3.681553890925544636e-01
1.650815613583830000e+15,3.681553890925544081e-01
1.650815613585747000e+15,3.681553890925544081e-01
1.650815613587664000e+15,3.681553890925544081e-01
1.650815613589580750e+15,3.681553890925544081e-01
1.650815613591497750e+15,3.681553890925544081e-01
1.650815613593414750e+15,3.681553890925544081e-01
1.650815613595331750e+15,3.681553890925544081e-01
1.650815613597248500e+15,3.677773916839788826e-01
1.650815613599165500e+15,3.671772914502404173e-01
1.650815613601082500e+15,3.665771912165018964e-01
1.650815613602999500e+15,3.659770909827634866e-01
1.650815613604916250e+15,3.653770690093580686e-01
1.650815613606833250e+15,3.647769687756196033e-01
1.650815613608750250e+15,3.641768685418810825e-01
1.650815613610667000e+15,3.635768465684756645e-01
1.650815613612584000e+15,3.629767463347371992e-01
1.650815613614501000e+15,3.623766461009987339e-01
1.650815613616418000e+15,3.623792571126599471e-01
1.650815613618334750e+15,3.632679552160844594e-01
1.650815613620251750e+15,3.641567692316131089e-01
1.650815613622168750e+15,3.650455832471418693e-01
1.650815613624085500e+15,3.659342813505663816e-01
1.650815613626002500e+15,3.668230953660950311e-01
1.650815613627919500e+15,3.677119093816237361e-01
1.650815613629836500e+15,3.684526679922794368e-01
1.650815613631753250e+15,3.690459103983687039e-01
1.650815613633670250e+15,3.696392301805380698e-01
1.650815613635587250e+15,3.702325499627074912e-01
1.650815613637504000e+15,3.708257923687967583e-01
1.650815613639421000e+15,3.714191121509661242e-01
1.650815613641338000e+15,3.720124319331354901e-01
1.650815613643255000e+15,3.726057517153048559e-01
1.650815613645171750e+15,3.731989941213941231e-01
1.650815613647088750e+15,3.737923139035635445e-01
1.650815613649005750e+15,3.742913122440969520e-01
1.650815613650922500e+15,3.742913122440968965e-01
1.650815613652839500e+15,3.742913122440969520e-01
1.650815613654756500e+15,3.742913122440969520e-01
1.650815613656673500e+15,3.742913122440969520e-01
1.650815613658590250e+15,3.742913122440969520e-01
1.650815613660507250e+15,3.742913122440968965e-01
1.650815613662424250e+15,3.742326932729208577e-01
1.650815613664341000e+15,3.724277468793174561e-01
1.650815613666258000e+15,3.706225650681591044e-01
1.650815613668175000e+15,3.688173832570008082e-01
1.650815613670092000e+15,3.670122014458425674e-01
1.650815613672008750e+15,3.652072550522391658e-01
1.650815613673925750e+15,3.634020732410808141e-01
1.650815613675842750e+15,3.620194659410114757e-01
1.650815613677759750e+15,3.620194659410114757e-01
1.650815613679676500e+15,3.620194659410114202e-01
1.650815613681593500e+15,3.620194659410114202e-01
1.650815613683510500e+15,3.620194659410114202e-01
1.650815613685427250e+15,3.620194659410114202e-01
1.650815613687344250e+15,3.620194659410114202e-01
1.650815613689261250e+15,3.620194659410114202e-01
1.650815613691178250e+15,3.620194659410114202e-01
1.650815613693095000e+15,3.620194659410114757e-01
1.650815613695012000e+15,3.620194659410114757e-01
1.650815613696929000e+15,3.620194659410114202e-01
1.650815613698845750e+15,3.620194659410114202e-01
1.650815613700762750e+15,3.620194659410115312e-01
1.650815613702679750e+15,3.620194659410115312e-01
1.650815613704596750e+15,3.620194659410115312e-01
1.650815613706513500e+15,3.620194659410115867e-01
1.650815613708430500e+15,3.620194659410116422e-01
1.650815613710347500e+15,3.620194659410116977e-01
1.650815613712264250e+15,3.620194659410116422e-01
1.650815613714181250e+15,3.620194659410116422e-01
1.650815613716098250e+15,3.620194659410116422e-01
1.650815613718015250e+15,3.620194659410116422e-01
1.650815613719932000e+15,3.620194659410116422e-01
1.650815613721849000e+15,3.620194659410116422e-01
1.650815613723766000e+15,3.620194659410115867e-01
1.650815613725682750e+15,3.620194659410116422e-01
1.650815613727599750e+15,3.620194659410116422e-01
1.650815613729516750e+15,3.620194659410116422e-01
1.650815613731433750e+15,3.620194659410116422e-01
1.650815613733350500e+15,3.620194659410116422e-01
1.650815613735267500e+15,3.620194659410116422e-01
1.650815613737184500e+15,3.620194659410116422e-01
1.650815613739101250e+15,3.620194659410116422e-01
1.650815613741018250e+15,3.620194659410116422e-01
1.650815613742935250e+15,3.620194659410116977e-01
1.650815613744852250e+15,3.620194659410116422e-01
1.650815613746769000e+15,3.620194659410116422e-01
1.650815613748686000e+15,3.620194659410116422e-01
1.650815613750603000e+15,3.620194659410116422e-01
1.650815613752519750e+15,3.620194659410116422e-01
1.650815613754436750e+15,3.620194659410116422e-01
1.650815613756353750e+15,3.620194659410116422e-01
1.650815613758270750e+15,3.620194659410116422e-01
1.650815613760187500e+15,3.620194659410116422e-01
1.650815613762104500e+15,3.620194659410116422e-01
1.650815613764021500e+15,3.620194659410116422e-01
1.650815613765938500e+15,3.620194659410116422e-01
1.650815613767855250e+15,3.620194659410116422e-01
1.650815613769772250e+15,3.620194659410116422e-01
1.650815613771689250e+15,3.620194659410116422e-01
1.650815613773606000e+15,3.620194659410116422e-01
1.650815613775523000e+15,3.620194659410116422e-01
1.650815613777440000e+15,3.620194659410116422e-01
1.650815613779357000e+15,3.620194659410116422e-01
1.650815613781273750e+15,3.620194659410116422e-01
1.650815613783190750e+15,3.620194659410115867e-01
1.650815613785107750e+15,3.620194659410115867e-01
1.650815613787024500e+15,3.620194659410116977e-01
1.650815613788941500e+15,3.620194659410116422e-01
1.650815613790858500e+15,3.620194659410116422e-01
1.650815613792775500e+15,3.620194659410115312e-01
1.650815613794692250e+15,3.620194659410115312e-01
1.650815613796609250e+15,3.620194659410114757e-01
1.650815613798526250e+15,3.620194659410114202e-01
1.650815613800443000e+15,3.620194659410114202e-01
1.650815613802360000e+15,3.620194659410114202e-01
1.650815613804277000e+15,3.620194659410114757e-01
1.650815613806194000e+15,3.620194659410114757e-01
1.650815613808110750e+15,3.620194659410115312e-01
1.650815613810027750e+15,3.620194659410115312e-01
1.650815613811944750e+15,3.620194659410115312e-01
1.650815613813861500e+15,3.620194659410115867e-01
1.650815613815778500e+15,3.620194659410115867e-01
1.650815613817695500e+15,3.620194659410115867e-01
1.650815613819612500e+15,3.620194659410116422e-01
1.650815613821529250e+15,3.620194659410116422e-01
1.650815613823446250e+15,3.620194659410115867e-01
1.650815613825363250e+15,3.620194659410114757e-01
1.650815613827280000e+15,3.620194659410114202e-01
1.650815613829197000e+15,3.620194659410113092e-01
1.650815613831114000e+15,3.620194659410113092e-01
1.650815613833031000e+15,3.620194659410111981e-01
1.650815613834947750e+15,3.620194659410111426e-01
1.650815613836864750e+15,3.620194659410110316e-01
1.650815613838781750e+15,3.620194659410110871e-01
1.650815613840698750e+15,3.620194659410111981e-01
1.650815613842615500e+15,3.620194659410113092e-01
1.650815613844532500e+15,3.620194659410114757e-01
1.650815613846449500e+15,3.620194659410115312e-01
1.650815613848366250e+15,3.620194659410116422e-01
1.650815613850283250e+15,3.620194659410116422e-01
1.650815613852200250e+15,3.620194659410116422e-01
1.650815613854117250e+15,3.620194659410116422e-01
1.650815613856034000e+15,3.620194659410116422e-01
1.650815613857951000e+15,3.620194659410116422e-01
1.650815613859868000e+15,3.620194659410116422e-01
1.650815613861784750e+15,3.620194659410116422e-01
1.650815613863701750e+15,3.620194659410116422e-01
1.650815613865618750e+15,3.620194659410116422e-01
1.650815613867535750e+15,3.620194659410116422e-01
1.650815613869452500e+15,3.620194659410116422e-01
1.650815613871369500e+15,3.620194659410116422e-01
1.650815613873286500e+15,3.620194659410116977e-01
1.650815613875203250e+15,3.620194659410116422e-01
1.650815613877120250e+15,3.620194659410116422e-01
1.650815613879037250e+15,3.623784265043185071e-01
1.650815613880954250e+15,3.633432037911875634e-01
1.650815613882871000e+15,3.643078552594224417e-01
1.650815613884788000e+15,3.652726325462913870e-01
1.650815613886705000e+15,3.662374098331604433e-01
1.650815613888621750e+15,3.672020613013953216e-01
1.650815613890538750e+15,3.681454755742176177e-01
1.650815613892455750e+15,3.673101254796570236e-01
1.650815613894372750e+15,3.664747753850964851e-01
1.650815613896289500e+15,3.656395342302978246e-01
1.650815613898206500e+15,3.648041841357372306e-01
1.650815613900123500e+15,3.639688340411766365e-01
1.650815613902040250e+15,3.631335928863780316e-01
1.650815613903957250e+15,3.622982427918174930e-01
1.650815613905874250e+15,3.612752718620722558e-01
1.650815613907791250e+15,3.601583252585676687e-01
1.650815613909708000e+15,3.590415243184176264e-01
1.650815613911625000e+15,3.579245777149129837e-01
1.650815613913542000e+15,3.568076311114083410e-01
1.650815613915459000e+15,3.559841615936876202e-01
1.650815613917375750e+15,3.565668235060344138e-01
1.650815613919292750e+15,3.571495614144569175e-01
1.650815613921209750e+15,3.577322993228794212e-01
1.650815613923126500e+15,3.583149612352262148e-01
1.650815613925043500e+15,3.588976991436487185e-01
1.650815613926960500e+15,3.594804370520711667e-01
1.650815613928877500e+15,3.600631749604936704e-01
1.650815613930794250e+15,3.606458368728404640e-01
1.650815613932711250e+15,3.612285747812629677e-01
1.650815613934628250e+15,3.618113126896854714e-01
1.650815613936545000e+15,3.626116214574379715e-01
1.650815613938462000e+15,3.635330192861632170e-01
1.650815613940379000e+15,3.644544171148883516e-01
1.650815613942296000e+15,3.653758149436134861e-01
1.650815613944212750e+15,3.662970926109108127e-01
1.650815613946129750e+15,3.672184904396359473e-01
1.650815613948046750e+15,3.681398882683610818e-01
1.650815613949963500e+15,3.681553890925534089e-01
1.650815613951880500e+15,3.681553890925536310e-01
1.650815613953797500e+15,3.681553890925537420e-01
1.650815613955714500e+15,3.681553890925539085e-01
1.650815613957631250e+15,3.681553890925540196e-01
1.650815613959548250e+15,3.681553890925541861e-01
1.650815613961465250e+15,3.681553890925541861e-01
1.650815613963382000e+15,3.681553890925541861e-01
1.650815613965299000e+15,3.681553890925541861e-01
1.650815613967216000e+15,3.681553890925541861e-01
1.650815613969133000e+15,3.681553890925542416e-01
1.650815613971049750e+15,3.681553890925541861e-01
1.650815613972966750e+15,3.681553890925542416e-01
1.650815613974883750e+15,3.681553890925541861e-01
1.650815613976800500e+15,3.681553890925541861e-01
1.650815613978717500e+15,3.681553890925541861e-01
1.650815613980634500e+15,3.681553890925541861e-01
1.650815613982551500e+15,3.681553890925541861e-01
1.650815613984468250e+15,3.681553890925541861e-01
1.650815613986385250e+15,3.681553890925541861e-01
1.650815613988302250e+15,3.681553890925541861e-01
1.650815613990219000e+15,3.681553890925542416e-01
1.650815613992136000e+15,3.684790336413055201e-01
1.650815613994053000e+15,3.695432302106989586e-01
1.650815613995970000e+15,3.706074267800923971e-01
1.650815613997886750e+15,3.716714845653740218e-01
1.650815613999803750e+15,3.727356811347674048e-01
1.650815614001720750e+15,3.737998777041607879e-01
1.650815614003637750e+15,3.737702637904659064e-01
1.650815614005554500e+15,3.728022777245630914e-01
1.650815614007471500e+15,3.718341654050975054e-01
1.650815614009388500e+15,3.708660530856318638e-01
1.650815614011305250e+15,3.698980670197291043e-01
1.650815614013222250e+15,3.689299547002634627e-01
1.650815614015139250e+15,3.681553890925532979e-01
1.650815614017056250e+15,3.681553890925532979e-01
1.650815614018973000e+15,3.681553890925532979e-01
1.650815614020890000e+15,3.681553890925532979e-01
1.650815614022807000e+15,3.681553890925532979e-01
1.650815614024723750e+15,3.681553890925532979e-01
1.650815614026640750e+15,3.681553890925534089e-01
1.650815614028557750e+15,3.681553890925534644e-01
1.650815614030474750e+15,3.681553890925535755e-01
1.650815614032391500e+15,3.681553890925536310e-01
1.650815614034308500e+15,3.681553890925537420e-01
1.650815614036225500e+15,3.681553890925538530e-01
1.650815614038142250e+15,3.681553890925539085e-01
1.650815614040059250e+15,3.681553890925540196e-01
1.650815614041976250e+15,3.681553890925540751e-01
1.650815614043893250e+15,3.681553890925541861e-01
1.650815614045810000e+15,3.681553890925542416e-01
1.650815614047727000e+15,3.681553890925543526e-01
1.650815614049644000e+15,3.681553890925544081e-01
1.650815614051560750e+15,3.681553890925544081e-01
1.650815614053477750e+15,3.681553890925544081e-01
1.650815614055394750e+15,3.681553890925544081e-01
1.650815614057311750e+15,3.681553890925543526e-01
1.650815614059228500e+15,3.686105339990005114e-01
1.650815614061145500e+15,3.691512918457045545e-01
1.650815614063062500e+15,3.696920496924086530e-01
1.650815614064979250e+15,3.702327370177451726e-01
1.650815614066896250e+15,3.707734948644492157e-01
1.650815614068813250e+15,3.713142527111533142e-01
1.650815614070730250e+15,3.718550105578574128e-01
1.650815614072647000e+15,3.723956978831939324e-01
1.650815614074564000e+15,3.729364557298980309e-01
1.650815614076481000e+15,3.734772135766021295e-01
1.650815614078398000e+15,3.740179714233062280e-01
1.650815614080314750e+15,3.739200820387429403e-01
1.650815614082231750e+15,3.731692001567443739e-01
1.650815614084148750e+15,3.724183182747458076e-01
1.650815614086065500e+15,3.716675343168320267e-01
1.650815614087982500e+15,3.709166524348334049e-01
1.650815614089899500e+15,3.701657705528348941e-01
1.650815614091816500e+15,3.694148886708363277e-01
1.650815614093733250e+15,3.686641047129225468e-01
1.650815614095650250e+15,3.681553890925544081e-01
1.650815614097567250e+15,3.681553890925544081e-01
1.650815614099484000e+15,3.681553890925544081e-01
1.650815614101401000e+15,3.681553890925544081e-01
1.650815614103318000e+15,3.681553890925544081e-01
1.650815614105235000e+15,3.681553890925544081e-01
1.650815614107151750e+15,3.681553890925544081e-01
1.650815614109068750e+15,3.681553890925544081e-01
1.650815614110985750e+15,3.681553890925544081e-01
1.650815614112902500e+15,3.678974892435064037e-01
1.650815614114819500e+15,3.668685735085950861e-01
1.650815614116736500e+15,3.658396577736837685e-01
1.650815614118653500e+15,3.648107420387723399e-01
1.650815614120570250e+15,3.637819604869250156e-01
1.650815614122487250e+15,3.627530447520136980e-01
1.650815614124404250e+15,3.622680883058232437e-01
1.650815614126321000e+15,3.631341435856995092e-01
1.650815614128238000e+15,3.640003118243965163e-01
1.650815614130155000e+15,3.648664800630936900e-01
1.650815614132072000e+15,3.657326483017907526e-01
1.650815614133988750e+15,3.665987035816669626e-01
1.650815614135905750e+15,3.674648718203640807e-01
1.650815614137822750e+15,3.683652369086151124e-01
1.650815614139739500e+15,3.693999013496037653e-01
1.650815614141656500e+15,3.704347007409564130e-01
1.650815614143573500e+15,3.714695001323090606e-01
1.650815614145490500e+15,3.725042995236617638e-01
1.650815614147407250e+15,3.735389639646503612e-01
1.650815614149324250e+15,3.741657943665778197e-01
1.650815614151241250e+15,3.737059419610300748e-01
1.650815614153158250e+15,3.732460895554823299e-01
1.650815614155075000e+15,3.727862971202535181e-01
1.650815614156992000e+15,3.723264447147057732e-01
1.650815614158909000e+15,3.718665923091579728e-01
1.650815614160825750e+15,3.714067998739291609e-01
1.650815614162742750e+15,3.709469474683814161e-01
1.650815614164659750e+15,3.704870950628337267e-01
1.650815614166576750e+15,3.700272426572859263e-01
1.650815614168493500e+15,3.695674502220571145e-01
1.650815614170410500e+15,3.691075978165093696e-01
1.650815614172327500e+15,3.686477454109616247e-01
1.650815614174244250e+15,3.681879529757328129e-01
1.650815614176161250e+15,3.675910178690861008e-01
1.650815614178078250e+15,3.669836356176397474e-01
1.650815614179995250e+15,3.663762533661934495e-01
1.650815614181912000e+15,3.657689503247434359e-01
1.650815614183829000e+15,3.651615680732971381e-01
1.650815614185746000e+15,3.645541858218508402e-01
1.650815614187662750e+15,3.639468827804008266e-01
1.650815614189579750e+15,3.633395005289545288e-01
1.650815614191496750e+15,3.627321182775081754e-01
1.650815614193413750e+15,3.621247360260618775e-01
1.650815614195330500e+15,3.638846688635278825e-01
1.650815614197247500e+15,3.661412759966710118e-01
1.650815614199164500e+15,3.683978831298141965e-01
1.650815614201081250e+15,3.706541959740771719e-01
1.650815614202998250e+15,3.729108031072203566e-01
1.650815614204915250e+15,3.739191919046634394e-01
1.650815614206832250e+15,3.729607039091037968e-01
1.650815614208749000e+15,3.720023409119785907e-01
1.650815614210666000e+15,3.710438529164189481e-01
1.650815614212583000e+15,3.700853649208591944e-01
1.650815614214499750e+15,3.691270019237340438e-01
1.650815614216416750e+15,3.681685139281744013e-01
1.650815614218333750e+15,3.681553890925544081e-01
1.650815614220250750e+15,3.681553890925544081e-01
1.650815614222167500e+15,3.681553890925544081e-01
1.650815614224084500e+15,3.681553890925544636e-01
1.650815614226001500e+15,3.681553890925544081e-01
1.650815614227918500e+15,3.684045344612147388e-01
1.650815614229835250e+15,3.693625071500408197e-01
1.650815614231752250e+15,3.703206047863938366e-01
1.650815614233669250e+15,3.712787024227468535e-01
1.650815614235586000e+15,3.722366751115729899e-01
1.650815614237503000e+15,3.731947727479260069e-01
1.650815614239420000e+15,3.741528703842789128e-01
1.650815614241337000e+15,3.737988047084400689e-01
1.650815614243253750e+15,3.732231865261417814e-01
1.650815614245170750e+15,3.726474932664752826e-01
1.650815614247087750e+15,3.720718000068087838e-01
1.650815614249004500e+15,3.714961818245104963e-01
1.650815614250921500e+15,3.709204885648440531e-01
1.650815614252838500e+15,3.703447953051775543e-01
1.650815614254755500e+15,3.697691020455110555e-01
1.650815614256672250e+15,3.691934838632128235e-01
1.650815614258589250e+15,3.686177906035463248e-01
1.650815614260506250e+15,3.683550937779930812e-01
1.650815614262423000e+15,3.693697629782965453e-01
1.650815614264340000e+15,3.703845645210026016e-01
1.650815614266257000e+15,3.713993660637086580e-01
1.650815614268174000e+15,3.724141676064146589e-01
1.650815614270090750e+15,3.734288368067182340e-01
1.650815614272007750e+15,3.744436383494242904e-01
1.650815614273924750e+15,3.754584398921302912e-01
1.650815614275841500e+15,3.764731090924338108e-01
1.650815614277758500e+15,3.774879106351398672e-01
1.650815614279675500e+15,3.785027121778459236e-01
1.650815614281592500e+15,3.795175137205519245e-01
1.650815614283509250e+15,3.803767143073088497e-01
1.650815614285426250e+15,3.798881951328964557e-01
1.650815614287343250e+15,3.793996759584840062e-01
1.650815614289260000e+15,3.789112204928840044e-01
1.650815614291177000e+15,3.784227013184716104e-01
1.650815614293094000e+15,3.779341821440591054e-01
1.650815614295011000e+15,3.774456629696466559e-01
1.650815614296927750e+15,3.769572075040467096e-01
1.650815614298844750e+15,3.764686883296342046e-01
1.650815614300761750e+15,3.759801691552218106e-01
1.650815614302678500e+15,3.754917136896218643e-01
1.650815614304595500e+15,3.750031945152093593e-01
1.650815614306512500e+15,3.745146753407969098e-01
1.650815614308429500e+15,3.742913122440975071e-01
1.650815614310346250e+15,3.742913122440973406e-01
1.650815614312263250e+15,3.742913122440971740e-01
1.650815614314180250e+15,3.742913122440969520e-01
1.650815614316097250e+15,3.742913122440967300e-01
1.650815614318014000e+15,3.742913122440966189e-01
1.650815614319931000e+15,3.742913122440963414e-01
1.650815614321848000e+15,3.740469174076923031e-01
1.650815614323764750e+15,3.734524455768836737e-01
1.650815614325681750e+15,3.728578962096421590e-01
1.650815614327598750e+15,3.722633468424005887e-01
1.650815614329515750e+15,3.716687974751590184e-01
1.650815614331432500e+15,3.710743256443503890e-01
1.650815614333349500e+15,3.704797762771088188e-01
1.650815614335266500e+15,3.698852269098672485e-01
1.650815614337183250e+15,3.692907550790586191e-01
1.650815614339100250e+15,3.686962057118171043e-01
1.650815614341017250e+15,3.683780170896230333e-01
1.650815614342934250e+15,3.708413814208286197e-01
1.650815614344851000e+15,3.733044244995132876e-01
1.650815614346768000e+15,3.757677888307188740e-01
1.650815614348685000e+15,3.782311531619245160e-01
1.650815614350601750e+15,3.806941962406091284e-01
1.650815614352518750e+15,3.831575605718148259e-01
1.650815614354435750e+15,3.856209249030204123e-01
1.650815614356352750e+15,3.861781999383919750e-01
1.650815614358269500e+15,3.855548678045824240e-01
1.650815614360186500e+15,3.849314543701163327e-01
1.650815614362103500e+15,3.843080409356501859e-01
1.650815614364020250e+15,3.836847088018406349e-01
1.650815614365937250e+15,3.830612953673745436e-01
1.650815614367854250e+15,3.824378819329083967e-01
1.650815614369771250e+15,3.818144684984423054e-01
1.650815614371688000e+15,3.811911363646327544e-01
1.650815614373605000e+15,3.805677229301666076e-01
1.650815614375522000e+15,3.804272353956390518e-01
1.650815614377438750e+15,3.804272353956389963e-01
1.650815614379355750e+15,3.804272353956390518e-01
1.650815614381272750e+15,3.804272353956390518e-01
1.650815614383189750e+15,3.804272353956390518e-01
1.650815614385106500e+15,3.804272353956390518e-01
1.650815614387023500e+15,3.810198359673486745e-01
1.650815614388940500e+15,3.817981951971993748e-01
1.650815614390857500e+15,3.825765544270501861e-01
1.650815614392774250e+15,3.833548121494374517e-01
1.650815614394691250e+15,3.841331713792882629e-01
1.650815614396608250e+15,3.849115306091390187e-01
1.650815614398525000e+15,3.856897883315263398e-01
1.650815614400442000e+15,3.864681475613771511e-01
1.650815614402359000e+15,3.860668706452176080e-01
1.650815614404276000e+15,3.855015801472598813e-01
1.650815614406192750e+15,3.849363633700244036e-01
1.650815614408109750e+15,3.843710728720667325e-01
1.650815614410026750e+15,3.838057823741090058e-01
1.650815614411943500e+15,3.832405655968734726e-01
1.650815614413860500e+15,3.826752750989158014e-01
1.650815614415777500e+15,3.821099846009580747e-01
1.650815614417694500e+15,3.815446941030003480e-01
1.650815614419611250e+15,3.809794773257648703e-01
1.650815614421528250e+15,3.804493241199687903e-01
1.650815614423445250e+15,3.814062525841327989e-01
1.650815614425362000e+15,3.823630562532440713e-01
1.650815614427279000e+15,3.833199847174081354e-01
1.650815614429196000e+15,3.842769131815720884e-01
1.650815614431113000e+15,3.852338416457360970e-01
1.650815614433029750e+15,3.861906453148474805e-01
1.650815614434946750e+15,3.865631585471805964e-01
1.650815614436863750e+15,3.865631585471808185e-01
1.650815614438780500e+15,3.865631585471808740e-01
1.650815614440697500e+15,3.865631585471810405e-01
1.650815614442614500e+15,3.865631585471812071e-01
1.650815614444531500e+15,3.865631585471813736e-01
1.650815614446448250e+15,3.878197333942753899e-01
1.650815614448365250e+15,3.891104789974256795e-01
1.650815614450282250e+15,3.904012246005759135e-01
1.650815614452199000e+15,3.916918018748786201e-01
1.650815614454116000e+15,3.926990816987245836e-01
1.650815614456033000e+15,3.926990816987245836e-01
1.650815614457950000e+15,3.926990816987245836e-01
1.650815614459866750e+15,3.926990816987245836e-01
1.650815614461783750e+15,3.926990816987245836e-01
1.650815614463700750e+15,3.926990816987245836e-01
1.650815614465617750e+15,3.926990816987245836e-01
1.650815614467534500e+15,3.926990816987245836e-01
1.650815614469451500e+15,3.926990816987245836e-01
1.650815614471368500e+15,3.926990816987245836e-01
1.650815614473285250e+15,3.926990816987245836e-01
1.650815614475202250e+15,3.929997060316867685e-01
1.650815614477119250e+15,3.937729993510942217e-01
1.650815614479036250e+15,3.945462926705017304e-01
1.650815614480953000e+15,3.953194851431017787e-01
1.650815614482870000e+15,3.960927784625093429e-01
1.650815614484787000e+15,3.968660717819167960e-01
1.650815614486703750e+15,3.976392642545168443e-01
1.650815614488620750e+15,3.984125575739243530e-01
1.650815614490537750e+15,3.988350048502674050e-01
1.650815614492454750e+15,3.988350048502673495e-01
1.650815614494371500e+15,3.988350048502674050e-01
1.650815614496288500e+15,3.988350048502673495e-01
1.650815614498205500e+15,3.988350048502674050e-01
1.650815614500122250e+15,3.988350048502673495e-01
1.650815614502039250e+15,3.988350048502673495e-01
1.650815614503956250e+15,3.988350048502673495e-01
1.650815614505873250e+15,3.988350048502674050e-01
1.650815614507790000e+15,3.988350048502673495e-01
1.650815614509707000e+15,3.988350048502673495e-01
1.650815614511624000e+15,3.979094745424927027e-01
1.650815614513540750e+15,3.968828482592595686e-01
1.650815614515457750e+15,3.958560880740721322e-01
1.650815614517374750e+15,3.948293278888846958e-01
1.650815614519291750e+15,3.938025677036971484e-01
1.650815614521208500e+15,3.927759414204639588e-01
1.650815614523125500e+15,3.926990816987245836e-01
1.650815614525042500e+15,3.926990816987245836e-01
1.650815614526959250e+15,3.926990816987245836e-01
1.650815614528876250e+15,3.926990816987245836e-01
1.650815614530793250e+15,3.926990816987245836e-01
1.650815614532710250e+15,3.926990816987245836e-01
1.650815614534627000e+15,3.926990816987245836e-01
1.650815614536544000e+15,3.926990816987245836e-01
1.650815614538461000e+15,3.926990816987245281e-01
1.650815614540378000e+15,3.926990816987245281e-01
1.650815614542294750e+15,3.926990816987245836e-01
1.650815614544211750e+15,3.926990816987245836e-01
1.650815614546128750e+15,3.926990816987245836e-01
1.650815614548045500e+15,3.926990816987245836e-01
1.650815614549962500e+15,3.926990816987245836e-01
1.650815614551879500e+15,3.926990816987245836e-01
1.650815614553796500e+15,3.926990816987245836e-01
1.650815614555713250e+15,3.926990816987245836e-01
1.650815614557630250e+15,3.926990816987246391e-01
1.650815614559547250e+15,3.926990816987245836e-01
1.650815614561464000e+15,3.926990816987245836e-01
1.650815614563381000e+15,3.926990816987245836e-01
1.650815614565298000e+15,3.926990816987245836e-01
1.650815614567215000e+15,3.926990816987245836e-01
1.650815614569131750e+15,3.926990816987245836e-01
1.650815614571048750e+15,3.926990816987245836e-01
1.650815614572965750e+15,3.926990816987245836e-01
1.650815614574882500e+15,3.926990816987245281e-01
1.650815614576799500e+15,3.926990816987245281e-01
1.650815614578716500e+15,3.926990816987244726e-01
1.650815614580633500e+15,3.926990816987245281e-01
1.650815614582550250e+15,3.926990816987245281e-01
1.650815614584467250e+15,3.926990816987245281e-01
1.650815614586384250e+15,3.926990816987245836e-01
1.650815614588301000e+15,3.926990816987246391e-01
1.650815614590218000e+15,3.926990816987245836e-01
1.650815614592135000e+15,3.926990816987245836e-01
1.650815614594052000e+15,3.926990816987245836e-01
1.650815614595968750e+15,3.926990816987245836e-01
1.650815614597885750e+15,3.926990816987245836e-01
1.650815614599802750e+15,3.926990816987245281e-01
1.650815614601719500e+15,3.926990816987245836e-01
1.650815614603636500e+15,3.926990816987245836e-01
1.650815614605553500e+15,3.926990816987245836e-01
1.650815614607470500e+15,3.926990816987245836e-01
1.650815614609387250e+15,3.926990816987245836e-01
1.650815614611304250e+15,3.926990816987245836e-01
1.650815614613221250e+15,3.926990816987245281e-01
1.650815614615138000e+15,3.926990816987245836e-01
1.650815614617055000e+15,3.926990816987245836e-01
1.650815614618972000e+15,3.926990816987245836e-01
1.650815614620889000e+15,3.926990816987244171e-01
1.650815614622805750e+15,3.926990816987242505e-01
1.650815614624722750e+15,3.926990816987241395e-01
1.650815614626639750e+15,3.926990816987240285e-01
1.650815614628556750e+15,3.926990816987239175e-01
1.650815614630473500e+15,3.926990816987237509e-01
1.650815614632390500e+15,3.926990816987236954e-01
1.650815614634307500e+15,3.926990816987236954e-01
1.650815614636224250e+15,3.926990816987236954e-01
1.650815614638141250e+15,3.926990816987236954e-01
1.650815614640058250e+15,3.926990816987236954e-01
1.650815614641975250e+15,3.926914750711552049e-01
1.650815614643892000e+15,3.921753687563965807e-01
1.650815614645809000e+15,3.916591951263498350e-01
1.650815614647726000e+15,3.911430214963029783e-01
1.650815614649642750e+15,3.906269151815443541e-01
1.650815614651559750e+15,3.901107415514976084e-01
1.650815614653476750e+15,3.895945679214508073e-01
1.650815614655393750e+15,3.890783942914040061e-01
1.650815614657310500e+15,3.885622879766453819e-01
1.650815614659227500e+15,3.880461143465985807e-01
1.650815614661144500e+15,3.875299407165517795e-01
1.650815614663061250e+15,3.870138344017931553e-01
1.650815614664978250e+15,3.867349940648664997e-01
1.650815614666895250e+15,3.880891921631290375e-01
1.650815614668812250e+15,3.894433902613915199e-01
1.650815614670729000e+15,3.907974117558332683e-01
1.650815614672646000e+15,3.921516098540956952e-01
1.650815614674563000e+15,3.933247825862199454e-01
1.650815614676479750e+15,3.943749683796585748e-01
1.650815614678396750e+15,3.954252911478973731e-01
1.650815614680313750e+15,3.964756139161362269e-01
1.650815614682230750e+15,3.975259366843750253e-01
1.650815614684147500e+15,3.985761224778136547e-01
1.650815614686064500e+15,3.973237787646056174e-01
1.650815614687981500e+15,3.953182263892420223e-01
1.650815614689898250e+15,3.933129355621798329e-01
1.650815614691815250e+15,3.913073831868162378e-01
1.650815614693732250e+15,3.893018308114526427e-01
1.650815614695649250e+15,3.872962784360891031e-01
1.650815614697566000e+15,3.865631585471814291e-01
1.650815614699483000e+15,3.865631585471813736e-01
1.650815614701400000e+15,3.865631585471814291e-01
1.650815614703317000e+15,3.865631585471814291e-01
1.650815614705233750e+15,3.865631585471813736e-01
1.650815614707150750e+15,3.865631585471813736e-01
1.650815614709067750e+15,3.865631585471814291e-01
1.650815614710984500e+15,3.865631585471813736e-01
1.650815614712901500e+15,3.865631585471814291e-01
1.650815614714818500e+15,3.865631585471813736e-01
1.650815614716735500e+15,3.865631585471813736e-01
1.650815614718652250e+15,3.865631585471813736e-01
1.650815614720569250e+15,3.860395755754273406e-01
1.650815614722486250e+15,3.851121479414679194e-01
1.650815614724403000e+15,3.841848412552960057e-01
1.650815614726320000e+15,3.832574136213366955e-01
1.650815614728237000e+15,3.823299859873772744e-01
1.650815614730154000e+15,3.814025583534179087e-01
1.650815614732070750e+15,3.804752516672460505e-01
1.650815614733987750e+15,3.804272353956390518e-01
1.650815614735904750e+15,3.804272353956390518e-01
1.650815614737821500e+15,3.804272353956390518e-01
1.650815614739738500e+15,3.804272353956390518e-01
1.650815614741655500e+15,3.804272353956390518e-01
1.650815614743572500e+15,3.804272353956390518e-01
1.650815614745489250e+15,3.804272353956390518e-01
1.650815614747406250e+15,3.804272353956390518e-01
1.650815614749323250e+15,3.804272353956389963e-01
1.650815614751240000e+15,3.804272353956390518e-01
1.650815614753157000e+15,3.804272353956391073e-01
1.650815614755074000e+15,3.804272353956390518e-01
1.650815614756991000e+15,3.804272353956389408e-01
1.650815614758907750e+15,3.804272353956389408e-01
1.650815614760824750e+15,3.804272353956388297e-01
1.650815614762741750e+15,3.804272353956388297e-01
1.650815614764658500e+15,3.804272353956387187e-01
1.650815614766575500e+15,3.804272353956386632e-01
1.650815614768492500e+15,3.804272353956386632e-01
1.650815614770409500e+15,3.804272353956387187e-01
1.650815614772326250e+15,3.804272353956387742e-01
1.650815614774243250e+15,3.804272353956388852e-01
1.650815614776160250e+15,3.804272353956389408e-01
1.650815614778077250e+15,3.804272353956390518e-01
1.650815614779994000e+15,3.796251108295244925e-01
1.650815614781911000e+15,3.786525157673856778e-01
1.650815614783828000e+15,3.776799207052468077e-01
1.650815614785744750e+15,3.767074524812745739e-01
1.650815614787661750e+15,3.757348574191357038e-01
1.650815614789578750e+15,3.747622623569968336e-01
1.650815614791495750e+15,3.742913122440963414e-01
1.650815614793412500e+15,3.742913122440965079e-01
1.650815614795329500e+15,3.742913122440966744e-01
1.650815614797246500e+15,3.742913122440968410e-01
1.650815614799163250e+15,3.742913122440969520e-01
1.650815614801080250e+15,3.742913122440971185e-01
1.650815614802997250e+15,3.742913122440971740e-01
1.650815614804914250e+15,3.742913122440971740e-01
1.650815614806831000e+15,3.742913122440971740e-01
1.650815614808748000e+15,3.742913122440971740e-01
1.650815614810665000e+15,3.742913122440971740e-01
1.650815614812581750e+15,3.742913122440971740e-01
1.650815614814498750e+15,3.742913122440971740e-01
1.650815614816415750e+15,3.742913122440971740e-01
1.650815614818332750e+15,3.742913122440971740e-01
1.650815614820249500e+15,3.742913122440971740e-01
1.650815614822166500e+15,3.742913122440971185e-01
1.650815614824083500e+15,3.742913122440971740e-01
1.650815614826000250e+15,3.742913122440971740e-01
1.650815614827917250e+15,3.742913122440971740e-01
1.650815614829834250e+15,3.742913122440971740e-01
1.650815614831751250e+15,3.742913122440971740e-01
1.650815614833668000e+15,3.742913122440971185e-01
1.650815614835585000e+15,3.742913122440971740e-01
1.650815614837502000e+15,3.742913122440971740e-01
1.650815614839418750e+15,3.742913122440971740e-01
1.650815614841335750e+15,3.742913122440971185e-01
1.650815614843252750e+15,3.742913122440971740e-01
1.650815614845169750e+15,3.742913122440972296e-01
1.650815614847086500e+15,3.742913122440972296e-01
1.650815614849003500e+15,3.742913122440971740e-01
1.650815614850920500e+15,3.742913122440972296e-01
1.650815614852837500e+15,3.742913122440971740e-01
1.650815614854754250e+15,3.742913122440971740e-01
1.650815614856671250e+15,3.742913122440971185e-01
1.650815614858588250e+15,3.742913122440971740e-01
1.650815614860505000e+15,3.742913122440971740e-01
1.650815614862422000e+15,3.742913122440971740e-01
1.650815614864339000e+15,3.742913122440971740e-01
1.650815614866256000e+15,3.742913122440971740e-01
1.650815614868172750e+15,3.742913122440971185e-01
1.650815614870089750e+15,3.742913122440971185e-01
1.650815614872006750e+15,3.742913122440968965e-01
1.650815614873923500e+15,3.742913122440967855e-01
1.650815614875840500e+15,3.742913122440966189e-01
1.650815614877757500e+15,3.742913122440965079e-01
1.650815614879674500e+15,3.742913122440963969e-01
1.650815614881591250e+15,3.742913122440963414e-01
1.650815614883508250e+15,3.742913122440964524e-01
1.650815614885425250e+15,3.742913122440965079e-01
1.650815614887342000e+15,3.742913122440966189e-01
1.650815614889259000e+15,3.742913122440967300e-01
1.650815614891176000e+15,3.742913122440968410e-01
1.650815614893093000e+15,3.742913122440968965e-01
1.650815614895009750e+15,3.742913122440970075e-01
1.650815614896926750e+15,3.742913122440970630e-01
1.650815614898843750e+15,3.742913122440971740e-01
1.650815614900760500e+15,3.742913122440970075e-01
1.650815614902677500e+15,3.742913122440968965e-01
1.650815614904594500e+15,3.742913122440968410e-01
1.650815614906511500e+15,3.742913122440966744e-01
1.650815614908428250e+15,3.742913122440965634e-01
1.650815614910345250e+15,3.742913122440963969e-01
1.650815614912262250e+15,3.742913122440963414e-01
1.650815614914179000e+15,3.742913122440962859e-01
1.650815614916096000e+15,3.742913122440962859e-01
1.650815614918013000e+15,3.742913122440962859e-01
1.650815614919930000e+15,3.742913122440962859e-01
1.650815614921846750e+15,3.742913122440962859e-01
1.650815614923763750e+15,3.742913122440962859e-01
1.650815614925680750e+15,3.742913122440962859e-01
1.650815614927597500e+15,3.742913122440962859e-01
1.650815614929514500e+15,3.742913122440962859e-01
1.650815614931431500e+15,3.742913122440962859e-01
1.650815614933348500e+15,3.742913122440962859e-01
1.650815614935265250e+15,3.742913122440962859e-01
1.650815614937182250e+15,3.742913122440962859e-01
1.650815614939099250e+15,3.742913122440962859e-01
1.650815614941016250e+15,3.742913122440962859e-01
1.650815614942933000e+15,3.742913122440962859e-01
1.650815614944850000e+15,3.742913122440962859e-01
1.650815614946767000e+15,3.742913122440963414e-01
1.650815614948683750e+15,3.742913122440962859e-01
1.650815614950600750e+15,3.742913122440962859e-01
1.650815614952517750e+15,3.742913122440962859e-01
1.650815614954434750e+15,3.742913122440962859e-01
1.650815614956351500e+15,3.742913122440962859e-01
1.650815614958268500e+15,3.742913122440962859e-01
1.650815614960185500e+15,3.742913122440962859e-01
1.650815614962102250e+15,3.742913122440962859e-01
1.650815614964019250e+15,3.742913122440962859e-01
1.650815614965936250e+15,3.742913122440962859e-01
1.650815614967853250e+15,3.742913122440962859e-01
1.650815614969770000e+15,3.742913122440962859e-01
1.650815614971687000e+15,3.742913122440962859e-01
1.650815614973604000e+15,3.742913122440962859e-01
1.650815614975520750e+15,3.742913122440962859e-01
1.650815614977437750e+15,3.742913122440962859e-01
1.650815614979354750e+15,3.742913122440962859e-01
1.650815614981271750e+15,3.742913122440962304e-01
1.650815614983188500e+15,3.742913122440962859e-01
1.650815614985105500e+15,3.742913122440962304e-01
1.650815614987022500e+15,3.742913122440962304e-01
1.650815614988939250e+15,3.742913122440962859e-01
1.650815614990856250e+15,3.742913122440962859e-01
1.650815614992773250e+15,3.742913122440962859e-01
1.650815614994690250e+15,3.742913122440962859e-01
1.650815614996607000e+15,3.742913122440962859e-01
1.650815614998524000e+15,3.742913122440962859e-01
1.650815615000441000e+15,3.742913122440962859e-01
1.650815615002357750e+15,3.742913122440962859e-01
1.650815615004274750e+15,3.742913122440962859e-01
1.650815615006191750e+15,3.742913122440962859e-01
1.650815615008108750e+15,3.742913122440962859e-01
1.650815615010025500e+15,3.742913122440962304e-01
1.650815615011942500e+15,3.742913122440963414e-01
1.650815615013859500e+15,3.742913122440962859e-01
1.650815615015776500e+15,3.742913122440963414e-01
1.650815615017693250e+15,3.742913122440962859e-01
1.650815615019610250e+15,3.742913122440962859e-01
1.650815615021527250e+15,3.742913122440962859e-01
1.650815615023444000e+15,3.742913122440962859e-01
1.650815615025361000e+15,3.742913122440962859e-01
1.650815615027278000e+15,3.742913122440963414e-01
1.650815615029195000e+15,3.742913122440963414e-01
1.650815615031111750e+15,3.742913122440962859e-01
1.650815615033028750e+15,3.742913122440962859e-01
1.650815615034945750e+15,3.742913122440963414e-01
1.650815615036862500e+15,3.742913122440963414e-01
1.650815615038779500e+15,3.742913122440965079e-01
1.650815615040696500e+15,3.742913122440965079e-01
1.650815615042613500e+15,3.742913122440966189e-01
1.650815615044530250e+15,3.742913122440966189e-01
1.650815615046447250e+15,3.742913122440967300e-01
1.650815615048364250e+15,3.742913122440967300e-01
1.650815615050281000e+15,3.742913122440966744e-01
1.650815615052198000e+15,3.742913122440966189e-01
1.650815615054115000e+15,3.742913122440965634e-01
1.650815615056032000e+15,3.742913122440965079e-01
1.650815615057948750e+15,3.742913122440965079e-01
1.650815615059865750e+15,3.742913122440965079e-01
1.650815615061782750e+15,3.742913122440963969e-01
1.650815615063699500e+15,3.742913122440963969e-01
1.650815615065616500e+15,3.742913122440963414e-01
1.650815615067533500e+15,3.742913122440962859e-01
1.650815615069450500e+15,3.742913122440962859e-01
1.650815615071367250e+15,3.742913122440962859e-01
1.650815615073284250e+15,3.742913122440962859e-01
1.650815615075201250e+15,3.742913122440962859e-01
1.650815615077118000e+15,3.742913122440962859e-01
1.650815615079035000e+15,3.742913122440962859e-01
1.650815615080952000e+15,3.742913122440962304e-01
1.650815615082869000e+15,3.742913122440962859e-01
1.650815615084785750e+15,3.742913122440962304e-01
1.650815615086702750e+15,3.742913122440962304e-01
1.650815615088619750e+15,3.742913122440962304e-01
1.650815615090536750e+15,3.742913122440962304e-01
1.650815615092453500e+15,3.742913122440962859e-01
1.650815615094370500e+15,3.742913122440962859e-01
1.650815615096287500e+15,3.742913122440962304e-01
1.650815615098204250e+15,3.742913122440962859e-01
1.650815615100121250e+15,3.742913122440962304e-01
1.650815615102038250e+15,3.742913122440962859e-01
1.650815615103955250e+15,3.742913122440961748e-01
1.650815615105872000e+15,3.742913122440960638e-01
1.650815615107789000e+15,3.742913122440960638e-01
1.650815615109706000e+15,3.742913122440960083e-01
1.650815615111622750e+15,3.742913122440958973e-01
1.650815615113539750e+15,3.742913122440958418e-01
1.650815615115456750e+15,3.742913122440958973e-01
1.650815615117373750e+15,3.742913122440959528e-01
1.650815615119290500e+15,3.742913122440960638e-01
1.650815615121207500e+15,3.742913122440960638e-01
1.650815615123124500e+15,3.742913122440961748e-01
1.650815615125041250e+15,3.742913122440962304e-01
1.650815615126958250e+15,3.742913122440962859e-01
1.650815615128875250e+15,3.742913122440962859e-01
1.650815615130792250e+15,3.742913122440962859e-01
1.650815615132709000e+15,3.742913122440962859e-01
1.650815615134626000e+15,3.742913122440962859e-01
1.650815615136543000e+15,3.742913122440962859e-01
1.650815615138459750e+15,3.742913122440962304e-01
1.650815615140376750e+15,3.742913122440962859e-01
1.650815615142293750e+15,3.742913122440962304e-01
1.650815615144210750e+15,3.742913122440962859e-01
1.650815615146127500e+15,3.742913122440962859e-01
1.650815615148044500e+15,3.742913122440963414e-01
1.650815615149961500e+15,3.742913122440962304e-01
1.650815615151878250e+15,3.742913122440961748e-01
1.650815615153795250e+15,3.742913122440961193e-01
1.650815615155712250e+15,3.742913122440960638e-01
1.650815615157629250e+15,3.742913122440959528e-01
1.650815615159546000e+15,3.742913122440959528e-01
1.650815615161463000e+15,3.742042778731519692e-01
1.650815615163380000e+15,3.731347593532843288e-01
1.650815615165296750e+15,3.720653803115751002e-01
1.650815615167213750e+15,3.709958617917074042e-01
1.650815615169130750e+15,3.699263432718397637e-01
1.650815615171047750e+15,3.688568247519720122e-01
1.650815615172964500e+15,3.686304585124231536e-01
1.650815615174881500e+15,3.700113653780615075e-01
1.650815615176798500e+15,3.713922722436998614e-01
1.650815615178715500e+15,3.727731791093381042e-01
1.650815615180632250e+15,3.741539058880090640e-01
1.650815615182549250e+15,3.755348127536473624e-01
1.650815615184466250e+15,3.769157196192856607e-01
1.650815615186383000e+15,3.782964463979566205e-01
1.650815615188300000e+15,3.796773532635949189e-01
1.650815615190217000e+15,3.802050057400083172e-01
1.650815615192134000e+15,3.797186881031989758e-01
1.650815615194050750e+15,3.792324338880950774e-01
1.650815615195967750e+15,3.787461162512857360e-01
1.650815615197884750e+15,3.782597986144764501e-01
1.650815615199801500e+15,3.777735443993725517e-01
1.650815615201718500e+15,3.772872267625632103e-01
1.650815615203635500e+15,3.768009091257539245e-01
1.650815615205552500e+15,3.763145914889446386e-01
1.650815615207469250e+15,3.758283372738406847e-01
1.650815615209386250e+15,3.753420196370313988e-01
1.650815615211303250e+15,3.748557020002220574e-01
1.650815615213220000e+15,3.743694477851181590e-01
1.650815615215137000e+15,3.742913122440970630e-01
1.650815615217054000e+15,3.742913122440969520e-01
1.650815615218971000e+15,3.742913122440968410e-01
1.650815615220887750e+15,3.742913122440966744e-01
1.650815615222804750e+15,3.742913122440966189e-01
1.650815615224721750e+15,3.742913122440965079e-01
1.650815615226638500e+15,3.742913122440963969e-01
1.650815615228555500e+15,3.742913122440962859e-01
1.650815615230472500e+15,3.742913122440961748e-01
1.650815615232389500e+15,3.742913122440960638e-01
1.650815615234306250e+15,3.742913122440958973e-01
1.650815615236223250e+15,3.741876463051411195e-01
1.650815615238140250e+15,3.732287676321563441e-01
1.650815615240057000e+15,3.722700140085550835e-01
1.650815615241974000e+15,3.713111353355701971e-01
1.650815615243891000e+15,3.703522566625853107e-01
1.650815615245808000e+15,3.693933779896005354e-01
1.650815615247724750e+15,3.684346243659992193e-01
1.650815615249641750e+15,3.677615869300603912e-01
1.650815615251558750e+15,3.672059889572905633e-01
1.650815615253475750e+15,3.666503909845207354e-01
1.650815615255392500e+15,3.660948654684505477e-01
1.650815615257309500e+15,3.655392674956806642e-01
1.650815615259226500e+15,3.649836695229108363e-01
1.650815615261143250e+15,3.644281440068407041e-01
1.650815615263060250e+15,3.638725460340708207e-01
1.650815615264977250e+15,3.633169480613009927e-01
1.650815615266894250e+15,3.627613500885312203e-01
1.650815615268811000e+15,3.622058245724610326e-01
1.650815615270728000e+15,3.620194659410103100e-01
1.650815615272645000e+15,3.620194659410103655e-01
1.650815615274561750e+15,3.620194659410104210e-01
1.650815615276478750e+15,3.620194659410104210e-01
1.650815615278395750e+15,3.620194659410104765e-01
1.650815615280312750e+15,3.620194659410105320e-01
1.650815615282229500e+15,3.620194659410105320e-01
1.650815615284146500e+15,3.620194659410106430e-01
1.650815615286063500e+15,3.620194659410106430e-01
1.650815615287980250e+15,3.620194659410106985e-01
1.650815615289897250e+15,3.620194659410107541e-01
1.650815615291814250e+15,3.620194659410107541e-01
1.650815615293731250e+15,3.620194659410108651e-01
1.650815615295648000e+15,3.620194659410109206e-01
1.650815615297565000e+15,3.620194659410109761e-01
1.650815615299482000e+15,3.620194659410109761e-01
1.650815615301398750e+15,3.620194659410110871e-01
1.650815615303315750e+15,3.620194659410111981e-01
1.650815615305232750e+15,3.620194659410112537e-01
1.650815615307149750e+15,3.620194659410111981e-01
1.650815615309066500e+15,3.620194659410111981e-01
1.650815615310983500e+15,3.620194659410111981e-01
1.650815615312900500e+15,3.620194659410111981e-01
1.650815615314817250e+15,3.620194659410111981e-01
1.650815615316734250e+15,3.620194659410112537e-01
1.650815615318651250e+15,3.620194659410111981e-01
1.650815615320568250e+15,3.620194659410111981e-01
1.650815615322485000e+15,3.620194659410112537e-01
1.650815615324402000e+15,3.620194659410111981e-01
1.650815615326319000e+15,3.620194659410111981e-01
1.650815615328236000e+15,3.620194659410111981e-01
1.650815615330152750e+15,3.620194659410111981e-01
1.650815615332069750e+15,3.620194659410111981e-01
1.650815615333986750e+15,3.620194659410111981e-01
1.650815615335903500e+15,3.620194659410111981e-01
1.650815615337820500e+15,3.615321122485149474e-01
1.650815615339737500e+15,3.606511532400138442e-01
1.650815615341654500e+15,3.597701942315129076e-01
1.650815615343571250e+15,3.588893501107281447e-01
1.650815615345488250e+15,3.580083911022270970e-01
1.650815615347405250e+15,3.571274320937260494e-01
1.650815615349322000e+15,3.562465879729412865e-01
1.650815615351239000e+15,3.565354267819078049e-01
1.650815615353156000e+15,3.576442658355941662e-01
1.650815615355073000e+15,3.587531048892805274e-01
1.650815615356989750e+15,3.598617993369348511e-01
1.650815615358906750e+15,3.609706383906212124e-01
1.650815615360823750e+15,3.620194659410107541e-01
1.650815615362740500e+15,3.620194659410108651e-01
1.650815615364657500e+15,3.620194659410109761e-01
1.650815615366574500e+15,3.620194659410109761e-01
1.650815615368491500e+15,3.620194659410110871e-01
1.650815615370408250e+15,3.620194659410111426e-01
1.650815615372325250e+15,3.620194659410111981e-01
1.650815615374242250e+15,3.620194659410111981e-01
1.650815615376159000e+15,3.620194659410111981e-01
1.650815615378076000e+15,3.620194659410111981e-01
1.650815615379993000e+15,3.620194659410111981e-01
1.650815615381910000e+15,3.620194659410111426e-01
1.650815615383826750e+15,3.616701526233591646e-01
1.650815615385743750e+15,3.610867210137412298e-01
1.650815615387660750e+15,3.605032894041232394e-01
1.650815615389577500e+15,3.599199338810480375e-01
1.650815615391494500e+15,3.593365022714301027e-01
1.650815615393411500e+15,3.587530706618121124e-01
1.650815615395328500e+15,3.581696390521941220e-01
1.650815615397245250e+15,3.575862835291189201e-01
1.650815615399162250e+15,3.570028519195009853e-01
1.650815615401079250e+15,3.564194203098830505e-01
1.650815615402996250e+15,3.558835427894684322e-01
1.650815615404913000e+15,3.558835427894684322e-01
1.650815615406830000e+15,3.558835427894683212e-01
1.650815615408747000e+15,3.558835427894683212e-01
1.650815615410663750e+15,3.558835427894682102e-01
1.650815615412580750e+15,3.558835427894680992e-01
1.650815615414497750e+15,3.558835427894680992e-01
1.650815615416414750e+15,3.558835427894680437e-01
1.650815615418331500e+15,3.558835427894680437e-01
1.650815615420248500e+15,3.558835427894681547e-01
1.650815615422165500e+15,3.558835427894683212e-01
1.650815615424082250e+15,3.558835427894684322e-01
1.650815615425999250e+15,3.558835427894685988e-01
1.650815615427916250e+15,3.558835427894687653e-01
1.650815615429833250e+15,3.558835427894688763e-01
1.650815615431750000e+15,3.547696865550991618e-01
1.650815615433667000e+15,3.535282549264440188e-01
1.650815615435584000e+15,3.522868232977888203e-01
1.650815615437500750e+15,3.510455535668421945e-01
1.650815615439417750e+15,3.498041219381870515e-01
1.650815615441334750e+15,3.497476196379260549e-01
1.650815615443251750e+15,3.497476196379259994e-01
1.650815615445168500e+15,3.497476196379259994e-01
1.650815615447085500e+15,3.497476196379258884e-01
1.650815615449002500e+15,3.497476196379258884e-01
1.650815615450919250e+15,3.497476196379258884e-01
1.650815615452836250e+15,3.497476196379257773e-01
1.650815615454753250e+15,3.497476196379258329e-01
1.650815615456670250e+15,3.497476196379257218e-01
1.650815615458587000e+15,3.497476196379257218e-01
1.650815615460504000e+15,3.497476196379257218e-01
1.650815615462421000e+15,3.500939345879828246e-01
1.650815615464337750e+15,3.511012171077430022e-01
1.650815615466254750e+15,3.521086310064676095e-01
1.650815615468171750e+15,3.531160449051922168e-01
1.650815615470088750e+15,3.541234588039168241e-01
1.650815615472005500e+15,3.551307413236770572e-01
1.650815615473922500e+15,3.557231686854109287e-01
1.650815615475839500e+15,3.550886234687357090e-01
1.650815615477756250e+15,3.544541610044361635e-01
1.650815615479673250e+15,3.538196157877609438e-01
1.650815615481590250e+15,3.531850705710857241e-01
1.650815615483507250e+15,3.525505253544105599e-01
1.650815615485424000e+15,3.519160628901110144e-01
1.650815615487341000e+15,3.512815176734357947e-01
1.650815615489258000e+15,3.506469724567606305e-01
1.650815615491175000e+15,3.500124272400853553e-01
1.650815615493091750e+15,3.486100265144119748e-01
1.650815615495008750e+15,3.466572474521546487e-01
1.650815615496925750e+15,3.447044683898974338e-01
1.650815615498842500e+15,3.427519439936628776e-01
1.650815615500759500e+15,3.407991649314056626e-01
1.650815615502676500e+15,3.388463858691483921e-01
1.650815615504593500e+15,3.379312159065803178e-01
1.650815615506510250e+15,3.394587216797758100e-01
1.650815615508427250e+15,3.409864266841925451e-01
1.650815615510344250e+15,3.425141316886092246e-01
1.650815615512261000e+15,3.440416374618047168e-01
1.650815615514178000e+15,3.455693424662214519e-01
1.650815615516095000e+15,3.470970474706382425e-01
1.650815615518012000e+15,3.486247524750549220e-01
1.650815615519928750e+15,3.490951557677275940e-01
1.650815615521845750e+15,3.466317914365220076e-01
1.650815615523762750e+15,3.441684271053164768e-01
1.650815615525679500e+15,3.417053840266319198e-01
1.650815615527596500e+15,3.392420196954263334e-01
1.650815615529513500e+15,3.377958443261595001e-01
1.650815615531430500e+15,3.389268601609198850e-01
1.650815615533347250e+15,3.400577284975276338e-01
1.650815615535264250e+15,3.411887443322880742e-01
1.650815615537181250e+15,3.423197601670485146e-01
1.650815615539098000e+15,3.434506285036562634e-01
1.650815615541015000e+15,3.431392602901900402e-01
1.650815615542932000e+15,3.425883720979126523e-01
1.650815615544849000e+15,3.420374839056351535e-01
1.650815615546765750e+15,3.414866675558449471e-01
1.650815615548682750e+15,3.409357793635675593e-01
1.650815615550599750e+15,3.403848911712900605e-01
1.650815615552516500e+15,3.398340748214998541e-01
1.650815615554433500e+15,3.392831866292224108e-01
1.650815615556350500e+15,3.387322984369449674e-01
1.650815615558267500e+15,3.381814102446674686e-01
1.650815615560184250e+15,3.376305938948772067e-01
1.650815615562101250e+15,3.368155472372835746e-01
1.650815615564018250e+15,3.358972425545209139e-01
1.650815615565935250e+15,3.349789378717581423e-01
1.650815615567852000e+15,3.340607529470396297e-01
1.650815615569769000e+15,3.331424482642769136e-01
1.650815615571686000e+15,3.322241435815141974e-01
1.650815615573602750e+15,3.313398501832982568e-01
1.650815615575519750e+15,3.313398501832983678e-01
1.650815615577436750e+15,3.313398501832984788e-01
1.650815615579353750e+15,3.313398501832985898e-01
1.650815615581270500e+15,3.313398501832985898e-01
1.650815615583187500e+15,3.313398501832987009e-01
1.650815615585104500e+15,3.313398501832987009e-01
1.650815615587021250e+15,3.313398501832987009e-01
1.650815615588938250e+15,3.313398501832987009e-01
1.650815615590855250e+15,3.313398501832987009e-01
1.650815615592772250e+15,3.313398501832987009e-01
1.650815615594689000e+15,3.313398501832986454e-01
1.650815615596606000e+15,3.313398501832987009e-01
1.650815615598523000e+15,3.313398501832987009e-01
1.650815615600439750e+15,3.313398501832987009e-01
1.650815615602356750e+15,3.313398501832987009e-01
1.650815615604273750e+15,3.313398501832986454e-01
1.650815615606190750e+15,3.303971384324595473e-01
1.650815615608107500e+15,3.293097650318752567e-01
1.650815615610024500e+15,3.282222498061442284e-01
1.650815615611941500e+15,3.271347345804130891e-01
1.650815615613858250e+15,3.260473611798287985e-01
1.650815615615775250e+15,3.253072975997480798e-01
1.650815615617692250e+15,3.257678702408658422e-01
1.650815615619609250e+15,3.262284428819837157e-01
1.650815615621526000e+15,3.266889554588551237e-01
1.650815615623443000e+15,3.271495280999728861e-01
1.650815615625360000e+15,3.276101007410907595e-01
1.650815615627276750e+15,3.280706133179621675e-01
1.650815615629193750e+15,3.285311859590799299e-01
1.650815615631110750e+15,3.289917586001977479e-01
1.650815615633027750e+15,3.294523312413155658e-01
1.650815615634944500e+15,3.299128438181869738e-01
1.650815615636861500e+15,3.303734164593047917e-01
1.650815615638778500e+15,3.308339891004226097e-01
1.650815615640695500e+15,3.312945617415403721e-01
1.650815615642612250e+15,3.313398501832987009e-01
1.650815615644529250e+15,3.313398501832987009e-01
1.650815615646446250e+15,3.313398501832987009e-01
1.650815615648363000e+15,3.313398501832987009e-01
1.650815615650280000e+15,3.313398501832987009e-01
1.650815615652197000e+15,3.313398501832987009e-01
1.650815615654114000e+15,3.313398501832987009e-01
1.650815615656030750e+15,3.313398501832987009e-01
1.650815615657947750e+15,3.313398501832987564e-01
1.650815615659864750e+15,3.313398501832987009e-01
1.650815615661781500e+15,3.313398501832987009e-01
1.650815615663698500e+15,3.313398501832987009e-01
1.650815615665615500e+15,3.313398501832987564e-01
1.650815615667532500e+15,3.313398501832987009e-01
1.650815615669449250e+15,3.313398501832987564e-01
1.650815615671366250e+15,3.313398501832987009e-01
1.650815615673283250e+15,3.313398501832987009e-01
1.650815615675200000e+15,3.313398501832987009e-01
1.650815615677117000e+15,3.313398501832986454e-01
1.650815615679034000e+15,3.313398501832987009e-01
1.650815615680951000e+15,3.313398501832986454e-01
1.650815615682867750e+15,3.313398501832987009e-01
1.650815615684784750e+15,3.313398501832987009e-01
1.650815615686701750e+15,3.313398501832987009e-01
1.650815615688618500e+15,3.313398501832986454e-01
1.650815615690535500e+15,3.313398501832987009e-01
1.650815615692452500e+15,3.313398501832987009e-01
1.650815615694369500e+15,3.313398501832987009e-01
1.650815615696286250e+15,3.313398501832987009e-01
1.650815615698203250e+15,3.313398501832987009e-01
1.650815615700120250e+15,3.313398501832987009e-01
1.650815615702037000e+15,3.313398501832986454e-01
1.650815615703954000e+15,3.313398501832986454e-01
1.650815615705871000e+15,3.313398501832985343e-01
1.650815615707788000e+15,3.313398501832984788e-01
1.650815615709704750e+15,3.313398501832984788e-01
1.650815615711621750e+15,3.313398501832984788e-01
1.650815615713538750e+15,3.313398501832983678e-01
1.650815615715455750e+15,3.313398501832983123e-01
1.650815615717372500e+15,3.313398501832983123e-01
1.650815615719289500e+15,3.313398501832983123e-01
1.650815615721206500e+15,3.313398501832982568e-01
1.650815615723123250e+15,3.313398501832982568e-01
1.650815615725040250e+15,3.313398501832982013e-01
1.650815615726957250e+15,3.313398501832982568e-01
1.650815615728874250e+15,3.313398501832982568e-01
1.650815615730791000e+15,3.313398501832982568e-01
1.650815615732708000e+15,3.313398501832982568e-01
1.650815615734625000e+15,3.313398501832982568e-01
1.650815615736541750e+15,3.313398501832982568e-01
1.650815615738458750e+15,3.313398501832982568e-01
1.650815615740375750e+15,3.313398501832982568e-01
1.650815615742292750e+15,3.313398501832982013e-01
1.650815615744209500e+15,3.313398501832982568e-01
1.650815615746126500e+15,3.313398501832982568e-01
1.650815615748043500e+15,3.313398501832982568e-01
1.650815615749960250e+15,3.313398501832982568e-01
1.650815615751877250e+15,3.313398501832982568e-01
1.650815615753794250e+15,3.313398501832982568e-01
1.650815615755711250e+15,3.313398501832983123e-01
1.650815615757628000e+15,3.313398501832982568e-01
1.650815615759545000e+15,3.313398501832982568e-01
1.650815615761462000e+15,3.313398501832982568e-01
1.650815615763378750e+15,3.313398501832982568e-01
1.650815615765295750e+15,3.313398501832983123e-01
1.650815615767212750e+15,3.313398501832982568e-01
1.650815615769129750e+15,3.313398501832982568e-01
1.650815615771046500e+15,3.313398501832982568e-01
1.650815615772963500e+15,3.313398501832982568e-01
1.650815615774880500e+15,3.313398501832982568e-01
1.650815615776797250e+15,3.313398501832982568e-01
1.650815615778714250e+15,3.313398501832982568e-01
1.650815615780631250e+15,3.313398501832983123e-01
1.650815615782548250e+15,3.313398501832982568e-01
1.650815615784465000e+15,3.313398501832982568e-01
1.650815615786382000e+15,3.313398501832982568e-01
1.650815615788299000e+15,3.313398501832982568e-01
1.650815615790215750e+15,3.313398501832982568e-01
1.650815615792132750e+15,3.313398501832983123e-01
1.650815615794049750e+15,3.313398501832982568e-01
1.650815615795966750e+15,3.313398501832982568e-01
1.650815615797883500e+15,3.313398501832982568e-01
1.650815615799800500e+15,3.313398501832982568e-01
1.650815615801717500e+15,3.313398501832982568e-01
1.650815615803634500e+15,3.313398501832982568e-01
1.650815615805551250e+15,3.313398501832982568e-01
1.650815615807468250e+15,3.313398501832982568e-01
1.650815615809385250e+15,3.313398501832982568e-01
1.650815615811302000e+15,3.313398501832982568e-01
1.650815615813219000e+15,3.313398501832982568e-01
1.650815615815136000e+15,3.313398501832982568e-01
1.650815615817053000e+15,3.313398501832982568e-01
1.650815615818969750e+15,3.313398501832982013e-01
1.650815615820886750e+15,3.313398501832982568e-01
1.650815615822803750e+15,3.313398501832982568e-01
1.650815615824720500e+15,3.313398501832982568e-01
1.650815615826637500e+15,3.313398501832982568e-01
1.650815615828554500e+15,3.313398501832982568e-01
1.650815615830471500e+15,3.313398501832982568e-01
1.650815615832388250e+15,3.313398501832982568e-01
1.650815615834305250e+15,3.313398501832982568e-01
1.650815615836222250e+15,3.313398501832982568e-01
1.650815615838139000e+15,3.313398501832982568e-01
1.650815615840056000e+15,3.313398501832982568e-01
1.650815615841973000e+15,3.313398501832982568e-01
1.650815615843890000e+15,3.307060021134336503e-01
1.650815615845806750e+15,3.299341289953185985e-01
1.650815615847723750e+15,3.291621552024783792e-01
1.650815615849640750e+15,3.283901814096381599e-01
1.650815615851557500e+15,3.276183082915231082e-01
1.650815615853474500e+15,3.268463344986828334e-01
1.650815615855391500e+15,3.260743607058426141e-01
1.650815615857308500e+15,3.253023869130023948e-01
1.650815615859225250e+15,3.241673781389216580e-01
1.650815615861142250e+15,3.229791202662570804e-01
1.650815615863059250e+15,3.217908623935925028e-01
1.650815615864976000e+15,3.206027594841351358e-01
1.650815615866893000e+15,3.194145016114705582e-01
1.650815615868810000e+15,3.194765039115791683e-01
1.650815615870727000e+15,3.200531567540885192e-01
1.650815615872643750e+15,3.206297343940884836e-01
1.650815615874560750e+15,3.212063872365978900e-01
1.650815615876477750e+15,3.217830400791072964e-01
1.650815615878394750e+15,3.223596929216166473e-01
1.650815615880311500e+15,3.229362705616166118e-01
1.650815615882228500e+15,3.235129234041260182e-01
1.650815615884145500e+15,3.240895762466354246e-01
1.650815615886062250e+15,3.246661538866353336e-01
1.650815615887979250e+15,3.252603530771018825e-01
1.650815615889896250e+15,3.260972484653271719e-01
1.650815615891813250e+15,3.269341438535524613e-01
1.650815615893730000e+15,3.277709301004908538e-01
1.650815615895647000e+15,3.286078254887161432e-01
1.650815615897564000e+15,3.294447208769414326e-01
1.650815615899480750e+15,3.302815071238797695e-01
1.650815615901397750e+15,3.311184025121051144e-01
1.650815615903314750e+15,3.306103749207845999e-01
1.650815615905231750e+15,3.296184231007890930e-01
1.650815615907148500e+15,3.286266006433157805e-01
1.650815615909065500e+15,3.276346488233202736e-01
1.650815615910982500e+15,3.266426970033247668e-01
1.650815615912899250e+15,3.256508745458514542e-01
1.650815615914816250e+15,3.252039270317559350e-01
1.650815615916733250e+15,3.252039270317559350e-01
1.650815615918650250e+15,3.252039270317559350e-01
1.650815615920567000e+15,3.252039270317559350e-01
1.650815615922484000e+15,3.252039270317559350e-01
1.650815615924401000e+15,3.252039270317559350e-01
1.650815615926317750e+15,3.252039270317558795e-01
1.650815615928234750e+15,3.252039270317558795e-01
1.650815615930151750e+15,3.252039270317559350e-01
1.650815615932068750e+15,3.252039270317558795e-01
1.650815615933985500e+15,3.252039270317559350e-01
1.650815615935902500e+15,3.252039270317558795e-01
1.650815615937819500e+15,3.252039270317559350e-01
1.650815615939736250e+15,3.252039270317559350e-01
1.650815615941653250e+15,3.252039270317559350e-01
1.650815615943570250e+15,3.252039270317559350e-01
1.650815615945487250e+15,3.252039270317559350e-01
1.650815615947404000e+15,3.252039270317559350e-01
1.650815615949321000e+15,3.252039270317559350e-01
1.650815615951238000e+15,3.252039270317559350e-01
1.650815615953155000e+15,3.252039270317559350e-01
1.650815615955071750e+15,3.252039270317559350e-01
1.650815615956988750e+15,3.252039270317559350e-01
1.650815615958905750e+15,3.252039270317558239e-01
1.650815615960822500e+15,3.252039270317558239e-01
1.650815615962739500e+15,3.252039270317558239e-01
1.650815615964656500e+15,3.252039270317557129e-01
1.650815615966573500e+15,3.252039270317557129e-01
1.650815615968490250e+15,3.252039270317556574e-01
1.650815615970407250e+15,3.252039270317556019e-01
1.650815615972324250e+15,3.252039270317556019e-01
1.650815615974241000e+15,3.252039270317555464e-01
1.650815615976158000e+15,3.252039270317555464e-01
1.650815615978075000e+15,3.252039270317555464e-01
1.650815615979992000e+15,3.252039270317554909e-01
1.650815615981908750e+15,3.252039270317554909e-01
1.650815615983825750e+15,3.252039270317554909e-01
1.650815615985742750e+15,3.252039270317555464e-01
1.650815615987659500e+15,3.252039270317555464e-01
1.650815615989576500e+15,3.252039270317555464e-01
1.650815615991493500e+15,3.252039270317554909e-01
1.650815615993410500e+15,3.252039270317555464e-01
1.650815615995327250e+15,3.252039270317556019e-01
1.650815615997244250e+15,3.252039270317556019e-01
1.650815615999161250e+15,3.252039270317556574e-01
1.650815616001078000e+15,3.252039270317557129e-01
1.650815616002995000e+15,3.252039270317558239e-01
1.650815616004912000e+15,3.252039270317558239e-01
1.650815616006829000e+15,3.252039270317558239e-01
1.650815616008745750e+15,3.252039270317558795e-01
1.650815616010662750e+15,3.252039270317559350e-01
1.650815616012579750e+15,3.252039270317559350e-01
1.650815616014496500e+15,3.252039270317559905e-01
1.650815616016413500e+15,3.252039270317559350e-01
1.650815616018330500e+15,3.252039270317559350e-01
1.650815616020247500e+15,3.252039270317559350e-01
1.650815616022164250e+15,3.252039270317559350e-01
1.650815616024081250e+15,3.252039270317559350e-01
1.650815616025998250e+15,3.252039270317558795e-01
1.650815616027915250e+15,3.252039270317559350e-01
1.650815616029832000e+15,3.252039270317559350e-01
1.650815616031749000e+15,3.252039270317559350e-01
1.650815616033666000e+15,3.252039270317559350e-01
1.650815616035582750e+15,3.252039270317559350e-01
1.650815616037499750e+15,3.252039270317559350e-01
1.650815616039416750e+15,3.252039270317559350e-01
1.650815616041333750e+15,3.252039270317559905e-01
1.650815616043250500e+15,3.252039270317559350e-01
1.650815616045167500e+15,3.252039270317559350e-01
1.650815616047084500e+15,3.252039270317559350e-01
1.650815616049001250e+15,3.252039270317559905e-01
1.650815616050918250e+15,3.252039270317559350e-01
1.650815616052835250e+15,3.252039270317559350e-01
1.650815616054752250e+15,3.252039270317559350e-01
1.650815616056669000e+15,3.252039270317559350e-01
1.650815616058586000e+15,3.252039270317559350e-01
1.650815616060503000e+15,3.252039270317559350e-01
1.650815616062419750e+15,3.252039270317559350e-01
1.650815616064336750e+15,3.252039270317559350e-01
1.650815616066253750e+15,3.252039270317559350e-01
1.650815616068170750e+15,3.252039270317559350e-01
1.650815616070087500e+15,3.252039270317559350e-01
1.650815616072004500e+15,3.252039270317559350e-01
1.650815616073921500e+15,3.252039270317559350e-01
1.650815616075838250e+15,3.252039270317559350e-01
1.650815616077755250e+15,3.252039270317559350e-01
1.650815616079672250e+15,3.252039270317559350e-01
1.650815616081589250e+15,3.252039270317559350e-01
1.650815616083506000e+15,3.252039270317559350e-01
1.650815616085423000e+15,3.252039270317559350e-01
1.650815616087340000e+15,3.252039270317559350e-01
1.650815616089256750e+15,3.252039270317559350e-01
1.650815616091173750e+15,3.252039270317559350e-01
1.650815616093090750e+15,3.252039270317559350e-01
1.650815616095007750e+15,3.252039270317559350e-01
1.650815616096924500e+15,3.252039270317559350e-01
1.650815616098841500e+15,3.252039270317559350e-01
1.650815616100758500e+15,3.252039270317559350e-01
1.650815616102675250e+15,3.252039270317559350e-01
1.650815616104592250e+15,3.252039270317559350e-01
1.650815616106509250e+15,3.252039270317559350e-01
1.650815616108426250e+15,3.252039270317559350e-01
1.650815616110343000e+15,3.252039270317559350e-01
1.650815616112260000e+15,3.252039270317559350e-01
1.650815616114177000e+15,3.252039270317559350e-01
1.650815616116094000e+15,3.252039270317559350e-01
1.650815616118010750e+15,3.252039270317559350e-01
1.650815616119927750e+15,3.252039270317559350e-01
1.650815616121844750e+15,3.252039270317559350e-01
1.650815616123761500e+15,3.252039270317559350e-01
1.650815616125678500e+15,3.252039270317559350e-01
1.650815616127595500e+15,3.252039270317559350e-01
1.650815616129512500e+15,3.252039270317559350e-01
1.650815616131429250e+15,3.252039270317559350e-01
1.650815616133346250e+15,3.252039270317559350e-01
1.650815616135263250e+15,3.252039270317559350e-01
1.650815616137180000e+15,3.252039270317559350e-01
1.650815616139097000e+15,3.252039270317559350e-01
1.650815616141014000e+15,3.252039270317559350e-01
1.650815616142931000e+15,3.252039270317559350e-01
1.650815616144847750e+15,3.252039270317559350e-01
1.650815616146764750e+15,3.252039270317559350e-01
1.650815616148681750e+15,3.252039270317559350e-01
1.650815616150598500e+15,3.252039270317559350e-01
1.650815616152515500e+15,3.252039270317559905e-01
1.650815616154432500e+15,3.252039270317559350e-01
1.650815616156349500e+15,3.252039270317559350e-01
1.650815616158266250e+15,3.252039270317559350e-01
1.650815616160183250e+15,3.252039270317559350e-01
1.650815616162100250e+15,3.252039270317559350e-01
1.650815616164017000e+15,3.252039270317559350e-01
1.650815616165934000e+15,3.252039270317559350e-01
1.650815616167851000e+15,3.252039270317559350e-01
1.650815616169768000e+15,3.252039270317559350e-01
1.650815616171684750e+15,3.252039270317559350e-01
1.650815616173601750e+15,3.252039270317559350e-01
1.650815616175518750e+15,3.252039270317559350e-01
1.650815616177435500e+15,3.252039270317559350e-01
1.650815616179352500e+15,3.252039270317559350e-01
1.650815616181269500e+15,3.252039270317559350e-01
1.650815616183186500e+15,3.252039270317559350e-01
1.650815616185103250e+15,3.252039270317559350e-01
1.650815616187020250e+15,3.252039270317559350e-01
1.650815616188937250e+15,3.252039270317559350e-01
1.650815616190854250e+15,3.252039270317559350e-01
1.650815616192771000e+15,3.252039270317559350e-01
1.650815616194688000e+15,3.252039270317559350e-01
1.650815616196605000e+15,3.252039270317559350e-01
1.650815616198521750e+15,3.252039270317559350e-01
1.650815616200438750e+15,3.252039270317559350e-01
1.650815616202355750e+15,3.252039270317559350e-01
1.650815616204272750e+15,3.252039270317559350e-01
1.650815616206189500e+15,3.252039270317559350e-01
1.650815616208106500e+15,3.252039270317559350e-01
1.650815616210023500e+15,3.252039270317559350e-01
1.650815616211940250e+15,3.252039270317559350e-01
1.650815616213857250e+15,3.252039270317559905e-01
1.650815616215774250e+15,3.252039270317559905e-01
1.650815616217691250e+15,3.252039270317559905e-01
1.650815616219608000e+15,3.252039270317559350e-01
1.650815616221525000e+15,3.252039270317559350e-01
1.650815616223442000e+15,3.252039270317559350e-01
1.650815616225358750e+15,3.252039270317559350e-01
1.650815616227275750e+15,3.252039270317559350e-01
1.650815616229192750e+15,3.252039270317559350e-01
1.650815616231109750e+15,3.252039270317559350e-01
1.650815616233026500e+15,3.252039270317559350e-01
1.650815616234943500e+15,3.252039270317559350e-01
1.650815616236860500e+15,3.252039270317559350e-01
1.650815616238777250e+15,3.252039270317559350e-01
1.650815616240694250e+15,3.252039270317559350e-01
1.650815616242611250e+15,3.252039270317558795e-01
1.650815616244528250e+15,3.252039270317559350e-01
1.650815616246445000e+15,3.252039270317559350e-01
1.650815616248362000e+15,3.252039270317559350e-01
1.650815616250279000e+15,3.252039270317559350e-01
1.650815616252195750e+15,3.252039270317559350e-01
1.650815616254112750e+15,3.252039270317559350e-01
1.650815616256029750e+15,3.252039270317559350e-01
1.650815616257946750e+15,3.252039270317559350e-01
1.650815616259863500e+15,3.252039270317559350e-01
1.650815616261780500e+15,3.252039270317559350e-01
1.650815616263697500e+15,3.252039270317559350e-01
1.650815616265614500e+15,3.252039270317559350e-01
1.650815616267531250e+15,3.252039270317559350e-01
1.650815616269448250e+15,3.252039270317559350e-01
1.650815616271365250e+15,3.252039270317559350e-01
1.650815616273282000e+15,3.252039270317559350e-01
1.650815616275199000e+15,3.252039270317559350e-01
1.650815616277116000e+15,3.252039270317559350e-01
1.650815616279033000e+15,3.252039270317559350e-01
1.650815616280949750e+15,3.252039270317559350e-01
1.650815616282866750e+15,3.252039270317559350e-01
1.650815616284783750e+15,3.252039270317559350e-01
1.650815616286700500e+15,3.252039270317559905e-01
1.650815616288617500e+15,3.252039270317560460e-01
1.650815616290534500e+15,3.252039270317560460e-01
1.650815616292451500e+15,3.252039270317561015e-01
1.650815616294368250e+15,3.252039270317561570e-01
1.650815616296285250e+15,3.252039270317561570e-01
1.650815616298202250e+15,3.252039270317562680e-01
1.650815616300119000e+15,3.252039270317562680e-01
1.650815616302036000e+15,3.252039270317562680e-01
1.650815616303953000e+15,3.252039270317563791e-01
1.650815616305870000e+15,3.252039270317564346e-01
1.650815616307786750e+15,3.252039270317562680e-01
1.650815616309703750e+15,3.252039270317562125e-01
1.650815616311620750e+15,3.252039270317561570e-01
1.650815616313537500e+15,3.252039270317561570e-01
1.650815616315454500e+15,3.252039270317561015e-01
1.650815616317371500e+15,3.252039270317560460e-01
1.650815616319288500e+15,3.252039270317559905e-01
1.650815616321205250e+15,3.252039270317558795e-01
1.650815616323122250e+15,3.252039270317559350e-01
1.650815616325039250e+15,3.252039270317559350e-01
1.650815616326956000e+15,3.252039270317559350e-01
1.650815616328873000e+15,3.252039270317558795e-01
1.650815616330790000e+15,3.252039270317559350e-01
1.650815616332707000e+15,3.251491048276197726e-01
1.650815616334623750e+15,3.238189724253670576e-01
1.650815616336540750e+15,3.224886665351265336e-01
1.650815616338457750e+15,3.211583606448860095e-01
1.650815616340374750e+15,3.198280547546455410e-01
1.650815616342291500e+15,3.190680038802136131e-01
1.650815616344208500e+15,3.190680038802135576e-01
1.650815616346125500e+15,3.190680038802136131e-01
1.650815616348042250e+15,3.190680038802136131e-01
1.650815616349959250e+15,3.190680038802135576e-01
1.650815616351876250e+15,3.190680038802135576e-01
1.650815616353793250e+15,3.190680038802136131e-01
1.650815616355710000e+15,3.190680038802136131e-01
1.650815616357627000e+15,3.190680038802136131e-01
1.650815616359544000e+15,3.190680038802135576e-01
1.650815616361460750e+15,3.190680038802136131e-01
1.650815616363377750e+15,3.200913095577960221e-01
1.650815616365294750e+15,3.212447283341743898e-01
1.650815616367211750e+15,3.223981471105528129e-01
1.650815616369128500e+15,3.235514154671637610e-01
1.650815616371045500e+15,3.247048342435421286e-01
1.650815616372962500e+15,3.252039270317559905e-01
1.650815616374879250e+15,3.252039270317560460e-01
1.650815616376796250e+15,3.252039270317561015e-01
1.650815616378713250e+15,3.252039270317561570e-01
1.650815616380630250e+15,3.252039270317562125e-01
1.650815616382547000e+15,3.252039270317562680e-01
1.650815616384464000e+15,3.252039270317563235e-01
1.650815616386381000e+15,3.252039270317563791e-01
1.650815616388297750e+15,3.252039270317563791e-01
1.650815616390214750e+15,3.252039270317563791e-01
1.650815616392131750e+15,3.252039270317563791e-01
1.650815616394048750e+15,3.252039270317564346e-01
1.650815616395965500e+15,3.248785568477044472e-01
1.650815616397882500e+15,3.243805651169038295e-01
1.650815616399799500e+15,3.238825733861033229e-01
1.650815616401716250e+15,3.233846465994512087e-01
1.650815616403633250e+15,3.228866548686506466e-01
1.650815616405550250e+15,3.223886631378500844e-01
1.650815616407467250e+15,3.218906714070495223e-01
1.650815616409384000e+15,3.213927446203975191e-01
1.650815616411301000e+15,3.208947528895969570e-01
1.650815616413218000e+15,3.203967611587963948e-01
1.650815616415134750e+15,3.198988343721443917e-01
1.650815616417051750e+15,3.194008426413437740e-01
1.650815616418968750e+15,3.197247785487190019e-01
1.650815616420885750e+15,3.217051749931179039e-01
1.650815616422802500e+15,3.236853131698531616e-01
1.650815616424719500e+15,3.256657096142520080e-01
1.650815616426636500e+15,3.276461060586509100e-01
1.650815616428553500e+15,3.296265025030497564e-01
1.650815616430470250e+15,3.313398501832978127e-01
1.650815616432387250e+15,3.313398501832978682e-01
1.650815616434304250e+15,3.313398501832979792e-01
1.650815616436221000e+15,3.313398501832980347e-01
1.650815616438138000e+15,3.313398501832981458e-01
1.650815616440055000e+15,3.313398501832982568e-01
1.650815616441972000e+15,3.313398501832983123e-01
1.650815616443888750e+15,3.313398501832983678e-01
1.650815616445805750e+15,3.313398501832984788e-01
1.650815616447722750e+15,3.313398501832985343e-01
1.650815616449639500e+15,3.313398501832986454e-01
1.650815616451556500e+15,3.313398501832987564e-01
1.650815616453473500e+15,3.313398501832988119e-01
1.650815616455390500e+15,3.313398501832989229e-01
1.650815616457307250e+15,3.313398501832989784e-01
1.650815616459224250e+15,3.313398501832990339e-01
1.650815616461141250e+15,3.313398501832990339e-01
1.650815616463058000e+15,3.313398501832989784e-01
1.650815616464975000e+15,3.313398501832987564e-01
1.650815616466892000e+15,3.313398501832987009e-01
1.650815616468809000e+15,3.313398501832985898e-01
1.650815616470725750e+15,3.313398501832983678e-01
1.650815616472642750e+15,3.313398501832982568e-01
1.650815616474559750e+15,3.313398501832980902e-01
1.650815616476476500e+15,3.313398501832979792e-01
1.650815616478393500e+15,3.313398501832978682e-01
1.650815616480310500e+15,3.313398501832978127e-01
1.650815616482227500e+15,3.313398501832978682e-01
1.650815616484144250e+15,3.313398501832978127e-01
1.650815616486061250e+15,3.313398501832978127e-01
1.650815616487978250e+15,3.313398501832978127e-01
1.650815616489895000e+15,3.313398501832978127e-01
1.650815616491812000e+15,3.313398501832978127e-01
1.650815616493729000e+15,3.313398501832978127e-01
1.650815616495646000e+15,3.313398501832978127e-01
1.650815616497562750e+15,3.313398501832981458e-01
1.650815616499479750e+15,3.313398501832984788e-01
1.650815616501396750e+15,3.313398501832988119e-01
1.650815616503313750e+15,3.313398501832990894e-01
1.650815616505230500e+15,3.313398501832994225e-01
1.650815616507147500e+15,3.313398501832994225e-01
1.650815616509064500e+15,3.313398501832990894e-01
1.650815616510981250e+15,3.313398501832987009e-01
1.650815616512898250e+15,3.313398501832983678e-01
1.650815616514815250e+15,3.313398501832980347e-01
1.650815616516732250e+15,3.313398501832978127e-01
1.650815616518649000e+15,3.313398501832978127e-01
1.650815616520566000e+15,3.313398501832978127e-01
1.650815616522483000e+15,3.313398501832978127e-01
1.650815616524399750e+15,3.313398501832978127e-01
1.650815616526316750e+15,3.313398501832978127e-01
1.650815616528233750e+15,3.313398501832978127e-01
1.650815616530150750e+15,3.313398501832978127e-01
1.650815616532067500e+15,3.313398501832978127e-01
1.650815616533984500e+15,3.313398501832978682e-01
1.650815616535901500e+15,3.313398501832978127e-01
1.650815616537818250e+15,3.313398501832978127e-01
1.650815616539735250e+15,3.313398501832978127e-01
1.650815616541652250e+15,3.313398501832978682e-01
1.650815616543569250e+15,3.313398501832979237e-01
1.650815616545486000e+15,3.313398501832979237e-01
1.650815616547403000e+15,3.313398501832980347e-01
1.650815616549320000e+15,3.313398501832980347e-01
1.650815616551236750e+15,3.313398501832980347e-01
1.650815616553153750e+15,3.313398501832980902e-01
1.650815616555070750e+15,3.313398501832981458e-01
1.650815616556987750e+15,3.313398501832982013e-01
1.650815616558904500e+15,3.313398501832982013e-01
1.650815616560821500e+15,3.313398501832982568e-01
1.650815616562738500e+15,3.313398501832982568e-01
1.650815616564655250e+15,3.313398501832982568e-01
1.650815616566572250e+15,3.313398501832982568e-01
1.650815616568489250e+15,3.313398501832982568e-01
1.650815616570406250e+15,3.313398501832982568e-01
1.650815616572323000e+15,3.313398501832982568e-01
1.650815616574240000e+15,3.313398501832982013e-01
1.650815616576157000e+15,3.313398501832981458e-01
1.650815616578074000e+15,3.313398501832980347e-01
1.650815616579990750e+15,3.313398501832979792e-01
1.650815616581907750e+15,3.313398501832979237e-01
1.650815616583824750e+15,3.313398501832978127e-01
1.650815616585741500e+15,3.307566737974176330e-01
1.650815616587658500e+15,3.284055715224812877e-01
1.650815616589575500e+15,3.260544692475449424e-01
1.650815616591492500e+15,3.237033669726085416e-01
1.650815616593409250e+15,3.213525713098625003e-01
1.650815616595326250e+15,3.191176051067026731e-01
1.650815616597243250e+15,3.208703341607195281e-01
1.650815616599160000e+15,3.226228346376558420e-01
1.650815616601077000e+15,3.243755636916726415e-01
1.650815616602994000e+15,3.261282927456894964e-01
1.650815616604911000e+15,3.278810217997063514e-01
1.650815616606827750e+15,3.296335222766426098e-01
1.650815616608744750e+15,3.313031676411919424e-01
1.650815616610661750e+15,3.299175433413324976e-01
1.650815616612578500e+15,3.285320997436509405e-01
1.650815616614495500e+15,3.271464754437914957e-01
1.650815616616412500e+15,3.257608511439321064e-01
1.650815616618329500e+15,3.252039270317559350e-01
1.650815616620246250e+15,3.252039270317559350e-01
1.650815616622163250e+15,3.252039270317559350e-01
1.650815616624080250e+15,3.252039270317559350e-01
1.650815616625997000e+15,3.252039270317558795e-01
1.650815616627914000e+15,3.252039270317559350e-01
1.650815616629831000e+15,3.252039270317559350e-01
1.650815616631748000e+15,3.252039270317559350e-01
1.650815616633664750e+15,3.252039270317559350e-01
1.650815616635581750e+15,3.252039270317559350e-01
1.650815616637498750e+15,3.252039270317559350e-01
1.650815616639415500e+15,3.250131943229455089e-01
1.650815616641332500e+15,3.245028878291708607e-01
1.650815616643249500e+15,3.239925813353961015e-01
1.650815616645166500e+15,3.234822748416214533e-01
1.650815616647083250e+15,3.229720348979894240e-01
1.650815616649000250e+15,3.224617284042147203e-01
1.650815616650917250e+15,3.219514219104400166e-01
1.650815616652834000e+15,3.214411819668079873e-01
1.650815616654751000e+15,3.209308754730332836e-01
1.650815616656668000e+15,3.204205689792585798e-01
1.650815616658585000e+15,3.199102624854838761e-01
1.650815616660501750e+15,3.194000225418518468e-01
1.650815616662418750e+15,3.194213602457119938e-01
1.650815616664335750e+15,3.204327587565896640e-01
1.650815616666252750e+15,3.214441572674673342e-01
1.650815616668169500e+15,3.224554238797390227e-01
1.650815616670086500e+15,3.234668223906166928e-01
1.650815616672003500e+15,3.244782209014943630e-01
1.650815616673920250e+15,3.249096104413830566e-01
1.650815616675837250e+15,3.238671995337698561e-01
1.650815616677754250e+15,3.228247886261566002e-01
1.650815616679671250e+15,3.217823777185434553e-01
1.650815616681588000e+15,3.207401027539281135e-01
1.650815616683505000e+15,3.196976918463148576e-01
1.650815616685422000e+15,3.192814493026445710e-01
1.650815616687338750e+15,3.198204763295806607e-01
1.650815616689255750e+15,3.203595736613330525e-01
1.650815616691172750e+15,3.208986709930855552e-01
1.650815616693089750e+15,3.214377683248379469e-01
1.650815616695006500e+15,3.219767953517740922e-01
1.650815616696923500e+15,3.225158926835265394e-01
1.650815616698840500e+15,3.230549900152789311e-01
1.650815616700757250e+15,3.235940170422150763e-01
1.650815616702674250e+15,3.241331143739674681e-01
1.650815616704591250e+15,3.246722117057200263e-01
1.650815616706508250e+15,3.251969359304612284e-01
1.650815616708425000e+15,3.246864523721159079e-01
1.650815616710342000e+15,3.241759022318534411e-01
1.650815616712259000e+15,3.236653520915909743e-01
1.650815616714175750e+15,3.231548685332456539e-01
1.650815616716092750e+15,3.226443183929831870e-01
1.650815616718009750e+15,3.221337682527207757e-01
1.650815616719926750e+15,3.216232181124583089e-01
1.650815616721843500e+15,3.211127345541129330e-01
1.650815616723760500e+15,3.206021844138504662e-01
1.650815616725677500e+15,3.200916342735879994e-01
1.650815616727594250e+15,3.195811507152426789e-01
1.650815616729511250e+15,3.190706005749802121e-01
1.650815616731428250e+15,3.199642847587292893e-01
1.650815616733345250e+15,3.208651474899467670e-01
1.650815616735262000e+15,3.217658927377616274e-01
1.650815616737179000e+15,3.226667554689790496e-01
1.650815616739096000e+15,3.235676182001965828e-01
1.650815616741013000e+15,3.244684809314140606e-01
1.650815616742929750e+15,3.252039270317559350e-01
1.650815616744846750e+15,3.252039270317559350e-01
1.650815616746763750e+15,3.252039270317559350e-01
1.650815616748680500e+15,3.252039270317559350e-01
1.650815616750597500e+15,3.252039270317559350e-01
1.650815616752514500e+15,3.252039270317559350e-01
1.650815616754431500e+15,3.252039270317559350e-01
1.650815616756348250e+15,3.252039270317559350e-01
1.650815616758265250e+15,3.252039270317559350e-01
1.650815616760182250e+15,3.252039270317559350e-01
1.650815616762099000e+15,3.252039270317559350e-01
1.650815616764016000e+15,3.252039270317558795e-01
1.650815616765933000e+15,3.252039270317559350e-01
1.650815616767850000e+15,3.252039270317559350e-01
1.650815616769766750e+15,3.252039270317559350e-01
1.650815616771683750e+15,3.252039270317559350e-01
1.650815616773600750e+15,3.252039270317559350e-01
1.650815616775517500e+15,3.252039270317559350e-01
1.650815616777434500e+15,3.252039270317559350e-01
1.650815616779351500e+15,3.252039270317559350e-01
1.650815616781268500e+15,3.252039270317559350e-01
1.650815616783185250e+15,3.252039270317559350e-01
1.650815616785102250e+15,3.252039270317558795e-01
1.650815616787019250e+15,3.252039270317558795e-01
1.650815616788936000e+15,3.252039270317559350e-01
1.650815616790853000e+15,3.252039270317559350e-01
1.650815616792770000e+15,3.252039270317558795e-01
1.650815616794687000e+15,3.252039270317559350e-01
1.650815616796603750e+15,3.252039270317558795e-01
1.650815616798520750e+15,3.252039270317558795e-01
1.650815616800437750e+15,3.252039270317559350e-01
1.650815616802354500e+15,3.252039270317559350e-01
1.650815616804271500e+15,3.252039270317559350e-01
1.650815616806188500e+15,3.252039270317559350e-01
1.650815616808105500e+15,3.252039270317559350e-01
1.650815616810022250e+15,3.252039270317559905e-01
1.650815616811939250e+15,3.252039270317561570e-01
1.650815616813856250e+15,3.252039270317563235e-01
1.650815616815773250e+15,3.252039270317564901e-01
1.650815616817690000e+15,3.252039270317566011e-01
1.650815616819607000e+15,3.252039270317567676e-01
1.650815616821524000e+15,3.252039270317567676e-01
1.650815616823440750e+15,3.252039270317566566e-01
1.650815616825357750e+15,3.252039270317566011e-01
1.650815616827274750e+15,3.252039270317565456e-01
1.650815616829191750e+15,3.252039270317564901e-01
1.650815616831108500e+15,3.252039270317563791e-01
1.650815616833025500e+15,3.252039270317562680e-01
1.650815616834942500e+15,3.252039270317562125e-01
1.650815616836859250e+15,3.252039270317561570e-01
1.650815616838776250e+15,3.252039270317560460e-01
1.650815616840693250e+15,3.252039270317559350e-01
1.650815616842610250e+15,3.252039270317559350e-01
1.650815616844527000e+15,3.252039270317559350e-01
1.650815616846444000e+15,3.252039270317559350e-01
1.650815616848361000e+15,3.252039270317559905e-01
1.650815616850277750e+15,3.252039270317558795e-01
1.650815616852194750e+15,3.252039270317559350e-01
1.650815616854111750e+15,3.252039270317559350e-01
1.650815616856028750e+15,3.252039270317559350e-01
1.650815616857945500e+15,3.252039270317559350e-01
1.650815616859862500e+15,3.252039270317559350e-01
1.650815616861779500e+15,3.252039270317559350e-01
1.650815616863696250e+15,3.252039270317559350e-01
1.650815616865613250e+15,3.252039270317559350e-01
1.650815616867530250e+15,3.252039270317559350e-01
1.650815616869447250e+15,3.252039270317559350e-01
1.650815616871364000e+15,3.252039270317559350e-01
1.650815616873281000e+15,3.252039270317558795e-01
1.650815616875198000e+15,3.252039270317559905e-01
1.650815616877114750e+15,3.252039270317561015e-01
1.650815616879031750e+15,3.252039270317562680e-01
1.650815616880948750e+15,3.252039270317563791e-01
1.650815616882865750e+15,3.252039270317564901e-01
1.650815616884782500e+15,3.252039270317566011e-01
1.650815616886699500e+15,3.252039270317567121e-01
1.650815616888616500e+15,3.252039270317568231e-01
1.650815616890533500e+15,3.252039270317568787e-01
1.650815616892450250e+15,3.252039270317568231e-01
1.650815616894367250e+15,3.252039270317568231e-01
1.650815616896284250e+15,3.252039270317568231e-01
1.650815616898201000e+15,3.252039270317568231e-01
1.650815616900118000e+15,3.252039270317568231e-01
1.650815616902035000e+15,3.252039270317568231e-01
1.650815616903952000e+15,3.252039270317568231e-01
1.650815616905868750e+15,3.252039270317568231e-01
1.650815616907785750e+15,3.252039270317568231e-01
1.650815616909702750e+15,3.252039270317568231e-01
1.650815616911619500e+15,3.252039270317568231e-01
1.650815616913536500e+15,3.252039270317567676e-01
1.650815616915453500e+15,3.252039270317568231e-01
1.650815616917370500e+15,3.252039270317568231e-01
1.650815616919287250e+15,3.252039270317568231e-01
1.650815616921204250e+15,3.252039270317568231e-01
1.650815616923121250e+15,3.252039270317567676e-01
1.650815616925038000e+15,3.252039270317568231e-01
1.650815616926955000e+15,3.252039270317567676e-01
1.650815616928872000e+15,3.252039270317568231e-01
1.650815616930789000e+15,3.252039270317568231e-01
1.650815616932705750e+15,3.252039270317568231e-01
1.650815616934622750e+15,3.252039270317568231e-01
1.650815616936539750e+15,3.252039270317568231e-01
1.650815616938456500e+15,3.252039270317568231e-01
1.650815616940373500e+15,3.252039270317568231e-01
1.650815616942290500e+15,3.252039270317568231e-01
1.650815616944207500e+15,3.252039270317566566e-01
1.650815616946124250e+15,3.252039270317565456e-01
1.650815616948041250e+15,3.252039270317563791e-01
1.650815616949958250e+15,3.252039270317562125e-01
1.650815616951875000e+15,3.252039270317560460e-01
1.650815616953792000e+15,3.252039270317559905e-01
1.650815616955709000e+15,3.252039270317559350e-01
1.650815616957626000e+15,3.252039270317559350e-01
1.650815616959542750e+15,3.252039270317559350e-01
1.650815616961459750e+15,3.252039270317559350e-01
1.650815616963376750e+15,3.252039270317559350e-01
1.650815616965293500e+15,3.252039270317559350e-01
1.650815616967210500e+15,3.260761929376827517e-01
1.650815616969127500e+15,3.269837282113119414e-01
1.650815616971044500e+15,3.278912634849410757e-01
1.650815616972961250e+15,3.287986804049873313e-01
1.650815616974878250e+15,3.297062156786164655e-01
1.650815616976795250e+15,3.306137509522456552e-01
1.650815616978712250e+15,3.310856239619117680e-01
1.650815616980629000e+15,3.298141611834556342e-01
1.650815616982546000e+15,3.285425325692385989e-01
1.650815616984463000e+15,3.272709039550215637e-01
1.650815616986379750e+15,3.259994411765654299e-01
1.650815616988296750e+15,3.252039270317559350e-01
1.650815616990213750e+15,3.252039270317558795e-01
1.650815616992130750e+15,3.252039270317559350e-01
1.650815616994047500e+15,3.252039270317559350e-01
1.650815616995964500e+15,3.252039270317559350e-01
1.650815616997881500e+15,3.252039270317559350e-01
1.650815616999798250e+15,3.252039270317558795e-01
1.650815617001715250e+15,3.248576341309640236e-01
1.650815617003632250e+15,3.226092226463980195e-01
1.650815617005549250e+15,3.203608111618320153e-01
1.650815617007466000e+15,3.181126928973344592e-01
1.650815617009383000e+15,3.158642814127683995e-01
1.650815617011300000e+15,3.136158699282023954e-01
1.650815617013216750e+15,3.125085111668795546e-01
1.650815617015133750e+15,3.118997142784417642e-01
1.650815617017050750e+15,3.112909173900039184e-01
1.650815617018967750e+15,3.106821205015661835e-01
1.650815617020884500e+15,3.100734030076104375e-01
1.650815617022801500e+15,3.094646061191725916e-01
1.650815617024718500e+15,3.088558092307348568e-01
1.650815617026635250e+15,3.082470917367791108e-01
1.650815617028552250e+15,3.076382948483413204e-01
1.650815617030469250e+15,3.070294979599035301e-01
1.650815617032386250e+15,3.072100680613183421e-01
1.650815617034303000e+15,3.078811299522642431e-01
1.650815617036220000e+15,3.085522793692165866e-01
1.650815617038137000e+15,3.092234287861689856e-01
1.650815617040053750e+15,3.098944906771149421e-01
1.650815617041970750e+15,3.105656400940672301e-01
1.650815617043887750e+15,3.112367895110195182e-01
1.650815617045804750e+15,3.119079389279718617e-01
1.650815617047721500e+15,3.125790008189178737e-01
1.650815617049638500e+15,3.129320807286708472e-01
1.650815617051555500e+15,3.129320807286708472e-01
1.650815617053472500e+15,3.129320807286708472e-01
1.650815617055389250e+15,3.129320807286708472e-01
1.650815617057306250e+15,3.129320807286708472e-01
1.650815617059223250e+15,3.129320807286708472e-01
1.650815617061140000e+15,3.129320807286708472e-01
1.650815617063057000e+15,3.129320807286708472e-01
1.650815617064974000e+15,3.129320807286708472e-01
1.650815617066891000e+15,3.129320807286708472e-01
1.650815617068807750e+15,3.129320807286707917e-01
1.650815617070724750e+15,3.129320807286708472e-01
1.650815617072641750e+15,3.129320807286708472e-01
1.650815617074558500e+15,3.129320807286707362e-01
1.650815617076475500e+15,3.129320807286707362e-01
1.650815617078392500e+15,3.129320807286706252e-01
1.650815617080309500e+15,3.129320807286705697e-01
1.650815617082226250e+15,3.129320807286705142e-01
1.650815617084143250e+15,3.129320807286704587e-01
1.650815617086060250e+15,3.129320807286704587e-01
1.650815617087977000e+15,3.129320807286705142e-01
1.650815617089894000e+15,3.129320807286706252e-01
1.650815617091811000e+15,3.129320807286707362e-01
1.650815617093728000e+15,3.129320807286707917e-01
1.650815617095644750e+15,3.129320807286708472e-01
1.650815617097561750e+15,3.129320807286708472e-01
1.650815617099478750e+15,3.129320807286708472e-01
1.650815617101395500e+15,3.129320807286708472e-01
1.650815617103312500e+15,3.129320807286708472e-01
1.650815617105229500e+15,3.129320807286708472e-01
1.650815617107146500e+15,3.129320807286708472e-01
1.650815617109063250e+15,3.129320807286708472e-01
1.650815617110980250e+15,3.129320807286708472e-01
1.650815617112897250e+15,3.129320807286708472e-01
1.650815617114814000e+15,3.129320807286708472e-01
1.650815617116731000e+15,3.129320807286709027e-01
1.650815617118648000e+15,3.129320807286708472e-01
1.650815617120565000e+15,3.129320807286708472e-01
1.650815617122481750e+15,3.129320807286708472e-01
1.650815617124398750e+15,3.129320807286708472e-01
1.650815617126315750e+15,3.129320807286708472e-01
1.650815617128232750e+15,3.129320807286708472e-01
1.650815617130149500e+15,3.129320807286708472e-01
1.650815617132066500e+15,3.129320807286708472e-01
1.650815617133983500e+15,3.129320807286708472e-01
1.650815617135900250e+15,3.129320807286708472e-01
1.650815617137817250e+15,3.129320807286708472e-01
1.650815617139734250e+15,3.129320807286708472e-01
1.650815617141651250e+15,3.129320807286708472e-01
1.650815617143568000e+15,3.129320807286708472e-01
1.650815617145485000e+15,3.129320807286708472e-01
1.650815617147402000e+15,3.129320807286708472e-01
1.650815617149318750e+15,3.129320807286708472e-01
1.650815617151235750e+15,3.129320807286708472e-01
1.650815617153152750e+15,3.129320807286708472e-01
1.650815617155069750e+15,3.129320807286708472e-01
1.650815617156986500e+15,3.129320807286708472e-01
1.650815617158903500e+15,3.129320807286708472e-01
1.650815617160820500e+15,3.129320807286708472e-01
1.650815617162737250e+15,3.129320807286708472e-01
1.650815617164654250e+15,3.129320807286708472e-01
1.650815617166571250e+15,3.129320807286708472e-01
1.650815617168488250e+15,3.129320807286708472e-01
1.650815617170405000e+15,3.129320807286708472e-01
1.650815617172322000e+15,3.129320807286708472e-01
1.650815617174239000e+15,3.129320807286708472e-01
1.650815617176155750e+15,3.129320807286707917e-01
1.650815617178072750e+15,3.129320807286708472e-01
1.650815617179989750e+15,3.129320807286708472e-01
1.650815617181906750e+15,3.129320807286707917e-01
1.650815617183823500e+15,3.129320807286708472e-01
1.650815617185740500e+15,3.129320807286708472e-01
1.650815617187657500e+15,3.129320807286708472e-01
1.650815617189574250e+15,3.129320807286707917e-01
1.650815617191491250e+15,3.129320807286707917e-01
1.650815617193408250e+15,3.129320807286707362e-01
1.650815617195325250e+15,3.129320807286706807e-01
1.650815617197242000e+15,3.129320807286706252e-01
1.650815617199159000e+15,3.129320807286706252e-01
1.650815617201076000e+15,3.129320807286705697e-01
1.650815617202993000e+15,3.129320807286705142e-01
1.650815617204909750e+15,3.129320807286705142e-01
1.650815617206826750e+15,3.129320807286704587e-01
1.650815617208743750e+15,3.129320807286704031e-01
1.650815617210660500e+15,3.129320807286704031e-01
1.650815617212577500e+15,3.129320807286705142e-01
1.650815617214494500e+15,3.129320807286705697e-01
1.650815617216411500e+15,3.129320807286706252e-01
1.650815617218328250e+15,3.129320807286706807e-01
1.650815617220245250e+15,3.129320807286707362e-01
1.650815617222162250e+15,3.129320807286708472e-01
1.650815617224079000e+15,3.129320807286709027e-01
1.650815617225996000e+15,3.129320807286709027e-01
1.650815617227913000e+15,3.129320807286708472e-01
1.650815617229830000e+15,3.129320807286708472e-01
1.650815617231746750e+15,3.129320807286708472e-01
1.650815617233663750e+15,3.129320807286708472e-01
1.650815617235580750e+15,3.129320807286708472e-01
1.650815617237497500e+15,3.129320807286708472e-01
1.650815617239414500e+15,3.129320807286708472e-01
1.650815617241331500e+15,3.129320807286708472e-01
1.650815617243248500e+15,3.129320807286708472e-01
1.650815617245165250e+15,3.129320807286707362e-01
1.650815617247082250e+15,3.129320807286706807e-01
1.650815617248999250e+15,3.129320807286705697e-01
1.650815617250916000e+15,3.129320807286705142e-01
1.650815617252833000e+15,3.129320807286704031e-01
1.650815617254750000e+15,3.129320807286703476e-01
1.650815617256667000e+15,3.129320807286702921e-01
1.650815617258583750e+15,3.129320807286701811e-01
1.650815617260500750e+15,3.129320807286701256e-01
1.650815617262417750e+15,3.129320807286700146e-01
1.650815617264334500e+15,3.129320807286699035e-01
1.650815617266251500e+15,3.129320807286700701e-01
1.650815617268168500e+15,3.129320807286701811e-01
1.650815617270085500e+15,3.129320807286703476e-01
1.650815617272002250e+15,3.129320807286705142e-01
1.650815617273919250e+15,3.129320807286706252e-01
1.650815617275836250e+15,3.129320807286706807e-01
1.650815617277753000e+15,3.124993104047082970e-01
1.650815617279670000e+15,3.114119962355913485e-01
1.650815617281587000e+15,3.103246820664742889e-01
1.650815617283504000e+15,3.092373678973573403e-01
1.650815617285420750e+15,3.081501955271669924e-01
1.650815617287337750e+15,3.070628813580499883e-01
1.650815617289254750e+15,3.075788367183284189e-01
1.650815617291171750e+15,3.086159170111786865e-01
1.650815617293088500e+15,3.096528620562077339e-01
1.650815617295005500e+15,3.106899423490580014e-01
1.650815617296922500e+15,3.117270226419082135e-01
1.650815617298839250e+15,3.127639676869372609e-01
1.650815617300756250e+15,3.129320807286708472e-01
1.650815617302673250e+15,3.129320807286708472e-01
1.650815617304590250e+15,3.129320807286708472e-01
1.650815617306507000e+15,3.129320807286708472e-01
1.650815617308424000e+15,3.129320807286708472e-01
1.650815617310341000e+15,3.132571239960189602e-01
1.650815617312257750e+15,3.142768076010753475e-01
1.650815617314174750e+15,3.152966242025586063e-01
1.650815617316091750e+15,3.163164408040419207e-01
1.650815617318008750e+15,3.173362574055251795e-01
1.650815617319925500e+15,3.183559410105816223e-01
1.650815617321842500e+15,3.193918162815246320e-01
1.650815617323759500e+15,3.204648471774839691e-01
1.650815617325676250e+15,3.215377381372283572e-01
1.650815617327593250e+15,3.226107690331876388e-01
1.650815617329510250e+15,3.236837999291468648e-01
1.650815617331427250e+15,3.247568308251062019e-01
1.650815617333344000e+15,3.248752588598785573e-01
1.650815617335261000e+15,3.243117017172230665e-01
1.650815617337178000e+15,3.237481445745675201e-01
1.650815617339094750e+15,3.231846609265836556e-01
1.650815617341011750e+15,3.226211037839281093e-01
1.650815617342928750e+15,3.220575466412725074e-01
1.650815617344845750e+15,3.214939894986170166e-01
1.650815617346762500e+15,3.209305058506331521e-01
1.650815617348679500e+15,3.203669487079776057e-01
1.650815617350596500e+15,3.198033915653220594e-01
1.650815617352513250e+15,3.192399079173381948e-01
1.650815617354430250e+15,3.190680038802135576e-01
1.650815617356347250e+15,3.190680038802135576e-01
1.650815617358264250e+15,3.190680038802135021e-01
1.650815617360181000e+15,3.190680038802135021e-01
1.650815617362098000e+15,3.190680038802134466e-01
1.650815617364015000e+15,3.190680038802133911e-01
1.650815617365932000e+15,3.190680038802133911e-01
1.650815617367848750e+15,3.190680038802133356e-01
1.650815617369765750e+15,3.190680038802132801e-01
1.650815617371682750e+15,3.190680038802132246e-01
1.650815617373599500e+15,3.190680038802132246e-01
1.650815617375516500e+15,3.192599963670749719e-01
1.650815617377433500e+15,3.197152215956637900e-01
1.650815617379350500e+15,3.201704468242526636e-01
1.650815617381267250e+15,3.206256126859624023e-01
1.650815617383184250e+15,3.210808379145512204e-01
1.650815617385101250e+15,3.215360631431400384e-01
1.650815617387018000e+15,3.219912290048497772e-01
1.650815617388935000e+15,3.224464542334386508e-01
1.650815617390852000e+15,3.229016794620275244e-01
1.650815617392769000e+15,3.233569046906163424e-01
1.650815617394685750e+15,3.238120705523260257e-01
1.650815617396602750e+15,3.242672957809148993e-01
1.650815617398519750e+15,3.247225210095037173e-01
1.650815617400436500e+15,3.251776868712135116e-01
1.650815617402353500e+15,3.252039270317554909e-01
1.650815617404270500e+15,3.252039270317554909e-01
1.650815617406187500e+15,3.252039270317554909e-01
1.650815617408104250e+15,3.252039270317554909e-01
1.650815617410021250e+15,3.252039270317555464e-01
1.650815617411938250e+15,3.252039270317556574e-01
1.650815617413855000e+15,3.252039270317557129e-01
1.650815617415772000e+15,3.252039270317557129e-01
1.650815617417689000e+15,3.252039270317558239e-01
1.650815617419606000e+15,3.252039270317559350e-01
1.650815617421522750e+15,3.254692565159078010e-01
1.650815617423439750e+15,3.263131165260596545e-01
1.650815617425356750e+15,3.271569765362115634e-01
1.650815617427273500e+15,3.280007264968055614e-01
1.650815617429190500e+15,3.288445865069574703e-01
1.650815617431107500e+15,3.296884465171093792e-01
1.650815617433024500e+15,3.305323065272613436e-01
1.650815617434941250e+15,3.312972396058574409e-01
1.650815617436858250e+15,3.303041152659800805e-01
1.650815617438775250e+15,3.293109909261027202e-01
1.650815617440692250e+15,3.283178665862253598e-01
1.650815617442609000e+15,3.273248717617809334e-01
1.650815617444526000e+15,3.263317474219036285e-01
1.650815617446443000e+15,3.253386230820262681e-01
1.650815617448359750e+15,3.261045020389597981e-01
1.650815617450276750e+15,3.271465435592916249e-01
1.650815617452193750e+15,3.281885850796234516e-01
1.650815617454110750e+15,3.292306265999552783e-01
1.650815617456027500e+15,3.302725322254618789e-01
1.650815617457944500e+15,3.313145737457937057e-01
1.650815617459861500e+15,3.313398501832977572e-01
1.650815617461778250e+15,3.313398501832977572e-01
1.650815617463695250e+15,3.313398501832978127e-01
1.650815617465612250e+15,3.313398501832977572e-01
1.650815617467529250e+15,3.313398501832978127e-01
1.650815617469446000e+15,3.313398501832978127e-01
1.650815617471363000e+15,3.313398501832979237e-01
1.650815617473280000e+15,3.313398501832979792e-01
1.650815617475196750e+15,3.313398501832981458e-01
1.650815617477113750e+15,3.313398501832981458e-01
1.650815617479030750e+15,3.313398501832982568e-01
1.650815617480947750e+15,3.313398501832983678e-01
1.650815617482864500e+15,3.313398501832984233e-01
1.650815617484781500e+15,3.313398501832984788e-01
1.650815617486698500e+15,3.313398501832985898e-01
1.650815617488615250e+15,3.313398501832987009e-01
1.650815617490532250e+15,3.316524738621869917e-01
1.650815617492449250e+15,3.321831797222080107e-01
1.650815617494366250e+15,3.327138855822290298e-01
1.650815617496283000e+15,3.332445222317832467e-01
1.650815617498200000e+15,3.337752280918042658e-01
1.650815617500117000e+15,3.343059339518253403e-01
1.650815617502033750e+15,3.348365706013795018e-01
1.650815617503950750e+15,3.353672764614005763e-01
1.650815617505867750e+15,3.358979823214216509e-01
1.650815617507784750e+15,3.364286881814426700e-01
1.650815617509701500e+15,3.369593248309968314e-01
1.650815617511618500e+15,3.374757733348410782e-01
1.650815617513535500e+15,3.374757733348410782e-01
1.650815617515452500e+15,3.374757733348410227e-01
1.650815617517369250e+15,3.374757733348410227e-01
1.650815617519286250e+15,3.374757733348410227e-01
1.650815617521203250e+15,3.374757733348410227e-01
1.650815617523120000e+15,3.374757733348410227e-01
1.650815617525037000e+15,3.374757733348410227e-01
1.650815617526954000e+15,3.374757733348410782e-01
1.650815617528871000e+15,3.374757733348410782e-01
1.650815617530787750e+15,3.374757733348411337e-01
1.650815617532704750e+15,3.374757733348411337e-01
1.650815617534621750e+15,3.374757733348412447e-01
1.650815617536538500e+15,3.374757733348412447e-01
1.650815617538455500e+15,3.374757733348412447e-01
1.650815617540372500e+15,3.374757733348413558e-01
1.650815617542289500e+15,3.374757733348413558e-01
1.650815617544206250e+15,3.374757733348414668e-01
1.650815617546123250e+15,3.374757733348414113e-01
1.650815617548040250e+15,3.374757733348414668e-01
1.650815617549957000e+15,3.374757733348414668e-01
1.650815617551874000e+15,3.374757733348414668e-01
1.650815617553791000e+15,3.374757733348414668e-01
1.650815617555708000e+15,3.374757733348415223e-01
1.650815617557624750e+15,3.374757733348414668e-01
1.650815617559541750e+15,3.374757733348414668e-01
1.650815617561458750e+15,3.374757733348414668e-01
1.650815617563375500e+15,3.374757733348414668e-01
1.650815617565292500e+15,3.374757733348414668e-01
1.650815617567209500e+15,3.374757733348415223e-01
1.650815617569126500e+15,3.374757733348414668e-01
1.650815617571043250e+15,3.374757733348414668e-01
1.650815617572960250e+15,3.374757733348414668e-01
1.650815617574877250e+15,3.374757733348414668e-01
1.650815617576794000e+15,3.374757733348415223e-01
1.650815617578711000e+15,3.374757733348415223e-01
1.650815617580628000e+15,3.374757733348415223e-01
1.650815617582545000e+15,3.374757733348414668e-01
1.650815617584461750e+15,3.374757733348414668e-01
1.650815617586378750e+15,3.374757733348414668e-01
1.650815617588295750e+15,3.374757733348414668e-01
1.650815617590212500e+15,3.374757733348415223e-01
1.650815617592129500e+15,3.374757733348414668e-01
1.650815617594046500e+15,3.374757733348414668e-01
1.650815617595963500e+15,3.374757733348414668e-01
1.650815617597880250e+15,3.374757733348414668e-01
1.650815617599797250e+15,3.374757733348414113e-01
1.650815617601714250e+15,3.374757733348414668e-01
1.650815617603631250e+15,3.374757733348414668e-01
1.650815617605548000e+15,3.374757733348414668e-01
1.650815617607465000e+15,3.374757733348414668e-01
1.650815617609382000e+15,3.374757733348414668e-01
1.650815617611298750e+15,3.374757733348414668e-01
1.650815617613215750e+15,3.374757733348415223e-01
1.650815617615132750e+15,3.374757733348415223e-01
1.650815617617049750e+15,3.374757733348414668e-01
1.650815617618966500e+15,3.374757733348414668e-01
1.650815617620883500e+15,3.374757733348415223e-01
1.650815617622800500e+15,3.374757733348415223e-01
1.650815617624717250e+15,3.374757733348415223e-01
1.650815617626634250e+15,3.374757733348414668e-01
1.650815617628551250e+15,3.374757733348415223e-01
1.650815617630468250e+15,3.374757733348415223e-01
1.650815617632385000e+15,3.374757733348414668e-01
1.650815617634302000e+15,3.374757733348414668e-01
1.650815617636219000e+15,3.374757733348414668e-01
1.650815617638135750e+15,3.374757733348414668e-01
1.650815617640052750e+15,3.374757733348414668e-01
1.650815617641969750e+15,3.374757733348414668e-01
1.650815617643886750e+15,3.374757733348415223e-01
1.650815617645803500e+15,3.374757733348414668e-01
1.650815617647720500e+15,3.374757733348414668e-01
1.650815617649637500e+15,3.374757733348414668e-01
1.650815617651554250e+15,3.374757733348414668e-01
1.650815617653471250e+15,3.374757733348414668e-01
1.650815617655388250e+15,3.374757733348414668e-01
1.650815617657305250e+15,3.374757733348414668e-01
1.650815617659222000e+15,3.374757733348414668e-01
1.650815617661139000e+15,3.374757733348414668e-01
1.650815617663056000e+15,3.374757733348414668e-01
1.650815617664972750e+15,3.374757733348414668e-01
1.650815617666889750e+15,3.374757733348414668e-01
1.650815617668806750e+15,3.374757733348414668e-01
1.650815617670723750e+15,3.382296248257583016e-01
1.650815617672640500e+15,3.390797173953801757e-01
1.650815617674557500e+15,3.399299208418208318e-01
1.650815617676474500e+15,3.407801242882615433e-01
1.650815617678391500e+15,3.416303277347021994e-01
1.650815617680308250e+15,3.424804203043240736e-01
1.650815617682225250e+15,3.433306237507647296e-01
1.650815617684142250e+15,3.429460507526602142e-01
1.650815617686059000e+15,3.419517967412713522e-01
1.650815617687976000e+15,3.409574130502148748e-01
1.650815617689893000e+15,3.399630293591584529e-01
1.650815617691810000e+15,3.389686456681019755e-01
1.650815617693726750e+15,3.379743916567131690e-01
1.650815617695643750e+15,3.371660443524771011e-01
1.650815617697560750e+15,3.365448040080434300e-01
1.650815617699477500e+15,3.359236446808690491e-01
1.650815617701394500e+15,3.353024043364353779e-01
1.650815617703311500e+15,3.346811639920016512e-01
1.650815617705228500e+15,3.340599236475679801e-01
1.650815617707145250e+15,3.334387643203935436e-01
1.650815617709062250e+15,3.328175239759599280e-01
1.650815617710979250e+15,3.321962836315262013e-01
1.650815617712896000e+15,3.315751243043518204e-01
1.650815617714813000e+15,3.321079692156181928e-01
1.650815617716730000e+15,3.333443119401827692e-01
1.650815617718647000e+15,3.345806546647474011e-01
1.650815617720563750e+15,3.358168361552581471e-01
1.650815617722480750e+15,3.370531788798227235e-01
1.650815617724397750e+15,3.368168235487780660e-01
1.650815617726314500e+15,3.358157995722081957e-01
1.650815617728231500e+15,3.348146450329701485e-01
1.650815617730148500e+15,3.338134904937321012e-01
1.650815617732065500e+15,3.328123359544941096e-01
1.650815617733982250e+15,3.318113119779242393e-01
1.650815617735899250e+15,3.313398501832987009e-01
1.650815617737816250e+15,3.313398501832987009e-01
1.650815617739733000e+15,3.313398501832987009e-01
1.650815617741650000e+15,3.313398501832987009e-01
1.650815617743567000e+15,3.313398501832987009e-01
1.650815617745484000e+15,3.313398501832986454e-01
1.650815617747400750e+15,3.313398501832987009e-01
1.650815617749317750e+15,3.313398501832987009e-01
1.650815617751234750e+15,3.313398501832987009e-01
1.650815617753151750e+15,3.313398501832987009e-01
1.650815617755068500e+15,3.313398501832986454e-01
1.650815617756985500e+15,3.313398501832987009e-01
1.650815617758902500e+15,3.313398501832987009e-01
1.650815617760819250e+15,3.313398501832987009e-01
1.650815617762736250e+15,3.313398501832987009e-01
1.650815617764653250e+15,3.313398501832987009e-01
1.650815617766570250e+15,3.313398501832987009e-01
1.650815617768487000e+15,3.313398501832987009e-01
1.650815617770404000e+15,3.313398501832987009e-01
1.650815617772321000e+15,3.313398501832987564e-01
1.650815617774237750e+15,3.313398501832987009e-01
1.650815617776154750e+15,3.313398501832987009e-01
1.650815617778071750e+15,3.313398501832987009e-01
1.650815617779988750e+15,3.313398501832987009e-01
1.650815617781905500e+15,3.313398501832987009e-01
1.650815617783822500e+15,3.313398501832987564e-01
1.650815617785739500e+15,3.313398501832987009e-01
1.650815617787656250e+15,3.313398501832987009e-01
1.650815617789573250e+15,3.313398501832986454e-01
1.650815617791490250e+15,3.313398501832987009e-01
1.650815617793407250e+15,3.313398501832987009e-01
1.650815617795324000e+15,3.313398501832986454e-01
1.650815617797241000e+15,3.313398501832987564e-01
1.650815617799158000e+15,3.313398501832987009e-01
1.650815617801074750e+15,3.313398501832987009e-01
1.650815617802991750e+15,3.313398501832987009e-01
1.650815617804908750e+15,3.313398501832987009e-01
1.650815617806825750e+15,3.313398501832987009e-01
1.650815617808742500e+15,3.313398501832987009e-01
1.650815617810659500e+15,3.313398501832987009e-01
1.650815617812576500e+15,3.313398501832987009e-01
1.650815617814493250e+15,3.313398501832987009e-01
1.650815617816410250e+15,3.313398501832987009e-01
1.650815617818327250e+15,3.313398501832987009e-01
1.650815617820244250e+15,3.313398501832987009e-01
1.650815617822161000e+15,3.313398501832987009e-01
1.650815617824078000e+15,3.313398501832987009e-01
1.650815617825995000e+15,3.313398501832987009e-01
1.650815617827911750e+15,3.313398501832987009e-01
1.650815617829828750e+15,3.313398501832987009e-01
1.650815617831745750e+15,3.313398501832986454e-01
1.650815617833662750e+15,3.313398501832987009e-01
1.650815617835579500e+15,3.313398501832987009e-01
1.650815617837496500e+15,3.313398501832987009e-01
1.650815617839413500e+15,3.313398501832987564e-01
1.650815617841330500e+15,3.313398501832987009e-01
1.650815617843247250e+15,3.313398501832987009e-01
1.650815617845164250e+15,3.313398501832987009e-01
1.650815617847081250e+15,3.313398501832987009e-01
1.650815617848998000e+15,3.313398501832987009e-01
1.650815617850915000e+15,3.313398501832987564e-01
1.650815617852832000e+15,3.313398501832987009e-01
1.650815617854749000e+15,3.313398501832987009e-01
1.650815617856665750e+15,3.313398501832987009e-01
1.650815617858582750e+15,3.313398501832987564e-01
1.650815617860499750e+15,3.313398501832987564e-01
1.650815617862416500e+15,3.313398501832987009e-01
1.650815617864333500e+15,3.313398501832987009e-01
1.650815617866250500e+15,3.313398501832987009e-01
1.650815617868167500e+15,3.313398501832987564e-01
1.650815617870084250e+15,3.313398501832987009e-01
1.650815617872001250e+15,3.313398501832986454e-01
1.650815617873918250e+15,3.313398501832987009e-01
1.650815617875835000e+15,3.313398501832987009e-01
1.650815617877752000e+15,3.313398501832987009e-01
1.650815617879669000e+15,3.313398501832987009e-01
1.650815617881586000e+15,3.313398501832986454e-01
1.650815617883502750e+15,3.313398501832987009e-01
1.650815617885419750e+15,3.313398501832987009e-01
1.650815617887336750e+15,3.313398501832987009e-01
1.650815617889253500e+15,3.313398501832987009e-01
1.650815617891170500e+15,3.313398501832987009e-01
1.650815617893087500e+15,3.313398501832987009e-01
1.650815617895004500e+15,3.313398501832987009e-01
1.650815617896921250e+15,3.313398501832987009e-01
1.650815617898838250e+15,3.313398501832987564e-01
1.650815617900755250e+15,3.313398501832987009e-01
1.650815617902672000e+15,3.313398501832987009e-01
1.650815617904589000e+15,3.313398501832987009e-01
1.650815617906506000e+15,3.313398501832987009e-01
1.650815617908423000e+15,3.313398501832987009e-01
1.650815617910339750e+15,3.313398501832987009e-01
1.650815617912256750e+15,3.313398501832987009e-01
1.650815617914173750e+15,3.313398501832986454e-01
1.650815617916090750e+15,3.313398501832987009e-01
1.650815617918007500e+15,3.313398501832987009e-01
1.650815617919924500e+15,3.313398501832987009e-01
1.650815617921841500e+15,3.313398501832987009e-01
1.650815617923758250e+15,3.313398501832987009e-01
1.650815617925675250e+15,3.313398501832987009e-01
1.650815617927592250e+15,3.313398501832987564e-01
1.650815617929509250e+15,3.313398501832986454e-01
1.650815617931426000e+15,3.313398501832984788e-01
1.650815617933343000e+15,3.313398501832984788e-01
1.650815617935260000e+15,3.313398501832983678e-01
1.650815617937176750e+15,3.313398501832982568e-01
1.650815617939093750e+15,3.313398501832982013e-01
1.650815617941010750e+15,3.313398501832981458e-01
1.650815617942927750e+15,3.313398501832980347e-01
1.650815617944844500e+15,3.313398501832979237e-01
1.650815617946761500e+15,3.313398501832978682e-01
1.650815617948678500e+15,3.313398501832979237e-01
1.650815617950595250e+15,3.313398501832980347e-01
1.650815617952512250e+15,3.313398501832981458e-01
1.650815617954429250e+15,3.313398501832982568e-01
1.650815617956346250e+15,3.313398501832983678e-01
1.650815617958263000e+15,3.313398501832984788e-01
1.650815617960180000e+15,3.313398501832985898e-01
1.650815617962097000e+15,3.313398501832987009e-01
1.650815617964013750e+15,3.313398501832987009e-01
1.650815617965930750e+15,3.313398501832987009e-01
1.650815617967847750e+15,3.313398501832987009e-01
1.650815617969764750e+15,3.313398501832987009e-01
1.650815617971681500e+15,3.313398501832987009e-01
1.650815617973598500e+15,3.313398501832987009e-01
1.650815617975515500e+15,3.313398501832987009e-01
1.650815617977432250e+15,3.313398501832987009e-01
1.650815617979349250e+15,3.313398501832987009e-01
1.650815617981266250e+15,3.313398501832987009e-01
1.650815617983183250e+15,3.322260726027372879e-01
1.650815617985100000e+15,3.332175606065072571e-01
1.650815617987017000e+15,3.342091779291769260e-01
1.650815617988934000e+15,3.352007952518466505e-01
1.650815617990851000e+15,3.361924125745162639e-01
1.650815617992767750e+15,3.371839005782862331e-01
1.650815617994684750e+15,3.366394640105844771e-01
1.650815617996601750e+15,3.354543189545130533e-01
1.650815617998518500e+15,3.342693284556997879e-01
1.650815618000435500e+15,3.330841833996283086e-01
1.650815618002352500e+15,3.318990383435568847e-01
1.650815618004269500e+15,3.308546028044853093e-01
1.650815618006186250e+15,3.299359875814346643e-01
1.650815618008103250e+15,3.290172525442163765e-01
1.650815618010020250e+15,3.280985175069980886e-01
1.650815618011937000e+15,3.271799022839473881e-01
1.650815618013854000e+15,3.262611672467291002e-01
1.650815618015771000e+15,3.253424322095108123e-01
1.650815618017688000e+15,3.260941581065897599e-01
1.650815618019604750e+15,3.271422848957099561e-01
1.650815618021521750e+15,3.281905483910763088e-01
1.650815618023438750e+15,3.292388118864426616e-01
1.650815618025355500e+15,3.302869386755628578e-01
1.650815618027272500e+15,3.313352021709292106e-01
1.650815618029189500e+15,3.307916357113762085e-01
1.650815618031106500e+15,3.302409796240438067e-01
1.650815618033023250e+15,3.296903953489294103e-01
1.650815618034940250e+15,3.291397392615970086e-01
1.650815618036857250e+15,3.285890831742646623e-01
1.650815618038774000e+15,3.280384988991502659e-01
1.650815618040691000e+15,3.274878428118178642e-01
1.650815618042608000e+15,3.269371867244855734e-01
1.650815618044525000e+15,3.263865306371532271e-01
1.650815618046441750e+15,3.258359463620387753e-01
1.650815618048358750e+15,3.252852902747063735e-01
1.650815618050275750e+15,3.252039270317554909e-01
1.650815618052192500e+15,3.252039270317555464e-01
1.650815618054109500e+15,3.252039270317554909e-01
1.650815618056026500e+15,3.252039270317554909e-01
1.650815618057943500e+15,3.252039270317554909e-01
1.650815618059860250e+15,3.252039270317554909e-01
1.650815618061777250e+15,3.252039270317554909e-01
1.650815618063694250e+15,3.252039270317554909e-01
1.650815618065611250e+15,3.252039270317554909e-01
1.650815618067528000e+15,3.252039270317554909e-01
1.650815618069445000e+15,3.252039270317554909e-01
1.650815618071362000e+15,3.252039270317554909e-01
1.650815618073278750e+15,3.252039270317554909e-01
1.650815618075195750e+15,3.252039270317554909e-01
1.650815618077112750e+15,3.252039270317556019e-01
1.650815618079029750e+15,3.252039270317556019e-01
1.650815618080946500e+15,3.252039270317556019e-01
1.650815618082863500e+15,3.252039270317557129e-01
1.650815618084780500e+15,3.252039270317557129e-01
1.650815618086697250e+15,3.252039270317557684e-01
1.650815618088614250e+15,3.252039270317558239e-01
1.650815618090531250e+15,3.252039270317558795e-01
1.650815618092448250e+15,3.252039270317558795e-01
1.650815618094365000e+15,3.252039270317558795e-01
1.650815618096282000e+15,3.252039270317558239e-01
1.650815618098199000e+15,3.252039270317557129e-01
1.650815618100115750e+15,3.252039270317557129e-01
1.650815618102032750e+15,3.252039270317556574e-01
1.650815618103949750e+15,3.252039270317555464e-01
1.650815618105866750e+15,3.252039270317554909e-01
1.650815618107783500e+15,3.252039270317554909e-01
1.650815618109700500e+15,3.252039270317554909e-01
1.650815618111617500e+15,3.252039270317554909e-01
1.650815618113534250e+15,3.252039270317554909e-01
1.650815618115451250e+15,3.252039270317554909e-01
1.650815618117368250e+15,3.252039270317554909e-01
1.650815618119285250e+15,3.252039270317554909e-01
1.650815618121202000e+15,3.252039270317553799e-01
1.650815618123119000e+15,3.252039270317553799e-01
1.650815618125036000e+15,3.252039270317552688e-01
1.650815618126952750e+15,3.252039270317552133e-01
1.650815618128869750e+15,3.252039270317551578e-01
1.650815618130786750e+15,3.252039270317550468e-01
1.650815618132703750e+15,3.252039270317551578e-01
1.650815618134620500e+15,3.252039270317552688e-01
1.650815618136537500e+15,3.252039270317554354e-01
1.650815618138454500e+15,3.252039270317555464e-01
1.650815618140371250e+15,3.252039270317557129e-01
1.650815618142288250e+15,3.252039270317557684e-01
1.650815618144205250e+15,3.252039270317558795e-01
1.650815618146122250e+15,3.252039270317560460e-01
1.650815618148039000e+15,3.252039270317561015e-01
1.650815618149956000e+15,3.252039270317562680e-01
1.650815618151873000e+15,3.252039270317563791e-01
1.650815618153790000e+15,3.252039270317562125e-01
1.650815618155706750e+15,3.252039270317560460e-01
1.650815618157623750e+15,3.252039270317558795e-01
1.650815618159540750e+15,3.252039270317557129e-01
1.650815618161457500e+15,3.252039270317554909e-01
1.650815618163374500e+15,3.252039270317553799e-01
1.650815618165291500e+15,3.252039270317551578e-01
1.650815618167208500e+15,3.252039270317549358e-01
1.650815618169125250e+15,3.252039270317547137e-01
1.650815618171042250e+15,3.252039270317546582e-01
1.650815618172959250e+15,3.252039270317546027e-01
1.650815618174876000e+15,3.252039270317546027e-01
1.650815618176793000e+15,3.252039270317546027e-01
1.650815618178710000e+15,3.252039270317546027e-01
1.650815618180627000e+15,3.252039270317546027e-01
1.650815618182543750e+15,3.252039270317546027e-01
1.650815618184460750e+15,3.252039270317546027e-01
1.650815618186377750e+15,3.252039270317546027e-01
1.650815618188294500e+15,3.252039270317546027e-01
1.650815618190211500e+15,3.252039270317546027e-01
1.650815618192128500e+15,3.252039270317546027e-01
1.650815618194045500e+15,3.252039270317546027e-01
1.650815618195962250e+15,3.252039270317546582e-01
1.650815618197879250e+15,3.252039270317545472e-01
1.650815618199796250e+15,3.252039270317546027e-01
1.650815618201713000e+15,3.252039270317546027e-01
1.650815618203630000e+15,3.252039270317546027e-01
1.650815618205547000e+15,3.252039270317546027e-01
1.650815618207464000e+15,3.252039270317546027e-01
1.650815618209380750e+15,3.252039270317546027e-01
1.650815618211297750e+15,3.252039270317546027e-01
1.650815618213214750e+15,3.252039270317546027e-01
1.650815618215131500e+15,3.252039270317546027e-01
1.650815618217048500e+15,3.252039270317546027e-01
1.650815618218965500e+15,3.252039270317545472e-01
1.650815618220882500e+15,3.252039270317546027e-01
1.650815618222799250e+15,3.252039270317546582e-01
1.650815618224716250e+15,3.252039270317546027e-01
1.650815618226633250e+15,3.252039270317546027e-01
1.650815618228550250e+15,3.252039270317546027e-01
1.650815618230467000e+15,3.252039270317546027e-01
1.650815618232384000e+15,3.252039270317546027e-01
1.650815618234301000e+15,3.252039270317546027e-01
1.650815618236217750e+15,3.252039270317546027e-01
1.650815618238134750e+15,3.252039270317546027e-01
1.650815618240051750e+15,3.252039270317546027e-01
1.650815618241968750e+15,3.252039270317546582e-01
1.650815618243885500e+15,3.252039270317548247e-01
1.650815618245802500e+15,3.252039270317550468e-01
1.650815618247719500e+15,3.252039270317552688e-01
1.650815618249636250e+15,3.252039270317554909e-01
1.650815618251553250e+15,3.252039270317557129e-01
1.650815618253470250e+15,3.252039270317558795e-01
1.650815618255387250e+15,3.252039270317557684e-01
1.650815618257304000e+15,3.252039270317554909e-01
1.650815618259221000e+15,3.252039270317552688e-01
1.650815618261138000e+15,3.252039270317550468e-01
1.650815618263054750e+15,3.252039270317547692e-01
1.650815618264971750e+15,3.252039270317545472e-01
1.650815618266888750e+15,3.252039270317546027e-01
1.650815618268805750e+15,3.252039270317546027e-01
1.650815618270722500e+15,3.252039270317546027e-01
1.650815618272639500e+15,3.252039270317546027e-01
1.650815618274556500e+15,3.252039270317546027e-01
1.650815618276473250e+15,3.252039270317546027e-01
1.650815618278390250e+15,3.252039270317546027e-01
1.650815618280307250e+15,3.252039270317546027e-01
1.650815618282224250e+15,3.252039270317546027e-01
1.650815618284141000e+15,3.252039270317546027e-01
1.650815618286058000e+15,3.252039270317546027e-01
1.650815618287975000e+15,3.252039270317546027e-01
1.650815618289891750e+15,3.252039270317546027e-01
1.650815618291808750e+15,3.252039270317545472e-01
1.650815618293725750e+15,3.252039270317545472e-01
1.650815618295642750e+15,3.244540887436680454e-01
1.650815618297559500e+15,3.236270120417892304e-01
1.650815618299476500e+15,3.227998274650307753e-01
1.650815618301393500e+15,3.219726428882723201e-01
1.650815618303310500e+15,3.211454583115139205e-01
1.650815618305227250e+15,3.203183816096350500e-01
1.650815618307144250e+15,3.194911970328766504e-01
1.650815618309061250e+15,3.195226740860406811e-01
1.650815618310978000e+15,3.204535035835252010e-01
1.650815618312895000e+15,3.213844544882742960e-01
1.650815618314812000e+15,3.223154053930233909e-01
1.650815618316729000e+15,3.232463562977724858e-01
1.650815618318645750e+15,3.241771857952570612e-01
1.650815618320562750e+15,3.251081367000061562e-01
1.650815618322479750e+15,3.252039270317547692e-01
1.650815618324396500e+15,3.252039270317549913e-01
1.650815618326313500e+15,3.252039270317552688e-01
1.650815618328230500e+15,3.252039270317554354e-01
1.650815618330147500e+15,3.252039270317556019e-01
1.650815618332064250e+15,3.252039270317558795e-01
1.650815618333981250e+15,3.252039270317559350e-01
1.650815618335898250e+15,3.252039270317558795e-01
1.650815618337815000e+15,3.252039270317559350e-01
1.650815618339732000e+15,3.252039270317559350e-01
1.650815618341649000e+15,3.252039270317559350e-01
1.650815618343566000e+15,3.252039270317559350e-01
1.650815618345482750e+15,3.252039270317559350e-01
1.650815618347399750e+15,3.252039270317559350e-01
1.650815618349316750e+15,3.252039270317559350e-01
1.650815618351233500e+15,3.252039270317559350e-01
1.650815618353150500e+15,3.252039270317559350e-01
1.650815618355067500e+15,3.242907411518798355e-01
1.650815618356984500e+15,3.231949180960285717e-01
1.650815618358901250e+15,3.220992379487657153e-01
1.650815618360818250e+15,3.210034148929145070e-01
1.650815618362735250e+15,3.199075918370632432e-01
1.650815618364652000e+15,3.184655396707142816e-01
1.650815618366569000e+15,3.158875845599790622e-01
1.650815618368486000e+15,3.133096294492438982e-01
1.650815618370403000e+15,3.107316743385086788e-01
1.650815618372319750e+15,3.081540554243189511e-01
1.650815618374236750e+15,3.055761003135837317e-01
1.650815618376153750e+15,3.029981452028485123e-01
1.650815618378070750e+15,3.004201900921132928e-01
1.650815618379987500e+15,2.978425711779236207e-01
1.650815618381904500e+15,2.952646160671884568e-01
1.650815618383821500e+15,2.974430264377651567e-01
1.650815618385738250e+15,3.015370237228471306e-01
1.650815618387655250e+15,3.056315549843585666e-01
1.650815618389572250e+15,3.097260862458700026e-01
1.650815618391489250e+15,3.138206175073815496e-01
1.650815618393406000e+15,3.179146147924634125e-01
1.650815618395323000e+15,3.179202792463430294e-01
1.650815618397240000e+15,3.163224665207591269e-01
1.650815618399156750e+15,3.147248621692917414e-01
1.650815618401073750e+15,3.131270494437078389e-01
1.650815618402990750e+15,3.115292367181238808e-01
1.650815618404907750e+15,3.099314239925399783e-01
1.650815618406824500e+15,3.083338196410726484e-01
1.650815618408741500e+15,3.067360069154886903e-01
1.650815618410658500e+15,3.051381941899047323e-01
1.650815618412575250e+15,3.035405898384374024e-01
1.650815618414492250e+15,3.019427771128534999e-01
1.650815618416409250e+15,3.003142168434655424e-01
1.650815618418326250e+15,2.985605732085036546e-01
1.650815618420243000e+15,2.968071582698947886e-01
1.650815618422160000e+15,2.950535146349329008e-01
1.650815618424077000e+15,2.932998709999709575e-01
1.650815618425993750e+15,2.915464560613620359e-01
1.650815618427910750e+15,2.897928124264001482e-01
1.650815618429827750e+15,2.887188139460443725e-01
1.650815618431744750e+15,2.903780838968847977e-01
1.650815618433661500e+15,2.920371374588426883e-01
1.650815618435578500e+15,2.936964074096830579e-01
1.650815618437495500e+15,2.945243112740434377e-01
1.650815618439412250e+15,2.945243112740433267e-01
1.650815618441329250e+15,2.945243112740432712e-01
1.650815618443246250e+15,2.945243112740432156e-01
1.650815618445163250e+15,2.945243112740431601e-01
1.650815618447080000e+15,2.945243112740430491e-01
1.650815618448997000e+15,2.945243112740430491e-01
1.650815618450914000e+15,2.945243112740429381e-01
1.650815618452830750e+15,2.945243112740428826e-01
1.650815618454747750e+15,2.945243112740428271e-01
1.650815618456664750e+15,2.945243112740427716e-01
1.650815618458581750e+15,2.945243112740426605e-01
1.650815618460498500e+15,2.945243112740426050e-01
1.650815618462415500e+15,2.945243112740426050e-01
1.650815618464332500e+15,2.945243112740427716e-01
1.650815618466249500e+15,2.945243112740428271e-01
1.650815618468166250e+15,2.945243112740429936e-01
1.650815618470083250e+15,2.945243112740431046e-01
1.650815618472000250e+15,2.945243112740432156e-01
1.650815618473917000e+15,2.945243112740433822e-01
1.650815618475834000e+15,2.945243112740434377e-01
1.650815618477751000e+15,2.945243112740434377e-01
1.650815618479668000e+15,2.945243112740434377e-01
1.650815618481584750e+15,2.945243112740434377e-01
1.650815618483501750e+15,2.945243112740434377e-01
1.650815618485418750e+15,2.945243112740434377e-01
1.650815618487335500e+15,2.945243112740434377e-01
1.650815618489252500e+15,2.945243112740434377e-01
1.650815618491169500e+15,2.945243112740434377e-01
1.650815618493086500e+15,2.945243112740434377e-01
1.650815618495003250e+15,2.945243112740434377e-01
1.650815618496920250e+15,2.947477332933458039e-01
1.650815618498837250e+15,2.960686276989052401e-01
1.650815618500754000e+15,2.973893498438483496e-01
1.650815618502671000e+15,2.987102442494077859e-01
1.650815618504588000e+15,3.000311386549672221e-01
1.650815618506505000e+15,3.001009800254996751e-01
1.650815618508421750e+15,2.990332998747376458e-01
1.650815618510338750e+15,2.979654804674018997e-01
1.650815618512255750e+15,2.968976610600662092e-01
1.650815618514172500e+15,2.958299809093042354e-01
1.650815618516089500e+15,2.947621615019684893e-01
1.650815618518006500e+15,2.936943420946327432e-01
1.650815618519923500e+15,2.926265226872970526e-01
1.650815618521840250e+15,2.915588425365350789e-01
1.650815618523757250e+15,2.904910231291993328e-01
1.650815618525674250e+15,2.894232037218635867e-01
1.650815618527591000e+15,2.883883881225010604e-01
1.650815618529508000e+15,2.883883881225009493e-01
1.650815618531425000e+15,2.883883881225007828e-01
1.650815618533342000e+15,2.883883881225006718e-01
1.650815618535258750e+15,2.883883881225005608e-01
1.650815618537175750e+15,2.883883881225003942e-01
1.650815618539092750e+15,2.883883881225002832e-01
1.650815618541009750e+15,2.883883881225002832e-01
1.650815618542926500e+15,2.883883881225004497e-01
1.650815618544843500e+15,2.883883881225005608e-01
1.650815618546760500e+15,2.883883881225006718e-01
1.650815618548677250e+15,2.883883881225008383e-01
1.650815618550594250e+15,2.883883881225009493e-01
1.650815618552511250e+15,2.883883881225010604e-01
1.650815618554428250e+15,2.883883881225010049e-01
1.650815618556345000e+15,2.883883881225009493e-01
1.650815618558262000e+15,2.883883881225008383e-01
1.650815618560179000e+15,2.883883881225007828e-01
1.650815618562095750e+15,2.883883881225006718e-01
1.650815618564012750e+15,2.883883881225005608e-01
1.650815618565929750e+15,2.883883881225005608e-01
1.650815618567846750e+15,2.883883881225004497e-01
1.650815618569763500e+15,2.883883881225003387e-01
1.650815618571680500e+15,2.883883881225002277e-01
1.650815618573597500e+15,2.887330353732952548e-01
1.650815618575514250e+15,2.892950112286430397e-01
1.650815618577431250e+15,2.898570603820024849e-01
1.650815618579348250e+15,2.904191095353619856e-01
1.650815618581265250e+15,2.909811586887214307e-01
1.650815618583182000e+15,2.915431345440692157e-01
1.650815618585099000e+15,2.921051836974286608e-01
1.650815618587016000e+15,2.926672328507881060e-01
1.650815618588932750e+15,2.932292087061358909e-01
1.650815618590849750e+15,2.937912578594953361e-01
1.650815618592766750e+15,2.943533070128547813e-01
1.650815618594683750e+15,2.923038751240824018e-01
1.650815618596600500e+15,2.891128565745519907e-01
1.650815618598517500e+15,2.859214218233065985e-01
1.650815618600434500e+15,2.827299870720612063e-01
1.650815618602351250e+15,2.795389685225308507e-01
1.650815618604268250e+15,2.763475337712854030e-01
1.650815618606185250e+15,2.753015429141095760e-01
1.650815618608102250e+15,2.744229527825359227e-01
1.650815618610019000e+15,2.735444772297483951e-01
1.650815618611936000e+15,2.726658870981747973e-01
1.650815618613853000e+15,2.717872969666011995e-01
1.650815618615770000e+15,2.709087068350276017e-01
1.650815618617686750e+15,2.700302312822400186e-01
1.650815618619603750e+15,2.734456049308610637e-01
1.650815618621520750e+15,2.771179635576194733e-01
1.650815618623437500e+15,2.807898432643691766e-01
1.650815618625354500e+15,2.844622018911276418e-01
1.650815618627271500e+15,2.881345605178859959e-01
1.650815618629188500e+15,2.874501229242202305e-01
1.650815618631105250e+15,2.864423225214165480e-01
1.650815618633022250e+15,2.854343906721015234e-01
1.650815618634939250e+15,2.844264588227864987e-01
1.650815618636856000e+15,2.834186584199828163e-01
1.650815618638773000e+15,2.824107265706677916e-01
1.650815618640690000e+15,2.814027947213527114e-01
1.650815618642607000e+15,2.803948628720376313e-01
1.650815618644523750e+15,2.793870624692339488e-01
1.650815618646440750e+15,2.783791306199189242e-01
1.650815618648357750e+15,2.773711987706038995e-01
1.650815618650274500e+15,2.763633983678002171e-01
1.650815618652191500e+15,2.713567622042718508e-01
1.650815618654108500e+15,2.650531369730245723e-01
1.650815618656025500e+15,2.587495117417772383e-01
1.650815618657942250e+15,2.524467085795480958e-01
1.650815618659859250e+15,2.461430833483007619e-01
1.650815618661776250e+15,2.454369260617017545e-01
1.650815618663693000e+15,2.454369260617017545e-01
1.650815618665610000e+15,2.454369260617017823e-01
1.650815618667527000e+15,2.454369260617017545e-01
1.650815618669444000e+15,2.454369260617017545e-01
1.650815618671360750e+15,2.454369260617017545e-01
1.650815618673277750e+15,2.454369260617017545e-01
1.650815618675194750e+15,2.454369260617017823e-01
1.650815618677111500e+15,2.454369260617018655e-01
1.650815618679028500e+15,2.454369260617019488e-01
1.650815618680945500e+15,2.454369260617020321e-01
1.650815618682862500e+15,2.454369260617020321e-01
1.650815618684779250e+15,2.454369260617021153e-01
1.650815618686696250e+15,2.454369260617021986e-01
1.650815618688613250e+15,2.454369260617024207e-01
1.650815618690530250e+15,2.454369260617026982e-01
1.650815618692447000e+15,2.454369260617029480e-01
1.650815618694364000e+15,2.454369260617030590e-01
1.650815618696281000e+15,2.454369260617030035e-01
1.650815618698197750e+15,2.454369260617029203e-01
1.650815618700114750e+15,2.454369260617028647e-01
1.650815618702031750e+15,2.454369260617028092e-01
1.650815618703948750e+15,2.454369260617027260e-01
1.650815618705865500e+15,2.454369260617026705e-01
1.650815618707782500e+15,2.454369260617025872e-01
1.650815618709699500e+15,2.454369260617025317e-01
1.650815618711616250e+15,2.454369260617024484e-01
1.650815618713533250e+15,2.454369260617023929e-01
1.650815618715450250e+15,2.454369260617023096e-01
1.650815618717367250e+15,2.454369260617022541e-01
1.650815618719284000e+15,2.454369260617022264e-01
1.650815618721201000e+15,2.454369260617021986e-01
1.650815618723118000e+15,2.454369260617021986e-01
1.650815618725034750e+15,2.454369260617022264e-01
1.650815618726951750e+15,2.454369260617021986e-01
1.650815618728868750e+15,2.454369260617021986e-01
1.650815618730785750e+15,2.454369260617021986e-01
1.650815618732702500e+15,2.454369260617021986e-01
1.650815618734619500e+15,2.454369260617021986e-01
1.650815618736536500e+15,2.454369260617021986e-01
1.650815618738453250e+15,2.454369260617021986e-01
1.650815618740370250e+15,2.454369260617021986e-01
1.650815618742287250e+15,2.454369260617021986e-01
1.650815618744204250e+15,2.454369260617021986e-01
1.650815618746121000e+15,2.454369260617021986e-01
1.650815618748038000e+15,2.454369260617022264e-01
1.650815618749955000e+15,2.454369260617021986e-01
1.650815618751871750e+15,2.454369260617022264e-01
1.650815618753788750e+15,2.454369260617021986e-01
1.650815618755705750e+15,2.454369260617021986e-01
1.650815618757622750e+15,2.454369260617021431e-01
1.650815618759539500e+15,2.454369260617020321e-01
1.650815618761456500e+15,2.454369260617019766e-01
1.650815618763373500e+15,2.454369260617019211e-01
1.650815618765290250e+15,2.454369260617018378e-01
1.650815618767207250e+15,2.454369260617017823e-01
1.650815618769124250e+15,2.454369260617017823e-01
1.650815618771041250e+15,2.454369260617017545e-01
1.650815618772958000e+15,2.454369260617017545e-01
1.650815618774875000e+15,2.454369260617017545e-01
1.650815618776792000e+15,2.454369260617017545e-01
1.650815618778709000e+15,2.454369260617017545e-01
1.650815618780625750e+15,2.454369260617017545e-01
1.650815618782542750e+15,2.454369260617017545e-01
1.650815618784459750e+15,2.454369260617017823e-01
1.650815618786376500e+15,2.454369260617017545e-01
1.650815618788293500e+15,2.454369260617017823e-01
1.650815618790210500e+15,2.454369260617017823e-01
1.650815618792127500e+15,2.454369260617019211e-01
1.650815618794044250e+15,2.454369260617021153e-01
1.650815618795961250e+15,2.454369260617023096e-01
1.650815618797878250e+15,2.454369260617024762e-01
1.650815618799795000e+15,2.454369260617026427e-01
1.650815618801712000e+15,2.454369260617028647e-01
1.650815618803629000e+15,2.454369260617030590e-01
1.650815618805546000e+15,2.454369260617031145e-01
1.650815618807462750e+15,2.454369260617031145e-01
1.650815618809379750e+15,2.454369260617030868e-01
1.650815618811296750e+15,2.454369260617030868e-01
1.650815618813213500e+15,2.454369260617030868e-01
1.650815618815130500e+15,2.454369260617030868e-01
1.650815618817047500e+15,2.454369260617031145e-01
1.650815618818964500e+15,2.454369260617030868e-01
1.650815618820881250e+15,2.454369260617031145e-01
1.650815618822798250e+15,2.454369260617030868e-01
1.650815618824715250e+15,2.451008601732939662e-01
1.650815618826632000e+15,2.438555159652549542e-01
1.650815618828549000e+15,2.426100093280770253e-01
1.650815618830466000e+15,2.413645026908990965e-01
1.650815618832383000e+15,2.401189960537211676e-01
1.650815618834299750e+15,2.389395247683840928e-01
1.650815618836216750e+15,2.378860035250786042e-01
1.650815618838133750e+15,2.368324822817731157e-01
1.650815618840050500e+15,2.357790984303877180e-01
1.650815618841967500e+15,2.347255771870822294e-01
1.650815618843884500e+15,2.336720559437767408e-01
1.650815618845801500e+15,2.331650797586179991e-01
1.650815618847718250e+15,2.331650797586179713e-01
1.650815618849635250e+15,2.331650797586179436e-01
1.650815618851552250e+15,2.331650797586179158e-01
1.650815618853469250e+15,2.331650797586178880e-01
1.650815618855386000e+15,2.331650797586178048e-01
1.650815618857303000e+15,2.331650797586178048e-01
1.650815618859220000e+15,2.331650797586177770e-01
1.650815618861136750e+15,2.331650797586177215e-01
1.650815618863053750e+15,2.331650797586177215e-01
1.650815618864970750e+15,2.331650797586176660e-01
1.650815618866887750e+15,2.331650797586176382e-01
1.650815618868804500e+15,2.331650797586176105e-01
1.650815618870721500e+15,2.331650797586175272e-01
1.650815618872638500e+15,2.331650797586174995e-01
1.650815618874555250e+15,2.331650797586175550e-01
1.650815618876472250e+15,2.331650797586175272e-01
1.650815618878389250e+15,2.331650797586175550e-01
1.650815618880306250e+15,2.331650797586175272e-01
1.650815618882223000e+15,2.331650797586175272e-01
1.650815618884140000e+15,2.331650797586175272e-01
1.650815618886057000e+15,2.298604126514822155e-01
1.650815618887973750e+15,2.263296318947366492e-01
1.650815618889890750e+15,2.227983906213930609e-01
1.650815618891807750e+15,2.208932334555320509e-01
1.650815618893724750e+15,2.208932334555321064e-01
1.650815618895641500e+15,2.208932334555321342e-01
1.650815618897558500e+15,2.208932334555321897e-01
1.650815618899475500e+15,2.208932334555322452e-01
1.650815618901392250e+15,2.208932334555323562e-01
1.650815618903309250e+15,2.208932334555323562e-01
1.650815618905226250e+15,2.208932334555324117e-01
1.650815618907143250e+15,2.215748521271813654e-01
1.650815618909060000e+15,2.230590811403969642e-01
1.650815618910977000e+15,2.245435037402844225e-01
1.650815618912894000e+15,2.260279263401719363e-01
1.650815618914810750e+15,2.270291566070756495e-01
1.650815618916727750e+15,2.270291566070756772e-01
1.650815618918644750e+15,2.270291566070756772e-01
1.650815618920561750e+15,2.270291566070756495e-01
1.650815618922478500e+15,2.270291566070756772e-01
1.650815618924395500e+15,2.270291566070756495e-01
1.650815618926312500e+15,2.270291566070756772e-01
1.650815618928229500e+15,2.270291566070756772e-01
1.650815618930146250e+15,2.270291566070756495e-01
1.650815618932063250e+15,2.270291566070755662e-01
1.650815618933980250e+15,2.270291566070754552e-01
1.650815618935897000e+15,2.270291566070753997e-01
1.650815618937814000e+15,2.270291566070752887e-01
1.650815618939731000e+15,2.270291566070752332e-01
1.650815618941648000e+15,2.270291566070751221e-01
1.650815618943564750e+15,2.270291566070750389e-01
1.650815618945481750e+15,2.270291566070749278e-01
1.650815618947398750e+15,2.270291566070748168e-01
1.650815618949315500e+15,2.270291566070747613e-01
1.650815618951232500e+15,2.270291566070747891e-01
1.650815618953149500e+15,2.270291566070747891e-01
1.650815618955066500e+15,2.270291566070747891e-01
1.650815618956983250e+15,2.270291566070747613e-01
1.650815618958900250e+15,2.270291566070747891e-01
1.650815618960817250e+15,2.259294555587238185e-01
1.650815618962734000e+15,2.247689038811316875e-01
1.650815618964651000e+15,2.236082008338150795e-01
1.650815618966568000e+15,2.224474977864984715e-01
1.650815618968485000e+15,2.212867947391818357e-01
1.650815618970401750e+15,2.208932334555324117e-01
1.650815618972318750e+15,2.208932334555323285e-01
1.650815618974235750e+15,2.208932334555322730e-01
1.650815618976152500e+15,2.208932334555321897e-01
1.650815618978069500e+15,2.208932334555321619e-01
1.650815618979986500e+15,2.208932334555320787e-01
1.650815618981903500e+15,2.208932334555319954e-01
1.650815618983820250e+15,2.218723783208919054e-01
1.650815618985737250e+15,2.228565286456500594e-01
1.650815618987654250e+15,2.238406789704081856e-01
1.650815618989571000e+15,2.248247009500535243e-01
1.650815618991488000e+15,2.258088512748117060e-01
1.650815618993405000e+15,2.267930015995698045e-01
1.650815618995322000e+15,2.256649939410501626e-01
1.650815618997238750e+15,2.238703756911501197e-01
1.650815618999155750e+15,2.220755233707857323e-01
1.650815619001072750e+15,2.202806710504213727e-01
1.650815619002989750e+15,2.184858187300570131e-01
1.650815619004906500e+15,2.166912004801569425e-01
1.650815619006823500e+15,2.148963481597925829e-01
1.650815619008740500e+15,2.120983100360400164e-01
1.650815619010657250e+15,2.092164108199854600e-01
1.650815619012574250e+15,2.063341357203758997e-01
1.650815619014491250e+15,2.034518606207663116e-01
1.650815619016408250e+15,2.034863216655047324e-01
1.650815619018325000e+15,2.049918299477268002e-01
1.650815619020242000e+15,2.064975345920568861e-01
1.650815619022159000e+15,2.080032392363869720e-01
1.650815619024075750e+15,2.095087475186090398e-01
1.650815619025992750e+15,2.110144521629391257e-01
1.650815619027909750e+15,2.125201568072692393e-01
1.650815619029826750e+15,2.140258614515992974e-01
1.650815619031743500e+15,2.154680892949794591e-01
1.650815619033660500e+15,2.168507004829321461e-01
1.650815619035577500e+15,2.182333116708848331e-01
1.650815619037494250e+15,2.196157425496059190e-01
1.650815619039411250e+15,2.209983537375586060e-01
1.650815619041328250e+15,2.223809649255112930e-01
1.650815619043245250e+15,2.237635761134639800e-01
1.650815619045162000e+15,2.251460069921850660e-01
1.650815619047079000e+15,2.265286181801377530e-01
1.650815619048996000e+15,2.258074660878507112e-01
1.650815619050912750e+15,2.238927683750758790e-01
1.650815619052829750e+15,2.219778209299790306e-01
1.650815619054746750e+15,2.200628734848822377e-01
1.650815619056663750e+15,2.181479260397853892e-01
1.650815619058580500e+15,2.162332283270105571e-01
1.650815619060497500e+15,2.143182808819137364e-01
1.650815619062414500e+15,2.124033334368168879e-01
1.650815619064331250e+15,2.104886357240420836e-01
1.650815619066248250e+15,2.085736882789452629e-01
1.650815619068165250e+15,2.066587408338484422e-01
1.650815619070082250e+15,2.047437933887515937e-01
1.650815619071999000e+15,2.028290956759767616e-01
1.650815619073916000e+15,2.036868340677924771e-01
1.650815619075833000e+15,2.051509322357670806e-01
1.650815619077749750e+15,2.066148394676216860e-01
1.650815619079666750e+15,2.080789376355963172e-01
1.650815619081583750e+15,2.095430358035708929e-01
1.650815619083500750e+15,2.110071339715454686e-01
1.650815619085417500e+15,2.124710412034001294e-01
1.650815619087334500e+15,2.139351393713747052e-01
1.650815619089251500e+15,2.142179061193998368e-01
1.650815619091168500e+15,2.129876410130816522e-01
1.650815619093085250e+15,2.117575363482222528e-01
1.650815619095002250e+15,2.105272712419040682e-01
1.650815619096919250e+15,2.092970061355858835e-01
1.650815619098836000e+15,2.086213871524474073e-01
1.650815619100753000e+15,2.086213871524474350e-01
1.650815619102670000e+15,2.086213871524474905e-01
1.650815619104587000e+15,2.086213871524475461e-01
1.650815619106503750e+15,2.086213871524475461e-01
1.650815619108420750e+15,2.086213871524476293e-01
1.650815619110337750e+15,2.086213871524476571e-01
1.650815619112254500e+15,2.086213871524477126e-01
1.650815619114171500e+15,2.086213871524477126e-01
1.650815619116088500e+15,2.086213871524477681e-01
1.650815619118005500e+15,2.086213871524477959e-01
1.650815619119922250e+15,2.081721693729010614e-01
1.650815619121839250e+15,2.073690446506896989e-01
1.650815619123756250e+15,2.065659199284783365e-01
1.650815619125673000e+15,2.057628999434503725e-01
1.650815619127590000e+15,2.049597752212390378e-01
1.650815619129507000e+15,2.041566504990277031e-01
1.650815619131424000e+15,2.033535257768163129e-01
1.650815619133340750e+15,2.025505057917883489e-01
1.650815619135257750e+15,2.016105884252956115e-01
1.650815619137174750e+15,2.006586165345941308e-01
1.650815619139091500e+15,1.997067687925481727e-01
1.650815619141008500e+15,1.987547969018467198e-01
1.650815619142925500e+15,1.978028250111452113e-01
1.650815619144842500e+15,1.968508531204437584e-01
1.650815619146759250e+15,1.969566753546777016e-01
1.650815619148676250e+15,1.982395376822496946e-01
1.650815619150593250e+15,1.995224000098216877e-01
1.650815619152510000e+15,2.008050950366206400e-01
1.650815619154427000e+15,2.020879573641926052e-01
1.650815619156344000e+15,2.021002216731957180e-01
1.650815619158261000e+15,2.015420134024332177e-01
1.650815619160177750e+15,2.009838779287848043e-01
1.650815619162094750e+15,2.004256696580222763e-01
1.650815619164011750e+15,1.998674613872598038e-01
1.650815619165928750e+15,1.993092531164973036e-01
1.650815619167845500e+15,1.987511176428488624e-01
1.650815619169762500e+15,1.981929093720863899e-01
1.650815619171679500e+15,1.976347011013238619e-01
1.650815619173596250e+15,1.970765656276754485e-01
1.650815619175513250e+15,1.965183573569129483e-01
1.650815619177430250e+15,1.963495408493622918e-01
1.650815619179347250e+15,1.963495408493622918e-01
1.650815619181264000e+15,1.963495408493622918e-01
1.650815619183181000e+15,1.963495408493622918e-01
1.650815619185098000e+15,1.963495408493622918e-01
1.650815619187014750e+15,1.963495408493621808e-01
1.650815619188931750e+15,1.963495408493620142e-01
1.650815619190848750e+15,1.963495408493618477e-01
1.650815619192765750e+15,1.963495408493617089e-01
1.650815619194682500e+15,1.963495408493615424e-01
1.650815619196599500e+15,1.963495408493614036e-01
1.650815619198516500e+15,1.963495408493612371e-01
1.650815619200433250e+15,1.963495408493610705e-01
1.650815619202350250e+15,1.963495408493609318e-01
1.650815619204267250e+15,1.963495408493609318e-01
1.650815619206184250e+15,1.963495408493609595e-01
1.650815619208101000e+15,1.963495408493609595e-01
1.650815619210018000e+15,1.963495408493609595e-01
1.650815619211935000e+15,1.963495408493609595e-01
1.650815619213851750e+15,1.963495408493609595e-01
1.650815619215768750e+15,1.963495408493609595e-01
1.650815619217685750e+15,1.963495408493609318e-01
1.650815619219602750e+15,1.963495408493609595e-01
1.650815619221519500e+15,1.963495408493609595e-01
1.650815619223436500e+15,1.963495408493609873e-01
1.650815619225353500e+15,1.963495408493609595e-01
1.650815619227270250e+15,1.963495408493609595e-01
1.650815619229187250e+15,1.963495408493609595e-01
1.650815619231104250e+15,1.957335659235723557e-01
1.650815619233021250e+15,1.949659248166412673e-01
1.650815619234938000e+15,1.941983838194006884e-01
1.650815619236855000e+15,1.934307427124696277e-01
1.650815619238772000e+15,1.926631016055385670e-01
1.650815619240689000e+15,1.918954604986074786e-01
1.650815619242605750e+15,1.911279195013669274e-01
1.650815619244522750e+15,1.903602783944358390e-01
1.650815619246439750e+15,1.902136176978195259e-01
1.650815619248356500e+15,1.902136176978195259e-01
1.650815619250273500e+15,1.902136176978195259e-01
1.650815619252190500e+15,1.902136176978195259e-01
1.650815619254107500e+15,1.902136176978195536e-01
1.650815619256024250e+15,1.902136176978194981e-01
1.650815619257941250e+15,1.902136176978194704e-01
1.650815619259858250e+15,1.902136176978194149e-01
1.650815619261775000e+15,1.902136176978193594e-01
1.650815619263692000e+15,1.902136176978193594e-01
1.650815619265609000e+15,1.902136176978193038e-01
1.650815619267526000e+15,1.902136176978192483e-01
1.650815619269442750e+15,1.902136176978192483e-01
1.650815619271359750e+15,1.902136176978191928e-01
1.650815619273276750e+15,1.902136176978191651e-01
1.650815619275193500e+15,1.902136176978191373e-01
1.650815619277110500e+15,1.901445927330569496e-01
1.650815619279027500e+15,1.893450709357821504e-01
1.650815619280944500e+15,1.885455491385073512e-01
1.650815619282861250e+15,1.877461316085509702e-01
1.650815619284778250e+15,1.869466098112761987e-01
1.650815619286695250e+15,1.861470880140013717e-01
1.650815619288612000e+15,1.853476704840449907e-01
1.650815619290529000e+15,1.845481486867702192e-01
1.650815619292446000e+15,1.835300425817330550e-01
1.650815619294363000e+15,1.821994357173094270e-01
1.650815619296279750e+15,1.808690023801242663e-01
1.650815619298196750e+15,1.795383955157006384e-01
1.650815619300113750e+15,1.782077886512769826e-01
1.650815619302030500e+15,1.779417713947351876e-01
1.650815619303947500e+15,1.779417713947350488e-01
1.650815619305864500e+15,1.779417713947348823e-01
1.650815619307781500e+15,1.779417713947347157e-01
1.650815619309698250e+15,1.779417713947345492e-01
1.650815619311615250e+15,1.779417713947344382e-01
1.650815619313532250e+15,1.779417713947344937e-01
1.650815619315449000e+15,1.779417713947345492e-01
1.650815619317366000e+15,1.779417713947346047e-01
1.650815619319283000e+15,1.779417713947346602e-01
1.650815619321200000e+15,1.779417713947347157e-01
1.650815619323116750e+15,1.779417713947347435e-01
1.650815619325033750e+15,1.779417713947347990e-01
1.650815619326950750e+15,1.779417713947348545e-01
1.650815619328867750e+15,1.770925673463554784e-01
1.650815619330784500e+15,1.758998860056475155e-01
1.650815619332701500e+15,1.747070491045716323e-01
1.650815619334618500e+15,1.735142122034957768e-01
1.650815619336535250e+15,1.723215308627877862e-01
1.650815619338452250e+15,1.723257749246260850e-01
1.650815619340369250e+15,1.732416485274844153e-01
1.650815619342286250e+15,1.741575221303428012e-01
1.650815619344203000e+15,1.750732762921992647e-01
1.650815619346120000e+15,1.759891498950575950e-01
1.650815619348037000e+15,1.769050234979159808e-01
1.650815619349953750e+15,1.778207776597724166e-01
1.650815619351870750e+15,1.774345096733250804e-01
1.650815619353787750e+15,1.768500344096476384e-01
1.650815619355704750e+15,1.762655591459701687e-01
1.650815619357621500e+15,1.756811601049405036e-01
1.650815619359538500e+15,1.750966848412630616e-01
1.650815619361455500e+15,1.745122095775855642e-01
1.650815619363372250e+15,1.739278105365559268e-01
1.650815619365289250e+15,1.733433352728784849e-01
1.650815619367206250e+15,1.727588600092009874e-01
1.650815619369123250e+15,1.721743847455235177e-01
1.650815619371040000e+15,1.720105332032035583e-01
1.650815619372957000e+15,1.725647437517103533e-01
1.650815619374874000e+15,1.731189543002170927e-01
1.650815619376790750e+15,1.736730925729611519e-01
1.650815619378707750e+15,1.742273031214678913e-01
1.650815619380624750e+15,1.747815136699746308e-01
1.650815619382541750e+15,1.753357242184814258e-01
1.650815619384458500e+15,1.758898624912254571e-01
1.650815619386375500e+15,1.764440730397321966e-01
1.650815619388292500e+15,1.769982835882389915e-01
1.650815619390209250e+15,1.775524218609830229e-01
1.650815619392126250e+15,1.779417713947344382e-01
1.650815619394043250e+15,1.779417713947344659e-01
1.650815619395960250e+15,1.779417713947345214e-01
1.650815619397877000e+15,1.779417713947345492e-01
1.650815619399794000e+15,1.779417713947345769e-01
1.650815619401711000e+15,1.779417713947346047e-01
1.650815619403628000e+15,1.779417713947346602e-01
1.650815619405544750e+15,1.779417713947346880e-01
1.650815619407461750e+15,1.779417713947347157e-01
1.650815619409378750e+15,1.779417713947347712e-01
1.650815619411295500e+15,1.779417713947348267e-01
1.650815619413212500e+15,1.779417713947348267e-01
1.650815619415129500e+15,1.779417713947348823e-01
1.650815619417046500e+15,1.779417713947348267e-01
1.650815619418963250e+15,1.779417713947347712e-01
1.650815619420880250e+15,1.779417713947347435e-01
1.650815619422797250e+15,1.779417713947346602e-01
1.650815619424714000e+15,1.779417713947346047e-01
1.650815619426631000e+15,1.779417713947345769e-01
1.650815619428548000e+15,1.779417713947345214e-01
1.650815619430465000e+15,1.779417713947344937e-01
1.650815619432381750e+15,1.777690554608745699e-01
1.650815619434298750e+15,1.766718012928234771e-01
1.650815619436215750e+15,1.755745471247724121e-01
1.650815619438132500e+15,1.744774360519441014e-01
1.650815619440049500e+15,1.733801818838930364e-01
1.650815619441966500e+15,1.722829277158419159e-01
1.650815619443883500e+15,1.721185021528369441e-01
1.650815619445800250e+15,1.726715980285291885e-01
1.650815619447717250e+15,1.732247660440252579e-01
1.650815619449634250e+15,1.737779340595213551e-01
1.650815619451551000e+15,1.743310299352135995e-01
1.650815619453468000e+15,1.748841979507096966e-01
1.650815619455385000e+15,1.754373659662057383e-01
1.650815619457302000e+15,1.759905339817018077e-01
1.650815619459218750e+15,1.765436298573940799e-01
1.650815619461135750e+15,1.770967978728901493e-01
1.650815619463052750e+15,1.776499658883862187e-01
1.650815619464969500e+15,1.768103024172943405e-01
1.650815619466886500e+15,1.744149119923870950e-01
1.650815619468803500e+15,1.720195215674798495e-01
1.650815619470720500e+15,1.696241311425725762e-01
1.650815619472637250e+15,1.672290531055663498e-01
1.650815619474554250e+15,1.648336626806590766e-01
1.650815619476471250e+15,1.624382722557518588e-01
1.650815619478388250e+15,1.600428818308445855e-01
1.650815619480305000e+15,1.576478037938383314e-01
1.650815619482222000e+15,1.552524133689310859e-01
1.650815619484139000e+15,1.535756522897422094e-01
1.650815619486055750e+15,1.543617123552895598e-01
1.650815619487972750e+15,1.551478749459530848e-01
1.650815619489889750e+15,1.559340375366166098e-01
1.650815619491806750e+15,1.567202001272801071e-01
1.650815619493723500e+15,1.575062601928274852e-01
1.650815619495640500e+15,1.582924227834909825e-01
1.650815619497557500e+15,1.590785853741545075e-01
1.650815619499474250e+15,1.590981735513372075e-01
1.650815619501391250e+15,1.580619155404564269e-01
1.650815619503308250e+15,1.570256575295756740e-01
1.650815619505225250e+15,1.559893995186949212e-01
1.650815619507142000e+15,1.549532766483998347e-01
1.650815619509059000e+15,1.539170186375190819e-01
1.650815619510976000e+15,1.519497325443750213e-01
1.650815619512892750e+15,1.490488781415009178e-01
1.650815619514809750e+15,1.461476453827636190e-01
1.650815619516726750e+15,1.432464126240263758e-01
1.650815619518643750e+15,1.403451798652890770e-01
1.650815619520560500e+15,1.374443254624149457e-01
1.650815619522477500e+15,1.351821685256495154e-01
1.650815619524394500e+15,1.364268185104658415e-01
1.650815619526311250e+15,1.376713061778611080e-01
1.650815619528228250e+15,1.389159561626774342e-01
1.650815619530145250e+15,1.401606061474937603e-01
1.650815619532062250e+15,1.414052561323100587e-01
1.650815619533979000e+15,1.426497437997052975e-01
1.650815619535896000e+15,1.438943937845216237e-01
1.650815619537813000e+15,1.451390437693379498e-01
1.650815619539729750e+15,1.463835314367331608e-01
1.650815619541646750e+15,1.466821788290939010e-01
1.650815619543563750e+15,1.447100004862163780e-01
1.650815619545480750e+15,1.427378221433388550e-01
1.650815619547397500e+15,1.407659009963850294e-01
1.650815619549314500e+15,1.387937226535075064e-01
1.650815619551231500e+15,1.368215443106299556e-01
1.650815619553148500e+15,1.348493659677524603e-01
1.650815619555065250e+15,1.328774448207986070e-01
1.650815619556982250e+15,1.309052664779211117e-01
1.650815619558899250e+15,1.289330881350435609e-01
1.650815619560816000e+15,1.269611669880897353e-01
1.650815619562733000e+15,1.249889886452122123e-01
1.650815619564650000e+15,1.230168103023346893e-01
1.650815619566567000e+15,1.241850631436112185e-01
1.650815619568483750e+15,1.259128478800177475e-01
1.650815619570400750e+15,1.276408579698527779e-01
1.650815619572317750e+15,1.293688680596877805e-01
1.650815619574234500e+15,1.310966527960943373e-01
1.650815619576151500e+15,1.328246628859293399e-01
1.650815619578068500e+15,1.345526729757643980e-01
1.650815619579985500e+15,1.349903093339359095e-01
1.650815619581902250e+15,1.349903093339358262e-01
1.650815619583819250e+15,1.349903093339357707e-01
1.650815619585736250e+15,1.349903093339357152e-01
1.650815619587653000e+15,1.349903093339356319e-01
1.650815619589570000e+15,1.349903093339355764e-01
1.650815619591487000e+15,1.349903093339355487e-01
1.650815619593404000e+15,1.349903093339355209e-01
1.650815619595320750e+15,1.349903093339355487e-01
1.650815619597237750e+15,1.349903093339355209e-01
1.650815619599154750e+15,1.349903093339355209e-01
1.650815619601071500e+15,1.349903093339355209e-01
1.650815619602988500e+15,1.347181211914995347e-01
1.650815619604905500e+15,1.336114729008318902e-01
1.650815619606822500e+15,1.325048246101642735e-01
1.650815619608739250e+15,1.313983206398266768e-01
1.650815619610656250e+15,1.302916723491590600e-01
1.650815619612573250e+15,1.291850240584914156e-01
1.650815619614490000e+15,1.280785200881538188e-01
1.650815619616407000e+15,1.269718717974862021e-01
1.650815619618324000e+15,1.258652235068185576e-01
1.650815619620241000e+15,1.247585752161509548e-01
1.650815619622157750e+15,1.236520712458133442e-01
1.650815619624074750e+15,1.227184630308512936e-01
1.650815619625991750e+15,1.227184630308511548e-01
1.650815619627908500e+15,1.227184630308510438e-01
1.650815619629825500e+15,1.227184630308509050e-01
1.650815619631742500e+15,1.227184630308507801e-01
1.650815619633659500e+15,1.227184630308506413e-01
1.650815619635576250e+15,1.227184630308505026e-01
1.650815619637493250e+15,1.230881784838177839e-01
1.650815619639410250e+15,1.240315988143846915e-01
1.650815619641327250e+15,1.249750191449515990e-01
1.650815619643244000e+15,1.259183164420899226e-01
1.650815619645161000e+15,1.268617367726568301e-01
1.650815619647078000e+15,1.278051571032237654e-01
1.650815619648994750e+15,1.287484544003620612e-01
1.650815619650911750e+15,1.260084316380661318e-01
1.650815619652828750e+15,1.228024995907760902e-01
1.650815619654745750e+15,1.195965675434860209e-01
1.650815619656662500e+15,1.163910535885339104e-01
1.650815619658579500e+15,1.131851215412438688e-01
1.650815619660496500e+15,1.107240335056461217e-01
1.650815619662413250e+15,1.126264972230061334e-01
1.650815619664330250e+15,1.145292090770189952e-01
1.650815619666247250e+15,1.164319209310318570e-01
1.650815619668164250e+15,1.183346327850447188e-01
1.650815619670081000e+15,1.202370965024047167e-01
1.650815619671998000e+15,1.221398083564175785e-01
1.650815619673915000e+15,1.218794161871059739e-01
1.650815619675831750e+15,1.206738366985385807e-01
1.650815619677748750e+15,1.194680999673093241e-01
1.650815619679665750e+15,1.182623632360800536e-01
1.650815619681582750e+15,1.170566265048507970e-01
1.650815619683499500e+15,1.158510470162834177e-01
1.650815619685416500e+15,1.146453102850541472e-01
1.650815619687333500e+15,1.134395735538248906e-01
1.650815619689250250e+15,1.122339940652574974e-01
1.650815619691167250e+15,1.110282573340282408e-01
1.650815619693084250e+15,1.099172853291296159e-01
1.650815619695001250e+15,1.088946314705391549e-01
1.650815619696918000e+15,1.078721109783882526e-01
1.650815619698835000e+15,1.068494571197977916e-01
1.650815619700752000e+15,1.058268032612073445e-01
1.650815619702668750e+15,1.048042827690564283e-01
1.650815619704585750e+15,1.043106935762234400e-01
1.650815619706502750e+15,1.043106935762233706e-01
1.650815619708419750e+15,1.043106935762233012e-01
1.650815619710336500e+15,1.043106935762232734e-01
1.650815619712253500e+15,1.043106935762232040e-01
1.650815619714170500e+15,1.043106935762231624e-01
1.650815619716087500e+15,1.043106935762230930e-01
1.650815619718004250e+15,1.043106935762230375e-01
1.650815619719921250e+15,1.043106935762230236e-01
1.650815619721838250e+15,1.043106935762230236e-01
1.650815619723755000e+15,1.043106935762230236e-01
1.650815619725672000e+15,1.043106935762230375e-01
1.650815619727589000e+15,1.043106935762230236e-01
1.650815619729506000e+15,1.043106935762230236e-01
1.650815619731422750e+15,1.043106935762230236e-01
1.650815619733339750e+15,1.043106935762230236e-01
1.650815619735256750e+15,1.043106935762230236e-01
1.650815619737173500e+15,1.043106935762230236e-01
1.650815619739090500e+15,1.043106935762230097e-01
1.650815619741007500e+15,1.043106935762230236e-01
1.650815619742924500e+15,1.043106935762230236e-01
1.650815619744841250e+15,1.043106935762230236e-01
1.650815619746758250e+15,1.043106935762230236e-01
1.650815619748675250e+15,1.043106935762230236e-01
1.650815619750592000e+15,1.043106935762230236e-01
1.650815619752509000e+15,1.043106935762230236e-01
1.650815619754426000e+15,1.043106935762230236e-01
1.650815619756343000e+15,1.043106935762230236e-01
1.650815619758259750e+15,1.043106935762230236e-01
1.650815619760176750e+15,1.043106935762230375e-01
1.650815619762093750e+15,1.043106935762230236e-01
1.650815619764010500e+15,1.041101883183282034e-01
1.650815619765927500e+15,1.018948074573231694e-01
1.650815619767844500e+15,9.967942659631812141e-02
1.650815619769761500e+15,9.746404573531311510e-02
1.650815619771678250e+15,9.524895378678344127e-02
1.650815619773595250e+15,9.303357292577839333e-02
1.650815619775512250e+15,9.203884727313879632e-02
1.650815619777429000e+15,9.203884727313871306e-02
1.650815619779346000e+15,9.203884727313862979e-02
1.650815619781263000e+15,9.203884727313854652e-02
1.650815619783180000e+15,9.203884727313847713e-02
1.650815619785096750e+15,9.203884727313840775e-02
1.650815619787013750e+15,9.203884727313832448e-02
1.650815619788930750e+15,9.203884727313824121e-02
1.650815619790847750e+15,9.203884727313815795e-02
1.650815619792764500e+15,9.203884727313808856e-02
1.650815619794681500e+15,9.203884727313800529e-02
1.650815619796598500e+15,9.210661391397594044e-02
1.650815619798515250e+15,9.291089694076372363e-02
1.650815619800432250e+15,9.371528486947230951e-02
1.650815619802349250e+15,9.451967279818092316e-02
1.650815619804266250e+15,9.532406072688950904e-02
1.650815619806183000e+15,9.612834375367730610e-02
1.650815619808100000e+15,9.693273168238589199e-02
1.650815619810017000e+15,9.773711961109449176e-02
1.650815619811933750e+15,9.763273596368904350e-02
1.650815619813850750e+15,9.644351700893161183e-02
1.650815619815767750e+15,9.525429805417418017e-02
1.650815619817684750e+15,9.406507909941674850e-02
1.650815619819601500e+15,9.287601523320322683e-02
1.650815619821518500e+15,9.175551640344710436e-02
1.650815619823435500e+15,9.079843221455316526e-02
1.650815619825352250e+15,8.984147284102030062e-02
1.650815619827269250e+15,8.888438865212636153e-02
1.650815619829186250e+15,8.792730446323240856e-02
1.650815619831103250e+15,8.697022027433845559e-02
1.650815619833020000e+15,8.601326090080560482e-02
1.650815619834937000e+15,8.299037845548427883e-02
1.650815619836854000e+15,7.969830885528651765e-02
1.650815619838770750e+15,7.640666858080603918e-02
1.650815619840687750e+15,7.311459898060826412e-02
1.650815619842604750e+15,6.982252938041048906e-02
1.650815619844521750e+15,6.767800198702481063e-02
1.650815619846438500e+15,6.830189624731433651e-02
1.650815619848355500e+15,6.892587188157807410e-02
1.650815619850272500e+15,6.954984751584182556e-02
1.650815619852189250e+15,7.017374177613135144e-02
1.650815619854106250e+15,7.079771741039508903e-02
1.650815619856023250e+15,7.142169304465882662e-02
1.650815619857940250e+15,7.204566867892256421e-02
1.650815619859857000e+15,7.266956293921210397e-02
1.650815619861774000e+15,7.329353857347584156e-02
1.650815619863691000e+15,7.341648389221862303e-02
1.650815619865608000e+15,7.294901053233046606e-02
1.650815619867524750e+15,7.248159813662591322e-02
1.650815619869441750e+15,7.201412477673775625e-02
1.650815619871358750e+15,7.154665141684959928e-02
1.650815619873275500e+15,7.107923902114504644e-02
1.650815619875192500e+15,7.061176566125690335e-02
1.650815619877109500e+15,7.014429230136873250e-02
1.650815619879026500e+15,6.967681894148058941e-02
1.650815619880943250e+15,6.920940654577603657e-02
1.650815619882860250e+15,6.874193318588786572e-02
1.650815619884777250e+15,6.827445982599972263e-02
1.650815619886694000e+15,6.780704743029516979e-02
1.650815619888611000e+15,6.835336336381928057e-02
1.650815619890528000e+15,7.093202491846294089e-02
1.650815619892445000e+15,7.351068647310660120e-02
1.650815619894361750e+15,7.608901173907595128e-02
1.650815619896278750e+15,7.866767329371961159e-02
1.650815619898195750e+15,7.925188787952640312e-02
1.650815619900112500e+15,7.835409927641814876e-02
1.650815619902029500e+15,7.745619357553985840e-02
1.650815619903946500e+15,7.655828787466155416e-02
1.650815619905863500e+15,7.566038217378324993e-02
1.650815619907780250e+15,7.476259357067500944e-02
1.650815619909697250e+15,7.386468786979670520e-02
1.650815619911614250e+15,7.363107781851176148e-02
1.650815619913531000e+15,7.363107781851163658e-02
1.650815619915448000e+15,7.363107781851149780e-02
1.650815619917365000e+15,7.363107781851138678e-02
1.650815619919282000e+15,7.363107781851124800e-02
1.650815619921198750e+15,7.363107781851112310e-02
1.650815619923115750e+15,7.363107781851099820e-02
1.650815619925032750e+15,7.363107781851085942e-02
1.650815619926949500e+15,7.363107781851074840e-02
1.650815619928866500e+15,7.363107781851059574e-02
1.650815619930783500e+15,7.280748558120646308e-02
1.650815619932700500e+15,7.033864067282195875e-02
1.650815619934617250e+15,6.787011773169206175e-02
1.650815619936534250e+15,6.540127282330755742e-02
1.650815619938451250e+15,6.293242791492303922e-02
1.650815619940368000e+15,6.046390497379315609e-02
1.650815619942285000e+15,5.799506006540865177e-02
1.650815619944202000e+15,5.552621515702414051e-02
1.650815619946119000e+15,5.305737024863963619e-02
1.650815619948035750e+15,5.058884730750975306e-02
1.650815619949952750e+15,4.812000239912524180e-02
1.650815619951869750e+15,4.565115749074073054e-02
1.650815619953786750e+15,4.318231258235623315e-02
1.650815619955703500e+15,4.629142649557383554e-02
1.650815619957620500e+15,4.997644049353993506e-02
1.650815619959537500e+15,5.366145449150602070e-02
1.650815619961454250e+15,5.734598791904984422e-02
1.650815619963371250e+15,6.103100191701593680e-02
1.650815619965288250e+15,6.135923151542631987e-02
1.650815619967205250e+15,6.135923151542631987e-02
1.650815619969122000e+15,6.135923151542632681e-02
1.650815619971039000e+15,6.135923151542631987e-02
1.650815619972956000e+15,6.135923151542632681e-02
1.650815619974872750e+15,6.135923151542631987e-02
1.650815619976789750e+15,6.120012106494807091e-02
1.650815619978706750e+15,5.906341540073212215e-02
1.650815619980623750e+15,5.692670973651618727e-02
1.650815619982540500e+15,5.479028272457778931e-02
1.650815619984457500e+15,5.265357706036184748e-02
1.650815619986374500e+15,5.051687139614590566e-02
1.650815619988291250e+15,4.908738521233952518e-02
1.650815619990208250e+15,4.908738521233974028e-02
1.650815619992125250e+15,4.908738521233995539e-02
1.650815619994042250e+15,4.908738521234015661e-02
1.650815619995959000e+15,4.908738521234037172e-02
1.650815619997876000e+15,4.908738521234057989e-02
1.650815619999793000e+15,4.908738521234079499e-02
1.650815620001709750e+15,4.908738521234100316e-02
1.650815620003626750e+15,4.908738521234121133e-02
1.650815620005543750e+15,4.908738521234142643e-02
1.650815620007460750e+15,4.908738521234163460e-02
1.650815620009377500e+15,4.908738521234154439e-02
1.650815620011294500e+15,4.908738521234137786e-02
1.650815620013211500e+15,4.908738521234120439e-02
1.650815620015128250e+15,4.908738521234103785e-02
1.650815620017045250e+15,4.908738521234086438e-02
1.650815620018962250e+15,4.908738521234069785e-02
1.650815620020879250e+15,4.908738521234052438e-02
1.650815620022796000e+15,4.908738521234036478e-02
1.650815620024713000e+15,4.908738521234018437e-02
1.650815620026630000e+15,4.908738521234001784e-02
1.650815620028547000e+15,4.908738521233984436e-02
1.650815620030463750e+15,4.908738521233968477e-02
1.650815620032380750e+15,4.908738521233951130e-02
1.650815620034297750e+15,4.844706417311253621e-02
1.650815620036214500e+15,4.753301810948326600e-02
1.650815620038131500e+15,4.661885282763778005e-02
1.650815620040048500e+15,4.570468754579230797e-02
1.650815620041965500e+15,4.479052226394682201e-02
1.650815620043882250e+15,4.387647620031755180e-02
1.650815620045799250e+15,4.296231091847206585e-02
1.650815620047716250e+15,4.196929437195105056e-02
1.650815620049633000e+15,4.097546044422419736e-02
1.650815620051550000e+15,3.998149689162089349e-02
1.650815620053467000e+15,3.898753333901758961e-02
1.650815620055384000e+15,3.799356978641428573e-02
1.650815620057300750e+15,3.699973585868743253e-02
1.650815620059217750e+15,3.681553890925481909e-02
1.650815620061134750e+15,3.681553890925481909e-02
1.650815620063051500e+15,3.681553890925481909e-02
1.650815620064968500e+15,3.681553890925481909e-02
1.650815620066885500e+15,3.681553890925481909e-02
1.650815620068802500e+15,3.681553890925481909e-02
1.650815620070719250e+15,3.681553890925481909e-02
1.650815620072636250e+15,3.681553890925481909e-02
1.650815620074553250e+15,3.681553890925481909e-02
1.650815620076470000e+15,3.681553890925482603e-02
1.650815620078387000e+15,3.681553890925482603e-02
1.650815620080304000e+15,3.681553890925481909e-02
1.650815620082221000e+15,3.681553890925481909e-02
1.650815620084137750e+15,3.681553890925481909e-02
1.650815620086054750e+15,3.681553890925481909e-02
1.650815620087971750e+15,3.681553890925481909e-02
1.650815620089888500e+15,3.681553890925481909e-02
1.650815620091805500e+15,3.681553890925482603e-02
1.650815620093722500e+15,3.681553890925481909e-02
1.650815620095639500e+15,3.681553890925481909e-02
1.650815620097556250e+15,3.681553890925481909e-02
1.650815620099473250e+15,3.608052319156575954e-02
1.650815620101390250e+15,3.431979200654868001e-02
1.650815620103307250e+15,3.255906082153159353e-02
1.650815620105224000e+15,3.079855925716983023e-02
1.650815620107141000e+15,2.903782807215275069e-02
1.650815620109058000e+15,2.727709688713566422e-02
1.650815620110974750e+15,2.551659532277390438e-02
1.650815620112891750e+15,2.502676631734368495e-02
1.650815620114808750e+15,2.610639593473759734e-02
1.650815620116725750e+15,2.718602555213150973e-02
1.650815620118642500e+15,2.826551437275736517e-02
1.650815620120559500e+15,2.934514399015127062e-02
1.650815620122476500e+15,3.042477360754517954e-02
1.650815620124393250e+15,3.150426242817103845e-02
1.650815620126310250e+15,3.258389204556495083e-02
1.650815620128227250e+15,3.366352166295885628e-02
1.650815620130144250e+15,3.474315128035276867e-02
1.650815620132061000e+15,3.582264010097863105e-02
1.650815620133978000e+15,3.666852495898837577e-02
1.650815620135895000e+15,3.483848766898346022e-02
1.650815620137811750e+15,3.300868903798871018e-02
1.650815620139728750e+15,3.117865174798378769e-02
1.650815620141645750e+15,2.934861445797887214e-02
1.650815620143562750e+15,2.751857716797394965e-02
1.650815620145479500e+15,2.568877853697919961e-02
1.650815620147396500e+15,2.454369260617017198e-02
1.650815620149313500e+15,2.454369260617017545e-02
1.650815620151230250e+15,2.454369260617017545e-02
1.650815620153147250e+15,2.454369260617017545e-02
1.650815620155064250e+15,2.454369260617017545e-02
1.650815620156981250e+15,2.454369260617017545e-02
1.650815620158898000e+15,2.454369260617017198e-02
1.650815620160815000e+15,2.423436831738665781e-02
1.650815620162732000e+15,2.309403242969817679e-02
1.650815620164648750e+15,2.195384525561008132e-02
1.650815620166565750e+15,2.081350936792160378e-02
1.650815620168482750e+15,1.967317348023312970e-02
1.650815620170399750e+15,1.853283759254465216e-02
1.650815620172316500e+15,2.046291231195979110e-02
1.650815620174233500e+15,2.277156092462039733e-02
1.650815620176150500e+15,2.508020953728100355e-02
1.650815620178067500e+15,2.738885814994160284e-02
1.650815620179984250e+15,2.969720568688329065e-02
1.650815620181901250e+15,3.001121619585044031e-02
1.650815620183818250e+15,2.884770022755272362e-02
1.650815620185735000e+15,2.768433599581842167e-02
1.650815620187652000e+15,2.652082002752070150e-02
1.650815620189569000e+15,2.535730405922298480e-02
1.650815620191486000e+15,2.419378809092526811e-02
1.650815620193402750e+15,2.303042385919096963e-02
1.650815620195319750e+15,2.186690789089325293e-02
1.650815620197236750e+15,2.070339192259553623e-02
1.650815620199153500e+15,1.954002769086123428e-02
1.650815620201070500e+15,1.843160951817401916e-02
1.650815620202987500e+15,1.931901537871771185e-02
1.650815620204904500e+15,2.020642123926140454e-02
1.650815620206821250e+15,2.109371137134127827e-02
1.650815620208738250e+15,2.198111723188497096e-02
1.650815620210655250e+15,2.286852309242866366e-02
1.650815620212572000e+15,2.375581322450853738e-02
1.650815620214489000e+15,2.454369260617017545e-02
1.650815620216406000e+15,2.454369260617017198e-02
1.650815620218323000e+15,2.454369260617017545e-02
1.650815620220239750e+15,2.454369260617017545e-02
1.650815620222156750e+15,2.454369260617017545e-02
1.650815620224073750e+15,2.454369260617017545e-02
1.650815620225990500e+15,2.454369260617017545e-02
1.650815620227907500e+15,2.454369260617017545e-02
1.650815620229824500e+15,2.394891138303677919e-02
1.650815620231741500e+15,2.333771030839367280e-02
1.650815620233658250e+15,2.272658894176760036e-02
1.650815620235575250e+15,2.211538786712449051e-02
1.650815620237492250e+15,2.150418679248138065e-02
1.650815620239409000e+15,2.089306542585531168e-02
1.650815620241326000e+15,2.028186435121220182e-02
1.650815620243243000e+15,1.967066327656909197e-02
1.650815620245160000e+15,1.905946220192598559e-02
1.650815620247076750e+15,1.844834083529991314e-02
1.650815620248993750e+15,1.895252705473075838e-02
1.650815620250910750e+15,1.953601654733993012e-02
1.650815620252827500e+15,2.011942994585774053e-02
1.650815620254744500e+15,2.070291943846690880e-02
1.650815620256661500e+15,2.128640893107608401e-02
1.650815620258578500e+15,2.186989842368525921e-02
1.650815620260495250e+15,2.245331182220306615e-02
1.650815620262412250e+15,2.303680131481223789e-02
1.650815620264329250e+15,2.362029080742141310e-02
1.650815620266246250e+15,2.420378030003058484e-02
1.650815620268163000e+15,2.476219866097775779e-02
1.650815620270080000e+15,2.528579379480830683e-02
1.650815620271997000e+15,2.580938892863885586e-02
1.650815620273913750e+15,2.633291577932727126e-02
1.650815620275830750e+15,2.685651091315781683e-02
1.650815620277747750e+15,2.738010604698836586e-02
1.650815620279664750e+15,2.790370118081891143e-02
1.650815620281581500e+15,2.842722803150733377e-02
1.650815620283498500e+15,2.895082316533788280e-02
1.650815620285415500e+15,2.947441829916842143e-02
1.650815620287332250e+15,2.999794514985684377e-02
1.650815620289249250e+15,3.052154028368738933e-02
1.650815620291166250e+15,3.219156551973566954e-02
1.650815620293083250e+15,3.435738483137411314e-02
1.650815620295000000e+15,3.652292169396303273e-02
1.650815620296917000e+15,3.868874100560146245e-02
1.650815620298834000e+15,4.085456031723989911e-02
1.650815620300750750e+15,4.288398245698625544e-02
1.650815620302667750e+15,4.075462607003703386e-02
1.650815620304584750e+15,3.862526968308781922e-02
1.650815620306501750e+15,3.649591329613859764e-02
1.650815620308418500e+15,3.436683460303222720e-02
1.650815620310335500e+15,3.223747821608301256e-02
1.650815620312252500e+15,3.034459161874740116e-02
1.650815620314169250e+15,2.909647204953196703e-02
1.650815620316086250e+15,2.784818968918972501e-02
1.650815620318003250e+15,2.659990732884748993e-02
1.650815620319920250e+15,2.535162496850524444e-02
1.650815620321837000e+15,2.489097023932930128e-02
1.650815620323754000e+15,2.587577974045998652e-02
1.650815620325671000e+15,2.686058924159067524e-02
1.650815620327587750e+15,2.784527031164401450e-02
1.650815620329504750e+15,2.883007981277469975e-02
1.650815620331421750e+15,2.981488931390538499e-02
1.650815620333338750e+15,3.067961575771249727e-02
1.650815620335255500e+15,3.067961575771249380e-02
1.650815620337172500e+15,3.067961575771249727e-02
1.650815620339089500e+15,3.067961575771249727e-02
1.650815620341006500e+15,3.067961575771249380e-02
1.650815620342923250e+15,3.067961575771249727e-02
1.650815620344840250e+15,3.067961575771249380e-02
1.650815620346757250e+15,3.067961575771249380e-02
1.650815620348674000e+15,3.067961575771249727e-02
1.650815620350591000e+15,3.067961575771249380e-02
1.650815620352508000e+15,3.067961575771249727e-02
1.650815620354425000e+15,3.067961575771249727e-02
1.650815620356341750e+15,3.067961575771249380e-02
1.650815620358258750e+15,3.168747734330519539e-02
1.650815620360175750e+15,3.450904822257676308e-02
1.650815620362092500e+15,3.733025113485833463e-02
1.650815620364009500e+15,4.015182201412990232e-02
1.650815620365926500e+15,4.297339289340147001e-02
1.650815620367843500e+15,4.579496377267303769e-02
1.650815620369760250e+15,4.861616668495461618e-02
1.650815620371677250e+15,5.143773756422619081e-02
1.650815620373594250e+15,5.425930844349775156e-02
1.650815620375511000e+15,5.708051135577932311e-02
1.650815620377428000e+15,5.990208223505088386e-02
1.650815620379345000e+15,5.922072457449802790e-02
1.650815620381262000e+15,5.479837526947247545e-02
1.650815620383178750e+15,5.037660269231664101e-02
1.650815620385095750e+15,4.595425338729108855e-02
1.650815620387012750e+15,4.153190408226553609e-02
1.650815620388929500e+15,3.711013150510970166e-02
1.650815620390846500e+15,3.268778220008414226e-02
1.650815620392763500e+15,3.406970013867518382e-02
1.650815620394680500e+15,4.027972570800511520e-02
1.650815620396597250e+15,4.648894141484556652e-02
1.650815620398514250e+15,5.269896698417550485e-02
1.650815620400431250e+15,5.890899255350542929e-02
1.650815620402348000e+15,6.511820826034588061e-02
1.650815620404265000e+15,7.132823382967580506e-02
1.650815620406182000e+15,7.753825939900574338e-02
1.650815620408099000e+15,7.748044864948194776e-02
1.650815620410015750e+15,7.391433867352101283e-02
1.650815620411932750e+15,7.034776357300340233e-02
1.650815620413849750e+15,6.678118847248579182e-02
1.650815620415766750e+15,6.321461337196819519e-02
1.650815620417683500e+15,5.964850339600725332e-02
1.650815620419600500e+15,5.608192829548964975e-02
1.650815620421517500e+15,5.951863163584879268e-02
1.650815620423434250e+15,6.517514890245089398e-02
1.650815620425351250e+15,7.083240394357584457e-02
1.650815620427268250e+15,7.648965898470076741e-02
1.650815620429185250e+15,8.214691402582570412e-02
1.650815620431102000e+15,8.482884570094002818e-02
1.650815620433019000e+15,8.163162779349036891e-02
1.650815620434936000e+15,7.843440988604070963e-02
1.650815620436852750e+15,7.523760893449969733e-02
1.650815620438769750e+15,7.204039102705002418e-02
1.650815620440686750e+15,6.884317311960035102e-02
1.650815620442603750e+15,6.564595521215069174e-02
1.650815620444520500e+15,6.244915426060967945e-02
1.650815620446437500e+15,5.925193635316000629e-02
1.650815620448354500e+15,5.605471844571034701e-02
1.650815620450271250e+15,5.781019094702043171e-02
1.650815620452188250e+15,6.130679162523306608e-02
1.650815620454105250e+15,6.480339230344570045e-02
1.650815620456022250e+15,6.829999298165834176e-02
1.650815620457939000e+15,7.179613766082582060e-02
1.650815620459856000e+15,7.529273833903846191e-02
1.650815620461773000e+15,7.878933901725110323e-02
1.650815620463689750e+15,8.228548369641859594e-02
1.650815620465606750e+15,8.578208437463122338e-02
1.650815620467523750e+15,8.590292412159605817e-02
1.650815620469440750e+15,8.590292412159605817e-02
1.650815620471357500e+15,8.590292412159605817e-02
1.650815620473274500e+15,8.590292412159605817e-02
1.650815620475191500e+15,8.590292412159605817e-02
1.650815620477108250e+15,8.590292412159605817e-02
1.650815620479025250e+15,8.583839358498045191e-02
1.650815620480942250e+15,8.462856435571783353e-02
1.650815620482859250e+15,8.341873512645522903e-02
1.650815620484776000e+15,8.220906367356575761e-02
1.650815620486693000e+15,8.099923444430313924e-02
1.650815620488610000e+15,7.978940521504052086e-02
1.650815620490526750e+15,7.857973376215104944e-02
1.650815620492443750e+15,7.736990453288843106e-02
1.650815620494360750e+15,7.616007530362581268e-02
1.650815620496277750e+15,7.495024607436320818e-02
1.650815620498194500e+15,7.374057462147373676e-02
1.650815620500111500e+15,7.699707546335247954e-02
1.650815620502028500e+15,8.069803186436114162e-02
1.650815620503945500e+15,8.439898826536978982e-02
1.650815620505862250e+15,8.809946201687388068e-02
1.650815620507779250e+15,9.180041841788255663e-02
1.650815620509696250e+15,9.550137481889121871e-02
1.650815620511613000e+15,9.751283975112809421e-02
1.650815620513530000e+15,9.512764971128104263e-02
1.650815620515447000e+15,9.274245967143399105e-02
1.650815620517364000e+15,9.035726963158691172e-02
1.650815620519280750e+15,8.797239064938719433e-02
1.650815620521197750e+15,8.607832014499403051e-02
1.650815620523114750e+15,8.740338094047750417e-02
1.650815620525031500e+15,8.872826893199700637e-02
1.650815620526948500e+15,9.005332972748048004e-02
1.650815620528865500e+15,9.137839052296392595e-02
1.650815620530782500e+15,9.203884727313837999e-02
1.650815620532699250e+15,9.203884727313837999e-02
1.650815620534616250e+15,9.203884727313837999e-02
1.650815620536533250e+15,9.203884727313837999e-02
1.650815620538450000e+15,9.203884727313837999e-02
1.650815620540367000e+15,9.203884727313836611e-02
1.650815620542284000e+15,9.218189896611161949e-02
1.650815620544201000e+15,9.364837006466636415e-02
1.650815620546117750e+15,9.511464991764224941e-02
1.650815620548034750e+15,9.658112101619698020e-02
1.650815620549951750e+15,9.804759211475169711e-02
1.650815620551868500e+15,9.951387196772758237e-02
1.650815620553785500e+15,1.009803430662823132e-01
1.650815620555702500e+15,1.024468141648370578e-01
1.650815620557619500e+15,1.039132852633917886e-01
1.650815620559536250e+15,1.043106935762238008e-01
1.650815620561453250e+15,1.043106935762236620e-01
1.650815620563370250e+15,1.043106935762234955e-01
1.650815620565287000e+15,1.043106935762233567e-01
1.650815620567204000e+15,1.043106935762231902e-01
1.650815620569121000e+15,1.043106935762230653e-01
1.650815620571038000e+15,1.027606385095670705e-01
1.650815620572954750e+15,1.008646155044536086e-01
1.650815620574871750e+15,9.896834520274369607e-02
1.650815620576788750e+15,9.707207490103378356e-02
1.650815620578705750e+15,9.517580459932385717e-02
1.650815620580622500e+15,9.327978159421040916e-02
1.650815620582539500e+15,9.160662514789683075e-02
1.650815620584456500e+15,9.035595373040541944e-02
1.650815620586373250e+15,8.910544541560277976e-02
1.650815620588290250e+15,8.785477399811139620e-02
1.650815620590207250e+15,8.660410258061998490e-02
1.650815620592124250e+15,8.630182661662802457e-02
1.650815620594041000e+15,8.720962876249030438e-02
1.650815620595958000e+15,8.811754931218013231e-02
1.650815620597875000e+15,8.902546986186996025e-02
1.650815620599791750e+15,8.993327200773224006e-02
1.650815620601708750e+15,9.084119255742206800e-02
1.650815620603625750e+15,9.174911310711189594e-02
1.650815620605542750e+15,9.265703365680172388e-02
1.650815620607459500e+15,9.356483580266401756e-02
1.650815620609376500e+15,9.447275635235384550e-02
1.650815620611293500e+15,9.538067690204368732e-02
1.650815620613210250e+15,9.628847904790596712e-02
1.650815620615127250e+15,9.719639959759579506e-02
1.650815620617044250e+15,9.810432014728563688e-02
1.650815620618961250e+15,9.888321613886405514e-02
1.650815620620878000e+15,9.965115807165686457e-02
1.650815620622795000e+15,1.004192001664338807e-01
1.650815620624712000e+15,1.011872422612109107e-01
1.650815620626628750e+15,1.019551841940037340e-01
1.650815620628545750e+15,1.027232262887807501e-01
1.650815620630462750e+15,1.034912683835577801e-01
1.650815620632379750e+15,1.042593104783347824e-01
1.650815620634296500e+15,1.085161346785559200e-01
1.650815620636213500e+15,1.130237279652032412e-01
1.650815620638130500e+15,1.175313212518505623e-01
1.650815620640047250e+15,1.220383266937813405e-01
1.650815620641964250e+15,1.265459199804286616e-01
1.650815620643881250e+15,1.288543861823931991e-01
1.650815620645798250e+15,1.288543861823931991e-01
1.650815620647715000e+15,1.288543861823931991e-01
1.650815620649632000e+15,1.288543861823931991e-01
1.650815620651549000e+15,1.288543861823931991e-01
1.650815620653466000e+15,1.288543861823931991e-01
1.650815620655382750e+15,1.288543861823931991e-01
1.650815620657299750e+15,1.288543861823931991e-01
1.650815620659216750e+15,1.288543861823931991e-01
1.650815620661133500e+15,1.288543861823931991e-01
1.650815620663050500e+15,1.288543861823931991e-01
1.650815620664967500e+15,1.288543861823931991e-01
1.650815620666884500e+15,1.288543861823931991e-01
1.650815620668801250e+15,1.288543861823931991e-01
1.650815620670718250e+15,1.288543861823931991e-01
1.650815620672635250e+15,1.288543861823931991e-01
1.650815620674552000e+15,1.288543861823931991e-01
1.650815620676469000e+15,1.288543861823931991e-01
1.650815620678386000e+15,1.289318833884342541e-01
1.650815620680303000e+15,1.299780956699882473e-01
1.650815620682219750e+15,1.310241715127992423e-01
1.650815620684136750e+15,1.320703837943532633e-01
1.650815620686053750e+15,1.331165960759072564e-01
1.650815620687970500e+15,1.341626719187182237e-01
1.650815620689887500e+15,1.348353344192510239e-01
1.650815620691804500e+15,1.340935443781642311e-01
1.650815620693721500e+15,1.333517543370774106e-01
1.650815620695638250e+15,1.326100610343893260e-01
1.650815620697555250e+15,1.318682709933025055e-01
1.650815620699472250e+15,1.311264809522156849e-01
1.650815620701389000e+15,1.303847876495275726e-01
1.650815620703306000e+15,1.296429976084407798e-01
1.650815620705223000e+15,1.289012075673539592e-01
1.650815620707140000e+15,1.294465790987324172e-01
1.650815620709056750e+15,1.300785867671037654e-01
1.650815620710973750e+15,1.307106768676739028e-01
1.650815620712890750e+15,1.313427669682440679e-01
1.650815620714807500e+15,1.319747746366153884e-01
1.650815620716724500e+15,1.326068647371855536e-01
1.650815620718641500e+15,1.332389548377557187e-01
1.650815620720558500e+15,1.338710449383258561e-01
1.650815620722475250e+15,1.345030526066972043e-01
1.650815620724392250e+15,1.356287815964873356e-01
1.650815620726309250e+15,1.384152388015189028e-01
1.650815620728226250e+15,1.412016960065504700e-01
1.650815620730143000e+15,1.439877898238401399e-01
1.650815620732060000e+15,1.467742470288717072e-01
1.650815620733977000e+15,1.495607042339032744e-01
1.650815620735893750e+15,1.523467980511929443e-01
1.650815620737810750e+15,1.508146176256487669e-01
1.650815620739727750e+15,1.466659306733494594e-01
1.650815620741644750e+15,1.425172437210501519e-01
1.650815620743561500e+15,1.383690978077378175e-01
1.650815620745478500e+15,1.342204108554385100e-01
1.650815620747395500e+15,1.300717239031392025e-01
1.650815620749312250e+15,1.307870250157685266e-01
1.650815620751229250e+15,1.335227596612023337e-01
1.650815620753146250e+15,1.362584943066361687e-01
1.650815620755063250e+15,1.389942289520700314e-01
1.650815620756980000e+15,1.417296068245975649e-01
1.650815620758897000e+15,1.444653414700313721e-01
1.650815620760814000e+15,1.472010761154652347e-01
1.650815620762730750e+15,1.499364539879927682e-01
1.650815620764647750e+15,1.526721886334266032e-01
1.650815620766564750e+15,1.554079232788604381e-01
1.650815620768481750e+15,1.581436579242942730e-01
1.650815620770398500e+15,1.595340019401074727e-01
1.650815620772315500e+15,1.595340019401074727e-01
1.650815620774232500e+15,1.595340019401074727e-01
1.650815620776149250e+15,1.595340019401074727e-01
1.650815620778066250e+15,1.595340019401074727e-01
1.650815620779983250e+15,1.595340019401074727e-01
1.650815620781900250e+15,1.595340019401074727e-01
1.650815620783817000e+15,1.595340019401074727e-01
1.650815620785734000e+15,1.595340019401074727e-01
1.650815620787651000e+15,1.595340019401074727e-01
1.650815620789567750e+15,1.595340019401074727e-01
1.650815620791484750e+15,1.595340019401074450e-01
1.650815620793401750e+15,1.587833952927693859e-01
1.650815620795318750e+15,1.579780711327318510e-01
1.650815620797235500e+15,1.571728519967110216e-01
1.650815620799152500e+15,1.563675278366734589e-01
1.650815620801069500e+15,1.555622036766359240e-01
1.650815620802986250e+15,1.547569845406150946e-01
1.650815620804903250e+15,1.539516603805775319e-01
1.650815620806820250e+15,1.533980787885642627e-01
1.650815620808737250e+15,1.533980787885642905e-01
1.650815620810654000e+15,1.533980787885642627e-01
1.650815620812571000e+15,1.533980787885642627e-01
1.650815620814488000e+15,1.533980787885642905e-01
1.650815620816405000e+15,1.533980787885643460e-01
1.650815620818321750e+15,1.533980787885644292e-01
1.650815620820238750e+15,1.533980787885644848e-01
1.650815620822155750e+15,1.533980787885645403e-01
1.650815620824072500e+15,1.533980787885646235e-01
1.650815620825989500e+15,1.533980787885647068e-01
1.650815620827906500e+15,1.533980787885647623e-01
1.650815620829823500e+15,1.533980787885648178e-01
1.650815620831740250e+15,1.533980787885648733e-01
1.650815620833657250e+15,1.533980787885649288e-01
1.650815620835574250e+15,1.533980787885650121e-01
1.650815620837491000e+15,1.533980787885650676e-01
1.650815620839408000e+15,1.533980787885651231e-01
1.650815620841325000e+15,1.544414604887390241e-01
1.650815620843242000e+15,1.558275746392819017e-01
1.650815620845158750e+15,1.572135080237643812e-01
1.650815620847075750e+15,1.585996221743072587e-01
1.650815620848992750e+15,1.599857363248500808e-01
1.650815620850909500e+15,1.613716697093326435e-01
1.650815620852826500e+15,1.627577838598754933e-01
1.650815620854743500e+15,1.641438980104183432e-01
1.650815620856660500e+15,1.655300121609611930e-01
1.650815620858577250e+15,1.669159455454437002e-01
1.650815620860494250e+15,1.683020596959865500e-01
1.650815620862411250e+15,1.696881738465294276e-01
1.650815620864328000e+15,1.710741072310119348e-01
1.650815620866245000e+15,1.723246757169981103e-01
1.650815620868162000e+15,1.734236726974248133e-01
1.650815620870079000e+15,1.745226696778514608e-01
1.650815620871995750e+15,1.756215233357715511e-01
1.650815620873912750e+15,1.767205203161982263e-01
1.650815620875829750e+15,1.778195172966248738e-01
1.650815620877746500e+15,1.789183709545449918e-01
1.650815620879663500e+15,1.800173679349716394e-01
1.650815620881580500e+15,1.811163649153983146e-01
1.650815620883497500e+15,1.822153618958249899e-01
1.650815620885414250e+15,1.833142155537450801e-01
1.650815620887331250e+15,1.860279384045896989e-01
1.650815620889248250e+15,1.924160075654370583e-01
1.650815620891165250e+15,1.988040767262843622e-01
1.650815620893082000e+15,2.051913128056032098e-01
1.650815620894999000e+15,2.115793819664505415e-01
1.650815620896916000e+15,2.179674511272978732e-01
1.650815620898832750e+15,2.177901710535526392e-01
1.650815620900749750e+15,2.120635085990701940e-01
1.650815620902666750e+15,2.063368461445876934e-01
1.650815620904583750e+15,2.006101836901052482e-01
1.650815620906500500e+15,1.948842680617123291e-01
1.650815620908417500e+15,1.896622580551982629e-01
1.650815620910334500e+15,1.866722822846067498e-01
1.650815620912251250e+15,1.836826964430411380e-01
1.650815620914168250e+15,1.806927206724495971e-01
1.650815620916085250e+15,1.777027449018580840e-01
1.650815620918002250e+15,1.747127691312665432e-01
1.650815620919919000e+15,1.717231832897009314e-01
1.650815620921836000e+15,1.687332075191093905e-01
1.650815620923753000e+15,1.657432317485178497e-01
1.650815620925669750e+15,1.682539505383841560e-01
1.650815620927586750e+15,1.709032762671668926e-01
1.650815620929503750e+15,1.735526019959496014e-01
1.650815620931420750e+15,1.762019277247323656e-01
1.650815620933337500e+15,1.788509079493772469e-01
1.650815620935254500e+15,1.815002336781600112e-01
1.650815620937171500e+15,1.841495594069427200e-01
1.650815620939088250e+15,1.867985396315876567e-01
1.650815620941005250e+15,1.894478653603703655e-01
1.650815620942922250e+15,1.920971910891531020e-01
1.650815620944839250e+15,1.947465168179358108e-01
1.650815620946756000e+15,1.973954970425807476e-01
1.650815620948673000e+15,2.000448227713634841e-01
1.650815620950590000e+15,2.026301656088825842e-01
1.650815620952506750e+15,2.044669656558478765e-01
1.650815620954423750e+15,2.063040052750118036e-01
1.650815620956340750e+15,2.081410448941757307e-01
1.650815620958257750e+15,2.099780845133396578e-01
1.650815620960174500e+15,2.118148845603049502e-01
1.650815620962091500e+15,2.136519241794688773e-01
1.650815620964008500e+15,2.149850140721530911e-01
1.650815620965925500e+15,2.155567339458533127e-01
1.650815620967842250e+15,2.161283792603629350e-01
1.650815620969759250e+15,2.167000991340631288e-01
1.650815620971676250e+15,2.172718190077633504e-01
1.650815620973593000e+15,2.178434643222729727e-01
1.650815620975510000e+15,2.184151841959731666e-01
1.650815620977427000e+15,2.189869040696733882e-01
1.650815620979344000e+15,2.195586239433736098e-01
1.650815620981260750e+15,2.201302692578832321e-01
1.650815620983177750e+15,2.207019891315834537e-01
1.650815620985094750e+15,2.205214674999577129e-01
1.650815620987011500e+15,2.199629079112075947e-01
1.650815620988928500e+15,2.194042754700264442e-01
1.650815620990845500e+15,2.188456430288453491e-01
1.650815620992762500e+15,2.182870105876641986e-01
1.650815620994679250e+15,2.177284509989140804e-01
1.650815620996596250e+15,2.171698185577329576e-01
1.650815620998513250e+15,2.166111861165517793e-01
1.650815621000430000e+15,2.160526265278017166e-01
1.650815621002347000e+15,2.154939940866205661e-01
1.650815621004264000e+15,2.149353616454394156e-01
1.650815621006181000e+15,2.170518029699626816e-01
1.650815621008097750e+15,2.204193135499827039e-01
1.650815621010014750e+15,2.237872633514166321e-01
1.650815621011931750e+15,2.271552131528505047e-01
1.650815621013848500e+15,2.305227237328705825e-01
1.650815621015765500e+15,2.338906735343044552e-01
1.650815621017682500e+15,2.372586233357383834e-01
1.650815621019599500e+15,2.384690600523789172e-01
1.650815621021516250e+15,2.363555723483994897e-01
1.650815621023433250e+15,2.342418089840960782e-01
1.650815621025350250e+15,2.321280456197926112e-01
1.650815621027267000e+15,2.300145579158132114e-01
1.650815621029184000e+15,2.279007945515097444e-01
1.650815621031101000e+15,2.257870311872063329e-01
1.650815621033018000e+15,2.236732678229029214e-01
1.650815621034934750e+15,2.215597801189234661e-01
1.650815621036851750e+15,2.194460167546200546e-01
1.650815621038768750e+15,2.173322533903166431e-01
1.650815621040685750e+15,2.152184900260132039e-01
1.650815621042602500e+15,2.171385808362226721e-01
1.650815621044519500e+15,2.201848908864671717e-01
1.650815621046436500e+15,2.232312009367116712e-01
1.650815621048353250e+15,2.262771137112584707e-01
1.650815621050270250e+15,2.293234237615029980e-01
1.650815621052187250e+15,2.323697338117474698e-01
1.650815621054104250e+15,2.354160438619919971e-01
1.650815621056021000e+15,2.384619566365387966e-01
1.650815621057938000e+15,2.397868261591749872e-01
1.650815621059855000e+15,2.404573252004740536e-01
1.650815621061771750e+15,2.411277368005836086e-01
1.650815621063688750e+15,2.417982358418827027e-01
1.650815621065605750e+15,2.424687348831817968e-01
1.650815621067522750e+15,2.431392339244809464e-01
1.650815621069439500e+15,2.438096455245904459e-01
1.650815621071356500e+15,2.444801445658895678e-01
1.650815621073273500e+15,2.451506436071886619e-01
1.650815621075190250e+15,2.462404049696771124e-01
1.650815621077107250e+15,2.476428807871932092e-01
1.650815621079024250e+15,2.490453566047092782e-01
1.650815621080941250e+15,2.504478324222254026e-01
1.650815621082858000e+15,2.518501253399217932e-01
1.650815621084775000e+15,2.532526011574378622e-01
1.650815621086692000e+15,2.546550769749539311e-01
1.650815621088608750e+15,2.560573698926503217e-01
1.650815621090525750e+15,2.574598457101664462e-01
1.650815621092442750e+15,2.611027644367718836e-01
1.650815621094359750e+15,2.652291527684621508e-01
1.650815621096276500e+15,2.693550029691754166e-01
1.650815621098193500e+15,2.734813913008657393e-01
1.650815621100110500e+15,2.776077796325560065e-01
1.650815621102027250e+15,2.817336298332693278e-01
1.650815621103944250e+15,2.858600181649595950e-01
1.650815621105861250e+15,2.899864064966499178e-01
1.650815621107778250e+15,2.941127948283401849e-01
1.650815621109695000e+15,2.982386450290534508e-01
1.650815621111612000e+15,2.980475187610576171e-01
1.650815621113529000e+15,2.917235592548712564e-01
1.650815621115445750e+15,2.854004244695386161e-01
1.650815621117362750e+15,2.790764649633522554e-01
1.650815621119279750e+15,2.727525054571658947e-01
1.650815621121196750e+15,2.664285459509795340e-01
1.650815621123113500e+15,2.601054111656468382e-01
1.650815621125030500e+15,2.628336107490117368e-01
1.650815621126947500e+15,2.710858704571636468e-01
1.650815621128864500e+15,2.793381301653156124e-01
1.650815621130781250e+15,2.875893136789307580e-01
1.650815621132698250e+15,2.958415733870826680e-01
1.650815621134615250e+15,3.040938330952346336e-01
1.650815621136532000e+15,3.053958025944207844e-01
1.650815621138449000e+15,3.033131955332473151e-01
1.650815621140366000e+15,3.012305884720739013e-01
1.650815621142283000e+15,2.991479814109004876e-01
1.650815621144199750e+15,2.970656459468920541e-01
1.650815621146116750e+15,2.949830388857186403e-01
1.650815621148033750e+15,2.949048785408806550e-01
1.650815621149950500e+15,2.953928881135245432e-01
1.650815621151867500e+15,2.958809613368234559e-01
1.650815621153784500e+15,2.963690345601224241e-01
1.650815621155701500e+15,2.968571077834213923e-01
1.650815621157618250e+15,2.973451173560652805e-01
1.650815621159535250e+15,2.978331905793641932e-01
1.650815621161452250e+15,2.983212638026632169e-01
1.650815621163369000e+15,2.988092733753070496e-01
1.650815621165286000e+15,2.992973465986060178e-01
1.650815621167203000e+15,2.997854198219049859e-01
1.650815621169120000e+15,3.002734930452038986e-01
1.650815621171036750e+15,3.006602344255853709e-01
1.650815621172953750e+15,3.006602344255854820e-01
1.650815621174870750e+15,3.006602344255855930e-01
1.650815621176787500e+15,3.006602344255857595e-01
1.650815621178704500e+15,3.006602344255858705e-01
1.650815621180621500e+15,3.006602344255860371e-01
1.650815621182538500e+15,3.006602344255861481e-01
1.650815621184455250e+15,3.012332279278376879e-01
1.650815621186372250e+15,3.023735638155263250e-01
1.650815621188289250e+15,3.035138997032149621e-01
1.650815621190206000e+15,3.046540868773032207e-01
1.650815621192123000e+15,3.057944227649918578e-01
1.650815621194040000e+15,3.069347586526804950e-01
1.650815621195957000e+15,3.080750945403691876e-01
1.650815621197873750e+15,3.092152817144574461e-01
1.650815621199790750e+15,3.103556176021460278e-01
1.650815621201707750e+15,3.114959534898346649e-01
1.650815621203624750e+15,3.126362893775233576e-01
1.650815621205541500e+15,3.122328239115869097e-01
1.650815621207458500e+15,3.112884946982348855e-01
1.650815621209375500e+15,3.103441654848827502e-01
1.650815621211292250e+15,3.093999594234886352e-01
1.650815621213209250e+15,3.084556302101365555e-01
1.650815621215126250e+15,3.075113009967844202e-01
1.650815621217043250e+15,3.067961575771268046e-01
1.650815621218960000e+15,3.067961575771269156e-01
1.650815621220877000e+15,3.067961575771270821e-01
1.650815621222794000e+15,3.067961575771271932e-01
1.650815621224710750e+15,3.067961575771273042e-01
1.650815621226627750e+15,3.067961575771274707e-01
1.650815621228544750e+15,3.067961575771276372e-01
1.650815621230461750e+15,3.067961575771276372e-01
1.650815621232378500e+15,3.067961575771276372e-01
1.650815621234295500e+15,3.067961575771276372e-01
1.650815621236212500e+15,3.067961575771276372e-01
1.650815621238129250e+15,3.067961575771276372e-01
1.650815621240046250e+15,3.067961575771276372e-01
1.650815621241963250e+15,3.067961575771275262e-01
1.650815621243880250e+15,3.067961575771274707e-01
1.650815621245797000e+15,3.067961575771274152e-01
1.650815621247714000e+15,3.067961575771273042e-01
1.650815621249631000e+15,3.067961575771273042e-01
1.650815621251547750e+15,3.067961575771271932e-01
1.650815621253464750e+15,3.067961575771271376e-01
1.650815621255381750e+15,3.067961575771270821e-01
1.650815621257298750e+15,3.067961575771270266e-01
1.650815621259215500e+15,3.067961575771269156e-01
1.650815621261132500e+15,3.067961575771269156e-01
1.650815621263049500e+15,3.067961575771268046e-01
1.650815621264966250e+15,3.067961575771267491e-01
1.650815621266883250e+15,3.067961575771270821e-01
1.650815621268800250e+15,3.067961575771275262e-01
1.650815621270717250e+15,3.067961575771279703e-01
1.650815621272634000e+15,3.067961575771283589e-01
1.650815621274551000e+15,3.067961575771287475e-01
1.650815621276468000e+15,3.067961575771291916e-01
1.650815621278385000e+15,3.063779807178849679e-01
1.650815621280301750e+15,3.054773734201806645e-01
1.650815621282218750e+15,3.045766486570665177e-01
1.650815621284135750e+15,3.036759238939522598e-01
1.650815621286052500e+15,3.027753165962479565e-01
1.650815621287969500e+15,3.018745918331337541e-01
1.650815621289886500e+15,3.009738670700195518e-01
1.650815621291803500e+15,3.010253740159015701e-01
1.650815621293720250e+15,3.015855031153308330e-01
1.650815621295637250e+15,3.021457052719010439e-01
1.650815621297554250e+15,3.027059074284712548e-01
1.650815621299471000e+15,3.032660365279005732e-01
1.650815621301388000e+15,3.038262386844707841e-01
1.650815621303305000e+15,3.043864408410410505e-01
1.650815621305222000e+15,3.049466429976112058e-01
1.650815621307138750e+15,3.055067720970405243e-01
1.650815621309055750e+15,3.060669742536107352e-01
1.650815621310972750e+15,3.066271764101809461e-01
1.650815621312889500e+15,3.134582935162946726e-01
1.650815621314806500e+15,3.229998061015641464e-01
1.650815621316723500e+15,3.325413186868336757e-01
1.650815621318640500e+15,3.420828312721030939e-01
1.650815621320557250e+15,3.516230995286577232e-01
1.650815621322474250e+15,3.611646121139271970e-01
1.650815621324391250e+15,3.594876541638271084e-01
1.650815621326308000e+15,3.567070495376029604e-01
1.650815621328225000e+15,3.539260822395872141e-01
1.650815621330142000e+15,3.511451149415715234e-01
1.650815621332059000e+15,3.483641476435557771e-01
1.650815621333975750e+15,3.455835430173316292e-01
1.650815621335892750e+15,3.440186300342755188e-01
1.650815621337809750e+15,3.454172703055606863e-01
1.650815621339726500e+15,3.468157281772278333e-01
1.650815621341643500e+15,3.482143684485129453e-01
1.650815621343560500e+15,3.496130087197981684e-01
1.650815621345477500e+15,3.497476196379265545e-01
1.650815621347394250e+15,3.497476196379264435e-01
1.650815621349311250e+15,3.497476196379263325e-01
1.650815621351228250e+15,3.497476196379263325e-01
1.650815621353145250e+15,3.497476196379262214e-01
1.650815621355062000e+15,3.497476196379261659e-01
1.650815621356979000e+15,3.497476196379261104e-01
1.650815621358896000e+15,3.497476196379259994e-01
1.650815621360812750e+15,3.497476196379259439e-01
1.650815621362729750e+15,3.497476196379258884e-01
1.650815621364646750e+15,3.497476196379257773e-01
1.650815621366563750e+15,3.497476196379257218e-01
1.650815621368480500e+15,3.521150734542974337e-01
1.650815621370397500e+15,3.594766451752782199e-01
1.650815621372314500e+15,3.668382168962590617e-01
1.650815621374231250e+15,3.741988285791959523e-01
1.650815621376148250e+15,3.815604003001767941e-01
1.650815621378065250e+15,3.853654585485048467e-01
1.650815621379982250e+15,3.816275816295584544e-01
1.650815621381899000e+15,3.778901921749989734e-01
1.650815621383816000e+15,3.741523152560525256e-01
1.650815621385733000e+15,3.704144383371061888e-01
1.650815621387649750e+15,3.666770488825466523e-01
1.650815621389566750e+15,3.629391719636002600e-01
1.650815621391483750e+15,3.592012950446538677e-01
1.650815621393400750e+15,3.554634181257074754e-01
1.650815621395317500e+15,3.517260286711479944e-01
1.650815621397234500e+15,3.479881517522015466e-01
1.650815621399151500e+15,3.442502748332551543e-01
1.650815621401068250e+15,3.509754992944541518e-01
1.650815621402985250e+15,3.598579343947049258e-01
1.650815621404902250e+15,3.687403694949556998e-01
1.650815621406819250e+15,3.776228045952064738e-01
1.650815621408736000e+15,3.865040813184227320e-01
1.650815621410653000e+15,3.953865164186734504e-01
1.650815621412570000e+15,4.042689515189242244e-01
1.650815621414486750e+15,4.131502282421405381e-01
1.650815621416403750e+15,4.164124286368858230e-01
1.650815621418320750e+15,4.148726243848232520e-01
1.650815621420237750e+15,4.133328201327606810e-01
1.650815621422154500e+15,4.117932166898076174e-01
1.650815621424071500e+15,4.102534124377450464e-01
1.650815621425988500e+15,4.087136081856824754e-01
1.650815621427905250e+15,4.071740047427294673e-01
1.650815621429822250e+15,4.056342004906668408e-01
1.650815621431739250e+15,4.040943962386042698e-01
1.650815621433656250e+15,4.025545919865416988e-01
1.650815621435573000e+15,4.010149885435886907e-01
1.650815621437490000e+15,3.994751842915260642e-01
1.650815621439407000e+15,3.993972427566505057e-01
1.650815621441324000e+15,4.003595731732015883e-01
1.650815621443240750e+15,4.013217780902201270e-01
1.650815621445157750e+15,4.022841085067713207e-01
1.650815621447074750e+15,4.032464389233224589e-01
1.650815621448991500e+15,4.042086438403409421e-01
1.650815621450908500e+15,4.051497335137564937e-01
1.650815621452825500e+15,4.060098844959508235e-01
1.650815621454742500e+15,4.068700354781452644e-01
1.650815621456659250e+15,4.077300742862417504e-01
1.650815621458576250e+15,4.085902252684361358e-01
1.650815621460493250e+15,4.094503762506305211e-01
1.650815621462410000e+15,4.103104150587271182e-01
1.650815621464327000e+15,4.113030790881567755e-01
1.650815621466244000e+15,4.139521562080278327e-01
1.650815621468161000e+15,4.166012333278989455e-01
1.650815621470077750e+15,4.192499649760537683e-01
1.650815621471994750e+15,4.218990420959248255e-01
1.650815621473911750e+15,4.245481192157958827e-01
1.650815621475828500e+15,4.271968508639507611e-01
1.650815621477745500e+15,4.298459279838218183e-01
1.650815621479662500e+15,4.324950051036928755e-01
1.650815621481579500e+15,4.351440822235639327e-01
1.650815621483496250e+15,4.339063566928983984e-01
1.650815621485413250e+15,4.317495390139958200e-01
1.650815621487330250e+15,4.295927213350931861e-01
1.650815621489247000e+15,4.274361849313182971e-01
1.650815621491164000e+15,4.252793672524157187e-01
1.650815621493081000e+15,4.231225495735131403e-01
1.650815621494998000e+15,4.209657318946105620e-01
1.650815621496914750e+15,4.188091954908356729e-01
1.650815621498831750e+15,4.172427743048930382e-01
1.650815621500748750e+15,4.172427743048933158e-01
1.650815621502665500e+15,4.172427743048935378e-01
1.650815621504582500e+15,4.172427743048938709e-01
1.650815621506499500e+15,4.172427743048940929e-01
1.650815621508416500e+15,4.172427743048944260e-01
1.650815621510333250e+15,4.172427743048947035e-01
1.650815621512250250e+15,4.172427743048949811e-01
1.650815621514167250e+15,4.172427743048952586e-01
1.650815621516084250e+15,4.172427743048955362e-01
1.650815621518001000e+15,4.167639762950330895e-01
1.650815621519918000e+15,4.159679175050013944e-01
1.650815621521835000e+15,4.151718587149696993e-01
1.650815621523751750e+15,4.143759037406383183e-01
1.650815621525668750e+15,4.135798449506066232e-01
1.650815621527585750e+15,4.127837861605749281e-01
1.650815621529502750e+15,4.119877273705432330e-01
1.650815621531419500e+15,4.111917723962118520e-01
1.650815621533336500e+15,4.119557579555028770e-01
1.650815621535253500e+15,4.129060378619100469e-01
1.650815621537170250e+15,4.138561938403169105e-01
1.650815621539087250e+15,4.148064737467241914e-01
1.650815621541004250e+15,4.157567536531313612e-01
1.650815621542921250e+15,4.167070335595385311e-01
1.650815621544838000e+15,4.198308831619537718e-01
1.650815621546755000e+15,4.257655777540355624e-01
1.650815621548672000e+15,4.317002723461174085e-01
1.650815621550588750e+15,4.376341929822014087e-01
1.650815621552505750e+15,4.424155192177771090e-01
1.650815621554422750e+15,4.445099929858517540e-01
1.650815621556339750e+15,4.466044667539263990e-01
1.650815621558256500e+15,4.486986673772738188e-01
1.650815621560173500e+15,4.507931411453484083e-01
1.650815621562090500e+15,4.528876149134230533e-01
1.650815621564007250e+15,4.549818155367704176e-01
1.650815621565924250e+15,4.570762893048450626e-01
1.650815621567841250e+15,4.591707630729197076e-01
1.650815621569758250e+15,4.612652368409942971e-01
1.650815621571675000e+15,4.633594374643417724e-01
1.650815621573592000e+15,4.654539112324164174e-01
1.650815621575509000e+15,4.644784216119735021e-01
1.650815621577425750e+15,4.612951762039839698e-01
1.650815621579342750e+15,4.581115156081233541e-01
1.650815621581259750e+15,4.549278550122626275e-01
1.650815621583176750e+15,4.517441944164019008e-01
1.650815621585093500e+15,4.485609490084123685e-01
1.650815621587010500e+15,4.460007342935869978e-01
1.650815621588927500e+15,4.435969404213444545e-01
1.650815621590844500e+15,4.411931465491018001e-01
1.650815621592761250e+15,4.387896661606713877e-01
1.650815621594678250e+15,4.363858722884288444e-01
1.650815621596595250e+15,4.339820784161861900e-01
1.650815621598512000e+15,4.315785980277558331e-01
1.650815621600429000e+15,4.301954407742371589e-01
1.650815621602346000e+15,4.350114269687619384e-01
1.650815621604263000e+15,4.398274131632867734e-01
1.650815621606179750e+15,4.446427712949274635e-01
1.650815621608096750e+15,4.494587574894522986e-01
1.650815621610013750e+15,4.542747436839770225e-01
1.650815621611930500e+15,4.590901018156178237e-01
1.650815621613847500e+15,4.609503520000886034e-01
1.650815621615764500e+15,4.619313832495888228e-01
1.650815621617681500e+15,4.629124144990890977e-01
1.650815621619598250e+15,4.638933178102417343e-01
1.650815621621515250e+15,4.648743490597420647e-01
1.650815621623432250e+15,4.658553803092423395e-01
1.650815621625349000e+15,4.666704515599027769e-01
1.650815621627266000e+15,4.673300469550413228e-01
1.650815621629183000e+15,4.679896423501799241e-01
1.650815621631100000e+15,4.686492377453185254e-01
1.650815621633016750e+15,4.693087471212350481e-01
1.650815621634933750e+15,4.699683425163735384e-01
1.650815621636850750e+15,4.706279379115121952e-01
1.650815621638767500e+15,4.712874472874287179e-01
1.650815621640684500e+15,4.719470426825673193e-01
1.650815621642601500e+15,4.729285979733799938e-01
1.650815621644518500e+15,4.750990798312047514e-01
1.650815621646435250e+15,4.772692786319275848e-01
1.650815621648352250e+15,4.794397604897522869e-01
1.650815621650269250e+15,4.816102423475770444e-01
1.650815621652186000e+15,4.837804411482998779e-01
1.650815621654103000e+15,4.859509230061245799e-01
1.650815621656020000e+15,4.881214048639492820e-01
1.650815621657937000e+15,4.902918867217740395e-01
1.650815621659853750e+15,4.896909532914600627e-01
1.650815621661770750e+15,4.880744021876754490e-01
1.650815621663687750e+15,4.864578510838908354e-01
1.650815621665604500e+15,4.848415107979339722e-01
1.650815621667521500e+15,4.832249596941493586e-01
1.650815621669438500e+15,4.816084085903646894e-01
1.650815621671355500e+15,4.799918574865800203e-01
1.650815621673272250e+15,4.783755172006232681e-01
1.650815621675189250e+15,4.767589660968386545e-01
1.650815621677106250e+15,4.751424149930539853e-01
1.650815621679023250e+15,4.735258638892693717e-01
1.650815621680940000e+15,4.720165811207519546e-01
1.650815621682857000e+15,4.707109834426208561e-01
1.650815621684774000e+15,4.694053857644898131e-01
1.650815621686690750e+15,4.680999583520966123e-01
1.650815621688607750e+15,4.667943606739655693e-01
1.650815621690524750e+15,4.654887629958344153e-01
1.650815621692441750e+15,4.641831653177034278e-01
1.650815621694358500e+15,4.628777379053101715e-01
1.650815621696275500e+15,4.615721402271791285e-01
1.650815621698192500e+15,4.602665425490480855e-01
1.650815621700109250e+15,4.589611151366548292e-01
1.650815621702026250e+15,4.576555174585237862e-01
1.650815621703943250e+15,4.563499197803926877e-01
1.650815621705860250e+15,4.550443221022616447e-01
1.650815621707777000e+15,4.554993487464831237e-01
1.650815621709694000e+15,4.613894662635126820e-01
1.650815621711611000e+15,4.672795837805422403e-01
1.650815621713527750e+15,4.731689331549638888e-01
1.650815621715444750e+15,4.790590506719934472e-01
1.650815621717361750e+15,4.847879837181354179e-01
1.650815621719278750e+15,4.861836920614696078e-01
1.650815621721195500e+15,4.875792183875446995e-01
1.650815621723112500e+15,4.889749267308790004e-01
1.650815621725029500e+15,4.903706350742131903e-01
1.650815621726946250e+15,4.917661614002882819e-01
1.650815621728863250e+15,4.931618697436225274e-01
1.650815621730780250e+15,4.945575780869567728e-01
1.650815621732697250e+15,4.959532864302910182e-01
1.650815621734614000e+15,4.973488127563661099e-01
1.650815621736531000e+15,4.987445210997003553e-01
1.650815621738448000e+15,5.001402294430346007e-01
1.650815621740364750e+15,5.015357557691096924e-01
1.650815621742281750e+15,5.029314641124440488e-01
1.650815621744198750e+15,5.010855796049585864e-01
1.650815621746115750e+15,4.986519035729908844e-01
1.650815621748032500e+15,4.962185449218305955e-01
1.650815621749949500e+15,4.937848688898629490e-01
1.650815621751866500e+15,4.913511928578952470e-01
1.650815621753783500e+15,4.889175168259275450e-01
1.650815621755700250e+15,4.864841581747673116e-01
1.650815621757617250e+15,4.840504821427996651e-01
1.650815621759534250e+15,4.816168061108319631e-01
1.650815621761451000e+15,4.791834474596717297e-01
1.650815621763368000e+15,4.792384110153207200e-01
1.650815621765285000e+15,4.800745924812700460e-01
1.650815621767202000e+15,4.809107739472194276e-01
1.650815621769118750e+15,4.817468463649859922e-01
1.650815621771035750e+15,4.825830278309353738e-01
1.650815621772952750e+15,4.834192092968847554e-01
1.650815621774869500e+15,4.842552817146513755e-01
1.650815621776786500e+15,4.858992323798401736e-01
1.650815621778703500e+15,4.886459549376366285e-01
1.650815621780620500e+15,4.913926774954331389e-01
1.650815621782537250e+15,4.941390418473665669e-01
1.650815621784454250e+15,4.968857644051630773e-01
1.650815621786371250e+15,4.996324869629595322e-01
1.650815621788288000e+15,5.023788513148930157e-01
1.650815621790205000e+15,5.051255738726895261e-01
1.650815621792122000e+15,5.078722964304859255e-01
1.650815621794039000e+15,5.106190189882824360e-01
1.650815621795955750e+15,5.133653833402158639e-01
1.650815621797872750e+15,5.149814493190183473e-01
1.650815621799789750e+15,5.132568595262599898e-01
1.650815621801706500e+15,5.115324946408820184e-01
1.650815621803623500e+15,5.098079048481236608e-01
1.650815621805540500e+15,5.080833150553653033e-01
1.650815621807457500e+15,5.063587252626069457e-01
1.650815621809374250e+15,5.046343603772289743e-01
1.650815621811291250e+15,5.032873111912959940e-01
1.650815621813208250e+15,5.043224748524336443e-01
1.650815621815125000e+15,5.053575035157020778e-01
1.650815621817042000e+15,5.063926671768397281e-01
1.650815621818959000e+15,5.074278308379772673e-01
1.650815621820876000e+15,5.084629944991149175e-01
1.650815621822792750e+15,5.091587406024197238e-01
1.650815621824709750e+15,5.085709356610621512e-01
1.650815621826626750e+15,5.079831307197045787e-01
1.650815621828543750e+15,5.073953257783470061e-01
1.650815621830460500e+15,5.068075974938675010e-01
1.650815621832377500e+15,5.062197925525100395e-01
1.650815621834294500e+15,5.056319876111523559e-01
1.650815621836211250e+15,5.050442593266728508e-01
1.650815621838128250e+15,5.044564543853153893e-01
1.650815621840045250e+15,5.038686494439577057e-01
1.650815621841962250e+15,5.032808445026001332e-01
1.650815621843879000e+15,5.036943186452733645e-01
1.650815621845796000e+15,5.044068558806444891e-01
1.650815621847713000e+15,5.051193931160156136e-01
1.650815621849629750e+15,5.058318374279079377e-01
1.650815621851546750e+15,5.065443746632790623e-01
1.650815621853463750e+15,5.072569118986502978e-01
1.650815621855380750e+15,5.079694491340213114e-01
1.650815621857297500e+15,5.086818934459137465e-01
1.650815621859214500e+15,5.091356884476747613e-01
1.650815621861131500e+15,5.082139295979366533e-01
1.650815621863048250e+15,5.072922909567080252e-01
1.650815621864965250e+15,5.063705321069700283e-01
1.650815621866882250e+15,5.054487732572320313e-01
1.650815621868799250e+15,5.045270144074940344e-01
1.650815621870716000e+15,5.036053757662654062e-01
1.650815621872633000e+15,5.034319005401933778e-01
1.650815621874550000e+15,5.040028156827215389e-01
1.650815621876466750e+15,5.045736563710057077e-01
1.650815621878383750e+15,5.051445715135338688e-01
1.650815621880300750e+15,5.057154866560619189e-01
1.650815621882217750e+15,5.062864017985899689e-01
1.650815621884134500e+15,5.068572424868741377e-01
1.650815621886051500e+15,5.074281576294022988e-01
1.650815621887968500e+15,5.079990727719304600e-01
1.650815621889885250e+15,5.085699134602145177e-01
1.650815621891802250e+15,5.091408286027426788e-01
1.650815621893719250e+15,5.092816215780322509e-01
1.650815621895636250e+15,5.092816215780321398e-01
1.650815621897553000e+15,5.092816215780322509e-01
1.650815621899470000e+15,5.092816215780322509e-01
1.650815621901387000e+15,5.092816215780322509e-01
1.650815621903304000e+15,5.092816215780322509e-01
1.650815621905220750e+15,5.092816215780322509e-01
1.650815621907137750e+15,5.086469753231279700e-01
1.650815621909054750e+15,5.072811410591350212e-01
1.650815621910971500e+15,5.059154849164597678e-01
1.650815621912888500e+15,5.045496506524670410e-01
1.650815621914805500e+15,5.031838163884739812e-01
1.650815621916722500e+15,5.041965961603165347e-01
1.650815621918639250e+15,5.052775235718067748e-01
1.650815621920556250e+15,5.063585919676991676e-01
1.650815621922473250e+15,5.074396603635915604e-01
1.650815621924390000e+15,5.085205877750819115e-01
1.650815621926307000e+15,5.096016561709741932e-01
1.650815621928224000e+15,5.106827245668666970e-01
1.650815621930141000e+15,5.117637929627590898e-01
1.650815621932057750e+15,5.128447203742493299e-01
1.650815621933974750e+15,5.139257887701417227e-01
1.650815621935891750e+15,5.150068571660341155e-01
1.650815621937808500e+15,5.154175447295754608e-01
1.650815621939725500e+15,5.154175447295754608e-01
1.650815621941642500e+15,5.154175447295755719e-01
1.650815621943559500e+15,5.154175447295755719e-01
1.650815621945476250e+15,5.154175447295754608e-01
1.650815621947393250e+15,5.154175447295754608e-01
1.650815621949310250e+15,5.163067190670361795e-01
1.650815621951227000e+15,5.206296738199285290e-01
1.650815621953144000e+15,5.249531924119696935e-01
1.650815621955061000e+15,5.292767110040107470e-01
1.650815621956978000e+15,5.336002295960518005e-01
1.650815621958894750e+15,5.379231843489442610e-01
1.650815621960811750e+15,5.422467029409853145e-01
1.650815621962728750e+15,5.455864929419905751e-01
1.650815621964645500e+15,5.409198802247131566e-01
1.650815621966562500e+15,5.362526588452839471e-01
1.650815621968479500e+15,5.315854374658548487e-01
1.650815621970396500e+15,5.269182160864257503e-01
1.650815621972313250e+15,5.222516033691484427e-01
1.650815621974230250e+15,5.203046947899702124e-01
1.650815621976147250e+15,5.188362709189483502e-01
1.650815621978064000e+15,5.173680385481705946e-01
1.650815621979981000e+15,5.158996146771487323e-01
1.650815621981898000e+15,5.144311908061269811e-01
1.650815621983815000e+15,5.129627669351051189e-01
1.650815621985731750e+15,5.114945345643273633e-01
1.650815621987648750e+15,5.100261106933055011e-01
1.650815621989565750e+15,5.085576868222837499e-01
1.650815621991482750e+15,5.070892629512618877e-01
1.650815621993399500e+15,5.056210305804841321e-01
1.650815621995316500e+15,5.041526067094622698e-01
1.650815621997233500e+15,5.036015610224212624e-01
1.650815621999150250e+15,5.050518093722161650e-01
1.650815622001067250e+15,5.065022468766152697e-01
1.650815622002984250e+15,5.079526843810143744e-01
1.650815622004901250e+15,5.094031218854133680e-01
1.650815622006818000e+15,5.108533702352083816e-01
1.650815622008735000e+15,5.123038077396073753e-01
1.650815622010652000e+15,5.137542452440064800e-01
1.650815622012568750e+15,5.152044935938013825e-01
1.650815622014485750e+15,5.166549310982004872e-01
1.650815622016402750e+15,5.181053686025995919e-01
1.650815622018319750e+15,5.195558061069986966e-01
1.650815622020236500e+15,5.210060544567935992e-01
1.650815622022153500e+15,5.206655890885193427e-01
1.650815622024070500e+15,5.192394779486664280e-01
1.650815622025987250e+15,5.178135527909650815e-01
1.650815622027904250e+15,5.163874416511120558e-01
1.650815622029821250e+15,5.149613305112591410e-01
1.650815622031738250e+15,5.135352193714060043e-01
1.650815622033655000e+15,5.121092942137048798e-01
1.650815622035572000e+15,5.106831830738517430e-01
1.650815622037489000e+15,5.092570719339987173e-01
1.650815622039405750e+15,5.078311467762974818e-01
1.650815622041322750e+15,5.064050356364444561e-01
1.650815622043239750e+15,5.049789244965914303e-01
1.650815622045156750e+15,5.035528133567384046e-01
1.650815622047073500e+15,5.055924567412000137e-01
1.650815622048990500e+15,5.090173823996866354e-01
1.650815622050907500e+15,5.124423080581733680e-01
1.650815622052824250e+15,5.158667870649049636e-01
1.650815622054741250e+15,5.192917127233915853e-01
1.650815622056658250e+15,5.227166383818782069e-01
1.650815622058575250e+15,5.261415640403649396e-01
1.650815622060492000e+15,5.295660430470964242e-01
1.650815622062409000e+15,5.329909687055831569e-01
1.650815622064326000e+15,5.354675251702643024e-01
1.650815622066243000e+15,5.376386413497681316e-01
1.650815622068159750e+15,5.398094743894468195e-01
1.650815622070076750e+15,5.419805905689507597e-01
1.650815622071993750e+15,5.441517067484545889e-01
1.650815622073910500e+15,5.463225397881332768e-01
1.650815622075827500e+15,5.484936559676371060e-01
1.650815622077744500e+15,5.506647721471410462e-01
1.650815622079661500e+15,5.528358883266448753e-01
1.650815622081578250e+15,5.550067213663235632e-01
1.650815622083495250e+15,5.571778375458273924e-01
1.650815622085412250e+15,5.588490345938872395e-01
1.650815622087329000e+15,5.599124189248746442e-01
1.650815622089246000e+15,5.609759419521358481e-01
1.650815622091163000e+15,5.620394649793970521e-01
1.650815622093080000e+15,5.631029880066581450e-01
1.650815622094996750e+15,5.641663723376455497e-01
1.650815622096913750e+15,5.639942218159107457e-01
1.650815622098830750e+15,5.632450138744133916e-01
1.650815622100747500e+15,5.624959036386986133e-01
1.650815622102664500e+15,5.617466956972012593e-01
1.650815622104581500e+15,5.609974877557040163e-01
1.650815622106498500e+15,5.602482798142066622e-01
1.650815622108415250e+15,5.594991695784919949e-01
1.650815622110332250e+15,5.587499616369946409e-01
1.650815622112249250e+15,5.589239401866906709e-01
1.650815622114166000e+15,5.600528004545526350e-01
1.650815622116083000e+15,5.611818079586564645e-01
1.650815622118000000e+15,5.623108154627604049e-01
1.650815622119917000e+15,5.634398229668642344e-01
1.650815622121833750e+15,5.645686832347261985e-01
1.650815622123750750e+15,5.656976907388301390e-01
1.650815622125667750e+15,5.668266982429340795e-01
1.650815622127584500e+15,5.679555585107958215e-01
1.650815622129501500e+15,5.690845660148997620e-01
1.650815622131418500e+15,5.702135735190037025e-01
1.650815622133335500e+15,5.717897958321834784e-01
1.650815622135252250e+15,5.736380845392365924e-01
1.650815622137169250e+15,5.754866143169438120e-01
1.650815622139086250e+15,5.773351440946511426e-01
1.650815622141003250e+15,5.791836738723585842e-01
1.650815622142920000e+15,5.810319625794114762e-01
1.650815622144837000e+15,5.828804923571186958e-01
1.650815622146754000e+15,5.847290221348261374e-01
1.650815622148670750e+15,5.865773108418790294e-01
1.650815622150587750e+15,5.884258406195864710e-01
1.650815622152504750e+15,5.902743703972938016e-01
1.650815622154421750e+15,5.921229001750011323e-01
1.650815622156338500e+15,5.939711888820540242e-01
1.650815622158255500e+15,5.958197186597613548e-01
1.650815622160172500e+15,5.976682484374686855e-01
1.650815622162089250e+15,5.995165371445217994e-01
1.650815622164006250e+15,6.013580365564603625e-01
1.650815622165923250e+15,6.029151671735519802e-01
1.650815622167840250e+15,6.044722977906435979e-01
1.650815622169757000e+15,6.060292253390580086e-01
1.650815622171674000e+15,6.069845869385992465e-01
1.650815622173591000e+15,6.013317725141663628e-01
1.650815622175507750e+15,5.956796952851461935e-01
1.650815622177424750e+15,5.900268808607133098e-01
1.650815622179341750e+15,5.843740664362804260e-01
1.650815622181258750e+15,5.787212520118474313e-01
1.650815622183175500e+15,5.730691747828271509e-01
1.650815622185092500e+15,5.722135459521687784e-01
1.650815622187009500e+15,5.749706124452168554e-01
1.650815622188926250e+15,5.777273193834275844e-01
1.650815622190843250e+15,5.804843858764756614e-01
1.650815622192760250e+15,5.832414523695239605e-01
1.650815622194677250e+15,5.859985188625720376e-01
1.650815622196594000e+15,5.887552258007828776e-01
1.650815622198511000e+15,5.899368122015085092e-01
1.650815622200428000e+15,5.909307757541117923e-01
1.650815622202344750e+15,5.919246096818384650e-01
1.650815622204261750e+15,5.929185732344417481e-01
1.650815622206178750e+15,5.939125367870449201e-01
1.650815622208095750e+15,5.949065003396482032e-01
1.650815622210012500e+15,5.942994211530560067e-01
1.650815622211929500e+15,5.930703130358659925e-01
1.650815622213846500e+15,5.918412049186760893e-01
1.650815622215763500e+15,5.906120968014860750e-01
1.650815622217680250e+15,5.893831489748694308e-01
1.650815622219597250e+15,5.897919712306587403e-01
1.650815622221514250e+15,5.908132931618481631e-01
1.650815622223431000e+15,5.918344819002975266e-01
1.650815622225348000e+15,5.928558038314868384e-01
1.650815622227265000e+15,5.938771257626762612e-01
1.650815622229182000e+15,5.948984476938656840e-01
1.650815622231098750e+15,5.959196364323149364e-01
1.650815622233015750e+15,5.969409583635043592e-01
1.650815622234932750e+15,5.979622802946937821e-01
1.650815622236849500e+15,5.989834690331430345e-01
1.650815622238766500e+15,6.000047909643324573e-01
1.650815622240683500e+15,6.010261128955217691e-01
1.650815622242600500e+15,6.009754969871312635e-01
1.650815622244517250e+15,6.004909056933231959e-01
1.650815622246434250e+15,6.000062511947031885e-01
1.650815622248351250e+15,5.995215966960830700e-01
1.650815622250268000e+15,5.990370054022751134e-01
1.650815622252185000e+15,5.985523509036549950e-01
1.650815622254102000e+15,5.980676964050350986e-01
1.650815622256019000e+15,5.975830419064149801e-01
1.650815622257935750e+15,5.970984506126069125e-01
1.650815622259852750e+15,5.966137961139869050e-01
1.650815622261769750e+15,5.961291416153668976e-01
1.650815622263686500e+15,5.956445503215589410e-01
1.650815622265603500e+15,5.952347515159496227e-01
1.650815622267520500e+15,5.962218751045282872e-01
1.650815622269437500e+15,5.972089986931069516e-01
1.650815622271354250e+15,5.981959935488233571e-01
1.650815622273271250e+15,5.991831171374019105e-01
1.650815622275188250e+15,6.001702407259805749e-01
1.650815622277105000e+15,6.011572355816968694e-01
1.650815622279022000e+15,6.013204688511697427e-01
1.650815622280939000e+15,6.013204688511697427e-01
1.650815622282856000e+15,6.013204688511697427e-01
1.650815622284772750e+15,6.013204688511697427e-01
1.650815622286689750e+15,6.013204688511697427e-01
1.650815622288606750e+15,6.013204688511696316e-01
1.650815622290523500e+15,6.013204688511698537e-01
1.650815622292440500e+15,6.013204688511697427e-01
1.650815622294357500e+15,6.013204688511697427e-01
1.650815622296274500e+15,6.013204688511697427e-01
1.650815622298191250e+15,6.013204688511697427e-01
1.650815622300108250e+15,6.013204688511697427e-01
1.650815622302025250e+15,6.013204688511697427e-01
1.650815622303942250e+15,6.013204688511697427e-01
1.650815622305859000e+15,6.013204688511697427e-01
1.650815622307776000e+15,6.013204688511697427e-01
1.650815622309693000e+15,6.013204688511697427e-01
1.650815622311609750e+15,6.013204688511697427e-01
1.650815622313526750e+15,6.013204688511697427e-01
1.650815622315443750e+15,6.013204688511697427e-01
1.650815622317360750e+15,6.013204688511697427e-01
1.650815622319277500e+15,6.013204688511697427e-01
1.650815622321194500e+15,6.013204688511696316e-01
1.650815622323111500e+15,6.013204688511697427e-01
1.650815622325028250e+15,6.013204688511696316e-01
1.650815622326945250e+15,6.013204688511697427e-01
1.650815622328862250e+15,6.013204688511696316e-01
1.650815622330779250e+15,6.013204688511697427e-01
1.650815622332696000e+15,6.013204688511697427e-01
1.650815622334613000e+15,6.013204688511700757e-01
1.650815622336530000e+15,6.013204688511702978e-01
1.650815622338446750e+15,6.013204688511706308e-01
1.650815622340363750e+15,6.013204688511709639e-01
1.650815622342280750e+15,6.013204688511712970e-01
1.650815622344197750e+15,6.013204688511716300e-01
1.650815622346114500e+15,6.013204688511719631e-01
1.650815622348031500e+15,6.013204688511721852e-01
1.650815622349948500e+15,6.013204688511724072e-01
1.650815622351865250e+15,6.013204688511724072e-01
1.650815622353782250e+15,6.013204688511724072e-01
1.650815622355699250e+15,6.013204688511724072e-01
1.650815622357616250e+15,6.013204688511724072e-01
1.650815622359533000e+15,6.018179285413175483e-01
1.650815622361450000e+15,6.023805422439771906e-01
1.650815622363367000e+15,6.029431559466369439e-01
1.650815622365283750e+15,6.035056962776609302e-01
1.650815622367200750e+15,6.040683099803205724e-01
1.650815622369117750e+15,6.046309236829803258e-01
1.650815622371034750e+15,6.051935373856400791e-01
1.650815622372951500e+15,6.057560777166640653e-01
1.650815622374868500e+15,6.063186914193237076e-01
1.650815622376785500e+15,6.068813051219834609e-01
1.650815622378702500e+15,6.074439188246432142e-01
1.650815622380619250e+15,6.067078724787120514e-01
1.650815622382536250e+15,6.059422798803322241e-01
1.650815622384453250e+15,6.051766872819525078e-01
1.650815622386370000e+15,6.044111945261130270e-01
1.650815622388287000e+15,6.036456019277331997e-01
1.650815622390204000e+15,6.028800093293534834e-01
1.650815622392121000e+15,6.021144167309737671e-01
1.650815622394037750e+15,6.013489239751341753e-01
1.650815622395954750e+15,6.024433500882295789e-01
1.650815622397871750e+15,6.036095770048968134e-01
1.650815622399788500e+15,6.047756518314600926e-01
1.650815622401705500e+15,6.059418787481274382e-01
1.650815622403622500e+15,6.071081056647946728e-01
1.650815622405539500e+15,6.082743325814619073e-01
1.650815622407456250e+15,6.094404074080251865e-01
1.650815622409373250e+15,6.106066343246925321e-01
1.650815622411290250e+15,6.117728612413596556e-01
1.650815622413207000e+15,6.129389360679230458e-01
1.650815622415124000e+15,6.135923151542560516e-01
1.650815622417041000e+15,6.135923151542561627e-01
1.650815622418958000e+15,6.135923151542561627e-01
1.650815622420874750e+15,6.135923151542561627e-01
1.650815622422791750e+15,6.135923151542561627e-01
1.650815622424708750e+15,6.135923151542561627e-01
1.650815622426625500e+15,6.135923151542561627e-01
1.650815622428542500e+15,6.135923151542561627e-01
1.650815622430459500e+15,6.135923151542561627e-01
1.650815622432376500e+15,6.135923151542561627e-01
1.650815622434293250e+15,6.135923151542561627e-01
1.650815622436210250e+15,6.135923151542561627e-01
1.650815622438127250e+15,6.135923151542561627e-01
1.650815622440044000e+15,6.135923151542561627e-01
1.650815622441961000e+15,6.135923151542561627e-01
1.650815622443878000e+15,6.135923151542561627e-01
1.650815622445795000e+15,6.135923151542561627e-01
1.650815622447711750e+15,6.135923151542561627e-01
1.650815622449628750e+15,6.137219923690122592e-01
1.650815622451545750e+15,6.146300881523449888e-01
1.650815622453462750e+15,6.155381839356776075e-01
1.650815622455379500e+15,6.164461612923302081e-01
1.650815622457296500e+15,6.173542570756628267e-01
1.650815622459213500e+15,6.182623528589954454e-01
1.650815622461130250e+15,6.191703302156481570e-01
1.650815622463047250e+15,6.203308129667979287e-01
1.650815622464964250e+15,6.218933907485151291e-01
1.650815622466881250e+15,6.234559685302323295e-01
1.650815622468798000e+15,6.250183425328960096e-01
1.650815622470715000e+15,6.265809203146130990e-01
1.650815622472632000e+15,6.281434980963302994e-01
1.650815622474548750e+15,6.297058720989939795e-01
1.650815622476465750e+15,6.312684498807110689e-01
1.650815622478382750e+15,6.328310276624282693e-01
1.650815622480299750e+15,6.343936054441454697e-01
1.650815622482216500e+15,6.359559794468090388e-01
1.650815622484133500e+15,6.375185572285262392e-01
1.650815622486050500e+15,6.371343742401928134e-01
1.650815622487967250e+15,6.354785906697693054e-01
1.650815622489884250e+15,6.338225911369654852e-01
1.650815622491801250e+15,6.321665916041616651e-01
1.650815622493718250e+15,6.305105920713577339e-01
1.650815622495635000e+15,6.288548085009342259e-01
1.650815622497552000e+15,6.271988089681304057e-01
1.650815622499469000e+15,6.261086519685213903e-01
1.650815622501385750e+15,6.273684024720259655e-01
1.650815622503302750e+15,6.286283172836697464e-01
1.650815622505219750e+15,6.298882320953136382e-01
1.650815622507136750e+15,6.311481469069574191e-01
1.650815622509053500e+15,6.321844862321479575e-01
1.650815622510970500e+15,6.327541847201367808e-01
1.650815622512887500e+15,6.333238832081256042e-01
1.650815622514804250e+15,6.338935074005369597e-01
1.650815622516721250e+15,6.344632058885257830e-01
1.650815622518638250e+15,6.350329043765146064e-01
1.650815622520555250e+15,6.356026028645033188e-01
1.650815622522472000e+15,6.361722270569146742e-01
1.650815622524389000e+15,6.367419255449034976e-01
1.650815622526306000e+15,6.373116240328923210e-01
1.650815622528223000e+15,6.378813225208811444e-01
1.650815622530139750e+15,6.381360077604254499e-01
1.650815622532056750e+15,6.381360077604254499e-01
1.650815622533973750e+15,6.381360077604254499e-01
1.650815622535890500e+15,6.381360077604254499e-01
1.650815622537807500e+15,6.381360077604254499e-01
1.650815622539724500e+15,6.381360077604254499e-01
1.650815622541641500e+15,6.381360077604254499e-01
1.650815622543558250e+15,6.381360077604254499e-01
1.650815622545475250e+15,6.381360077604254499e-01
1.650815622547392250e+15,6.381360077604254499e-01
1.650815622549309000e+15,6.381360077604254499e-01
1.650815622551226000e+15,6.381360077604255610e-01
1.650815622553143000e+15,6.381360077604254499e-01
1.650815622555060000e+15,6.381360077604256720e-01
1.650815622556976750e+15,6.381360077604260050e-01
1.650815622558893750e+15,6.381360077604261161e-01
1.650815622560810750e+15,6.381360077604263381e-01
1.650815622562727500e+15,6.381360077604266712e-01
1.650815622564644500e+15,6.381360077604268932e-01
1.650815622566561500e+15,6.381360077604270042e-01
1.650815622568478500e+15,6.381360077604271153e-01
1.650815622570395250e+15,6.381360077604267822e-01
1.650815622572312250e+15,6.381360077604265602e-01
1.650815622574229250e+15,6.381360077604261161e-01
1.650815622576146000e+15,6.381360077604258940e-01
1.650815622578063000e+15,6.381360077604255610e-01
1.650815622579980000e+15,6.384783824901463234e-01
1.650815622581897000e+15,6.390832971047776256e-01
1.650815622583813750e+15,6.396881328312225001e-01
1.650815622585730750e+15,6.402930474458539134e-01
1.650815622587647750e+15,6.408979620604851046e-01
1.650815622589564500e+15,6.415027977869299791e-01
1.650815622591481500e+15,6.421077124015612814e-01
1.650815622593398500e+15,6.427126270161926946e-01
1.650815622595315500e+15,6.433175416308241079e-01
1.650815622597232250e+15,6.439223773572687604e-01
1.650815622599149250e+15,6.438821745689236042e-01
1.650815622601066250e+15,6.429588963364668563e-01
1.650815622602983000e+15,6.420357385106651993e-01
1.650815622604900000e+15,6.411124602782084514e-01
1.650815622606817000e+15,6.401891820457515925e-01
1.650815622608734000e+15,6.392659038132948446e-01
1.650815622610650750e+15,6.383427459874932985e-01
1.650815622612567750e+15,6.381360077604288916e-01
1.650815622614484750e+15,6.381360077604287806e-01
1.650815622616401750e+15,6.381360077604285586e-01
1.650815622618318500e+15,6.381360077604284475e-01
1.650815622620235500e+15,6.381360077604283365e-01
1.650815622622152500e+15,6.381360077604281145e-01
1.650815622624069250e+15,6.381360077604280034e-01
1.650815622625986250e+15,6.381360077604278924e-01
1.650815622627903250e+15,6.381360077604276704e-01
1.650815622629820250e+15,6.381360077604276704e-01
1.650815622631737000e+15,6.381360077604274483e-01
1.650815622633654000e+15,6.381360077604273373e-01
1.650815622635571000e+15,6.384762003495780824e-01
1.650815622637487750e+15,6.392995136642939391e-01
1.650815622639404750e+15,6.401229343630341351e-01
1.650815622641321750e+15,6.409463550617742200e-01
1.650815622643238750e+15,6.417697757605144160e-01
1.650815622645155500e+15,6.425930890752302727e-01
1.650815622647072500e+15,6.434165097739703576e-01
1.650815622648989500e+15,6.442399304727105536e-01
1.650815622650906250e+15,6.432178555272298759e-01
1.650815622652823250e+15,6.421210106296630915e-01
1.650815622654740250e+15,6.410241657320963071e-01
1.650815622656657250e+15,6.399273208345295227e-01
1.650815622658574000e+15,6.388306189788115486e-01
1.650815622660491000e+15,6.381360077604256720e-01
1.650815622662408000e+15,6.381360077604261161e-01
1.650815622664324750e+15,6.381360077604266712e-01
1.650815622666241750e+15,6.381360077604272263e-01
1.650815622668158750e+15,6.381360077604277814e-01
1.650815622670075750e+15,6.381360077604283365e-01
1.650815622671992500e+15,6.381360077604288916e-01
1.650815622673909500e+15,6.391751957896588676e-01
1.650815622675826500e+15,6.403564133716530549e-01
1.650815622677743250e+15,6.415374769085793183e-01
1.650815622679660250e+15,6.427186944905737276e-01
1.650815622681577250e+15,6.438999120725681369e-01
1.650815622683494250e+15,6.442719309119676607e-01
1.650815622685411000e+15,6.442719309119677717e-01
1.650815622687328000e+15,6.442719309119677717e-01
1.650815622689245000e+15,6.442719309119677717e-01
1.650815622691162000e+15,6.442719309119677717e-01
1.650815622693078750e+15,6.442719309119677717e-01
1.650815622694995750e+15,6.444944178214838670e-01
1.650815622696912750e+15,6.450701956217437250e-01
1.650815622698829500e+15,6.456458983336101909e-01
1.650815622700746500e+15,6.462216761338701598e-01
1.650815622702663500e+15,6.467974539341299067e-01
1.650815622704580500e+15,6.473732317343896536e-01
1.650815622706497250e+15,6.479489344462562306e-01
1.650815622708414250e+15,6.485247122465161995e-01
1.650815622710331250e+15,6.491004900467760574e-01
1.650815622712248000e+15,6.496761927586425234e-01
1.650815622714165000e+15,6.502519705589023813e-01
1.650815622716082000e+15,6.504078540635109817e-01
1.650815622717999000e+15,6.504078540635109817e-01
1.650815622719915750e+15,6.504078540635109817e-01
1.650815622721832750e+15,6.504078540635109817e-01
1.650815622723749750e+15,6.504078540635108707e-01
1.650815622725666500e+15,6.504078540635109817e-01
1.650815622727583500e+15,6.504078540635109817e-01
1.650815622729500500e+15,6.504078540635109817e-01
1.650815622731417500e+15,6.504078540635109817e-01
1.650815622733334250e+15,6.504078540635109817e-01
1.650815622735251250e+15,6.504078540635109817e-01
1.650815622737168250e+15,6.504078540635109817e-01
1.650815622739085000e+15,6.504078540635109817e-01
1.650815622741002000e+15,6.516216836011077262e-01
1.650815622742919000e+15,6.535181067662039212e-01
1.650815622744836000e+15,6.554145299313001161e-01
1.650815622746752750e+15,6.573107057798647235e-01
1.650815622748669750e+15,6.592071289449608074e-01
1.650815622750586750e+15,6.611035521100571133e-01
1.650815622752503500e+15,6.623645005032359201e-01
1.650815622754420500e+15,6.604966855478553445e-01
1.650815622756337500e+15,6.586288705924747688e-01
1.650815622758254500e+15,6.567610556370941932e-01
1.650815622760171250e+15,6.548934842673885814e-01
1.650815622762088250e+15,6.530256693120080058e-01
1.650815622764005250e+15,6.511578543566274302e-01
1.650815622765922250e+15,6.504078540635109817e-01
1.650815622767839000e+15,6.504078540635109817e-01
1.650815622769756000e+15,6.504078540635109817e-01
1.650815622771673000e+15,6.504078540635109817e-01
1.650815622773589750e+15,6.504078540635109817e-01
1.650815622775506750e+15,6.504078540635109817e-01
1.650815622777423750e+15,6.504078540635109817e-01
1.650815622779340750e+15,6.504078540635110928e-01
1.650815622781257500e+15,6.504078540635109817e-01
1.650815622783174500e+15,6.504078540635109817e-01
1.650815622785091500e+15,6.504078540635109817e-01
1.650815622787008250e+15,6.506544114756628305e-01
1.650815622788925250e+15,6.525895212365426801e-01
1.650815622790842250e+15,6.545246309974228627e-01
1.650815622792759250e+15,6.564597407583028232e-01
1.650815622794676000e+15,6.583945981574508277e-01
1.650815622796593000e+15,6.603297079183307883e-01
1.650815622798510000e+15,6.622648176792109709e-01
1.650815622800426750e+15,6.621800428961835960e-01
1.650815622802343750e+15,6.615439191234557814e-01
1.650815622804260750e+15,6.609077953507280778e-01
1.650815622806177750e+15,6.602716715780001522e-01
1.650815622808094500e+15,6.596356307635108385e-01
1.650815622810011500e+15,6.589995069907831349e-01
1.650815622811928500e+15,6.583633832180552092e-01
1.650815622813845250e+15,6.577273424035658955e-01
1.650815622815762250e+15,6.570912186308380809e-01
1.650815622817679250e+15,6.560822445772129807e-01
1.650815622819596250e+15,6.527716437662062221e-01
1.650815622821513000e+15,6.494614746976108410e-01
1.650815622823430000e+15,6.461508738866040824e-01
1.650815622825347000e+15,6.428402730755973238e-01
1.650815622827263750e+15,6.395301040070020537e-01
1.650815622829180750e+15,6.362195031959952951e-01
1.650815622831097750e+15,6.329089023849884255e-01
1.650815622833014750e+15,6.327697035774093592e-01
1.650815622834931500e+15,6.338304025944294651e-01
1.650815622836848500e+15,6.348912399574804244e-01
1.650815622838765500e+15,6.359520773205313837e-01
1.650815622840682500e+15,6.370129146835822320e-01
1.650815622842599250e+15,6.380736137006025599e-01
1.650815622844516250e+15,6.392252186366736977e-01
1.650815622846433250e+15,6.403824957600019463e-01
1.650815622848350000e+15,6.415396219603873851e-01
1.650815622850267000e+15,6.426968990837155227e-01
1.650815622852184000e+15,6.438541762070436603e-01
1.650815622854101000e+15,6.439227969131474660e-01
1.650815622856017750e+15,6.433765090827456845e-01
1.650815622857934750e+15,6.428301500005075830e-01
1.650815622859851750e+15,6.422837909182692595e-01
1.650815622861768500e+15,6.417375030878675890e-01
1.650815622863685500e+15,6.411911440056293765e-01
1.650815622865602500e+15,6.406447849233911640e-01
1.650815622867519500e+15,6.400984258411529515e-01
1.650815622869436250e+15,6.395521380107511700e-01
1.650815622871353250e+15,6.390057789285129575e-01
1.650815622873270250e+15,6.384594198462748560e-01
1.650815622875187000e+15,6.384236406524368412e-01
1.650815622877104000e+15,6.391287458365579877e-01
1.650815622879021000e+15,6.398338510206789120e-01
1.650815622880938000e+15,6.405389562047999474e-01
1.650815622882854750e+15,6.412439694346714347e-01
1.650815622884771750e+15,6.419490746187925811e-01
1.650815622886688750e+15,6.426541798029136165e-01
1.650815622888605500e+15,6.433591930327853259e-01
1.650815622890522500e+15,6.440642982169061392e-01
1.650815622892439500e+15,6.442719309119695481e-01
1.650815622894356500e+15,6.442719309119695481e-01
1.650815622896273250e+15,6.442719309119695481e-01
1.650815622898190250e+15,6.442719309119695481e-01
1.650815622900107250e+15,6.442719309119695481e-01
1.650815622902024000e+15,6.442719309119695481e-01
1.650815622903941000e+15,6.442719309119695481e-01
1.650815622905858000e+15,6.442719309119695481e-01
1.650815622907775000e+15,6.442719309119695481e-01
1.650815622909691750e+15,6.442719309119695481e-01
1.650815622911608750e+15,6.442719309119695481e-01
1.650815622913525750e+15,6.442719309119695481e-01
1.650815622915442500e+15,6.442719309119695481e-01
1.650815622917359500e+15,6.442719309119695481e-01
1.650815622919276500e+15,6.442719309119695481e-01
1.650815622921193500e+15,6.442719309119695481e-01
1.650815622923110250e+15,6.442719309119695481e-01
1.650815622925027250e+15,6.442719309119695481e-01
1.650815622926944250e+15,6.442719309119695481e-01
1.650815622928861250e+15,6.442719309119695481e-01
1.650815622930778000e+15,6.442719309119695481e-01
1.650815622932695000e+15,6.442719309119696591e-01
1.650815622934612000e+15,6.440281850705463773e-01
1.650815622936528750e+15,6.430277571443197004e-01
1.650815622938445750e+15,6.420271987331672703e-01
1.650815622940362750e+15,6.410266403220148401e-01
1.650815622942279750e+15,6.400260819108622989e-01
1.650815622944196500e+15,6.390256539846356221e-01
1.650815622946113500e+15,6.381360077604264491e-01
1.650815622948030500e+15,6.381360077604265602e-01
1.650815622949947250e+15,6.381360077604266712e-01
1.650815622951864250e+15,6.381360077604267822e-01
1.650815622953781250e+15,6.381360077604270042e-01
1.650815622955698250e+15,6.381360077604272263e-01
1.650815622957615000e+15,6.390911261501213136e-01
1.650815622959532000e+15,6.404920151731078315e-01
1.650815622961449000e+15,6.418929041960943493e-01
1.650815622963365750e+15,6.432936105261983784e-01
1.650815622965282750e+15,6.446944995491850072e-01
1.650815622967199750e+15,6.460953885721715251e-01
1.650815622969116750e+15,6.474962775951580429e-01
1.650815622971033500e+15,6.488969839252621830e-01
1.650815622972950500e+15,6.502978729482488118e-01
1.650815622974867500e+15,6.492870694241571483e-01
1.650815622976784250e+15,6.480709562299974413e-01
1.650815622978701250e+15,6.468546844192739620e-01
1.650815622980618250e+15,6.456384126085503716e-01
1.650815622982535250e+15,6.444221407978270033e-01
1.650815622984452000e+15,6.451139788530405594e-01
1.650815622986369000e+15,6.460748157000839598e-01
1.650815622988286000e+15,6.470356525471274711e-01
1.650815622990202750e+15,6.479963640894179644e-01
1.650815622992119750e+15,6.489572009364613647e-01
1.650815622994036750e+15,6.499180377835048761e-01
1.650815622995953750e+15,6.498964817877348477e-01
1.650815622997870500e+15,6.488534673587955659e-01
1.650815622999787500e+15,6.478103168904107978e-01
1.650815623001704500e+15,6.467671664220260297e-01
1.650815623003621500e+15,6.457240159536412616e-01
1.650815623005538250e+15,6.446810015247020909e-01
1.650815623007455250e+15,6.442719309119695481e-01
1.650815623009372250e+15,6.442719309119694371e-01
1.650815623011289000e+15,6.442719309119695481e-01
1.650815623013206000e+15,6.442719309119694371e-01
1.650815623015123000e+15,6.442719309119695481e-01
1.650815623017040000e+15,6.442719309119695481e-01
1.650815623018956750e+15,6.442719309119694371e-01
1.650815623020873750e+15,6.442719309119695481e-01
1.650815623022790750e+15,6.442719309119695481e-01
1.650815623024707500e+15,6.442719309119695481e-01
1.650815623026624500e+15,6.442719309119695481e-01
1.650815623028541500e+15,6.442719309119694371e-01
1.650815623030458500e+15,6.442719309119696591e-01
1.650815623032375250e+15,6.442719309119696591e-01
1.650815623034292250e+15,6.442719309119696591e-01
1.650815623036209250e+15,6.442719309119695481e-01
1.650815623038126000e+15,6.442719309119695481e-01
1.650815623040043000e+15,6.442719309119695481e-01
1.650815623041960000e+15,6.442719309119695481e-01
1.650815623043877000e+15,6.442719309119696591e-01
1.650815623045793750e+15,6.442719309119696591e-01
1.650815623047710750e+15,6.442719309119695481e-01
1.650815623049627750e+15,6.442719309119696591e-01
1.650815623051544500e+15,6.442719309119696591e-01
1.650815623053461500e+15,6.442719309119695481e-01
1.650815623055378500e+15,6.442719309119696591e-01
1.650815623057295500e+15,6.442719309119695481e-01
1.650815623059212250e+15,6.442719309119695481e-01
1.650815623061129250e+15,6.442719309119696591e-01
1.650815623063046250e+15,6.442719309119695481e-01
1.650815623064963000e+15,6.442719309119696591e-01
1.650815623066880000e+15,6.442719309119695481e-01
1.650815623068797000e+15,6.442719309119695481e-01
1.650815623070714000e+15,6.442719309119695481e-01
1.650815623072630750e+15,6.442719309119695481e-01
1.650815623074547750e+15,6.442719309119695481e-01
1.650815623076464750e+15,6.442719309119694371e-01
1.650815623078381750e+15,6.442719309119695481e-01
1.650815623080298500e+15,6.442719309119696591e-01
1.650815623082215500e+15,6.442719309119695481e-01
1.650815623084132500e+15,6.442719309119695481e-01
1.650815623086049250e+15,6.442719309119695481e-01
1.650815623087966250e+15,6.442719309119695481e-01
1.650815623089883250e+15,6.442719309119695481e-01
1.650815623091800250e+15,6.442719309119695481e-01
1.650815623093717000e+15,6.442719309119695481e-01
1.650815623095634000e+15,6.442719309119695481e-01
1.650815623097551000e+15,6.442719309119695481e-01
1.650815623099467750e+15,6.442719309119695481e-01
1.650815623101384750e+15,6.442719309119695481e-01
1.650815623103301750e+15,6.442719309119695481e-01
1.650815623105218750e+15,6.433260625072713124e-01
1.650815623107135500e+15,6.414330912050469902e-01
1.650815623109052500e+15,6.395398730042571867e-01
1.650815623110969500e+15,6.376466548034673831e-01
1.650815623112886250e+15,6.357536835012429499e-01
1.650815623114803250e+15,6.338604653004531464e-01
1.650815623116720250e+15,6.320000846088840163e-01
1.650815623118637250e+15,6.320000846088841273e-01
1.650815623120554000e+15,6.320000846088843494e-01
1.650815623122471000e+15,6.320000846088844604e-01
1.650815623124388000e+15,6.320000846088846824e-01
1.650815623126304750e+15,6.320000846088847934e-01
1.650815623128221750e+15,6.320000846088849045e-01
1.650815623130138750e+15,6.320000846088847934e-01
1.650815623132055750e+15,6.320000846088846824e-01
1.650815623133972500e+15,6.320000846088844604e-01
1.650815623135889500e+15,6.320000846088843494e-01
1.650815623137806500e+15,6.320000846088842383e-01
1.650815623139723250e+15,6.320000846088841273e-01
1.650815623141640250e+15,6.320000846088840163e-01
1.650815623143557250e+15,6.320000846088842383e-01
1.650815623145474250e+15,6.320000846088844604e-01
1.650815623147391000e+15,6.320000846088845714e-01
1.650815623149308000e+15,6.320000846088846824e-01
1.650815623151225000e+15,6.320000846088849045e-01
1.650815623153141750e+15,6.320000846088849045e-01
1.650815623155058750e+15,6.320000846088849045e-01
1.650815623156975750e+15,6.320000846088849045e-01
1.650815623158892750e+15,6.320000846088849045e-01
1.650815623160809500e+15,6.320000846088849045e-01
1.650815623162726500e+15,6.320000846088849045e-01
1.650815623164643500e+15,6.320000846088849045e-01
1.650815623166560500e+15,6.320000846088850155e-01
1.650815623168477250e+15,6.320000846088849045e-01
1.650815623170394250e+15,6.320000846088849045e-01
1.650815623172311250e+15,6.320000846088849045e-01
1.650815623174228000e+15,6.320000846088849045e-01
1.650815623176145000e+15,6.320000846088849045e-01
1.650815623178062000e+15,6.320000846088849045e-01
1.650815623179979000e+15,6.320000846088849045e-01
1.650815623181895750e+15,6.320000846088849045e-01
1.650815623183812750e+15,6.320000846088849045e-01
1.650815623185729750e+15,6.320000846088850155e-01
1.650815623187646500e+15,6.320000846088849045e-01
1.650815623189563500e+15,6.320000846088849045e-01
1.650815623191480500e+15,6.320000846088849045e-01
1.650815623193397500e+15,6.320000846088849045e-01
1.650815623195314250e+15,6.320000846088849045e-01
1.650815623197231250e+15,6.320000846088849045e-01
1.650815623199148250e+15,6.320000846088849045e-01
1.650815623201065000e+15,6.320000846088850155e-01
1.650815623202982000e+15,6.320000846088849045e-01
1.650815623204899000e+15,6.320000846088849045e-01
1.650815623206816000e+15,6.320000846088849045e-01
1.650815623208732750e+15,6.320000846088850155e-01
1.650815623210649750e+15,6.320000846088850155e-01
1.650815623212566750e+15,6.320000846088849045e-01
1.650815623214483500e+15,6.320000846088849045e-01
1.650815623216400500e+15,6.320000846088849045e-01
1.650815623218317500e+15,6.320000846088849045e-01
1.650815623220234500e+15,6.320000846088849045e-01
1.650815623222151250e+15,6.320000846088849045e-01
1.650815623224068250e+15,6.320000846088849045e-01
1.650815623225985250e+15,6.320000846088850155e-01
1.650815623227902000e+15,6.320000846088850155e-01
1.650815623229819000e+15,6.320000846088849045e-01
1.650815623231736000e+15,6.320000846088849045e-01
1.650815623233653000e+15,6.320000846088849045e-01
1.650815623235569750e+15,6.320000846088849045e-01
1.650815623237486750e+15,6.320000846088849045e-01
1.650815623239403750e+15,6.320000846088849045e-01
1.650815623241320750e+15,6.320000846088850155e-01
1.650815623243237500e+15,6.320000846088849045e-01
1.650815623245154500e+15,6.320000846088849045e-01
1.650815623247071500e+15,6.320000846088850155e-01
1.650815623248988250e+15,6.320000846088849045e-01
1.650815623250905250e+15,6.320000846088849045e-01
1.650815623252822250e+15,6.320000846088849045e-01
1.650815623254739250e+15,6.320000846088849045e-01
1.650815623256656000e+15,6.320000846088849045e-01
1.650815623258573000e+15,6.320000846088849045e-01
1.650815623260490000e+15,6.320000846088849045e-01
1.650815623262406750e+15,6.320000846088849045e-01
1.650815623264323750e+15,6.320000846088849045e-01
1.650815623266240750e+15,6.320000846088849045e-01
1.650815623268157750e+15,6.320000846088849045e-01
1.650815623270074500e+15,6.320000846088849045e-01
1.650815623271991500e+15,6.320000846088849045e-01
1.650815623273908500e+15,6.320000846088849045e-01
1.650815623275825250e+15,6.322057545875907625e-01
1.650815623277742250e+15,6.327277927857758444e-01
1.650815623279659250e+15,6.332498309839608153e-01
1.650815623281576250e+15,6.337718691821458972e-01
1.650815623283493000e+15,6.342938393002319764e-01
1.650815623285410000e+15,6.348158774984170583e-01
1.650815623287327000e+15,6.353379156966020291e-01
1.650815623289243750e+15,6.358598858146882193e-01
1.650815623291160750e+15,6.363819240128731902e-01
1.650815623293077750e+15,6.369039622110582721e-01
1.650815623294994750e+15,6.374260004092432430e-01
1.650815623296911500e+15,6.379479705273294332e-01
1.650815623298828500e+15,6.381360077604263381e-01
1.650815623300745500e+15,6.381360077604263381e-01
1.650815623302662250e+15,6.381360077604263381e-01
1.650815623304579250e+15,6.381360077604263381e-01
1.650815623306496250e+15,6.381360077604263381e-01
1.650815623308413250e+15,6.381360077604263381e-01
1.650815623310330000e+15,6.381360077604263381e-01
1.650815623312247000e+15,6.381360077604263381e-01
1.650815623314164000e+15,6.381360077604263381e-01
1.650815623316081000e+15,6.381360077604263381e-01
1.650815623317997750e+15,6.381360077604263381e-01
1.650815623319914750e+15,6.371307717837445539e-01
1.650815623321831750e+15,6.331636336112298480e-01
1.650815623323748500e+15,6.291970128015440533e-01
1.650815623325665500e+15,6.252298746290294584e-01
1.650815623327582500e+15,6.212627364565147525e-01
1.650815623329499500e+15,6.185343663096670719e-01
1.650815623331416250e+15,6.165876592500427744e-01
1.650815623333333250e+15,6.146406982831458254e-01
1.650815623335250250e+15,6.126937373162488765e-01
1.650815623337167000e+15,6.107470302566244680e-01
1.650815623339084000e+15,6.088000692897276300e-01
1.650815623341001000e+15,6.068531083228306811e-01
1.650815623342918000e+15,6.049061473559337321e-01
1.650815623344834750e+15,6.029594402963094346e-01
1.650815623346751750e+15,6.010124793294124856e-01
1.650815623348668750e+15,5.990655183625155367e-01
1.650815623350585500e+15,5.971188113028912392e-01
1.650815623352502500e+15,5.951930081081232560e-01
1.650815623354419500e+15,5.964908030749138668e-01
1.650815623356336500e+15,5.977885980417044776e-01
1.650815623358253250e+15,5.990862237603251650e-01
1.650815623360170250e+15,6.003840187271157758e-01
1.650815623362087250e+15,6.016818136939063866e-01
1.650815623364004000e+15,6.029794394125270740e-01
1.650815623365921000e+15,6.042772343793176848e-01
1.650815623367838000e+15,6.055750293461082956e-01
1.650815623369755000e+15,6.068728243128989064e-01
1.650815623371671750e+15,6.074563920027129527e-01
1.650815623373588750e+15,6.074563920027130637e-01
1.650815623375505750e+15,6.074563920027131747e-01
1.650815623377422500e+15,6.074563920027131747e-01
1.650815623379339500e+15,6.074563920027132857e-01
1.650815623381256500e+15,6.074563920027133967e-01
1.650815623383173500e+15,6.074563920027133967e-01
1.650815623385090250e+15,6.074563920027135078e-01
1.650815623387007250e+15,6.074563920027136188e-01
1.650815623388924250e+15,6.074563920027137298e-01
1.650815623390841250e+15,6.074563920027138408e-01
1.650815623392758000e+15,6.074563920027138408e-01
1.650815623394675000e+15,6.074563920027137298e-01
1.650815623396592000e+15,6.074563920027133967e-01
1.650815623398508750e+15,6.074563920027132857e-01
1.650815623400425750e+15,6.074563920027131747e-01
1.650815623402342750e+15,6.071816798095022172e-01
1.650815623404259750e+15,6.063533301840442480e-01
1.650815623406176500e+15,6.055250885854022158e-01
1.650815623408093500e+15,6.046967389599440246e-01
1.650815623410010500e+15,6.038683893344858333e-01
1.650815623411927250e+15,6.030401477358439122e-01
1.650815623413844250e+15,6.022117981103858320e-01
1.650815623415761250e+15,6.013834484849276407e-01
1.650815623417678250e+15,6.021903467031141099e-01
1.650815623419595000e+15,6.031316809996341011e-01
1.650815623421512000e+15,6.040731380735502309e-01
1.650815623423429000e+15,6.050145951474663608e-01
1.650815623425345750e+15,6.059559294439863519e-01
1.650815623427262750e+15,6.068973865179024818e-01
1.650815623429179750e+15,6.074563920027146180e-01
1.650815623431096750e+15,6.074563920027145070e-01
1.650815623433013500e+15,6.074563920027145070e-01
1.650815623434930500e+15,6.074563920027143960e-01
1.650815623436847500e+15,6.074563920027143960e-01
1.650815623438764250e+15,6.074563920027142849e-01
1.650815623440681250e+15,6.074563920027142849e-01
1.650815623442598250e+15,6.074563920027142849e-01
1.650815623444515250e+15,6.074563920027140629e-01
1.650815623446432000e+15,6.074563920027140629e-01
1.650815623448349000e+15,6.074563920027139519e-01
1.650815623450266000e+15,6.074563920027139519e-01
1.650815623452182750e+15,6.074563920027138408e-01
1.650815623454099750e+15,6.074563920027138408e-01
1.650815623456016750e+15,6.074563920027140629e-01
1.650815623457933750e+15,6.074563920027141739e-01
1.650815623459850500e+15,6.074563920027142849e-01
1.650815623461767500e+15,6.074563920027145070e-01
1.650815623463684500e+15,6.074563920027146180e-01
1.650815623465601250e+15,6.074563920027145070e-01
1.650815623467518250e+15,6.074563920027141739e-01
1.650815623469435250e+15,6.074563920027138408e-01
1.650815623471352250e+15,6.074563920027135078e-01
1.650815623473269000e+15,6.074563920027130637e-01
1.650815623475186000e+15,6.064455404219374346e-01
1.650815623477103000e+15,6.043730244001761509e-01
1.650815623479020000e+15,6.023005083784149782e-01
1.650815623480936750e+15,6.002282626378251384e-01
1.650815623482853750e+15,5.981557466160638548e-01
1.650815623484770750e+15,5.960832305943026821e-01
1.650815623486687500e+15,5.957374715323535685e-01
1.650815623488604500e+15,5.967139421185652104e-01
1.650815623490521500e+15,5.976904127047767412e-01
1.650815623492438500e+15,5.986668832909884941e-01
1.650815623494355250e+15,5.996432265336180123e-01
1.650815623496272250e+15,6.006196971198296541e-01
1.650815623498189250e+15,6.015651327973745577e-01
1.650815623500106000e+15,6.024315708923148049e-01
1.650815623502023000e+15,6.032981219960060759e-01
1.650815623503940000e+15,6.041646730996974579e-01
1.650815623505857000e+15,6.050312242033888399e-01
1.650815623507773750e+15,6.058976622983290872e-01
1.650815623509690750e+15,6.067642134020204692e-01
1.650815623511607750e+15,6.067548015405923589e-01
1.650815623513524500e+15,6.032686744679558455e-01
1.650815623515441500e+15,5.997820927028616467e-01
1.650815623517358500e+15,5.962955109377674479e-01
1.650815623519275500e+15,5.928089291726733601e-01
1.650815623521192250e+15,5.893228021000367356e-01
1.650815623523109250e+15,5.899484543536673842e-01
1.650815623525026250e+15,5.909250870904249053e-01
1.650815623526943000e+15,5.919015924624539959e-01
1.650815623528860000e+15,5.928782251992114061e-01
1.650815623530777000e+15,5.938548579359688162e-01
1.650815623532694000e+15,5.948314906727263374e-01
1.650815623534610750e+15,5.949306629583288597e-01
1.650815623536527750e+15,5.945329565517319947e-01
1.650815623538444750e+15,5.941352501451352408e-01
1.650815623540361500e+15,5.937375956042669767e-01
1.650815623542278500e+15,5.933398891976702227e-01
1.650815623544195500e+15,5.929421827910734688e-01
1.650815623546112500e+15,5.925444763844767149e-01
1.650815623548029250e+15,5.921468218436083397e-01
1.650815623549946250e+15,5.917491154370115858e-01
1.650815623551863250e+15,5.913514090304148318e-01
1.650815623553780250e+15,5.909537026238180779e-01
1.650815623555697000e+15,5.905560480829498138e-01
1.650815623557614000e+15,5.901583416763530598e-01
1.650815623559531000e+15,5.897606352697561949e-01
1.650815623561447750e+15,5.893629807288880418e-01
1.650815623563364750e+15,5.890486225480868754e-01
1.650815623565281750e+15,5.890486225480866533e-01
1.650815623567198750e+15,5.890486225480865423e-01
1.650815623569115500e+15,5.890486225480864313e-01
1.650815623571032500e+15,5.890486225480862092e-01
1.650815623572949500e+15,5.890486225480859872e-01
1.650815623574866250e+15,5.890486225480859872e-01
1.650815623576783250e+15,5.890486225480859872e-01
1.650815623578700250e+15,5.890486225480859872e-01
1.650815623580617250e+15,5.890486225480859872e-01
1.650815623582534000e+15,5.890486225480859872e-01
1.650815623584451000e+15,5.886914996104114506e-01
1.650815623586368000e+15,5.876557890634794834e-01
1.650815623588284750e+15,5.866202135857372379e-01
1.650815623590201750e+15,5.855845030388052708e-01
1.650815623592118750e+15,5.845487924918731926e-01
1.650815623594035750e+15,5.835130819449412254e-01
1.650815623595952500e+15,5.829126993965436654e-01
1.650815623597869500e+15,5.829126993965436654e-01
1.650815623599786500e+15,5.829126993965436654e-01
1.650815623601703250e+15,5.829126993965436654e-01
1.650815623603620250e+15,5.829126993965436654e-01
1.650815623605537250e+15,5.835151954928866624e-01
1.650815623607454250e+15,5.845115164044152323e-01
1.650815623609371000e+15,5.855077073836392199e-01
1.650815623611288000e+15,5.865040282951679007e-01
1.650815623613205000e+15,5.875003492066964705e-01
1.650815623615121750e+15,5.884965401859204581e-01
1.650815623617038750e+15,5.894928610974490280e-01
1.650815623618955750e+15,5.904891820089777088e-01
1.650815623620872750e+15,5.914855029205062786e-01
1.650815623622789500e+15,5.924816938997302662e-01
1.650815623624706500e+15,5.934780148112588360e-01
1.650815623626623500e+15,5.944743357227875169e-01
1.650815623628540500e+15,5.944033649191184931e-01
1.650815623630457250e+15,5.916834225739013853e-01
1.650815623632374250e+15,5.889631254690201878e-01
1.650815623634291250e+15,5.862428283641389903e-01
1.650815623636208000e+15,5.835228860189217714e-01
1.650815623638125000e+15,5.808025889140404630e-01
1.650815623640042000e+15,5.780822918091591545e-01
1.650815623641959000e+15,5.767767762450013436e-01
1.650815623643875750e+15,5.767767762450013436e-01
1.650815623645792750e+15,5.767767762450013436e-01
1.650815623647709750e+15,5.767767762450013436e-01
1.650815623649626500e+15,5.767767762450013436e-01
1.650815623651543500e+15,5.771768846383033003e-01
1.650815623653460500e+15,5.780661690324596647e-01
1.650815623655377500e+15,5.789554534266160291e-01
1.650815623657294250e+15,5.798446218473252145e-01
1.650815623659211250e+15,5.807339062414815789e-01
1.650815623661128250e+15,5.816231906356379433e-01
1.650815623663045000e+15,5.825123590563469067e-01
1.650815623664962000e+15,5.829126993965436654e-01
1.650815623666879000e+15,5.829126993965435544e-01
1.650815623668796000e+15,5.829126993965435544e-01
1.650815623670712750e+15,5.829126993965435544e-01
1.650815623672629750e+15,5.829126993965435544e-01
1.650815623674546750e+15,5.799044648565681026e-01
1.650815623676463500e+15,5.739829926568271734e-01
1.650815623678380500e+15,5.680607481247266222e-01
1.650815623680297500e+15,5.621385035926261819e-01
1.650815623682214500e+15,5.562162590605257417e-01
1.650815623684131250e+15,5.502947868607847015e-01
1.650815623686048250e+15,5.466189507431050698e-01
1.650815623687965250e+15,5.484107499735570990e-01
1.650815623689882000e+15,5.502023155317045111e-01
1.650815623691799000e+15,5.519941147621563182e-01
1.650815623693716000e+15,5.537859139926083474e-01
1.650815623695633000e+15,5.555777132230601545e-01
1.650815623697549750e+15,5.573692787812076777e-01
1.650815623699466750e+15,5.591610780116595958e-01
1.650815623701383750e+15,5.609528772421115139e-01
1.650815623703300750e+15,5.627446764725634321e-01
1.650815623705217500e+15,5.644802566223170448e-01
1.650815623707134500e+15,5.630683535276697071e-01
1.650815623709051500e+15,5.616564504330222585e-01
1.650815623710968250e+15,5.602447314676256562e-01
1.650815623712885250e+15,5.588328283729782076e-01
1.650815623714802250e+15,5.574209252783308699e-01
1.650815623716719250e+15,5.560090221836834212e-01
1.650815623718636000e+15,5.545973032182868190e-01
1.650815623720553000e+15,5.531854001236393703e-01
1.650815623722470000e+15,5.512054894234350577e-01
1.650815623724386750e+15,5.480490131215782768e-01
1.650815623726303750e+15,5.448921251233209695e-01
1.650815623728220750e+15,5.417352371250636622e-01
1.650815623730137750e+15,5.402930022875522820e-01
1.650815623732054500e+15,5.410502639384903167e-01
1.650815623733971500e+15,5.418076243583928031e-01
1.650815623735888500e+15,5.425649847782954005e-01
1.650815623737805250e+15,5.433222464292334353e-01
1.650815623739722250e+15,5.440796068491360327e-01
1.650815623741639250e+15,5.448369672690385190e-01
1.650815623743556250e+15,5.455943276889411164e-01
1.650815623745473000e+15,5.460971604872880691e-01
1.650815623747390000e+15,5.460971604872879581e-01
1.650815623749307000e+15,5.460971604872879581e-01
1.650815623751223750e+15,5.460971604872879581e-01
1.650815623753140750e+15,5.460971604872879581e-01
1.650815623755057750e+15,5.460971604872879581e-01
1.650815623756974750e+15,5.460971604872879581e-01
1.650815623758891500e+15,5.460971604872879581e-01
1.650815623760808500e+15,5.460971604872879581e-01
1.650815623762725500e+15,5.460971604872879581e-01
1.650815623764642250e+15,5.460971604872879581e-01
1.650815623766559250e+15,5.460971604872879581e-01
1.650815623768476250e+15,5.460971604872879581e-01
1.650815623770393250e+15,5.460971604872878471e-01
1.650815623772310000e+15,5.460971604872879581e-01
1.650815623774227000e+15,5.460971604872879581e-01
1.650815623776144000e+15,5.460971604872879581e-01
1.650815623778060750e+15,5.460971604872879581e-01
1.650815623779977750e+15,5.460971604872879581e-01
1.650815623781894750e+15,5.460971604872879581e-01
1.650815623783811750e+15,5.460971604872879581e-01
1.650815623785728500e+15,5.460971604872879581e-01
1.650815623787645500e+15,5.460971604872878471e-01
1.650815623789562500e+15,5.460971604872879581e-01
1.650815623791479500e+15,5.460971604872879581e-01
1.650815623793396250e+15,5.466664926186254325e-01
1.650815623795313250e+15,5.482924288506911825e-01
1.650815623797230250e+15,5.499183650827568215e-01
1.650815623799147000e+15,5.515440892730604228e-01
1.650815623801064000e+15,5.531700255051260617e-01
1.650815623802981000e+15,5.547959617371918117e-01
1.650815623804898000e+15,5.564218979692574507e-01
1.650815623806814750e+15,5.580476221595609410e-01
1.650815623808731750e+15,5.596735583916265799e-01
1.650815623810648750e+15,5.612994946236923299e-01
1.650815623812565500e+15,5.629252188139958202e-01
1.650815623814482500e+15,5.643032212414653692e-01
1.650815623816399500e+15,5.572082564935156856e-01
1.650815623818316500e+15,5.501132917455661131e-01
1.650815623820233250e+15,5.430192522668845223e-01
1.650815623822150250e+15,5.359242875189348387e-01
1.650815623824067250e+15,5.288293227709851552e-01
1.650815623825984000e+15,5.217352832923036754e-01
1.650815623827901000e+15,5.155189090988190337e-01
1.650815623829818000e+15,5.164442209837708520e-01
1.650815623831735000e+15,5.173695328687226702e-01
1.650815623833651750e+15,5.182947240818063239e-01
1.650815623835568750e+15,5.192200359667581422e-01
1.650815623837485750e+15,5.201453478517099605e-01
1.650815623839402500e+15,5.210705390647936142e-01
1.650815623841319500e+15,5.219958509497454324e-01
1.650815623843236500e+15,5.229211628346972507e-01
1.650815623845153500e+15,5.238464747196489579e-01
1.650815623847070250e+15,5.247716659327327227e-01
1.650815623848987250e+15,5.256969778176844299e-01
1.650815623850904250e+15,5.266222897026362482e-01
1.650815623852821000e+15,5.275474809157199019e-01
1.650815623854738000e+15,5.276893910326608816e-01
1.650815623856655000e+15,5.276893910326608816e-01
1.650815623858572000e+15,5.276893910326608816e-01
1.650815623860488750e+15,5.276893910326609927e-01
1.650815623862405750e+15,5.272309978982622214e-01
1.650815623864322750e+15,5.252858077739844811e-01
1.650815623866239750e+15,5.233406176497067408e-01
1.650815623868156500e+15,5.213956812017623843e-01
1.650815623870073500e+15,5.194504910774846440e-01
1.650815623871990500e+15,5.175053009532069037e-01
1.650815623873907250e+15,5.155603645052625472e-01
1.650815623875824250e+15,5.129749330088387849e-01
1.650815623877741250e+15,5.103387688041084447e-01
1.650815623879658250e+15,5.077026045993781045e-01
1.650815623881575000e+15,5.050667841823636151e-01
1.650815623883492000e+15,5.031456984264907062e-01
1.650815623885409000e+15,5.031456984264907062e-01
1.650815623887325750e+15,5.031456984264908172e-01
1.650815623889242750e+15,5.031456984264908172e-01
1.650815623891159750e+15,5.031456984264908172e-01
1.650815623893076750e+15,5.031456984264907062e-01
1.650815623894993500e+15,5.032434027167838053e-01
1.650815623896910500e+15,5.041417198606288341e-01
1.650815623898827500e+15,5.050400370044738629e-01
1.650815623900744250e+15,5.059382369968916660e-01
1.650815623902661250e+15,5.068365541407365837e-01
1.650815623904578250e+15,5.077348712845817236e-01
1.650815623906495250e+15,5.086331884284266414e-01
1.650815623908412000e+15,5.092816215780331390e-01
1.650815623910329000e+15,5.092816215780331390e-01
1.650815623912246000e+15,5.092816215780331390e-01
1.650815623914162750e+15,5.092816215780331390e-01
1.650815623916079750e+15,5.092816215780331390e-01
1.650815623917996750e+15,5.092816215780331390e-01
1.650815623919913750e+15,5.092816215780330280e-01
1.650815623921830500e+15,5.092816215780331390e-01
1.650815623923747500e+15,5.092816215780331390e-01
1.650815623925664500e+15,5.092816215780331390e-01
1.650815623927581250e+15,5.092816215780331390e-01
1.650815623929498250e+15,5.092816215780331390e-01
1.650815623931415250e+15,5.092816215780331390e-01
1.650815623933332250e+15,5.098982792459523239e-01
1.650815623935249000e+15,5.107316856164680896e-01
1.650815623937166000e+15,5.115652006874364943e-01
1.650815623939083000e+15,5.123987157584048990e-01
1.650815623941000000e+15,5.132322308293734148e-01
1.650815623942916750e+15,5.140656371998891805e-01
1.650815623944833750e+15,5.148991522708575852e-01
1.650815623946750750e+15,5.149201997310762779e-01
1.650815623948667500e+15,5.136048688916513560e-01
1.650815623950584500e+15,5.122893664947932857e-01
1.650815623952501500e+15,5.109738640979351043e-01
1.650815623954418500e+15,5.096583617010770340e-01
1.650815623956335250e+15,5.083430308616520010e-01
1.650815623958252250e+15,5.070275284647939307e-01
1.650815623960169250e+15,5.057120260679358603e-01
1.650815623962086000e+15,5.043966952285108274e-01
1.650815623964003000e+15,5.031456984264908172e-01
1.650815623965920000e+15,5.031456984264908172e-01
1.650815623967837000e+15,5.031456984264908172e-01
1.650815623969753750e+15,5.031456984264908172e-01
1.650815623971670750e+15,5.031456984264908172e-01
1.650815623973587750e+15,5.031456984264908172e-01
1.650815623975504500e+15,5.031456984264908172e-01
1.650815623977421500e+15,5.031456984264908172e-01
1.650815623979338500e+15,5.031456984264908172e-01
1.650815623981255500e+15,5.031456984264908172e-01
1.650815623983172250e+15,5.031456984264907062e-01
1.650815623985089250e+15,5.031456984264905952e-01
1.650815623987006250e+15,5.031456984264904841e-01
1.650815623988923000e+15,5.031456984264904841e-01
1.650815623990840000e+15,5.031456984264903731e-01
1.650815623992757000e+15,5.031456984264902621e-01
1.650815623994674000e+15,5.031456984264901511e-01
1.650815623996590750e+15,5.031456984264901511e-01
1.650815623998507750e+15,5.031456984264900401e-01
1.650815624000424750e+15,5.031456984264899290e-01
1.650815624002341500e+15,5.031456984264899290e-01
1.650815624004258500e+15,5.031456984264899290e-01
1.650815624006175500e+15,5.031456984264899290e-01
1.650815624008092500e+15,5.031456984264899290e-01
1.650815624010009250e+15,5.031456984264899290e-01
1.650815624011926250e+15,5.035176953380010589e-01
1.650815624013843250e+15,5.043573986990451674e-01
1.650815624015760250e+15,5.051971020600893869e-01
1.650815624017677000e+15,5.060366959136528564e-01
1.650815624019594000e+15,5.068763992746970759e-01
1.650815624021511000e+15,5.077161026357412954e-01
1.650815624023427750e+15,5.085556964893048759e-01
1.650815624025344750e+15,5.092816215780322509e-01
1.650815624027261750e+15,5.092816215780324729e-01
1.650815624029178750e+15,5.092816215780325839e-01
1.650815624031095500e+15,5.092816215780326949e-01
1.650815624033012500e+15,5.092816215780328060e-01
1.650815624034929500e+15,5.092816215780330280e-01
1.650815624036846250e+15,5.090954601296993065e-01
1.650815624038763250e+15,5.084274741747043524e-01
1.650815624040680250e+15,5.077594882197092874e-01
1.650815624042597250e+15,5.070915022647143333e-01
1.650815624044514000e+15,5.064236034231719419e-01
1.650815624046431000e+15,5.057556174681769878e-01
1.650815624048348000e+15,5.050876315131820338e-01
1.650815624050264750e+15,5.044197326716397534e-01
1.650815624052181750e+15,5.037517467166447993e-01
1.650815624054098750e+15,5.031456984264908172e-01
1.650815624056015750e+15,5.031456984264908172e-01
1.650815624057932500e+15,5.031456984264908172e-01
1.650815624059849500e+15,5.031456984264908172e-01
1.650815624061766500e+15,5.031456984264908172e-01
1.650815624063683250e+15,5.031456984264908172e-01
1.650815624065600250e+15,5.031456984264908172e-01
1.650815624067517250e+15,5.031456984264908172e-01
1.650815624069434250e+15,5.031456984264905952e-01
1.650815624071351000e+15,5.031456984264903731e-01
1.650815624073268000e+15,5.031456984264901511e-01
1.650815624075185000e+15,5.031456984264901511e-01
1.650815624077101750e+15,5.031456984264899290e-01
1.650815624079018750e+15,5.031456984264899290e-01
1.650815624080935750e+15,5.031456984264899290e-01
1.650815624082852750e+15,5.031456984264899290e-01
1.650815624084769500e+15,5.031456984264899290e-01
1.650815624086686500e+15,5.031456984264899290e-01
1.650815624088603500e+15,5.031456984264899290e-01
1.650815624090520250e+15,5.031456984264899290e-01
1.650815624092437250e+15,5.031456984264899290e-01
1.650815624094354250e+15,5.031456984264899290e-01
1.650815624096271250e+15,5.031456984264899290e-01
1.650815624098188000e+15,5.031456984264899290e-01
1.650815624100105000e+15,5.040453906619859481e-01
1.650815624102022000e+15,5.051047948483775585e-01
1.650815624103939000e+15,5.061641990347693909e-01
1.650815624105855750e+15,5.072234650620339735e-01
1.650815624107772750e+15,5.082828692484258060e-01
1.650815624109689750e+15,5.093422734348175274e-01
1.650815624111606500e+15,5.104015394620822210e-01
1.650815624113523500e+15,5.114609436484739424e-01
1.650815624115440500e+15,5.125203478348656638e-01
1.650815624117357500e+15,5.135797520212573852e-01
1.650815624119274250e+15,5.146390180485220789e-01
1.650815624121191250e+15,5.151906726983102036e-01
1.650815624123108250e+15,5.143349645154564609e-01
1.650815624125025000e+15,5.134793679273056410e-01
1.650815624126942000e+15,5.126236597444518983e-01
1.650815624128859000e+15,5.117679515615980446e-01
1.650815624130776000e+15,5.109122433787443018e-01
1.650815624132692750e+15,5.100566467905934820e-01
1.650815624134609750e+15,5.090762576099475689e-01
1.650815624136526750e+15,5.068982065625433631e-01
1.650815624138443500e+15,5.047204395593549719e-01
1.650815624140360500e+15,5.025423885119507661e-01
1.650815624142277500e+15,5.003643374645465602e-01
1.650815624144194500e+15,4.981862864171422989e-01
1.650815624146111250e+15,4.966178012062780756e-01
1.650815624148028250e+15,4.957651325088147098e-01
1.650815624149945250e+15,4.949124638113513996e-01
1.650815624151862000e+15,4.940599063122054213e-01
1.650815624153779000e+15,4.932072376147421111e-01
1.650815624155696000e+15,4.923545689172788009e-01
1.650815624157613000e+15,4.915019002198154907e-01
1.650815624159529750e+15,4.910457322061370089e-01
1.650815624161446750e+15,4.916985189690820102e-01
1.650815624163363750e+15,4.923513057320270114e-01
1.650815624165280500e+15,4.930040073636779985e-01
1.650815624167197500e+15,4.936567941266229997e-01
1.650815624169114500e+15,4.943095808895680010e-01
1.650815624171031500e+15,4.949623676525131133e-01
1.650815624172948250e+15,4.956150692841641003e-01
1.650815624174865250e+15,4.962678560471091016e-01
1.650815624176782250e+15,4.969206428100541029e-01
1.650815624178699250e+15,4.949799664421069556e-01
1.650815624180616000e+15,4.926294839890953958e-01
1.650815624182533000e+15,4.902786949647452985e-01
1.650815624184450000e+15,4.879279059403951457e-01
1.650815624186366750e+15,4.855774234873836415e-01
1.650815624188283750e+15,4.832266344630334332e-01
1.650815624190200750e+15,4.808758454386832804e-01
1.650815624192117750e+15,4.786357951294701873e-01
1.650815624194034500e+15,4.796679171742898040e-01
1.650815624195951500e+15,4.807001738378708366e-01
1.650815624197868500e+15,4.817324305014519803e-01
1.650815624199785250e+15,4.827645525462715415e-01
1.650815624201702250e+15,4.837968092098526296e-01
1.650815624203619250e+15,4.848290658734337732e-01
1.650815624205536250e+15,4.858613225370148614e-01
1.650815624207453000e+15,4.868934445818343670e-01
1.650815624209370000e+15,4.879257012454154552e-01
1.650815624211287000e+15,4.889579579089965988e-01
1.650815624213203750e+15,4.899900799538161045e-01
1.650815624215120750e+15,4.907289783491919355e-01
1.650815624217037750e+15,4.897218232261927873e-01
1.650815624218954750e+15,4.887146681031935280e-01
1.650815624220871500e+15,4.877076443254112492e-01
1.650815624222788500e+15,4.867004892024120455e-01
1.650815624224705500e+15,4.856933340794129528e-01
1.650815624226622250e+15,4.846863103016305629e-01
1.650815624228539250e+15,4.836791551786314147e-01
1.650815624230456250e+15,4.826720000556322110e-01
1.650815624232373250e+15,4.816648449326330073e-01
1.650815624234290000e+15,4.806578211548507285e-01
1.650815624236207000e+15,4.796506660318514692e-01
1.650815624238124000e+15,4.786435109088523210e-01
1.650815624240040750e+15,4.781242777754227680e-01
1.650815624241957750e+15,4.776259484803242472e-01
1.650815624243874750e+15,4.771276191852257265e-01
1.650815624245791750e+15,4.766292898901270947e-01
1.650815624247708500e+15,4.761310255831995297e-01
1.650815624249625500e+15,4.756326962881010090e-01
1.650815624251542500e+15,4.751343669930023772e-01
1.650815624253459500e+15,4.746360376979038009e-01
1.650815624255376250e+15,4.741377733909762360e-01
1.650815624257293250e+15,4.736394440958776597e-01
1.650815624259210250e+15,4.731411148007790834e-01
1.650815624261127000e+15,4.726428504938514630e-01
1.650815624263044000e+15,4.724660826687773763e-01
1.650815624264961000e+15,4.724660826687773763e-01
1.650815624266878000e+15,4.724660826687773207e-01
1.650815624268794750e+15,4.724660826687773207e-01
1.650815624270711750e+15,4.724660826687772652e-01
1.650815624272628750e+15,4.724660826687772652e-01
1.650815624274545500e+15,4.720434147573852601e-01
1.650815624276462500e+15,4.709550945610947448e-01
1.650815624278379500e+15,4.698667743648042849e-01
1.650815624280296500e+15,4.687784541685137141e-01
1.650815624282213250e+15,4.676902759023479073e-01
1.650815624284130250e+15,4.666019557060574474e-01
1.650815624286047250e+15,4.663301595172342773e-01
1.650815624287964000e+15,4.663301595172343883e-01
1.650815624289881000e+15,4.663301595172343883e-01
1.650815624291798000e+15,4.663301595172344438e-01
1.650815624293715000e+15,4.663301595172345548e-01
1.650815624295631750e+15,4.663301595172346103e-01
1.650815624297548750e+15,4.663301595172346659e-01
1.650815624299465750e+15,4.663301595172347214e-01
1.650815624301382500e+15,4.663301595172347769e-01
1.650815624303299500e+15,4.663301595172348879e-01
1.650815624305216500e+15,4.663301595172348879e-01
1.650815624307133500e+15,4.663301595172349989e-01
1.650815624309050250e+15,4.663301595172349989e-01
1.650815624310967250e+15,4.663301595172351099e-01
1.650815624312884250e+15,4.679204886067092062e-01
1.650815624314801000e+15,4.698111775707344284e-01
1.650815624316718000e+15,4.717021131356418095e-01
1.650815624318635000e+15,4.735930487005493017e-01
1.650815624320552000e+15,4.754839842654566828e-01
1.650815624322468750e+15,4.773746732294819051e-01
1.650815624324385750e+15,4.781878656346964518e-01
1.650815624326302750e+15,4.770077738683050073e-01
1.650815624328219500e+15,4.758278360001616525e-01
1.650815624330136500e+15,4.746477442337703190e-01
1.650815624332053500e+15,4.734676524673787634e-01
1.650815624333970500e+15,4.722875607009873189e-01
1.650815624335887250e+15,4.711076228328440196e-01
1.650815624337804250e+15,4.699275310664525751e-01
1.650815624339721250e+15,4.687474393000611306e-01
1.650815624341638250e+15,4.675673475336697416e-01
1.650815624343555000e+15,4.663874096655263868e-01
1.650815624345472000e+15,4.673816367653009785e-01
1.650815624347389000e+15,4.684867255177911916e-01
1.650815624349305750e+15,4.695916701533340287e-01
1.650815624351222750e+15,4.706967589058242973e-01
1.650815624353139750e+15,4.718018476583145659e-01
1.650815624355056750e+15,4.721732987896892775e-01
1.650815624356973500e+15,4.714394727024166509e-01
1.650815624358890500e+15,4.707055509028592599e-01
1.650815624360807500e+15,4.699716291033019244e-01
1.650815624362724250e+15,4.692378030160292979e-01
1.650815624364641250e+15,4.685038812164719624e-01
1.650815624366558250e+15,4.677699594169145159e-01
1.650815624368475250e+15,4.670360376173571249e-01
1.650815624370392000e+15,4.663301595172351099e-01
1.650815624372309000e+15,4.663301595172349989e-01
1.650815624374226000e+15,4.663301595172347769e-01
1.650815624376142750e+15,4.663301595172345548e-01
1.650815624378059750e+15,4.663301595172343883e-01
1.650815624379976750e+15,4.663301595172342218e-01
1.650815624381893750e+15,4.658509268589878238e-01
1.650815624383810500e+15,4.652742078524306768e-01
1.650815624385727500e+15,4.646974136249258924e-01
1.650815624387644500e+15,4.641206193974209970e-01
1.650815624389561250e+15,4.635439003908639055e-01
1.650815624391478250e+15,4.629671061633590101e-01
1.650815624393395250e+15,4.623903119358542257e-01
1.650815624395312250e+15,4.618135177083493303e-01
1.650815624397229000e+15,4.612367987017922388e-01
1.650815624399146000e+15,4.606600044742873989e-01
1.650815624401063000e+15,4.604136100351929328e-01
1.650815624402979750e+15,4.615531343739895931e-01
1.650815624404896750e+15,4.626928073399336205e-01
1.650815624406813750e+15,4.638324803058776480e-01
1.650815624408730750e+15,4.649721532718216754e-01
1.650815624410647500e+15,4.661116776106183357e-01
1.650815624412564500e+15,4.672332382523524119e-01
1.650815624414481500e+15,4.683505031347144909e-01
1.650815624416398500e+15,4.694677680170764589e-01
1.650815624418315250e+15,4.705848871945763623e-01
1.650815624420232250e+15,4.717021520769384413e-01
1.650815624422149250e+15,4.724660826687777093e-01
1.650815624424066000e+15,4.724660826687777093e-01
1.650815624425983000e+15,4.724660826687776538e-01
1.650815624427900000e+15,4.724660826687776538e-01
1.650815624429817000e+15,4.724660826687775428e-01
1.650815624431733750e+15,4.724660826687774873e-01
1.650815624433650750e+15,4.724660826687774873e-01
1.650815624435567750e+15,4.724660826687774318e-01
1.650815624437484500e+15,4.719848786532885310e-01
1.650815624439401500e+15,4.710102689357056338e-01
1.650815624441318500e+15,4.700356592181227366e-01
1.650815624443235500e+15,4.690610495005397285e-01
1.650815624445152250e+15,4.680865668838589677e-01
1.650815624447069250e+15,4.671119571662760706e-01
1.650815624448986250e+15,4.660798584679471390e-01
1.650815624450903000e+15,4.648148234350636954e-01
1.650815624452820000e+15,4.635496234047846720e-01
1.650815624454737000e+15,4.622844233745054821e-01
1.650815624456654000e+15,4.610192233442263476e-01
1.650815624458570750e+15,4.601942363656927881e-01
1.650815624460487750e+15,4.601942363656927881e-01
1.650815624462404750e+15,4.601942363656927881e-01
1.650815624464321500e+15,4.601942363656927326e-01
1.650815624466238500e+15,4.601942363656927326e-01
1.650815624468155500e+15,4.601942363656926771e-01
1.650815624470072500e+15,4.601942363656926771e-01
1.650815624471989250e+15,4.601942363656926216e-01
1.650815624473906250e+15,4.601942363656926216e-01
1.650815624475823250e+15,4.601942363656926216e-01
1.650815624477740000e+15,4.601942363656925661e-01
1.650815624479657000e+15,4.601942363656925661e-01
1.650815624481574000e+15,4.601942363656925661e-01
1.650815624483491000e+15,4.601942363656925661e-01
1.650815624485407750e+15,4.601942363656925661e-01
1.650815624487324750e+15,4.601942363656925661e-01
1.650815624489241750e+15,4.601942363656925661e-01
1.650815624491158750e+15,4.601942363656925661e-01
1.650815624493075500e+15,4.601942363656925661e-01
1.650815624494992500e+15,4.601942363656925106e-01
1.650815624496909500e+15,4.601942363656924551e-01
1.650815624498826250e+15,4.601942363656923995e-01
1.650815624500743250e+15,4.601942363656923440e-01
1.650815624502660250e+15,4.601942363656922885e-01
1.650815624504577250e+15,4.601942363656922330e-01
1.650815624506494000e+15,4.601942363656921775e-01
1.650815624508411000e+15,4.601942363656922330e-01
1.650815624510328000e+15,4.601942363656923440e-01
1.650815624512244750e+15,4.601942363656923995e-01
1.650815624514161750e+15,4.601942363656924551e-01
1.650815624516078750e+15,4.601942363656925106e-01
1.650815624517995750e+15,4.601942363656925661e-01
1.650815624519912500e+15,4.601942363656925661e-01
1.650815624521829500e+15,4.601942363656925661e-01
1.650815624523746500e+15,4.601942363656925661e-01
1.650815624525663250e+15,4.601942363656926216e-01
1.650815624527580250e+15,4.601942363656926216e-01
1.650815624529497250e+15,4.601942363656926771e-01
1.650815624531414250e+15,4.601942363656926216e-01
1.650815624533331000e+15,4.601942363656926771e-01
1.650815624535248000e+15,4.601942363656927326e-01
1.650815624537165000e+15,4.601942363656927326e-01
1.650815624539081750e+15,4.601942363656927326e-01
1.650815624540998750e+15,4.599022052988549492e-01
1.650815624542915750e+15,4.587079150479149159e-01
1.650815624544832750e+15,4.575136247969748826e-01
1.650815624546749500e+15,4.563194902959371579e-01
1.650815624548666500e+15,4.551252000449971247e-01
1.650815624550583500e+15,4.540583132141495781e-01
1.650815624552500250e+15,4.540583132141495781e-01
1.650815624554417250e+15,4.540583132141495781e-01
1.650815624556334250e+15,4.540583132141495781e-01
1.650815624558251250e+15,4.540583132141495781e-01
1.650815624560168000e+15,4.540583132141495781e-01
1.650815624562085000e+15,4.539674920644566902e-01
1.650815624564002000e+15,4.528585484723471333e-01
1.650815624565919000e+15,4.517496048802375763e-01
1.650815624567835750e+15,4.506408059077930961e-01
1.650815624569752750e+15,4.495318623156835391e-01
1.650815624571669750e+15,4.484229187235738712e-01
1.650815624573586500e+15,4.490686853799826794e-01
1.650815624575503500e+15,4.511585076561676066e-01
1.650815624577420500e+15,4.532483299323526449e-01
1.650815624579337500e+15,4.553381522085376276e-01
1.650815624581254250e+15,4.574277019466062022e-01
1.650815624583171250e+15,4.595175242227912404e-01
1.650815624585088250e+15,4.594970640481059188e-01
1.650815624587005000e+15,4.584661633424286231e-01
1.650815624588922000e+15,4.574351281772879307e-01
1.650815624590839000e+15,4.564040930121474049e-01
1.650815624592756000e+15,4.553730578470066570e-01
1.650815624594672750e+15,4.543421571413294169e-01
1.650815624596589750e+15,4.533111219761888355e-01
1.650815624598506750e+15,4.522800868110481431e-01
1.650815624600423500e+15,4.512491861053708475e-01
1.650815624602340500e+15,4.502181509402302662e-01
1.650815624604257500e+15,4.491871157750895738e-01
1.650815624606174500e+15,4.481560806099489924e-01
1.650815624608091250e+15,4.471855075759658682e-01
1.650815624610008250e+15,4.462324944358802004e-01
1.650815624611925250e+15,4.452794812957945880e-01
1.650815624613842000e+15,4.443265924401559874e-01
1.650815624615759000e+15,4.433735793000703751e-01
1.650815624617676000e+15,4.424205661599847073e-01
1.650815624619593000e+15,4.414675530198990394e-01
1.650815624621509750e+15,4.405146641642604388e-01
1.650815624623426750e+15,4.395616510241748265e-01
1.650815624625343750e+15,4.386086378840892142e-01
1.650815624627260500e+15,4.376557490284506136e-01
1.650815624629177500e+15,4.367027358883649457e-01
1.650815624631094500e+15,4.357497227482793334e-01
1.650815624633011500e+15,4.387487204500337690e-01
1.650815624634928250e+15,4.422063217143933356e-01
1.650815624636845250e+15,4.456643739506148671e-01
1.650815624638762250e+15,4.491224261868361767e-01
1.650815624640679000e+15,4.525800274511959098e-01
1.650815624642596000e+15,4.560380796874172749e-01
1.650815624644513000e+15,4.594961319236386954e-01
1.650815624646430000e+15,4.558087042471034578e-01
1.650815624648346750e+15,4.503146070652039867e-01
1.650815624650263750e+15,4.448197932930891829e-01
1.650815624652180750e+15,4.393249795209742681e-01
1.650815624654097750e+15,4.338301657488595198e-01
1.650815624656014500e+15,4.283360685669600487e-01
1.650815624657931500e+15,4.228412547948452449e-01
1.650815624659848500e+15,4.173464410227303856e-01
1.650815624661765250e+15,4.118523438408309700e-01
1.650815624663682250e+15,4.063575300687161107e-01
1.650815624665599250e+15,4.065075891684959974e-01
1.650815624667516250e+15,4.085629036332010244e-01
1.650815624669433000e+15,4.106179500600260490e-01
1.650815624671350000e+15,4.126732645247311315e-01
1.650815624673267000e+15,4.147285789894361585e-01
1.650815624675183750e+15,4.167836254162611276e-01
1.650815624677100750e+15,4.188389398809662101e-01
1.650815624679017750e+15,4.208942543456712926e-01
1.650815624680934750e+15,4.229495688103763751e-01
1.650815624682851500e+15,4.250046152372013442e-01
1.650815624684768500e+15,4.270599297019064267e-01
1.650815624686685500e+15,4.291152441666115092e-01
1.650815624688602250e+15,4.291304568404235575e-01
1.650815624690519250e+15,4.286535638875954013e-01
1.650815624692436250e+15,4.281766709347671895e-01
1.650815624694353250e+15,4.276997779819390333e-01
1.650815624696270000e+15,4.272229472217233814e-01
1.650815624698187000e+15,4.267460542688951697e-01
1.650815624700104000e+15,4.262691613160669579e-01
1.650815624702020750e+15,4.257923305558513616e-01
1.650815624703937750e+15,4.253154376030231498e-01
1.650815624705854750e+15,4.248385446501949936e-01
1.650815624707771750e+15,4.243616516973667818e-01
1.650815624709688500e+15,4.238848209371511300e-01
1.650815624711605500e+15,4.234079279843229737e-01
1.650815624713522500e+15,4.223356600758210178e-01
1.650815624715439250e+15,4.212246615210580858e-01
1.650815624717356250e+15,4.201135180597404539e-01
1.650815624719273250e+15,4.190023745984228221e-01
1.650815624721190250e+15,4.178912311371051902e-01
1.650815624723107000e+15,4.172427743048938154e-01
1.650815624725024000e+15,4.172427743048938709e-01
1.650815624726941000e+15,4.172427743048938709e-01
1.650815624728858000e+15,4.172427743048938709e-01
1.650815624730774750e+15,4.172427743048938709e-01
1.650815624732691750e+15,4.174637292828007329e-01
1.650815624734608750e+15,4.179874642968934850e-01
1.650815624736525500e+15,4.185111310096020221e-01
1.650815624738442500e+15,4.190348660236946632e-01
1.650815624740359500e+15,4.195586010377874153e-01
1.650815624742276500e+15,4.200823360518801119e-01
1.650815624744193250e+15,4.206060027645885935e-01
1.650815624746110250e+15,4.211297377786813456e-01
1.650815624748027250e+15,4.216534727927740978e-01
1.650815624749944000e+15,4.221771395054825793e-01
1.650815624751861000e+15,4.227008745195752759e-01
1.650815624753778000e+15,4.232246095336680836e-01
1.650815624755695000e+15,4.203699436196926542e-01
1.650815624757611750e+15,4.161075423509713045e-01
1.650815624759528750e+15,4.118445851410384995e-01
1.650815624761445750e+15,4.075816279311057500e-01
1.650815624763362500e+15,4.033192266623844002e-01
1.650815624765279500e+15,3.990562694524516507e-01
1.650815624767196500e+15,3.996059187399341184e-01
1.650815624769113500e+15,4.004190367187470123e-01
1.650815624771030250e+15,4.012320486571348543e-01
1.650815624772947250e+15,4.020451666359476928e-01
1.650815624774864250e+15,4.028582846147605867e-01
1.650815624776781000e+15,4.036712965531483732e-01
1.650815624778698000e+15,4.044844145319612116e-01
1.650815624780615000e+15,4.052975325107740501e-01
1.650815624782532000e+15,4.061106504895868885e-01
1.650815624784448750e+15,4.069236624279747305e-01
1.650815624786365750e+15,4.077367804067876245e-01
1.650815624788282750e+15,4.085498983856005184e-01
1.650815624790199500e+15,4.093629103239883604e-01
1.650815624792116500e+15,4.101760283028011433e-01
1.650815624794033500e+15,4.109891462816139818e-01
1.650815624795950500e+15,4.118694228640059629e-01
1.650815624797867250e+15,4.127609503579961481e-01
1.650815624799784250e+15,4.136525941331256062e-01
1.650815624801701250e+15,4.145442379082549533e-01
1.650815624803618250e+15,4.154358816833843560e-01
1.650815624805535000e+15,4.163274091773745411e-01
1.650815624807452000e+15,4.172190529525039993e-01
1.650815624809369000e+15,4.161719145405114451e-01
1.650815624811285750e+15,4.150719303747127942e-01
1.650815624813202750e+15,4.139718027389564514e-01
1.650815624815119750e+15,4.128716751032001087e-01
1.650815624817036750e+15,4.117715474674437659e-01
1.650815624818953500e+15,4.106715633016451705e-01
1.650815624820870500e+15,4.095714356658888278e-01
1.650815624822787500e+15,4.084713080301324850e-01
1.650815624824704250e+15,4.073713238643338896e-01
1.650815624826621250e+15,4.062711962285775469e-01
1.650815624828538250e+15,4.051710685928212596e-01
1.650815624830455250e+15,4.040483334205622334e-01
1.650815624832372000e+15,4.029207178212603768e-01
1.650815624834289000e+15,4.017929551480574624e-01
1.650815624836206000e+15,4.006651924748546034e-01
1.650815624838122750e+15,3.995375768755526913e-01
1.650815624840039750e+15,3.992393760053484786e-01
1.650815624841956750e+15,4.003119176923645717e-01
1.650815624843873750e+15,4.013844593793807203e-01
1.650815624845790500e+15,4.024568611939807750e-01
1.650815624847707500e+15,4.035294028809969236e-01
1.650815624849624500e+15,4.046019445680130722e-01
1.650815624851541250e+15,4.056743463826131268e-01
1.650815624853458250e+15,4.067468880696292755e-01
1.650815624855375250e+15,4.078194297566454241e-01
1.650815624857292250e+15,4.088919714436616282e-01
1.650815624859209000e+15,4.099643732582616273e-01
1.650815624861126000e+15,4.110369149452777204e-01
1.650815624863043000e+15,4.089815891504397505e-01
1.650815624864959750e+15,4.067083771280732840e-01
1.650815624866876750e+15,4.044348686126818526e-01
1.650815624868793750e+15,4.021613600972904767e-01
1.650815624870710750e+15,3.998878515818989898e-01
1.650815624872627500e+15,3.976146395595325234e-01
1.650815624874544500e+15,3.953411310441410920e-01
1.650815624876461500e+15,3.930676225287496606e-01
1.650815624878378500e+15,3.907941140133582292e-01
1.650815624880295250e+15,3.885209019909917627e-01
1.650815624882212250e+15,3.866785810100267229e-01
1.650815624884129250e+15,3.875096227425057216e-01
1.650815624886046000e+15,3.883405560970851766e-01
1.650815624887963000e+15,3.891715978295641198e-01
1.650815624889880000e+15,3.900026395620430630e-01
1.650815624891797000e+15,3.908336812945220062e-01
1.650815624893713750e+15,3.916646146491015168e-01
1.650815624895630750e+15,3.924956563815804600e-01
1.650815624897547750e+15,3.926990816987248056e-01
1.650815624899464500e+15,3.926990816987248056e-01
1.650815624901381500e+15,3.926990816987248056e-01
1.650815624903298500e+15,3.926990816987248056e-01
1.650815624905215500e+15,3.926990816987248056e-01
1.650815624907132250e+15,3.923196662378913846e-01
1.650815624909049250e+15,3.913716839134629977e-01
1.650815624910966250e+15,3.904237015890346663e-01
1.650815624912883000e+15,3.894758428929741001e-01
1.650815624914800000e+15,3.885278605685458242e-01
1.650815624916717000e+15,3.875798782441174373e-01
1.650815624918634000e+15,3.866318959196890503e-01
1.650815624920550750e+15,3.865631585471821507e-01
1.650815624922467750e+15,3.865631585471820952e-01
1.650815624924384750e+15,3.865631585471820397e-01
1.650815624926301500e+15,3.865631585471819287e-01
1.650815624928218500e+15,3.865631585471818177e-01
1.650815624930135500e+15,3.865631585471817067e-01
1.650815624932052500e+15,3.865631585471817067e-01
1.650815624933969250e+15,3.865631585471815956e-01
1.650815624935886250e+15,3.865631585471814846e-01
1.650815624937803250e+15,3.865631585471813736e-01
1.650815624939720000e+15,3.865631585471814291e-01
1.650815624941637000e+15,3.865631585471815401e-01
1.650815624943554000e+15,3.865631585471816511e-01
1.650815624945471000e+15,3.865631585471818177e-01
1.650815624947387750e+15,3.865631585471818732e-01
1.650815624949304750e+15,3.865631585471820397e-01
1.650815624951221750e+15,3.865631585471821507e-01
1.650815624953138500e+15,3.865631585471822618e-01
1.650815624955055500e+15,3.865631585471822063e-01
1.650815624956972500e+15,3.865631585471822618e-01
1.650815624958889500e+15,3.865631585471822618e-01
1.650815624960806250e+15,3.865631585471822618e-01
1.650815624962723250e+15,3.865631585471822618e-01
1.650815624964640250e+15,3.865631585471822618e-01
1.650815624966557250e+15,3.865631585471822618e-01
1.650815624968474000e+15,3.865631585471822618e-01
1.650815624970391000e+15,3.865631585471822063e-01
1.650815624972308000e+15,3.865631585471822618e-01
1.650815624974224750e+15,3.865631585471822618e-01
1.650815624976141750e+15,3.865631585471822618e-01
1.650815624978058750e+15,3.865631585471822618e-01
1.650815624979975750e+15,3.865631585471822063e-01
1.650815624981892500e+15,3.865631585471822618e-01
1.650815624983809500e+15,3.865631585471822063e-01
1.650815624985726500e+15,3.865631585471822618e-01
1.650815624987643250e+15,3.865631585471822618e-01
1.650815624989560250e+15,3.865631585471822618e-01
1.650815624991477250e+15,3.865631585471822618e-01
1.650815624993394250e+15,3.865631585471822618e-01
1.650815624995311000e+15,3.865631585471822618e-01
1.650815624997228000e+15,3.865631585471822618e-01
1.650815624999145000e+15,3.865631585471822618e-01
1.650815625001061750e+15,3.865631585471822618e-01
1.650815625002978750e+15,3.865631585471822618e-01
1.650815625004895750e+15,3.865631585471822618e-01
1.650815625006812750e+15,3.865631585471822618e-01
1.650815625008729500e+15,3.855635241503886368e-01
1.650815625010646500e+15,3.844694338628332764e-01
1.650815625012563500e+15,3.833753435752778049e-01
1.650815625014480250e+15,3.822813959703368347e-01
1.650815625016397250e+15,3.811873056827814743e-01
1.650815625018314250e+15,3.806494675278527251e-01
1.650815625020231250e+15,3.813773940506268723e-01
1.650815625022148000e+15,3.821052256429729455e-01
1.650815625024065000e+15,3.828331521657472036e-01
1.650815625025982000e+15,3.835610786885214063e-01
1.650815625027898750e+15,3.842889102808675350e-01
1.650815625029815750e+15,3.850168368036417377e-01
1.650815625031732750e+15,3.857447633264158848e-01
1.650815625033649750e+15,3.864726898491900875e-01
1.650815625035566500e+15,3.865631585471821507e-01
1.650815625037483500e+15,3.865631585471819287e-01
1.650815625039400500e+15,3.865631585471817067e-01
1.650815625041317500e+15,3.865631585471815956e-01
1.650815625043234250e+15,3.864883524874213605e-01
1.650815625045151250e+15,3.859497488571495549e-01
1.650815625047068250e+15,3.854111452268778049e-01
1.650815625048985000e+15,3.848726118370375815e-01
1.650815625050902000e+15,3.843340082067657759e-01
1.650815625052819000e+15,3.837954045764939703e-01
1.650815625054736000e+15,3.832568009462221092e-01
1.650815625056652750e+15,3.827182675563819414e-01
1.650815625058569750e+15,3.821796639261101358e-01
1.650815625060486750e+15,3.816410602958383302e-01
1.650815625062403500e+15,3.811025269059981069e-01
1.650815625064320500e+15,3.805639232757263568e-01
1.650815625066237500e+15,3.804272353956389408e-01
1.650815625068154500e+15,3.804272353956388852e-01
1.650815625070071250e+15,3.804272353956387187e-01
1.650815625071988250e+15,3.804272353956386632e-01
1.650815625073905250e+15,3.804272353956386077e-01
1.650815625075822000e+15,3.804272353956386077e-01
1.650815625077739000e+15,3.804272353956386077e-01
1.650815625079656000e+15,3.804272353956386077e-01
1.650815625081573000e+15,3.804272353956386077e-01
1.650815625083489750e+15,3.804272353956386077e-01
1.650815625085406750e+15,3.804272353956386632e-01
1.650815625087323750e+15,3.804272353956387187e-01
1.650815625089240500e+15,3.804272353956387187e-01
1.650815625091157500e+15,3.804272353956388297e-01
1.650815625093074500e+15,3.804272353956388297e-01
1.650815625094991500e+15,3.804272353956388852e-01
1.650815625096908250e+15,3.804272353956389963e-01
1.650815625098825250e+15,3.804272353956390518e-01
1.650815625100742250e+15,3.804272353956391073e-01
1.650815625102659000e+15,3.804272353956389963e-01
1.650815625104576000e+15,3.804272353956388852e-01
1.650815625106493000e+15,3.804272353956388297e-01
1.650815625108410000e+15,3.804272353956386632e-01
1.650815625110326750e+15,3.803269359056503651e-01
1.650815625112243750e+15,3.798310645392870555e-01
1.650815625114160750e+15,3.793351931729235793e-01
1.650815625116077750e+15,3.788393218065601586e-01
1.650815625117994500e+15,3.783435151078241576e-01
1.650815625119911500e+15,3.778476437414607370e-01
1.650815625121828500e+15,3.773517723750973163e-01
1.650815625123745250e+15,3.768559656763612598e-01
1.650815625125662250e+15,3.763600943099978391e-01
1.650815625127579250e+15,3.758642229436344184e-01
1.650815625129496250e+15,3.753683515772710533e-01
1.650815625131413000e+15,3.748725448785349967e-01
1.650815625133330000e+15,3.743766735121715761e-01
1.650815625135247000e+15,3.750743381400033494e-01
1.650815625137163750e+15,3.760200627058379874e-01
1.650815625139080750e+15,3.769659106216877165e-01
1.650815625140997750e+15,3.779117585375374455e-01
1.650815625142914750e+15,3.788576064533871746e-01
1.650815625144831500e+15,3.798033310192217571e-01
1.650815625146748500e+15,3.800440155003165787e-01
1.650815625148665500e+15,3.789181418768174381e-01
1.650815625150582250e+15,3.777924150808644188e-01
1.650815625152499250e+15,3.766665414573652226e-01
1.650815625154416250e+15,3.755406678338660820e-01
1.650815625156333250e+15,3.744147942103669968e-01
1.650815625158250000e+15,3.732890674144139220e-01
1.650815625160167000e+15,3.721631937909148369e-01
1.650815625162084000e+15,3.710373201674156407e-01
1.650815625164000750e+15,3.699115933714626214e-01
1.650815625165917750e+15,3.687857197479634808e-01
1.650815625167834750e+15,3.681553890925537975e-01
1.650815625169751750e+15,3.681553890925538530e-01
1.650815625171668500e+15,3.681553890925539640e-01
1.650815625173585500e+15,3.681553890925539640e-01
1.650815625175502500e+15,3.681553890925540196e-01
1.650815625177419250e+15,3.681553890925541306e-01
1.650815625179336250e+15,3.678721563453066223e-01
1.650815625181253250e+15,3.668080560484451857e-01
1.650815625183170250e+15,3.657439557515836936e-01
1.650815625185087000e+15,3.646799942262789473e-01
1.650815625187004000e+15,3.636158939294175108e-01
1.650815625188921000e+15,3.625517936325560187e-01
1.650815625190838000e+15,3.625968653201364633e-01
1.650815625192754750e+15,3.637521161133899783e-01
1.650815625194671750e+15,3.649075175849784136e-01
1.650815625196588750e+15,3.660629190565668489e-01
1.650815625198505500e+15,3.672181698498204749e-01
1.650815625200422500e+15,3.683735713214088547e-01
1.650815625202339500e+15,3.695289727929972901e-01
1.650815625204256500e+15,3.706843742645857254e-01
1.650815625206173250e+15,3.718396250578392959e-01
1.650815625208090250e+15,3.729950265294277312e-01
1.650815625210007250e+15,3.741504280010161665e-01
1.650815625211924000e+15,3.735041217372508937e-01
1.650815625213841000e+15,3.726074822829302247e-01
1.650815625215758000e+15,3.717108428286095001e-01
1.650815625217675000e+15,3.708142033742888310e-01
1.650815625219591750e+15,3.699176808526043470e-01
1.650815625221508750e+15,3.690210413982836779e-01
1.650815625223425750e+15,3.681244019439630089e-01
1.650815625225342500e+15,3.672278794222784692e-01
1.650815625227259500e+15,3.663312399679578002e-01
1.650815625229176500e+15,3.654346005136371311e-01
1.650815625231093500e+15,3.645379610593164066e-01
1.650815625233010250e+15,3.636414385376319225e-01
1.650815625234927250e+15,3.627447990833111979e-01
1.650815625236844250e+15,3.620194659410118643e-01
1.650815625238761000e+15,3.620194659410118643e-01
1.650815625240678000e+15,3.620194659410118643e-01
1.650815625242595000e+15,3.620194659410118643e-01
1.650815625244512000e+15,3.620194659410118643e-01
1.650815625246428750e+15,3.620194659410118643e-01
1.650815625248345750e+15,3.620194659410117533e-01
1.650815625250262750e+15,3.620194659410116977e-01
1.650815625252179500e+15,3.620194659410116977e-01
1.650815625254096500e+15,3.620194659410116422e-01
1.650815625256013500e+15,3.620194659410115867e-01
1.650815625257930500e+15,3.620194659410115312e-01
1.650815625259847250e+15,3.620194659410114757e-01
1.650815625261764250e+15,3.620194659410114202e-01
1.650815625263681250e+15,3.620194659410114202e-01
1.650815625265598000e+15,3.620194659410113092e-01
1.650815625267515000e+15,3.620194659410112537e-01
1.650815625269432000e+15,3.620194659410111981e-01
1.650815625271349000e+15,3.616161347855757491e-01
1.650815625273265750e+15,3.610651119828808819e-01
1.650815625275182750e+15,3.605140173107712620e-01
1.650815625277099750e+15,3.599629226386616976e-01
1.650815625279016750e+15,3.594118279665521332e-01
1.650815625280933500e+15,3.588608051638572105e-01
1.650815625282850500e+15,3.583097104917476461e-01
1.650815625284767500e+15,3.577586158196380817e-01
1.650815625286684250e+15,3.572075930169432145e-01
1.650815625288601250e+15,3.566564983448336501e-01
1.650815625290518250e+15,3.561054036727239747e-01
1.650815625292435250e+15,3.558835427894687098e-01
1.650815625294352000e+15,3.558835427894687653e-01
1.650815625296269000e+15,3.558835427894688763e-01
1.650815625298186000e+15,3.558835427894689318e-01
1.650815625300102750e+15,3.558835427894689873e-01
1.650815625302019750e+15,3.558835427894690984e-01
1.650815625303936750e+15,3.558835427894691539e-01
1.650815625305853750e+15,3.558835427894691539e-01
1.650815625307770500e+15,3.558835427894690984e-01
1.650815625309687500e+15,3.558835427894690984e-01
1.650815625311604500e+15,3.558835427894690984e-01
1.650815625313521250e+15,3.558835427894690984e-01
1.650815625315438250e+15,3.558835427894690984e-01
1.650815625317355250e+15,3.558835427894690984e-01
1.650815625319272250e+15,3.558835427894690984e-01
1.650815625321189000e+15,3.558835427894690984e-01
1.650815625323106000e+15,3.558835427894690984e-01
1.650815625325023000e+15,3.558835427894691539e-01
1.650815625326939750e+15,3.558835427894690984e-01
1.650815625328856750e+15,3.558835427894690984e-01
1.650815625330773750e+15,3.558835427894690984e-01
1.650815625332690750e+15,3.558835427894690984e-01
1.650815625334607500e+15,3.558835427894690984e-01
1.650815625336524500e+15,3.558835427894690984e-01
1.650815625338441500e+15,3.558835427894690984e-01
1.650815625340358250e+15,3.558835427894690429e-01
1.650815625342275250e+15,3.558835427894689873e-01
1.650815625344192250e+15,3.558835427894689873e-01
1.650815625346109250e+15,3.558835427894689318e-01
1.650815625348026000e+15,3.558835427894688763e-01
1.650815625349943000e+15,3.558835427894688763e-01
1.650815625351860000e+15,3.558835427894688208e-01
1.650815625353777000e+15,3.558835427894687653e-01
1.650815625355693750e+15,3.558835427894687098e-01
1.650815625357610750e+15,3.558835427894686543e-01
1.650815625359527750e+15,3.558835427894686543e-01
1.650815625361444500e+15,3.556968425688390445e-01
1.650815625363361500e+15,3.551574238454828225e-01
1.650815625365278500e+15,3.546180051221265450e-01
1.650815625367195500e+15,3.540785863987702675e-01
1.650815625369112250e+15,3.535392380221437092e-01
1.650815625371029250e+15,3.529998192987874872e-01
1.650815625372946250e+15,3.524604005754312097e-01
1.650815625374863000e+15,3.519210521988046514e-01
1.650815625376780000e+15,3.513816334754483739e-01
1.650815625378697000e+15,3.508422147520921519e-01
1.650815625380614000e+15,3.503027960287358744e-01
1.650815625382530750e+15,3.497634476521093161e-01
1.650815625384447750e+15,3.502167386700666962e-01
1.650815625386364750e+15,3.507000390514253274e-01
1.650815625388281500e+15,3.511832764045652588e-01
1.650815625390198500e+15,3.516665767859238900e-01
1.650815625392115500e+15,3.521498771672825212e-01
1.650815625394032500e+15,3.526331775486410969e-01
1.650815625395949250e+15,3.531164149017810283e-01
1.650815625397866250e+15,3.535997152831397150e-01
1.650815625399783250e+15,3.540830156644983462e-01
1.650815625401700000e+15,3.545662530176382221e-01
1.650815625403617000e+15,3.550495533989968533e-01
1.650815625405534000e+15,3.555328537803555400e-01
1.650815625407451000e+15,3.560506666284139476e-01
1.650815625409367750e+15,3.566596678038860824e-01
1.650815625411284750e+15,3.572687484108407197e-01
1.650815625413201750e+15,3.578778290177953014e-01
1.650815625415118500e+15,3.584868301932674917e-01
1.650815625417035500e+15,3.590959108002221289e-01
1.650815625418952500e+15,3.597049914071767107e-01
1.650815625420869500e+15,3.603140720141312925e-01
1.650815625422786250e+15,3.609230731896034827e-01
1.650815625424703250e+15,3.615321537965580645e-01
1.650815625426620250e+15,3.618058207563261686e-01
1.650815625428537250e+15,3.607371767405628815e-01
1.650815625430454000e+15,3.596686720889122890e-01
1.650815625432371000e+15,3.586000280731489465e-01
1.650815625434288000e+15,3.575313840573857704e-01
1.650815625436204750e+15,3.564628794057351779e-01
1.650815625438121750e+15,3.558835427894690984e-01
1.650815625440038750e+15,3.558835427894689873e-01
1.650815625441955750e+15,3.558835427894689873e-01
1.650815625443872500e+15,3.558835427894688763e-01
1.650815625445789500e+15,3.558835427894688763e-01
1.650815625447706500e+15,3.558835427894687653e-01
1.650815625449623250e+15,3.558835427894686543e-01
1.650815625451540250e+15,3.567245106201961669e-01
1.650815625453457250e+15,3.578556352169368626e-01
1.650815625455374250e+15,3.589867598136776139e-01
1.650815625457291000e+15,3.601177368980817972e-01
1.650815625459208000e+15,3.612488614948224375e-01
1.650815625461125000e+15,3.620194659410109761e-01
1.650815625463041750e+15,3.620194659410109761e-01
1.650815625464958750e+15,3.620194659410109761e-01
1.650815625466875750e+15,3.620194659410109761e-01
1.650815625468792750e+15,3.620194659410109761e-01
1.650815625470709500e+15,3.620194659410109761e-01
1.650815625472626500e+15,3.620194659410109761e-01
1.650815625474543500e+15,3.620194659410109761e-01
1.650815625476460250e+15,3.620194659410109761e-01
1.650815625478377250e+15,3.620194659410109761e-01
1.650815625480294250e+15,3.620194659410110316e-01
1.650815625482211250e+15,3.620194659410110316e-01
1.650815625484128000e+15,3.620194659410109206e-01
1.650815625486045000e+15,3.620194659410110871e-01
1.650815625487962000e+15,3.620194659410113092e-01
1.650815625489878750e+15,3.620194659410114202e-01
1.650815625491795750e+15,3.620194659410115312e-01
1.650815625493712750e+15,3.620194659410117533e-01
1.650815625495629750e+15,3.620194659410119198e-01
1.650815625497546500e+15,3.620194659410119753e-01
1.650815625499463500e+15,3.620194659410120308e-01
1.650815625501380500e+15,3.620194659410119753e-01
1.650815625503297500e+15,3.620194659410118643e-01
1.650815625505214250e+15,3.620194659410118088e-01
1.650815625507131250e+15,3.620194659410117533e-01
1.650815625509048250e+15,3.620194659410116422e-01
1.650815625510965000e+15,3.620194659410116422e-01
1.650815625512882000e+15,3.620194659410115312e-01
1.650815625514799000e+15,3.620194659410114757e-01
1.650815625516716000e+15,3.620194659410114202e-01
1.650815625518632750e+15,3.620194659410113092e-01
1.650815625520549750e+15,3.620194659410111426e-01
1.650815625522466750e+15,3.620194659410112537e-01
1.650815625524383500e+15,3.620194659410111981e-01
1.650815625526300500e+15,3.620194659410111981e-01
1.650815625528217500e+15,3.620194659410111981e-01
1.650815625530134500e+15,3.620194659410111981e-01
1.650815625532051250e+15,3.620194659410111981e-01
1.650815625533968250e+15,3.620194659410111981e-01
1.650815625535885250e+15,3.620194659410111981e-01
1.650815625537802000e+15,3.620194659410111981e-01
1.650815625539719000e+15,3.620194659410112537e-01
1.650815625541636000e+15,3.620194659410111426e-01
1.650815625543553000e+15,3.620194659410111981e-01
1.650815625545469750e+15,3.620194659410111981e-01
1.650815625547386750e+15,3.620194659410111981e-01
1.650815625549303750e+15,3.620194659410111981e-01
1.650815625551220500e+15,3.620194659410111981e-01
1.650815625553137500e+15,3.620194659410111981e-01
1.650815625555054500e+15,3.620194659410112537e-01
1.650815625556971500e+15,3.620194659410111981e-01
1.650815625558888250e+15,3.620194659410111981e-01
1.650815625560805250e+15,3.620194659410111981e-01
1.650815625562722250e+15,3.620194659410111981e-01
1.650815625564639000e+15,3.620194659410111981e-01
1.650815625566556000e+15,3.620194659410111981e-01
1.650815625568473000e+15,3.620194659410111981e-01
1.650815625570390000e+15,3.620194659410111426e-01
1.650815625572306750e+15,3.620194659410111981e-01
1.650815625574223750e+15,3.620194659410111981e-01
1.650815625576140750e+15,3.620194659410111981e-01
1.650815625578057500e+15,3.620194659410111426e-01
1.650815625579974500e+15,3.620194659410112537e-01
1.650815625581891500e+15,3.620194659410111981e-01
1.650815625583808500e+15,3.620194659410111981e-01
1.650815625585725250e+15,3.620194659410111981e-01
1.650815625587642250e+15,3.620194659410111981e-01
1.650815625589559250e+15,3.620194659410111981e-01
1.650815625591476250e+15,3.620194659410111981e-01
1.650815625593393000e+15,3.620194659410111981e-01
1.650815625595310000e+15,3.620194659410112537e-01
1.650815625597227000e+15,3.620194659410111981e-01
1.650815625599143750e+15,3.620194659410111981e-01
1.650815625601060750e+15,3.620194659410111981e-01
1.650815625602977750e+15,3.620194659410111981e-01
1.650815625604894750e+15,3.620194659410111981e-01
1.650815625606811500e+15,3.620194659410111981e-01
1.650815625608728500e+15,3.620194659410111981e-01
1.650815625610645500e+15,3.620194659410111981e-01
1.650815625612562250e+15,3.629729568458044398e-01
1.650815625614479250e+15,3.640530821609108125e-01
1.650815625616396250e+15,3.651332074760171853e-01
1.650815625618313250e+15,3.662133327911235581e-01
1.650815625620230000e+15,3.672933172448168970e-01
1.650815625622147000e+15,3.681553890925543526e-01
1.650815625624064000e+15,3.681553890925544081e-01
1.650815625625980750e+15,3.681553890925544081e-01
1.650815625627897750e+15,3.681553890925544081e-01
1.650815625629814750e+15,3.681553890925544081e-01
1.650815625631731750e+15,3.681553890925544081e-01
1.650815625633648500e+15,3.681553890925543526e-01
1.650815625635565500e+15,3.677206654485468684e-01
1.650815625637482500e+15,3.666717476064291215e-01
1.650815625639399250e+15,3.656229665558922148e-01
1.650815625641316250e+15,3.645740487137744679e-01
1.650815625643233250e+15,3.635251308716567209e-01
1.650815625645150250e+15,3.624762130295390294e-01
1.650815625647067000e+15,3.620194659410111981e-01
1.650815625648984000e+15,3.620194659410112537e-01
1.650815625650901000e+15,3.620194659410111981e-01
1.650815625652817750e+15,3.620194659410112537e-01
1.650815625654734750e+15,3.620194659410112537e-01
1.650815625656651750e+15,3.620194659410112537e-01
1.650815625658568750e+15,3.612309048362501995e-01
1.650815625660485500e+15,3.603535433516757425e-01
1.650815625662402500e+15,3.594760674336221484e-01
1.650815625664319500e+15,3.585985915155686099e-01
1.650815625666236500e+15,3.577211155975149603e-01
1.650815625668153250e+15,3.568437541129405033e-01
1.650815625670070250e+15,3.559662781948869648e-01
1.650815625671987250e+15,3.570276038474433089e-01
1.650815625673904000e+15,3.582906011305961869e-01
1.650815625675821000e+15,3.595537631453628591e-01
1.650815625677738000e+15,3.608169251601295868e-01
1.650815625679655000e+15,3.620800871748962591e-01
1.650815625681571750e+15,3.633430844580491370e-01
1.650815625683488750e+15,3.646062464728158092e-01
1.650815625685405750e+15,3.658694084875825370e-01
1.650815625687322500e+15,3.671324057707354704e-01
1.650815625689239500e+15,3.681553890925535755e-01
1.650815625691156500e+15,3.681553890925534644e-01
1.650815625693073500e+15,3.681553890925534089e-01
1.650815625694990250e+15,3.681553890925533534e-01
1.650815625696907250e+15,3.681553890925532979e-01
1.650815625698824250e+15,3.681553890925531869e-01
1.650815625700741000e+15,3.681553890925531314e-01
1.650815625702658000e+15,3.679120846735366990e-01
1.650815625704575000e+15,3.674111023198799453e-01
1.650815625706492000e+15,3.669101199662232471e-01
1.650815625708408750e+15,3.664092029467285183e-01
1.650815625710325750e+15,3.659082205930718201e-01
1.650815625712242750e+15,3.654072382394151219e-01
1.650815625714159500e+15,3.649063212199202821e-01
1.650815625716076500e+15,3.644053388662635840e-01
1.650815625717993500e+15,3.639043565126068858e-01
1.650815625719910500e+15,3.634033741589501321e-01
1.650815625721827250e+15,3.629024571394554588e-01
1.650815625723744250e+15,3.624014747857987051e-01
1.650815625725661250e+15,3.622945943774082966e-01
1.650815625727578000e+15,3.634529742356489845e-01
1.650815625729495000e+15,3.646115051803456852e-01
1.650815625731412000e+15,3.657700361250424415e-01
1.650815625733329000e+15,3.669285670697391977e-01
1.650815625735245750e+15,3.680869469279798301e-01
1.650815625737162750e+15,3.671553284270977491e-01
1.650815625739079750e+15,3.660924780899236231e-01
1.650815625740996750e+15,3.650296277527494970e-01
1.650815625742913500e+15,3.639669160241221224e-01
1.650815625744830500e+15,3.629040656869479964e-01
1.650815625746747500e+15,3.622400271321135068e-01
1.650815625748664250e+15,3.635549903142154538e-01
1.650815625750581250e+15,3.648701250057971857e-01
1.650815625752498250e+15,3.661852596973789731e-01
1.650815625754415250e+15,3.675003943889607605e-01
1.650815625756332000e+15,3.681553890925537420e-01
1.650815625758249000e+15,3.681553890925537975e-01
1.650815625760166000e+15,3.681553890925537975e-01
1.650815625762082750e+15,3.681553890925537420e-01
1.650815625763999750e+15,3.681553890925537420e-01
1.650815625765916750e+15,3.681553890925537975e-01
1.650815625767833750e+15,3.681553890925537975e-01
1.650815625769750500e+15,3.680222011278172500e-01
1.650815625771667500e+15,3.675140989817478054e-01
1.650815625773584500e+15,3.670059968356783608e-01
1.650815625775501250e+15,3.664979609522779347e-01
1.650815625777418250e+15,3.659898588062084901e-01
1.650815625779335250e+15,3.654817566601391010e-01
1.650815625781252250e+15,3.649736545140696564e-01
1.650815625783169000e+15,3.644656186306692303e-01
1.650815625785086000e+15,3.639575164845997857e-01
1.650815625787003000e+15,3.634494143385303411e-01
1.650815625788919750e+15,3.629413784551299149e-01
1.650815625790836750e+15,3.624332763090605258e-01
1.650815625792753750e+15,3.622108269177060635e-01
1.650815625794670750e+15,3.632419976621178992e-01
1.650815625796587500e+15,3.642730339293852593e-01
1.650815625798504500e+15,3.653042046737971504e-01
1.650815625800421500e+15,3.663353754182089861e-01
1.650815625802338250e+15,3.673664116854763462e-01
1.650815625804255250e+15,3.676027386826746790e-01
1.650815625806172250e+15,3.652497551496665662e-01
1.650815625808089250e+15,3.628967716166584534e-01
1.650815625810006000e+15,3.605440949411794493e-01
1.650815625811923000e+15,3.581911114081713920e-01
1.650815625813840000e+15,3.559027434962171443e-01
1.650815625815756750e+15,3.568974179465487229e-01
1.650815625817673750e+15,3.578922221313853846e-01
1.650815625819590750e+15,3.588870263162220464e-01
1.650815625821507750e+15,3.598818305010585972e-01
1.650815625823424500e+15,3.608765049513901757e-01
1.650815625825341500e+15,3.618713091362267820e-01
1.650815625827258500e+15,3.620194659410109761e-01
1.650815625829175500e+15,3.620194659410110871e-01
1.650815625831092250e+15,3.620194659410113092e-01
1.650815625833009250e+15,3.620194659410115312e-01
1.650815625834926250e+15,3.621377040857957086e-01
1.650815625836843000e+15,3.631761140010983380e-01
1.650815625838760000e+15,3.642146593552839096e-01
1.650815625840677000e+15,3.652532047094694256e-01
1.650815625842594000e+15,3.662917500636551082e-01
1.650815625844510750e+15,3.673301599789576821e-01
1.650815625846427750e+15,3.679600683648830417e-01
1.650815625848344750e+15,3.670091354507387105e-01
1.650815625850261500e+15,3.660583265497548422e-01
1.650815625852178500e+15,3.651073936356106220e-01
1.650815625854095500e+15,3.641564607214662908e-01
1.650815625856012500e+15,3.632055278073220150e-01
1.650815625857929250e+15,3.622547189063382023e-01
1.650815625859846250e+15,3.613037859921938710e-01
1.650815625861763250e+15,3.603528530780495953e-01
1.650815625863680000e+15,3.594020441770657270e-01
1.650815625865597000e+15,3.584511112629214513e-01
1.650815625867514000e+15,3.575001783487771756e-01
1.650815625869431000e+15,3.565492454346328999e-01
1.650815625871347750e+15,3.560391816893022643e-01
1.650815625873264750e+15,3.565582939485153480e-01
1.650815625875181750e+15,3.570774062077284317e-01
1.650815625877098500e+15,3.575964507684206151e-01
1.650815625879015500e+15,3.581155630276336432e-01
1.650815625880932500e+15,3.586346752868467269e-01
1.650815625882849500e+15,3.591537875460598661e-01
1.650815625884766250e+15,3.596728321067519385e-01
1.650815625886683250e+15,3.601919443659650222e-01
1.650815625888600250e+15,3.607110566251781059e-01
1.650815625890517000e+15,3.612301011858701782e-01
1.650815625892434000e+15,3.617492134450832619e-01
1.650815625894351000e+15,3.615937269167559531e-01
1.650815625896268000e+15,3.607056510631124757e-01
1.650815625898184750e+15,3.598176910253081395e-01
1.650815625900101750e+15,3.589296151716646621e-01
1.650815625902018750e+15,3.580415393180212957e-01
1.650815625903935750e+15,3.571534634643778738e-01
1.650815625905852500e+15,3.562655034265734821e-01
1.650815625907769500e+15,3.575470789073598166e-01
1.650815625909686500e+15,3.604660708872192143e-01
1.650815625911603250e+15,3.633846821951981498e-01
1.650815625913520250e+15,3.663036741750576031e-01
1.650815625915437250e+15,3.692226661549170008e-01
1.650815625917354250e+15,3.721416581347764541e-01
1.650815625919271000e+15,3.741296974111788520e-01
1.650815625921188000e+15,3.735162011048362429e-01
1.650815625923105000e+15,3.729027047984935228e-01
1.650815625925021750e+15,3.722892884994939422e-01
1.650815625926938750e+15,3.716757921931512221e-01
1.650815625928855750e+15,3.710622958868086130e-01
1.650815625930772750e+15,3.704487995804659484e-01
1.650815625932689500e+15,3.698353832814663122e-01
1.650815625934606500e+15,3.692218869751235921e-01
1.650815625936523500e+15,3.686083906687809830e-01
1.650815625938440250e+15,3.681553890925535200e-01
1.650815625940357250e+15,3.681553890925535200e-01
1.650815625942274250e+15,3.681553890925535200e-01
1.650815625944191250e+15,3.681553890925535755e-01
1.650815625946108000e+15,3.681553890925535200e-01
1.650815625948025000e+15,3.681553890925535755e-01
1.650815625949942000e+15,3.681553890925536310e-01
1.650815625951858750e+15,3.681553890925536310e-01
1.650815625953775750e+15,3.681553890925536310e-01
1.650815625955692750e+15,3.681553890925536310e-01
1.650815625957609750e+15,3.681553890925536310e-01
1.650815625959526500e+15,3.681553890925536865e-01
1.650815625961443500e+15,3.681553890925536865e-01
1.650815625963360500e+15,3.681553890925536865e-01
1.650815625965277250e+15,3.681553890925536865e-01
1.650815625967194250e+15,3.678988075603083496e-01
1.650815625969111250e+15,3.670540384794762079e-01
1.650815625971028250e+15,3.662092693986441216e-01
1.650815625972945000e+15,3.653646104859237798e-01
1.650815625974862000e+15,3.645198414050916935e-01
1.650815625976779000e+15,3.636750723242595518e-01
1.650815625978696000e+15,3.628303032434274655e-01
1.650815625980612750e+15,3.620940041021197264e-01
1.650815625982529750e+15,3.639557585626304603e-01
1.650815625984446750e+15,3.658175130231411387e-01
1.650815625986363500e+15,3.676790246883387958e-01
1.650815625988280500e+15,3.695407791488494742e-01
1.650815625990197500e+15,3.714025336093602081e-01
1.650815625992114500e+15,3.732642880698708865e-01
1.650815625994031250e+15,3.742913122440963414e-01
1.650815625995948250e+15,3.742913122440963414e-01
1.650815625997865250e+15,3.742913122440963969e-01
1.650815625999782000e+15,3.742913122440964524e-01
1.650815626001699000e+15,3.742913122440965079e-01
1.650815626003616000e+15,3.742913122440965079e-01
1.650815626005533000e+15,3.751459719830883555e-01
1.650815626007449750e+15,3.763356372370555425e-01
1.650815626009366750e+15,3.775254576580049370e-01
1.650815626011283750e+15,3.787152780789544981e-01
1.650815626013200500e+15,3.799049433329215186e-01
1.650815626015117500e+15,3.800774985071188605e-01
1.650815626017034500e+15,3.794541181116815043e-01
1.650815626018951500e+15,3.788307377162442591e-01
1.650815626020868250e+15,3.782074386171547786e-01
1.650815626022785250e+15,3.775840582217174779e-01
1.650815626024702250e+15,3.769606778262801772e-01
1.650815626026619000e+15,3.763373787271906967e-01
1.650815626028536000e+15,3.757139983317534515e-01
1.650815626030453000e+15,3.750906179363160953e-01
1.650815626032370000e+15,3.744672375408787945e-01
1.650815626034286750e+15,3.750188392867350173e-01
1.650815626036203750e+15,3.760325913061702829e-01
1.650815626038120750e+15,3.770463433256054930e-01
1.650815626040037500e+15,3.780599631395087368e-01
1.650815626041954500e+15,3.790737151589440024e-01
1.650815626043871500e+15,3.800874671783792125e-01
1.650815626045788500e+15,3.798645071768407266e-01
1.650815626047705250e+15,3.790182072055722773e-01
1.650815626049622250e+15,3.781717968521501883e-01
1.650815626051539250e+15,3.773253864987281547e-01
1.650815626053456250e+15,3.764789761453061212e-01
1.650815626055373000e+15,3.756326761740376163e-01
1.650815626057290000e+15,3.747862658206155828e-01
1.650815626059207000e+15,3.745217857637566095e-01
1.650815626061123750e+15,3.750767607873842779e-01
1.650815626063040750e+15,3.756318081959113542e-01
1.650815626064957750e+15,3.761868556044384304e-01
1.650815626066874750e+15,3.767419030129655066e-01
1.650815626068791500e+15,3.772968780365931751e-01
1.650815626070708500e+15,3.778519254451202514e-01
1.650815626072625500e+15,3.784069728536473276e-01
1.650815626074542250e+15,3.789619478772750516e-01
1.650815626076459250e+15,3.795169952858021278e-01
1.650815626078376250e+15,3.800720426943292041e-01
1.650815626080293250e+15,3.804272353956388297e-01
1.650815626082210000e+15,3.804272353956388852e-01
1.650815626084127000e+15,3.804272353956389408e-01
1.650815626086044000e+15,3.804272353956389963e-01
1.650815626087960750e+15,3.804272353956390518e-01
1.650815626089877750e+15,3.804272353956391073e-01
1.650815626091794750e+15,3.804272353956392183e-01
1.650815626093711750e+15,3.804272353956393293e-01
1.650815626095628500e+15,3.804272353956392183e-01
1.650815626097545500e+15,3.804272353956392183e-01
1.650815626099462500e+15,3.804272353956391628e-01
1.650815626101379250e+15,3.804272353956391073e-01
1.650815626103296250e+15,3.804272353956391073e-01
1.650815626105213250e+15,3.804272353956390518e-01
1.650815626107130250e+15,3.804272353956389963e-01
1.650815626109047000e+15,3.804272353956389408e-01
1.650815626110964000e+15,3.804272353956389408e-01
1.650815626112881000e+15,3.804272353956388852e-01
1.650815626114797750e+15,3.804272353956388852e-01
1.650815626116714750e+15,3.800051249056988767e-01
1.650815626118631750e+15,3.794723276650635579e-01
1.650815626120548750e+15,3.789395304244282392e-01
1.650815626122465500e+15,3.784068026670011076e-01
1.650815626124382500e+15,3.778740054263658443e-01
1.650815626126299500e+15,3.773412081857305811e-01
1.650815626128216250e+15,3.768084804283034495e-01
1.650815626130133250e+15,3.762756831876680752e-01
1.650815626132050250e+15,3.757428859470328120e-01
1.650815626133967250e+15,3.752100887063974932e-01
1.650815626135884000e+15,3.746773609489704171e-01
1.650815626137801000e+15,3.742913122440969520e-01
1.650815626139718000e+15,3.742913122440968410e-01
1.650815626141635000e+15,3.742913122440966744e-01
1.650815626143551750e+15,3.742913122440965079e-01
1.650815626145468750e+15,3.742913122440963969e-01
1.650815626147385750e+15,3.742913122440962859e-01
1.650815626149302500e+15,3.750200111357697152e-01
1.650815626151219500e+15,3.758673971080706000e-01
1.650815626153136500e+15,3.767147830803714292e-01
1.650815626155053500e+15,3.775621690526722585e-01
1.650815626156970250e+15,3.784094445155871123e-01
1.650815626158887250e+15,3.792568304878879415e-01
1.650815626160804250e+15,3.801042164601888262e-01
1.650815626162721000e+15,3.796428002487461928e-01
1.650815626164638000e+15,3.783748726124944728e-01
1.650815626166555000e+15,3.771069449762427528e-01
1.650815626168472000e+15,3.758390173399910883e-01
1.650815626170388750e+15,3.745712550568478516e-01
1.650815626172305750e+15,3.742913122440969520e-01
1.650815626174222750e+15,3.742913122440968965e-01
1.650815626176139500e+15,3.742913122440968410e-01
1.650815626178056500e+15,3.742913122440968410e-01
1.650815626179973500e+15,3.742913122440968410e-01
1.650815626181890500e+15,3.742913122440968410e-01
1.650815626183807250e+15,3.742913122440968410e-01
1.650815626185724250e+15,3.742913122440967300e-01
1.650815626187641250e+15,3.742913122440967855e-01
1.650815626189558000e+15,3.742913122440967300e-01
1.650815626191475000e+15,3.742913122440967300e-01
1.650815626193392000e+15,3.742913122440967855e-01
1.650815626195309000e+15,3.742913122440967300e-01
1.650815626197225750e+15,3.742913122440967300e-01
1.650815626199142750e+15,3.742913122440967300e-01
1.650815626201059750e+15,3.742913122440967300e-01
1.650815626202976500e+15,3.742913122440967300e-01
1.650815626204893500e+15,3.742913122440967300e-01
1.650815626206810500e+15,3.742913122440967300e-01
1.650815626208727500e+15,3.742913122440967300e-01
1.650815626210644250e+15,3.742913122440967300e-01
1.650815626212561250e+15,3.742913122440967300e-01
1.650815626214478250e+15,3.741547270613153620e-01
1.650815626216395250e+15,3.731929867660284117e-01
1.650815626218312000e+15,3.722313718933151216e-01
1.650815626220229000e+15,3.712696315980281714e-01
1.650815626222146000e+15,3.703078913027411656e-01
1.650815626224062750e+15,3.693462764300279311e-01
1.650815626225979750e+15,3.683845361347408698e-01
1.650815626227896750e+15,3.674227958394539195e-01
1.650815626229813750e+15,3.664610555441669693e-01
1.650815626231730500e+15,3.654994406714536237e-01
1.650815626233647500e+15,3.645377003761667289e-01
1.650815626235564500e+15,3.635759600808796677e-01
1.650815626237481250e+15,3.626143452081664331e-01
1.650815626239398250e+15,3.625054286621814947e-01
1.650815626241315250e+15,3.637793986266035229e-01
1.650815626243232250e+15,3.650533685910255510e-01
1.650815626245149000e+15,3.663271724143463137e-01
1.650815626247066000e+15,3.676011423787682864e-01
1.650815626248983000e+15,3.681553890925543526e-01
1.650815626250899750e+15,3.681553890925542416e-01
1.650815626252816750e+15,3.681553890925540751e-01
1.650815626254733750e+15,3.681553890925539085e-01
1.650815626256650750e+15,3.681553890925537420e-01
1.650815626258567500e+15,3.681553890925536310e-01
1.650815626260484500e+15,3.675441219178037233e-01
1.650815626262401500e+15,3.651981776255207590e-01
1.650815626264318250e+15,3.628525392727647847e-01
1.650815626266235250e+15,3.605065949804818204e-01
1.650815626268152250e+15,3.581606506881989116e-01
1.650815626270069250e+15,3.559084666540900388e-01
1.650815626271986000e+15,3.567577611876486809e-01
1.650815626273903000e+15,3.576071664939389216e-01
1.650815626275820000e+15,3.584565718002291623e-01
1.650815626277736750e+15,3.593058663337878045e-01
1.650815626279653750e+15,3.601552716400780452e-01
1.650815626281570750e+15,3.610046769463682859e-01
1.650815626283487750e+15,3.618540822526585821e-01
1.650815626285404500e+15,3.627033767862171132e-01
1.650815626287321500e+15,3.635527820925074094e-01
1.650815626289238500e+15,3.644021873987976501e-01
1.650815626291155500e+15,3.652515927050879463e-01
1.650815626293072250e+15,3.661008872386465329e-01
1.650815626294989250e+15,3.669502925449367736e-01
1.650815626296906250e+15,3.677996978512270698e-01
1.650815626298823000e+15,3.675563689899500330e-01
1.650815626300740000e+15,3.665255597110517183e-01
1.650815626302657000e+15,3.654947504321534035e-01
1.650815626304574000e+15,3.644639411532551443e-01
1.650815626306490750e+15,3.634332663043619571e-01
1.650815626308407750e+15,3.624024570254636424e-01
1.650815626310324750e+15,3.620194659410112537e-01
1.650815626312241500e+15,3.620194659410113092e-01
1.650815626314158500e+15,3.620194659410113647e-01
1.650815626316075500e+15,3.620194659410114202e-01
1.650815626317992500e+15,3.620194659410114757e-01
1.650815626319909250e+15,3.620194659410115312e-01
1.650815626321826250e+15,3.620194659410115312e-01
1.650815626323743250e+15,3.620194659410116977e-01
1.650815626325660000e+15,3.620194659410117533e-01
1.650815626327577000e+15,3.620194659410117533e-01
1.650815626329494000e+15,3.620194659410118088e-01
1.650815626331411000e+15,3.612548165834156833e-01
1.650815626333327750e+15,3.602291751165350719e-01
1.650815626335244750e+15,3.592033998761488545e-01
1.650815626337161750e+15,3.581776246357626925e-01
1.650815626339078500e+15,3.571519831688820257e-01
1.650815626340995500e+15,3.561262079284958637e-01
1.650815626342912500e+15,3.554689954931764539e-01
1.650815626344829500e+15,3.549259909376642486e-01
1.650815626346746250e+15,3.543830571965176368e-01
1.650815626348663250e+15,3.538400526410054314e-01
1.650815626350580250e+15,3.532970480854932260e-01
1.650815626352497000e+15,3.527541143443465588e-01
1.650815626354414000e+15,3.522111097888344089e-01
1.650815626356331000e+15,3.516681052333220925e-01
1.650815626358248000e+15,3.511251006778099426e-01
1.650815626360164750e+15,3.505821669366632753e-01
1.650815626362081750e+15,3.500391623811510700e-01
1.650815626363998750e+15,3.505470862524101006e-01
1.650815626365915750e+15,3.522734478406549519e-01
1.650815626367832500e+15,3.539995842904559153e-01
1.650815626369749500e+15,3.557259458787007667e-01
1.650815626371666500e+15,3.574523074669457290e-01
1.650815626373583250e+15,3.591784439167466370e-01
1.650815626375500250e+15,3.609048055049915438e-01
1.650815626377417250e+15,3.620194659410114202e-01
1.650815626379334250e+15,3.620194659410113647e-01
1.650815626381251000e+15,3.620194659410113092e-01
1.650815626383168000e+15,3.620194659410113092e-01
1.650815626385085000e+15,3.620194659410111981e-01
1.650815626387001750e+15,3.620194659410111981e-01
1.650815626388918750e+15,3.617019316053081690e-01
1.650815626390835750e+15,3.611026568609884690e-01
1.650815626392752750e+15,3.605033821166687691e-01
1.650815626394669500e+15,3.599041855250283417e-01
1.650815626396586500e+15,3.593049107807086973e-01
1.650815626398503500e+15,3.587056360363889418e-01
1.650815626400420250e+15,3.581064394447485699e-01
1.650815626402337250e+15,3.575071647004288700e-01
1.650815626404254250e+15,3.569078899561091700e-01
1.650815626406171250e+15,3.563086152117895256e-01
1.650815626408088000e+15,3.558835427894689318e-01
1.650815626410005000e+15,3.558835427894688763e-01
1.650815626411922000e+15,3.558835427894689318e-01
1.650815626413838750e+15,3.558835427894688763e-01
1.650815626415755750e+15,3.558835427894688763e-01
1.650815626417672750e+15,3.558835427894688763e-01
1.650815626419589750e+15,3.557224427150925683e-01
1.650815626421506500e+15,3.551756723431390150e-01
1.650815626423423500e+15,3.546288306564115977e-01
1.650815626425340500e+15,3.540819889696840694e-01
1.650815626427257250e+15,3.535352185977305162e-01
1.650815626429174250e+15,3.529883769110030434e-01
1.650815626431091250e+15,3.524415352242755706e-01
1.650815626433008250e+15,3.518946935375480978e-01
1.650815626434925000e+15,3.513479231655945445e-01
1.650815626436842000e+15,3.508010814788670717e-01
1.650815626438759000e+15,3.502542397921395434e-01
1.650815626440675750e+15,3.498184671509346755e-01
1.650815626442592750e+15,3.507834027277605959e-01
1.650815626444509750e+15,3.517483383045865719e-01
1.650815626446426750e+15,3.527132738814125479e-01
1.650815626448343500e+15,3.536780836189613586e-01
1.650815626450260500e+15,3.546430191957872791e-01
1.650815626452177500e+15,3.556079547726132550e-01
1.650815626454094500e+15,3.558835427894688763e-01
1.650815626456011250e+15,3.558835427894688763e-01
1.650815626457928250e+15,3.558835427894688763e-01
1.650815626459845250e+15,3.558835427894688763e-01
1.650815626461762000e+15,3.558835427894689318e-01
1.650815626463679000e+15,3.558835427894688763e-01
1.650815626465596000e+15,3.558835427894688763e-01
1.650815626467513000e+15,3.553612698461855457e-01
1.650815626469429750e+15,3.546934468548324504e-01
1.650815626471346750e+15,3.540255367599197678e-01
1.650815626473263750e+15,3.533576266650070297e-01
1.650815626475180500e+15,3.526898036736538788e-01
1.650815626477097500e+15,3.520218935787412518e-01
1.650815626479014500e+15,3.513539834838285691e-01
1.650815626480931500e+15,3.506860733889158865e-01
1.650815626482848250e+15,3.500182503975627357e-01
1.650815626484765250e+15,3.502231828770197564e-01
1.650815626486682250e+15,3.510227046742946388e-01
1.650815626488599000e+15,3.518221222042511309e-01
1.650815626490516000e+15,3.526216440015259579e-01
1.650815626492433000e+15,3.534211657988007849e-01
1.650815626494350000e+15,3.542206875960756673e-01
1.650815626496266750e+15,3.550201051260321039e-01
1.650815626498183750e+15,3.558196269233069309e-01
1.650815626500100750e+15,3.552867174181275067e-01
1.650815626502017500e+15,3.546381192434890361e-01
1.650815626503934500e+15,3.539894364727668163e-01
1.650815626505851500e+15,3.533407537020445410e-01
1.650815626507768500e+15,3.526920709313223212e-01
1.650815626509685250e+15,3.520434727566839062e-01
1.650815626511602250e+15,3.513947899859616308e-01
1.650815626513519250e+15,3.507461072152393555e-01
1.650815626515436000e+15,3.500975090406009960e-01
1.650815626517353000e+15,3.497476196379265545e-01
1.650815626519270000e+15,3.497476196379266100e-01
1.650815626521187000e+15,3.497476196379266100e-01
1.650815626523103750e+15,3.497476196379266655e-01
1.650815626525020750e+15,3.497476196379267210e-01
1.650815626526937750e+15,3.497476196379266655e-01
1.650815626528854750e+15,3.497476196379267765e-01
1.650815626530771500e+15,3.497476196379267765e-01
1.650815626532688500e+15,3.497476196379267765e-01
1.650815626534605500e+15,3.497476196379267765e-01
1.650815626536522250e+15,3.497476196379267765e-01
1.650815626538439250e+15,3.497476196379267765e-01
1.650815626540356250e+15,3.497476196379267765e-01
1.650815626542273250e+15,3.497476196379267765e-01
1.650815626544190000e+15,3.497476196379267765e-01
1.650815626546107000e+15,3.497476196379267765e-01
1.650815626548024000e+15,3.497476196379267765e-01
1.650815626549940750e+15,3.497476196379267765e-01
1.650815626551857750e+15,3.497476196379267765e-01
1.650815626553774750e+15,3.497476196379267765e-01
1.650815626555691750e+15,3.497476196379267765e-01
1.650815626557608500e+15,3.497476196379267765e-01
1.650815626559525500e+15,3.497476196379267765e-01
1.650815626561442500e+15,3.497476196379267765e-01
1.650815626563359250e+15,3.497476196379267765e-01
1.650815626565276250e+15,3.497476196379267765e-01
1.650815626567193250e+15,3.497476196379268321e-01
1.650815626569110250e+15,3.497476196379267765e-01
1.650815626571027000e+15,3.497476196379267765e-01
1.650815626572944000e+15,3.497476196379267765e-01
1.650815626574861000e+15,3.497476196379267765e-01
1.650815626576777750e+15,3.497476196379267765e-01
1.650815626578694750e+15,3.497476196379268321e-01
1.650815626580611750e+15,3.497476196379267765e-01
1.650815626582528750e+15,3.497476196379267210e-01
1.650815626584445500e+15,3.497476196379267210e-01
1.650815626586362500e+15,3.497476196379266655e-01
1.650815626588279500e+15,3.497476196379266100e-01
1.650815626590196250e+15,3.497476196379265545e-01
1.650815626592113250e+15,3.497476196379266100e-01
1.650815626594030250e+15,3.497476196379266100e-01
1.650815626595947250e+15,3.497476196379266655e-01
1.650815626597864000e+15,3.497476196379266655e-01
1.650815626599781000e+15,3.497476196379267765e-01
1.650815626601698000e+15,3.497476196379267765e-01
1.650815626603615000e+15,3.497476196379267765e-01
1.650815626605531750e+15,3.497476196379267765e-01
1.650815626607448750e+15,3.497476196379267765e-01
1.650815626609365750e+15,3.497476196379267765e-01
1.650815626611282500e+15,3.497476196379267765e-01
1.650815626613199500e+15,3.497476196379267765e-01
1.650815626615116500e+15,3.497476196379267765e-01
1.650815626617033500e+15,3.497476196379267765e-01
1.650815626618950250e+15,3.497476196379267765e-01
1.650815626620867250e+15,3.497476196379267765e-01
1.650815626622784250e+15,3.497476196379267210e-01
1.650815626624701000e+15,3.497476196379267210e-01
1.650815626626618000e+15,3.497476196379267765e-01
1.650815626628535000e+15,3.497476196379267765e-01
1.650815626630452000e+15,3.497476196379267765e-01
1.650815626632368750e+15,3.497476196379267765e-01
1.650815626634285750e+15,3.497476196379267765e-01
1.650815626636202750e+15,3.497476196379267210e-01
1.650815626638119500e+15,3.497476196379267765e-01
1.650815626640036500e+15,3.497476196379267765e-01
1.650815626641953500e+15,3.497476196379267765e-01
1.650815626643870500e+15,3.497476196379268321e-01
1.650815626645787250e+15,3.497476196379268321e-01
1.650815626647704250e+15,3.497476196379267765e-01
1.650815626649621250e+15,3.497476196379267765e-01
1.650815626651538000e+15,3.497476196379267765e-01
1.650815626653455000e+15,3.497476196379268321e-01
1.650815626655372000e+15,3.497476196379267765e-01
1.650815626657289000e+15,3.497476196379267765e-01
1.650815626659205750e+15,3.497476196379267765e-01
1.650815626661122750e+15,3.497476196379267765e-01
1.650815626663039750e+15,3.497476196379267765e-01
1.650815626664956500e+15,3.497476196379267765e-01
1.650815626666873500e+15,3.497476196379267765e-01
1.650815626668790500e+15,3.497476196379267210e-01
1.650815626670707500e+15,3.497476196379267210e-01
1.650815626672624250e+15,3.497476196379267210e-01
1.650815626674541250e+15,3.497476196379267210e-01
1.650815626676458250e+15,3.497476196379267210e-01
1.650815626678375250e+15,3.497476196379267765e-01
1.650815626680292000e+15,3.497476196379267765e-01
1.650815626682209000e+15,3.497476196379267765e-01
1.650815626684126000e+15,3.497476196379267765e-01
1.650815626686042750e+15,3.497476196379267765e-01
1.650815626687959750e+15,3.497476196379267765e-01
1.650815626689876750e+15,3.497476196379267210e-01
1.650815626691793750e+15,3.497476196379265545e-01
1.650815626693710500e+15,3.497476196379263325e-01
1.650815626695627500e+15,3.497476196379261104e-01
1.650815626697544500e+15,3.497476196379259439e-01
1.650815626699461250e+15,3.497476196379259994e-01
1.650815626701378250e+15,3.497476196379261104e-01
1.650815626703295250e+15,3.497476196379262214e-01
1.650815626705212250e+15,3.497476196379263880e-01
1.650815626707129000e+15,3.497476196379264990e-01
1.650815626709046000e+15,3.497476196379267210e-01
1.650815626710963000e+15,3.507034745631854578e-01
1.650815626712879750e+15,3.526361063437652987e-01
1.650815626714796750e+15,3.545689901957915779e-01
1.650815626716713750e+15,3.565018740478178572e-01
1.650815626718630750e+15,3.584347578998442474e-01
1.650815626720547500e+15,3.603673896804240329e-01
1.650815626722464500e+15,3.621744992454069556e-01
1.650815626724381500e+15,3.632416405183946928e-01
1.650815626726298250e+15,3.643086426232456931e-01
1.650815626728215250e+15,3.653757838962333748e-01
1.650815626730132250e+15,3.664429251692211675e-01
1.650815626732049250e+15,3.675100664422088492e-01
1.650815626733966000e+15,3.685770685470598496e-01
1.650815626735883000e+15,3.696442098200476423e-01
1.650815626737800000e+15,3.707113510930353795e-01
1.650815626739716750e+15,3.717783531978863243e-01
1.650815626741633750e+15,3.728454944708740615e-01
1.650815626743550750e+15,3.739126357438618542e-01
1.650815626745467750e+15,3.730537709920302425e-01
1.650815626747384500e+15,3.711357946872814728e-01
1.650815626749301500e+15,3.692175682225870004e-01
1.650815626751218500e+15,3.672993417578923614e-01
1.650815626753135250e+15,3.653813654531436472e-01
1.650815626755052250e+15,3.634631389884490638e-01
1.650815626756969250e+15,3.617542005303807096e-01
1.650815626758886250e+15,3.606819521546736351e-01
1.650815626760803000e+15,3.596098436131313081e-01
1.650815626762720000e+15,3.585375952374242892e-01
1.650815626764637000e+15,3.574653468617172702e-01
1.650815626766554000e+15,3.563930984860101403e-01
1.650815626768470750e+15,3.568746886821288489e-01
1.650815626770387750e+15,3.587638526654534643e-01
1.650815626772304750e+15,3.606530166487781353e-01
1.650815626774221500e+15,3.625419342622562824e-01
1.650815626776138500e+15,3.644310982455808978e-01
1.650815626778055500e+15,3.663202622289055688e-01
1.650815626779972500e+15,3.682094262122302397e-01
1.650815626781889250e+15,3.700983438257082758e-01
1.650815626783806250e+15,3.719875078090328913e-01
1.650815626785723250e+15,3.738766717923576177e-01
1.650815626787640000e+15,3.742913122440967300e-01
1.650815626789557000e+15,3.742913122440966189e-01
1.650815626791474000e+15,3.742913122440966744e-01
1.650815626793391000e+15,3.742913122440966189e-01
1.650815626795307750e+15,3.742913122440966189e-01
1.650815626797224750e+15,3.742913122440966189e-01
1.650815626799141750e+15,3.742913122440966189e-01
1.650815626801058500e+15,3.742913122440965634e-01
1.650815626802975500e+15,3.742913122440965634e-01
1.650815626804892500e+15,3.742913122440965079e-01
1.650815626806809500e+15,3.742913122440965079e-01
1.650815626808726250e+15,3.742913122440965079e-01
1.650815626810643250e+15,3.742913122440964524e-01
1.650815626812560250e+15,3.739621812634065234e-01
1.650815626814477000e+15,3.719546655681399971e-01
1.650815626816394000e+15,3.699468880343844690e-01
1.650815626818311000e+15,3.679391105006288298e-01
1.650815626820228000e+15,3.659313329668732462e-01
1.650815626822144750e+15,3.639238172716067199e-01
1.650815626824061750e+15,3.620194659410113647e-01
1.650815626825978750e+15,3.620194659410114202e-01
1.650815626827895500e+15,3.620194659410114202e-01
1.650815626829812500e+15,3.620194659410114202e-01
1.650815626831729500e+15,3.620194659410114202e-01
1.650815626833646500e+15,3.620194659410113647e-01
1.650815626835563250e+15,3.622736053495247410e-01
1.650815626837480250e+15,3.633955057435832581e-01
1.650815626839397250e+15,3.645174061376418306e-01
1.650815626841314250e+15,3.656393065317004032e-01
1.650815626843231000e+15,3.667610606163700382e-01
1.650815626845148000e+15,3.678829610104286107e-01
1.650815626847065000e+15,3.690048614044871833e-01
1.650815626848981750e+15,3.701266154891568738e-01
1.650815626850898750e+15,3.712485158832153909e-01
1.650815626852815750e+15,3.723704162772740189e-01
1.650815626854732750e+15,3.734923166713325915e-01
1.650815626856649500e+15,3.740265057946031146e-01
1.650815626858566500e+15,3.731060452983586684e-01
1.650815626860483500e+15,3.721855848021141666e-01
1.650815626862400250e+15,3.712652443450581430e-01
1.650815626864317250e+15,3.703447838488136412e-01
1.650815626866234250e+15,3.694243233525691394e-01
1.650815626868151250e+15,3.685038628563247487e-01
1.650815626870068000e+15,3.677767226086171570e-01
1.650815626871985000e+15,3.671672317188557910e-01
1.650815626873902000e+15,3.665577408290943140e-01
1.650815626875818750e+15,3.659483294243210949e-01
1.650815626877735750e+15,3.653388385345596179e-01
1.650815626879652750e+15,3.647293476447981964e-01
1.650815626881569750e+15,3.641198567550367193e-01
1.650815626883486500e+15,3.635104453502635002e-01
1.650815626885403500e+15,3.629009544605020232e-01
1.650815626887320500e+15,3.622914635707406017e-01
1.650815626889237250e+15,3.615536756373938232e-01
1.650815626891154250e+15,3.607122904670428953e-01
1.650815626893071250e+15,3.598709052966919675e-01
1.650815626894988250e+15,3.590295201263410396e-01
1.650815626896905000e+15,3.581882446827989175e-01
1.650815626898822000e+15,3.573468595124479341e-01
1.650815626900739000e+15,3.565054743420970063e-01
1.650815626902655750e+15,3.555977620257243510e-01
1.650815626904572750e+15,3.545015304617441521e-01
1.650815626906489750e+15,3.534052988977638976e-01
1.650815626908406750e+15,3.523090673337836432e-01
1.650815626910323500e+15,3.512129787316662366e-01
1.650815626912240500e+15,3.501167471676859821e-01
1.650815626914157500e+15,3.491797598018985260e-01
1.650815626916074500e+15,3.483236156370024816e-01
1.650815626917991250e+15,3.474675831236668233e-01
1.650815626919908250e+15,3.466114389587707789e-01
1.650815626921825250e+15,3.457552947938747345e-01
1.650815626923742000e+15,3.448992622805390762e-01
1.650815626925659000e+15,3.440431181156430318e-01
1.650815626927576000e+15,3.438681915596638605e-01
1.650815626929493000e+15,3.443852273698400079e-01
1.650815626931409750e+15,3.449021957522891979e-01
1.650815626933326750e+15,3.454192315624653453e-01
1.650815626935243750e+15,3.459362673726414927e-01
1.650815626937160500e+15,3.464532357550906827e-01
1.650815626939077500e+15,3.469702715652668301e-01
1.650815626940994500e+15,3.474873073754429220e-01
1.650815626942911500e+15,3.480043431856190694e-01
1.650815626944828250e+15,3.485213115680682594e-01
1.650815626946745250e+15,3.490383473782444068e-01
1.650815626948662250e+15,3.495553831884204987e-01
1.650815626950579000e+15,3.497476196379266100e-01
1.650815626952496000e+15,3.497476196379265545e-01
1.650815626954413000e+15,3.497476196379265545e-01
1.650815626956330000e+15,3.497476196379266100e-01
1.650815626958246750e+15,3.497476196379265545e-01
1.650815626960163750e+15,3.497476196379265545e-01
1.650815626962080750e+15,3.497476196379265545e-01
1.650815626963997500e+15,3.497476196379265545e-01
1.650815626965914500e+15,3.497476196379266100e-01
1.650815626967831500e+15,3.497476196379265545e-01
1.650815626969748500e+15,3.497476196379265545e-01
1.650815626971665250e+15,3.497476196379265545e-01
1.650815626973582250e+15,3.497476196379265545e-01
1.650815626975499250e+15,3.497476196379266100e-01
1.650815626977416000e+15,3.497476196379265545e-01
1.650815626979333000e+15,3.497476196379265545e-01
1.650815626981250000e+15,3.492729313882868558e-01
1.650815626983167000e+15,3.487967527516781518e-01
1.650815626985083750e+15,3.483206362145264690e-01
1.650815626987000750e+15,3.478444575779178205e-01
1.650815626988917750e+15,3.473682789413090610e-01
1.650815626990834500e+15,3.468921624041574336e-01
1.650815626992751500e+15,3.464159837675486742e-01
1.650815626994668500e+15,3.459398051309400257e-01
1.650815626996585500e+15,3.454636264943312662e-01
1.650815626998502250e+15,3.449875099571795833e-01
1.650815627000419250e+15,3.445113313205708794e-01
1.650815627002336250e+15,3.440351526839622309e-01
1.650815627004253250e+15,3.436116964863834000e-01
1.650815627006170000e+15,3.436116964863834555e-01
1.650815627008087000e+15,3.436116964863835666e-01
1.650815627010004000e+15,3.436116964863836221e-01
1.650815627011920750e+15,3.436116964863836776e-01
1.650815627013837750e+15,3.436116964863837886e-01
1.650815627015754750e+15,3.436116964863838441e-01
1.650815627017671750e+15,3.436116964863839551e-01
1.650815627019588500e+15,3.436116964863840106e-01
1.650815627021505500e+15,3.436116964863841217e-01
1.650815627023422500e+15,3.436116964863841772e-01
1.650815627025339250e+15,3.445427388230116184e-01
1.650815627027256250e+15,3.467870747668214126e-01
1.650815627029173250e+15,3.490314107106312069e-01
1.650815627031090250e+15,3.512757466544409457e-01
1.650815627033007000e+15,3.535197899096821361e-01
1.650815627034924000e+15,3.557641258534919304e-01
1.650815627036841000e+15,3.549358997908265145e-01
1.650815627038757750e+15,3.539351313513506292e-01
1.650815627040674750e+15,3.529342323825361838e-01
1.650815627042591750e+15,3.519333334137216829e-01
1.650815627044508750e+15,3.509324344449071820e-01
1.650815627046425500e+15,3.499316660054312966e-01
1.650815627048342500e+15,3.497476196379263325e-01
1.650815627050259500e+15,3.497476196379263880e-01
1.650815627052176250e+15,3.497476196379263325e-01
1.650815627054093250e+15,3.497476196379263880e-01
1.650815627056010250e+15,3.497476196379264435e-01
1.650815627057927250e+15,3.497476196379263880e-01
1.650815627059844000e+15,3.497476196379264435e-01
1.650815627061761000e+15,3.497476196379264435e-01
1.650815627063678000e+15,3.497476196379264435e-01
1.650815627065594750e+15,3.497476196379264435e-01
1.650815627067511750e+15,3.497476196379264990e-01
1.650815627069428750e+15,3.497476196379264990e-01
1.650815627071345750e+15,3.497476196379265545e-01
1.650815627073262500e+15,3.497476196379265545e-01
1.650815627075179500e+15,3.497476196379265545e-01
1.650815627077096500e+15,3.497476196379265545e-01
1.650815627079013500e+15,3.497476196379265545e-01
1.650815627080930250e+15,3.497476196379265545e-01
1.650815627082847250e+15,3.509003822703858910e-01
1.650815627084764250e+15,3.521702262390251637e-01
1.650815627086681000e+15,3.534399046046430293e-01
1.650815627088598000e+15,3.547097485732823019e-01
1.650815627090515000e+15,3.558835427894684877e-01
1.650815627092432000e+15,3.558835427894685988e-01
1.650815627094348750e+15,3.558835427894688208e-01
1.650815627096265750e+15,3.558835427894690984e-01
1.650815627098182750e+15,3.558835427894692094e-01
1.650815627100099500e+15,3.558835427894694314e-01
1.650815627102016500e+15,3.558835427894696535e-01
1.650815627103933500e+15,3.558835427894697090e-01
1.650815627105850500e+15,3.558835427894693759e-01
1.650815627107767250e+15,3.558835427894690984e-01
1.650815627109684250e+15,3.558835427894688763e-01
1.650815627111601250e+15,3.558835427894685433e-01
1.650815627113518000e+15,3.558835427894682102e-01
1.650815627115435000e+15,3.558835427894679881e-01
1.650815627117352000e+15,3.558835427894679881e-01
1.650815627119269000e+15,3.558835427894680992e-01
1.650815627121185750e+15,3.558835427894681547e-01
1.650815627123102750e+15,3.558835427894681547e-01
1.650815627125019750e+15,3.558835427894682102e-01
1.650815627126936500e+15,3.558835427894682657e-01
1.650815627128853500e+15,3.558835427894683212e-01
1.650815627130770500e+15,3.558835427894683212e-01
1.650815627132687500e+15,3.558835427894683212e-01
1.650815627134604250e+15,3.558835427894684322e-01
1.650815627136521250e+15,3.558835427894684877e-01
1.650815627138438250e+15,3.558835427894684322e-01
1.650815627140355000e+15,3.558835427894684322e-01
1.650815627142272000e+15,3.558835427894684322e-01
1.650815627144189000e+15,3.558835427894684322e-01
1.650815627146106000e+15,3.558835427894684322e-01
1.650815627148022750e+15,3.558835427894684322e-01
1.650815627149939750e+15,3.558835427894684322e-01
1.650815627151856750e+15,3.558835427894684322e-01
1.650815627153773750e+15,3.558835427894684322e-01
1.650815627155690500e+15,3.558835427894684877e-01
1.650815627157607500e+15,3.558835427894684322e-01
1.650815627159524500e+15,3.558835427894684322e-01
1.650815627161441250e+15,3.558835427894684322e-01
1.650815627163358250e+15,3.558835427894684322e-01
1.650815627165275250e+15,3.558835427894684322e-01
1.650815627167192250e+15,3.558835427894684322e-01
1.650815627169109000e+15,3.558835427894684322e-01
1.650815627171026000e+15,3.558835427894684322e-01
1.650815627172943000e+15,3.558835427894685433e-01
1.650815627174859750e+15,3.558835427894686543e-01
1.650815627176776750e+15,3.558835427894687653e-01
1.650815627178693750e+15,3.558835427894688763e-01
1.650815627180610750e+15,3.558835427894689873e-01
1.650815627182527500e+15,3.558835427894692094e-01
1.650815627184444500e+15,3.558835427894693204e-01
1.650815627186361500e+15,3.558835427894694314e-01
1.650815627188278250e+15,3.558835427894695425e-01
1.650815627190195250e+15,3.558835427894696535e-01
1.650815627192112250e+15,3.558835427894697090e-01
1.650815627194029250e+15,3.558835427894696535e-01
1.650815627195946000e+15,3.558835427894695425e-01
1.650815627197863000e+15,3.558835427894693759e-01
1.650815627199780000e+15,3.558835427894692649e-01
1.650815627201696750e+15,3.558835427894692094e-01
1.650815627203613750e+15,3.558835427894690429e-01
1.650815627205530750e+15,3.558835427894689318e-01
1.650815627207447750e+15,3.558835427894688208e-01
1.650815627209364500e+15,3.558835427894686543e-01
1.650815627211281500e+15,3.558835427894685433e-01
1.650815627213198500e+15,3.558835427894684877e-01
1.650815627215115250e+15,3.558835427894684877e-01
1.650815627217032250e+15,3.558835427894686543e-01
1.650815627218949250e+15,3.558835427894687098e-01
1.650815627220866250e+15,3.558835427894688208e-01
1.650815627222783000e+15,3.558835427894689318e-01
1.650815627224700000e+15,3.558835427894689873e-01
1.650815627226617000e+15,3.558835427894691539e-01
1.650815627228534000e+15,3.558835427894692649e-01
1.650815627230450750e+15,3.558835427894693759e-01
1.650815627232367750e+15,3.558835427894694869e-01
1.650815627234284750e+15,3.558835427894695425e-01
1.650815627236201500e+15,3.558835427894697090e-01
1.650815627238118500e+15,3.558835427894696535e-01
1.650815627240035500e+15,3.558835427894694314e-01
1.650815627241952500e+15,3.558835427894692094e-01
1.650815627243869250e+15,3.558835427894690429e-01
1.650815627245786250e+15,3.558835427894688208e-01
1.650815627247703250e+15,3.558835427894685988e-01
1.650815627249620000e+15,3.558835427894684322e-01
1.650815627251537000e+15,3.558835427894684322e-01
1.650815627253454000e+15,3.558835427894684322e-01
1.650815627255371000e+15,3.558835427894684322e-01
1.650815627257287750e+15,3.558835427894684322e-01
1.650815627259204750e+15,3.558835427894684322e-01
1.650815627261121750e+15,3.558835427894684322e-01
1.650815627263038500e+15,3.565566873421242011e-01
1.650815627264955500e+15,3.589664317070937471e-01
1.650815627266872500e+15,3.613761760720631822e-01
1.650815627268789500e+15,3.637859204370326172e-01
1.650815627270706250e+15,3.661953505421735588e-01
1.650815627272623250e+15,3.686050949071431049e-01
1.650815627274540250e+15,3.710148392721125954e-01
1.650815627276457000e+15,3.734242693772535371e-01
1.650815627278374000e+15,3.758340137422230276e-01
1.650815627280291000e+15,3.782437581071925181e-01
1.650815627282208000e+15,3.802366623359759168e-01
1.650815627284124750e+15,3.782073239353686001e-01
1.650815627286041750e+15,3.761777208499562652e-01
1.650815627287958750e+15,3.741481177645438749e-01
1.650815627289875500e+15,3.721187793639366137e-01
1.650815627291792500e+15,3.700891762785241679e-01
1.650815627293709500e+15,3.681553890925535200e-01
1.650815627295626500e+15,3.681553890925534644e-01
1.650815627297543250e+15,3.681553890925534089e-01
1.650815627299460250e+15,3.681553890925532979e-01
1.650815627301377250e+15,3.681553890925532424e-01
1.650815627303294000e+15,3.681553890925531869e-01
1.650815627305211000e+15,3.681553890925531314e-01
1.650815627307128000e+15,3.681764294145323801e-01
1.650815627309045000e+15,3.687784338508652837e-01
1.650815627310961750e+15,3.693803597785341175e-01
1.650815627312878750e+15,3.699823642148669101e-01
1.650815627314795750e+15,3.705843686511998136e-01
1.650815627316712750e+15,3.711863730875327727e-01
1.650815627318629500e+15,3.717882990152014955e-01
1.650815627320546500e+15,3.723903034515343990e-01
1.650815627322463500e+15,3.729923078878673026e-01
1.650815627324380250e+15,3.735942338155360809e-01
1.650815627326297250e+15,3.741962382518689845e-01
1.650815627328214250e+15,3.742913122440962304e-01
1.650815627330131250e+15,3.742913122440961748e-01
1.650815627332048000e+15,3.742913122440961748e-01
1.650815627333965000e+15,3.742913122440961748e-01
1.650815627335882000e+15,3.742913122440960638e-01
1.650815627337798750e+15,3.742913122440960638e-01
1.650815627339715750e+15,3.742913122440960638e-01
1.650815627341632750e+15,3.742913122440960083e-01
1.650815627343549750e+15,3.742913122440959528e-01
1.650815627345466500e+15,3.742913122440958973e-01
1.650815627347383500e+15,3.742913122440958973e-01
1.650815627349300500e+15,3.742913122440958418e-01
1.650815627351217250e+15,3.747744257011429991e-01
1.650815627353134250e+15,3.753726033192016920e-01
1.650815627355051250e+15,3.759707809372604403e-01
1.650815627356968250e+15,3.765689585553191332e-01
1.650815627358885000e+15,3.771670581637771580e-01
1.650815627360802000e+15,3.777652357818359063e-01
1.650815627362719000e+15,3.783634133998946547e-01
1.650815627364635750e+15,3.789615130083526795e-01
1.650815627366552750e+15,3.795596906264113723e-01
1.650815627368469750e+15,3.801578682444701207e-01
1.650815627370386750e+15,3.801648807995360313e-01
1.650815627372303500e+15,3.796876630798883268e-01
1.650815627374220500e+15,3.792103831171572681e-01
1.650815627376137500e+15,3.787331031544263205e-01
1.650815627378054250e+15,3.782558854347786159e-01
1.650815627379971250e+15,3.777786054720476128e-01
1.650815627381888250e+15,3.773013255093165541e-01
1.650815627383805250e+15,3.768240455465855510e-01
1.650815627385722000e+15,3.763468278269378464e-01
1.650815627387639000e+15,3.758695478642068433e-01
1.650815627389556000e+15,3.753922679014758401e-01
1.650815627391473000e+15,3.749149879387447815e-01
1.650815627393389750e+15,3.744377702190971324e-01
1.650815627395306750e+15,3.748934175455962414e-01
1.650815627397223750e+15,3.757620804716361174e-01
1.650815627399140500e+15,3.766306301135176615e-01
1.650815627401057500e+15,3.774992930395575375e-01
1.650815627402974500e+15,3.783679559655973579e-01
1.650815627404891500e+15,3.792366188916372338e-01
1.650815627406808250e+15,3.801051685335187780e-01
1.650815627408725250e+15,3.804272353956382746e-01
1.650815627410642250e+15,3.804272353956384412e-01
1.650815627412559000e+15,3.804272353956386077e-01
1.650815627414476000e+15,3.804272353956388297e-01
1.650815627416393000e+15,3.804272353956389963e-01
1.650815627418310000e+15,3.800809637155865839e-01
1.650815627420226750e+15,3.795529476115765966e-01
1.650815627422143750e+15,3.790248626388951214e-01
1.650815627424060750e+15,3.784967776662136463e-01
1.650815627425977500e+15,3.779687615622037145e-01
1.650815627427894500e+15,3.774406765895222948e-01
1.650815627429811500e+15,3.769125916168407642e-01
1.650815627431728500e+15,3.763845066441593445e-01
1.650815627433645250e+15,3.758564905401493572e-01
1.650815627435562250e+15,3.753284055674678821e-01
1.650815627437479250e+15,3.748003205947864624e-01
1.650815627439396000e+15,3.743134231014946800e-01
1.650815627441313000e+15,3.749277204005079245e-01
1.650815627443230000e+15,3.755420176995210579e-01
1.650815627445147000e+15,3.761563149985343579e-01
1.650815627447063750e+15,3.767705321857453549e-01
1.650815627448980750e+15,3.773848294847585993e-01
1.650815627450897750e+15,3.779991267837717883e-01
1.650815627452814500e+15,3.786133439709827853e-01
1.650815627454731500e+15,3.792276412699960297e-01
1.650815627456648500e+15,3.798419385690092187e-01
1.650815627458565500e+15,3.804272353956381636e-01
1.650815627460482250e+15,3.804272353956382746e-01
1.650815627462399250e+15,3.804272353956383301e-01
1.650815627464316250e+15,3.804272353956383856e-01
1.650815627466233250e+15,3.804272353956384967e-01
1.650815627468150000e+15,3.804272353956385522e-01
1.650815627470067000e+15,3.804272353956386077e-01
1.650815627471984000e+15,3.804272353956384967e-01
1.650815627473900750e+15,3.804272353956383856e-01
1.650815627475817750e+15,3.804272353956383301e-01
1.650815627477734750e+15,3.804272353956382746e-01
1.650815627479651750e+15,3.804272353956382191e-01
1.650815627481568500e+15,3.804272353956382191e-01
1.650815627483485500e+15,3.804272353956382746e-01
1.650815627485402500e+15,3.804272353956382746e-01
1.650815627487319250e+15,3.804272353956383856e-01
1.650815627489236250e+15,3.804272353956384967e-01
1.650815627491153250e+15,3.804272353956386077e-01
1.650815627493070250e+15,3.804272353956386077e-01
1.650815627494987000e+15,3.804272353956386077e-01
1.650815627496904000e+15,3.804272353956387187e-01
1.650815627498821000e+15,3.804272353956387742e-01
1.650815627500737750e+15,3.804272353956388297e-01
1.650815627502654750e+15,3.804272353956389408e-01
1.650815627504571750e+15,3.804272353956389408e-01
1.650815627506488750e+15,3.804272353956391073e-01
1.650815627508405500e+15,3.804272353956390518e-01
1.650815627510322500e+15,3.804272353956391073e-01
1.650815627512239500e+15,3.804272353956390518e-01
1.650815627514156250e+15,3.804272353956390518e-01
1.650815627516073250e+15,3.804272353956391073e-01
1.650815627517990250e+15,3.804272353956391073e-01
1.650815627519907250e+15,3.804272353956390518e-01
1.650815627521824000e+15,3.804272353956390518e-01
1.650815627523741000e+15,3.804272353956389963e-01
1.650815627525658000e+15,3.804272353956390518e-01
1.650815627527574750e+15,3.804272353956390518e-01
1.650815627529491750e+15,3.804272353956390518e-01
1.650815627531408750e+15,3.804272353956390518e-01
1.650815627533325750e+15,3.804272353956389963e-01
1.650815627535242500e+15,3.804272353956390518e-01
1.650815627537159500e+15,3.805761930360952450e-01
1.650815627539076500e+15,3.810477897276799419e-01
1.650815627540993500e+15,3.815193864192646944e-01
1.650815627542910250e+15,3.819909216089334980e-01
1.650815627544827250e+15,3.824625183005182505e-01
1.650815627546744250e+15,3.829341149921030030e-01
1.650815627548661000e+15,3.834056501817717511e-01
1.650815627550578000e+15,3.838772468733565035e-01
1.650815627552495000e+15,3.843488435649412560e-01
1.650815627554412000e+15,3.848204402565259530e-01
1.650815627556328750e+15,3.852919754461947566e-01
1.650815627558245750e+15,3.857635721377795091e-01
1.650815627560162750e+15,3.862351688293642615e-01
1.650815627562079500e+15,3.862834467378903902e-01
1.650815627563996500e+15,3.853644963721477579e-01
1.650815627565913500e+15,3.844455460064051255e-01
1.650815627567830500e+15,3.835265956406624932e-01
1.650815627569747250e+15,3.826077651171688743e-01
1.650815627571664250e+15,3.816888147514262419e-01
1.650815627573581250e+15,3.807698643856836651e-01
1.650815627575498000e+15,3.807819915105097319e-01
1.650815627577415000e+15,3.813477714374701177e-01
1.650815627579332000e+15,3.819135513644305036e-01
1.650815627581249000e+15,3.824793312913908339e-01
1.650815627583165750e+15,3.830450374338014718e-01
1.650815627585082750e+15,3.836108173607618577e-01
1.650815627586999750e+15,3.841765972877222435e-01
1.650815627588916500e+15,3.847423034301328815e-01
1.650815627590833500e+15,3.853080833570932118e-01
1.650815627592750500e+15,3.858738632840535976e-01
1.650815627594667500e+15,3.864396432110139279e-01
1.650815627596584250e+15,3.865631585471814291e-01
1.650815627598501250e+15,3.865631585471814291e-01
1.650815627600418250e+15,3.865631585471813736e-01
1.650815627602335000e+15,3.865631585471813736e-01
1.650815627604252000e+15,3.865631585471813736e-01
1.650815627606169000e+15,3.865631585471813736e-01
1.650815627608086000e+15,3.865631585471814291e-01
1.650815627610002750e+15,3.865631585471813736e-01
1.650815627611919750e+15,3.865631585471813736e-01
1.650815627613836750e+15,3.865631585471813736e-01
1.650815627615753500e+15,3.865631585471814291e-01
1.650815627617670500e+15,3.865631585471814291e-01
1.650815627619587500e+15,3.865631585471813736e-01
1.650815627621504500e+15,3.865631585471813736e-01
1.650815627623421250e+15,3.865631585471813736e-01
1.650815627625338250e+15,3.865631585471813736e-01
1.650815627627255250e+15,3.865631585471813736e-01
1.650815627629172250e+15,3.865631585471813736e-01
1.650815627631089000e+15,3.865631585471813736e-01
1.650815627633006000e+15,3.859777822135750935e-01
1.650815627634923000e+15,3.853050205639808046e-01
1.650815627636839750e+15,3.846323466506476052e-01
1.650815627638756750e+15,3.839595850010532052e-01
1.650815627640673750e+15,3.832868233514589162e-01
1.650815627642590750e+15,3.826140617018646273e-01
1.650815627644507500e+15,3.819413877885313724e-01
1.650815627646424500e+15,3.812686261389371389e-01
1.650815627648341500e+15,3.805958644893428500e-01
1.650815627650258250e+15,3.804272353956390518e-01
1.650815627652175250e+15,3.804272353956390518e-01
1.650815627654092250e+15,3.804272353956390518e-01
1.650815627656009250e+15,3.804272353956390518e-01
1.650815627657926000e+15,3.804272353956390518e-01
1.650815627659843000e+15,3.804272353956389963e-01
1.650815627661760000e+15,3.804272353956390518e-01
1.650815627663676750e+15,3.811692597864754228e-01
1.650815627665593750e+15,3.830741285608085800e-01
1.650815627667510750e+15,3.849789973351418482e-01
1.650815627669427750e+15,3.868838661094750053e-01
1.650815627671344500e+15,3.887884864658668338e-01
1.650815627673261500e+15,3.906933552401999910e-01
1.650815627675178500e+15,3.925982240145332591e-01
1.650815627677095250e+15,3.909560090068876503e-01
1.650815627679012250e+15,3.891152320614248983e-01
1.650815627680929250e+15,3.872744551159621462e-01
1.650815627682846250e+15,3.854336781704993942e-01
1.650815627684763000e+15,3.835931412846278477e-01
1.650815627686680000e+15,3.817523643391650956e-01
1.650815627688597000e+15,3.804272353956394959e-01
1.650815627690513750e+15,3.804272353956394959e-01
1.650815627692430750e+15,3.804272353956394959e-01
1.650815627694347750e+15,3.804272353956394959e-01
1.650815627696264750e+15,3.804272353956394959e-01
1.650815627698181500e+15,3.804272353956394959e-01
1.650815627700098500e+15,3.804272353956394959e-01
1.650815627702015500e+15,3.804272353956394959e-01
1.650815627703932500e+15,3.804272353956394959e-01
1.650815627705849250e+15,3.804272353956394959e-01
1.650815627707766250e+15,3.801770788424760905e-01
1.650815627709683250e+15,3.793950974117151764e-01
1.650815627711600000e+15,3.786132179607964443e-01
1.650815627713517000e+15,3.778312365300354747e-01
1.650815627715434000e+15,3.770492550992744496e-01
1.650815627717351000e+15,3.762672736685134800e-01
1.650815627719267750e+15,3.754853942175948589e-01
1.650815627721184750e+15,3.747034127868338893e-01
1.650815627723101750e+15,3.746100055834063469e-01
1.650815627725018500e+15,3.752836813023155971e-01
1.650815627726935500e+15,3.759574448881504716e-01
1.650815627728852500e+15,3.766312084739852906e-01
1.650815627730769500e+15,3.773049720598201651e-01
1.650815627732686250e+15,3.779786477787293597e-01
1.650815627734603250e+15,3.786524113645642342e-01
1.650815627736520250e+15,3.793261749503990532e-01
1.650815627738437000e+15,3.799998506693083034e-01
1.650815627740354000e+15,3.804272353956386077e-01
1.650815627742271000e+15,3.804272353956386077e-01
1.650815627744188000e+15,3.804272353956386077e-01
1.650815627746104750e+15,3.804272353956386077e-01
1.650815627748021750e+15,3.804272353956386077e-01
1.650815627749938750e+15,3.804272353956386077e-01
1.650815627751855500e+15,3.804272353956386632e-01
1.650815627753772500e+15,3.804272353956386077e-01
1.650815627755689500e+15,3.804272353956386077e-01
1.650815627757606500e+15,3.804272353956386077e-01
1.650815627759523250e+15,3.804272353956386077e-01
1.650815627761440250e+15,3.804272353956386077e-01
1.650815627763357250e+15,3.804272353956386077e-01
1.650815627765274000e+15,3.804272353956386077e-01
1.650815627767191000e+15,3.804272353956386077e-01
1.650815627769108000e+15,3.804272353956386077e-01
1.650815627771025000e+15,3.804272353956386077e-01
1.650815627772941750e+15,3.804272353956386077e-01
1.650815627774858750e+15,3.804272353956386077e-01
1.650815627776775750e+15,3.804272353956386077e-01
1.650815627778692750e+15,3.800888246373027579e-01
1.650815627780609500e+15,3.795731030542850437e-01
1.650815627782526500e+15,3.790573142061594014e-01
1.650815627784443500e+15,3.785415253580338701e-01
1.650815627786360250e+15,3.780258037750161559e-01
1.650815627788277250e+15,3.775100149268905136e-01
1.650815627790194250e+15,3.769942260787649824e-01
1.650815627792111250e+15,3.764784372306393401e-01
1.650815627794028000e+15,3.759627156476216814e-01
1.650815627795945000e+15,3.754469267994959836e-01
1.650815627797862000e+15,3.749311379513704523e-01
1.650815627799778750e+15,3.744154163683527936e-01
1.650815627801695750e+15,3.735130956447018646e-01
1.650815627803612750e+15,3.724883034612633259e-01
1.650815627805529750e+15,3.714635112778247317e-01
1.650815627807446500e+15,3.704388527396891284e-01
1.650815627809363500e+15,3.694140605562505897e-01
1.650815627811280500e+15,3.683892683728120510e-01
1.650815627813197250e+15,3.673646098346765032e-01
1.650815627815114250e+15,3.663398176512379090e-01
1.650815627817031250e+15,3.653150254677993702e-01
1.650815627818948250e+15,3.642902332843607760e-01
1.650815627820865000e+15,3.632655747462251727e-01
1.650815627822782000e+15,3.622407825627866895e-01
1.650815627824699000e+15,3.620194659410112537e-01
1.650815627826615750e+15,3.620194659410113092e-01
1.650815627828532750e+15,3.620194659410113092e-01
1.650815627830449750e+15,3.620194659410113647e-01
1.650815627832366750e+15,3.620194659410113092e-01
1.650815627834283500e+15,3.620194659410113647e-01
1.650815627836200500e+15,3.620194659410114202e-01
1.650815627838117500e+15,3.620194659410114202e-01
1.650815627840034250e+15,3.620194659410114202e-01
1.650815627841951250e+15,3.620194659410115312e-01
1.650815627843868250e+15,3.620194659410115312e-01
1.650815627845785250e+15,3.620194659410115312e-01
1.650815627847702000e+15,3.620194659410115867e-01
1.650815627849619000e+15,3.620194659410115867e-01
1.650815627851536000e+15,3.620194659410116422e-01
1.650815627853453000e+15,3.620194659410116422e-01
1.650815627855369750e+15,3.628762800260762478e-01
1.650815627857286750e+15,3.640147396352039211e-01
1.650815627859203750e+15,3.651531992443315389e-01
1.650815627861120500e+15,3.662915103845482134e-01
1.650815627863037500e+15,3.674299699936758312e-01
1.650815627864954500e+15,3.681553890925539640e-01
1.650815627866871500e+15,3.681553890925539640e-01
1.650815627868788250e+15,3.681553890925539640e-01
1.650815627870705250e+15,3.681553890925539640e-01
1.650815627872622250e+15,3.681553890925539640e-01
1.650815627874539000e+15,3.676676385552745674e-01
1.650815627876456000e+15,3.666423997614536301e-01
1.650815627878373000e+15,3.656171609676326928e-01
1.650815627880290000e+15,3.645919221738117555e-01
1.650815627882206750e+15,3.635668170835372193e-01
1.650815627884123750e+15,3.625415782897162820e-01
1.650815627886040750e+15,3.620194659410111426e-01
1.650815627887957500e+15,3.620194659410111981e-01
1.650815627889874500e+15,3.620194659410111981e-01
1.650815627891791500e+15,3.620194659410111981e-01
1.650815627893708500e+15,3.620194659410111981e-01
1.650815627895625250e+15,3.620194659410111426e-01
1.650815627897542250e+15,3.620194659410111981e-01
1.650815627899459250e+15,3.620194659410111981e-01
1.650815627901376000e+15,3.620194659410111981e-01
1.650815627903293000e+15,3.620194659410111981e-01
1.650815627905210000e+15,3.620194659410111981e-01
1.650815627907127000e+15,3.620194659410111981e-01
1.650815627909043750e+15,3.620194659410111981e-01
1.650815627910960750e+15,3.620194659410111981e-01
1.650815627912877750e+15,3.620194659410111981e-01
1.650815627914794500e+15,3.620194659410111981e-01
1.650815627916711500e+15,3.620194659410111981e-01
1.650815627918628500e+15,3.620194659410111981e-01
1.650815627920545500e+15,3.620545783078962798e-01
1.650815627922462250e+15,3.626225245460998892e-01
1.650815627924379250e+15,3.631905448610268650e-01
1.650815627926296250e+15,3.637585651759538408e-01
1.650815627928213000e+15,3.643265114141573946e-01
1.650815627930130000e+15,3.648945317290843704e-01
1.650815627932047000e+15,3.654625520440113462e-01
1.650815627933964000e+15,3.660305723589383220e-01
1.650815627935880750e+15,3.665985185971418758e-01
1.650815627937797750e+15,3.671665389120687961e-01
1.650815627939714750e+15,3.677345592269957719e-01
1.650815627941631750e+15,3.681553890925540196e-01
1.650815627943548500e+15,3.681553890925540196e-01
1.650815627945465500e+15,3.681553890925539640e-01
1.650815627947382500e+15,3.681553890925539640e-01
1.650815627949299250e+15,3.681553890925539640e-01
1.650815627951216250e+15,3.681553890925539640e-01
1.650815627953133250e+15,3.681553890925539640e-01
1.650815627955050250e+15,3.681553890925539640e-01
1.650815627956967000e+15,3.681553890925539640e-01
1.650815627958884000e+15,3.681553890925539640e-01
1.650815627960801000e+15,3.681553890925540196e-01
1.650815627962717750e+15,3.681553890925539640e-01
1.650815627964634750e+15,3.681553890925539085e-01
1.650815627966551750e+15,3.681553890925538530e-01
1.650815627968468750e+15,3.681553890925537420e-01
1.650815627970385500e+15,3.681553890925537420e-01
1.650815627972302500e+15,3.681553890925536865e-01
1.650815627974219500e+15,3.681553890925535755e-01
1.650815627976136250e+15,3.681553890925535200e-01
1.650815627978053250e+15,3.681553890925535200e-01
1.650815627979970250e+15,3.681553890925535200e-01
1.650815627981887250e+15,3.681553890925535200e-01
1.650815627983804000e+15,3.681553890925535200e-01
1.650815627985721000e+15,3.681553890925535200e-01
1.650815627987638000e+15,3.681553890925535200e-01
1.650815627989554750e+15,3.681553890925535755e-01
1.650815627991471750e+15,3.681553890925536310e-01
1.650815627993388750e+15,3.681553890925536865e-01
1.650815627995305750e+15,3.681553890925537420e-01
1.650815627997222500e+15,3.681553890925537420e-01
1.650815627999139500e+15,3.681553890925537420e-01
1.650815628001056500e+15,3.681553890925537975e-01
1.650815628002973250e+15,3.681553890925538530e-01
1.650815628004890250e+15,3.681553890925539085e-01
1.650815628006807250e+15,3.681553890925539085e-01
1.650815628008724250e+15,3.681553890925539085e-01
1.650815628010641000e+15,3.681553890925538530e-01
1.650815628012558000e+15,3.681553890925538530e-01
1.650815628014475000e+15,3.681553890925537420e-01
1.650815628016392000e+15,3.681553890925536310e-01
1.650815628018308750e+15,3.681553890925535755e-01
1.650815628020225750e+15,3.681553890925535755e-01
1.650815628022142750e+15,3.681553890925535200e-01
1.650815628024059500e+15,3.681553890925535200e-01
1.650815628025976500e+15,3.681553890925535200e-01
1.650815628027893500e+15,3.681553890925535200e-01
1.650815628029810500e+15,3.681553890925535200e-01
1.650815628031727250e+15,3.681553890925535200e-01
1.650815628033644250e+15,3.681553890925535200e-01
1.650815628035561250e+15,3.681553890925535200e-01
1.650815628037478000e+15,3.681553890925535200e-01
1.650815628039395000e+15,3.681553890925534644e-01
1.650815628041312000e+15,3.681553890925535200e-01
1.650815628043229000e+15,3.681553890925535200e-01
1.650815628045145750e+15,3.681553890925535200e-01
1.650815628047062750e+15,3.681553890925535200e-01
1.650815628048979750e+15,3.681553890925535200e-01
1.650815628050896500e+15,3.681553890925534644e-01
1.650815628052813500e+15,3.681553890925534644e-01
1.650815628054730500e+15,3.681553890925535200e-01
1.650815628056647500e+15,3.681553890925535200e-01
1.650815628058564250e+15,3.681553890925535200e-01
1.650815628060481250e+15,3.681553890925535200e-01
1.650815628062398250e+15,3.681553890925535200e-01
1.650815628064315000e+15,3.681553890925534644e-01
1.650815628066232000e+15,3.681553890925535200e-01
1.650815628068149000e+15,3.681553890925535200e-01
1.650815628070066000e+15,3.681553890925535200e-01
1.650815628071982750e+15,3.681553890925535200e-01
1.650815628073899750e+15,3.681553890925535200e-01
1.650815628075816750e+15,3.681553890925534644e-01
1.650815628077733500e+15,3.681553890925535200e-01
1.650815628079650500e+15,3.681553890925535200e-01
1.650815628081567500e+15,3.681553890925534644e-01
1.650815628083484500e+15,3.681553890925535200e-01
1.650815628085401250e+15,3.681553890925535200e-01
1.650815628087318250e+15,3.681553890925534644e-01
1.650815628089235250e+15,3.681553890925535200e-01
1.650815628091152250e+15,3.681553890925535200e-01
1.650815628093069000e+15,3.681553890925535200e-01
1.650815628094986000e+15,3.681553890925535200e-01
1.650815628096903000e+15,3.681553890925535200e-01
1.650815628098819750e+15,3.681553890925535200e-01
1.650815628100736750e+15,3.681553890925535200e-01
1.650815628102653750e+15,3.681553890925535200e-01
1.650815628104570750e+15,3.681553890925535200e-01
1.650815628106487500e+15,3.681553890925535200e-01
1.650815628108404500e+15,3.681553890925535200e-01
1.650815628110321500e+15,3.681553890925535200e-01
1.650815628112238250e+15,3.681553890925535200e-01
1.650815628114155250e+15,3.681553890925535755e-01
1.650815628116072250e+15,3.681553890925535755e-01
1.650815628117989250e+15,3.681553890925534644e-01
1.650815628119906000e+15,3.681553890925535200e-01
1.650815628121823000e+15,3.681553890925535200e-01
1.650815628123740000e+15,3.681553890925535200e-01
1.650815628125656750e+15,3.681553890925535200e-01
1.650815628127573750e+15,3.681553890925535200e-01
1.650815628129490750e+15,3.681553890925535200e-01
1.650815628131407750e+15,3.681553890925535200e-01
1.650815628133324500e+15,3.681553890925535200e-01
1.650815628135241500e+15,3.681553890925535755e-01
1.650815628137158500e+15,3.681553890925535200e-01
1.650815628139075250e+15,3.681553890925535200e-01
1.650815628140992250e+15,3.681553890925535200e-01
1.650815628142909250e+15,3.681553890925535755e-01
1.650815628144826250e+15,3.681553890925535755e-01
1.650815628146743000e+15,3.681553890925535200e-01
1.650815628148660000e+15,3.681553890925535755e-01
1.650815628150577000e+15,3.681553890925535200e-01
1.650815628152493750e+15,3.681553890925535200e-01
1.650815628154410750e+15,3.681553890925535755e-01
1.650815628156327750e+15,3.681553890925535200e-01
1.650815628158244750e+15,3.681553890925535755e-01
1.650815628160161500e+15,3.681553890925535200e-01
1.650815628162078500e+15,3.681553890925535200e-01
1.650815628163995500e+15,3.681553890925535200e-01
1.650815628165912500e+15,3.681553890925535200e-01
1.650815628167829250e+15,3.681553890925535200e-01
1.650815628169746250e+15,3.681553890925535200e-01
1.650815628171663250e+15,3.681553890925535200e-01
1.650815628173580000e+15,3.681553890925535200e-01
1.650815628175497000e+15,3.681553890925535200e-01
1.650815628177414000e+15,3.681553890925535200e-01
1.650815628179331000e+15,3.681553890925535200e-01
1.650815628181247750e+15,3.681553890925535200e-01
1.650815628183164750e+15,3.681553890925535200e-01
1.650815628185081750e+15,3.681553890925535200e-01
1.650815628186998500e+15,3.681553890925534644e-01
1.650815628188915500e+15,3.681553890925534644e-01
1.650815628190832500e+15,3.681553890925535200e-01
1.650815628192749500e+15,3.681553890925535200e-01
1.650815628194666250e+15,3.681553890925534644e-01
1.650815628196583250e+15,3.681553890925535200e-01
1.650815628198500250e+15,3.681553890925535200e-01
1.650815628200417000e+15,3.681553890925535200e-01
1.650815628202334000e+15,3.681553890925535200e-01
1.650815628204251000e+15,3.681553890925535200e-01
1.650815628206168000e+15,3.681553890925535200e-01
1.650815628208084750e+15,3.681553890925535200e-01
1.650815628210001750e+15,3.681553890925535200e-01
1.650815628211918750e+15,3.681553890925535200e-01
1.650815628213835500e+15,3.681553890925535200e-01
1.650815628215752500e+15,3.681553890925535200e-01
1.650815628217669500e+15,3.681553890925535200e-01
1.650815628219586500e+15,3.681553890925535200e-01
1.650815628221503250e+15,3.681553890925535200e-01
1.650815628223420250e+15,3.681553890925535200e-01
1.650815628225337250e+15,3.681553890925535200e-01
1.650815628227254000e+15,3.681553890925535200e-01
1.650815628229171000e+15,3.681553890925535200e-01
1.650815628231088000e+15,3.681553890925535200e-01
1.650815628233005000e+15,3.681553890925534644e-01
1.650815628234921750e+15,3.681553890925535200e-01
1.650815628236838750e+15,3.681553890925535200e-01
1.650815628238755750e+15,3.681553890925535200e-01
1.650815628240672500e+15,3.681553890925535200e-01
1.650815628242589500e+15,3.681553890925535200e-01
1.650815628244506500e+15,3.681553890925535200e-01
1.650815628246423500e+15,3.681553890925535200e-01
1.650815628248340250e+15,3.681553890925534644e-01
1.650815628250257250e+15,3.681553890925535200e-01
1.650815628252174250e+15,3.681553890925535200e-01
1.650815628254091250e+15,3.681553890925535200e-01
1.650815628256008000e+15,3.681553890925535200e-01
1.650815628257925000e+15,3.681553890925535200e-01
1.650815628259842000e+15,3.681553890925535200e-01
1.650815628261758750e+15,3.681553890925535200e-01
1.650815628263675750e+15,3.681553890925535200e-01
1.650815628265592750e+15,3.681553890925535200e-01
1.650815628267509750e+15,3.681553890925535200e-01
1.650815628269426500e+15,3.681553890925535200e-01
1.650815628271343500e+15,3.681553890925535200e-01
1.650815628273260500e+15,3.681553890925535200e-01
1.650815628275177250e+15,3.681553890925535200e-01
1.650815628277094250e+15,3.681553890925535200e-01
1.650815628279011250e+15,3.681553890925535200e-01
1.650815628280928250e+15,3.681553890925535200e-01
1.650815628282845000e+15,3.681553890925535200e-01
1.650815628284762000e+15,3.681553890925535200e-01
1.650815628286679000e+15,3.681553890925535200e-01
1.650815628288595750e+15,3.681553890925535200e-01
1.650815628290512750e+15,3.681553890925535200e-01
1.650815628292429750e+15,3.681553890925535755e-01
1.650815628294346750e+15,3.681553890925535200e-01
1.650815628296263500e+15,3.681553890925535755e-01
1.650815628298180500e+15,3.681553890925535200e-01
1.650815628300097500e+15,3.681553890925535200e-01
1.650815628302014250e+15,3.681553890925535200e-01
1.650815628303931250e+15,3.681553890925535200e-01
1.650815628305848250e+15,3.681553890925535200e-01
1.650815628307765250e+15,3.681553890925535200e-01
1.650815628309682000e+15,3.681553890925535200e-01
1.650815628311599000e+15,3.681553890925535755e-01
1.650815628313516000e+15,3.681553890925535200e-01
1.650815628315432750e+15,3.681553890925535200e-01
1.650815628317349750e+15,3.681553890925535200e-01
1.650815628319266750e+15,3.681553890925535200e-01
1.650815628321183750e+15,3.681553890925535200e-01
1.650815628323100500e+15,3.681553890925535200e-01
1.650815628325017500e+15,3.681553890925535200e-01
1.650815628326934500e+15,3.681553890925535200e-01
1.650815628328851500e+15,3.681553890925535200e-01
1.650815628330768250e+15,3.681553890925535200e-01
1.650815628332685250e+15,3.681553890925535755e-01
1.650815628334602250e+15,3.681553890925535755e-01
1.650815628336519000e+15,3.681553890925535200e-01
1.650815628338436000e+15,3.681553890925535200e-01
1.650815628340353000e+15,3.681553890925535200e-01
1.650815628342270000e+15,3.681553890925535200e-01
1.650815628344186750e+15,3.681553890925535200e-01
1.650815628346103750e+15,3.681553890925535755e-01
1.650815628348020750e+15,3.681389211764051761e-01
1.650815628349937500e+15,3.672800129239608413e-01
1.650815628351854500e+15,3.664209926448760979e-01
1.650815628353771500e+15,3.655619723657913545e-01
1.650815628355688500e+15,3.647029520867066110e-01
1.650815628357605250e+15,3.638440438342623318e-01
1.650815628359522250e+15,3.629850235551775883e-01
1.650815628361439250e+15,3.621260032760928449e-01
1.650815628363356000e+15,3.625693573192568242e-01
1.650815628365273000e+15,3.631971963735139974e-01
1.650815628367190000e+15,3.638250354277710596e-01
1.650815628369107000e+15,3.644528744820282329e-01
1.650815628371023750e+15,3.650806316584744304e-01
1.650815628372940750e+15,3.657084707127315482e-01
1.650815628374857750e+15,3.663363097669887214e-01
1.650815628376774500e+15,3.669640669434349189e-01
1.650815628378691500e+15,3.675919059976920922e-01
1.650815628380608500e+15,3.680592400575233292e-01
1.650815628382525500e+15,3.671212364944047568e-01
1.650815628384442250e+15,3.661833552583027007e-01
1.650815628386359250e+15,3.652453516951840173e-01
1.650815628388276250e+15,3.643073481320654450e-01
1.650815628390193000e+15,3.633694668959633889e-01
1.650815628392110000e+15,3.624314633328448165e-01
1.650815628394027000e+15,3.617307071357790393e-01
1.650815628395944000e+15,3.612157763175193326e-01
1.650815628397860750e+15,3.607009126524701181e-01
1.650815628399777750e+15,3.601859818342104114e-01
1.650815628401694750e+15,3.596710510159507046e-01
1.650815628403611750e+15,3.591561201976909423e-01
1.650815628405528500e+15,3.586412565326417834e-01
1.650815628407445500e+15,3.581263257143820766e-01
1.650815628409362500e+15,3.576113948961223699e-01
1.650815628411279250e+15,3.570965312310730999e-01
1.650815628413196250e+15,3.565816004128135042e-01
1.650815628415113250e+15,3.560666695945537419e-01
1.650815628417030250e+15,3.575818172848624354e-01
1.650815628418947000e+15,3.602170471080126668e-01
1.650815628420864000e+15,3.628526206418480893e-01
1.650815628422781000e+15,3.654881941756835118e-01
1.650815628424697750e+15,3.681234239988337431e-01
1.650815628426614750e+15,3.676902766373550402e-01
1.650815628428531750e+15,3.672194538906269345e-01
1.650815628430448750e+15,3.667486311438988289e-01
1.650815628432365500e+15,3.662778697981549092e-01
1.650815628434282500e+15,3.658070470514268591e-01
1.650815628436199500e+15,3.653362243046986979e-01
1.650815628438116250e+15,3.648654629589547227e-01
1.650815628440033250e+15,3.643946402122266726e-01
1.650815628441950250e+15,3.639238174654985114e-01
1.650815628443867250e+15,3.634529947187704613e-01
1.650815628445784000e+15,3.629822333730265416e-01
1.650815628447701000e+15,3.625114106262983804e-01
1.650815628449618000e+15,3.620405878795703303e-01
1.650815628451534750e+15,3.609570105064429102e-01
1.650815628453451750e+15,3.598445008420613211e-01
1.650815628455368750e+15,3.587319911776797321e-01
1.650815628457285750e+15,3.576194815132981430e-01
1.650815628459202500e+15,3.565071169336405665e-01
1.650815628461119500e+15,3.558835427894683767e-01
1.650815628463036500e+15,3.558835427894684322e-01
1.650815628464953250e+15,3.558835427894684322e-01
1.650815628466870250e+15,3.558835427894684322e-01
1.650815628468787250e+15,3.558835427894684322e-01
1.650815628470704250e+15,3.558835427894684322e-01
1.650815628472621000e+15,3.558835427894684322e-01
1.650815628474538000e+15,3.558835427894683767e-01
1.650815628476455000e+15,3.558835427894684322e-01
1.650815628478371750e+15,3.558835427894684322e-01
1.650815628480288750e+15,3.554759269684938383e-01
1.650815628482205750e+15,3.544801964443673459e-01
1.650815628484122750e+15,3.534844659202407424e-01
1.650815628486039500e+15,3.524888652514251985e-01
1.650815628487956500e+15,3.514931347272986506e-01
1.650815628489873500e+15,3.504974042031721582e-01
1.650815628491790500e+15,3.497476196379261659e-01
1.650815628493707250e+15,3.497476196379261104e-01
1.650815628495624250e+15,3.497476196379261104e-01
1.650815628497541250e+15,3.497476196379261104e-01
1.650815628499458000e+15,3.497476196379261104e-01
1.650815628501375000e+15,3.497476196379261104e-01
1.650815628503292000e+15,3.497476196379261104e-01
1.650815628505209000e+15,3.497476196379261659e-01
1.650815628507125750e+15,3.497476196379261104e-01
1.650815628509042750e+15,3.497476196379261104e-01
1.650815628510959750e+15,3.497476196379261104e-01
1.650815628512876500e+15,3.497476196379261104e-01
1.650815628514793500e+15,3.497476196379261104e-01
1.650815628516710500e+15,3.497476196379261104e-01
1.650815628518627500e+15,3.497476196379261104e-01
1.650815628520544250e+15,3.497476196379261104e-01
1.650815628522461250e+15,3.497476196379261104e-01
1.650815628524378250e+15,3.497476196379261104e-01
1.650815628526295000e+15,3.497476196379261104e-01
1.650815628528212000e+15,3.497476196379261104e-01
1.650815628530129000e+15,3.497476196379261104e-01
1.650815628532046000e+15,3.497476196379261104e-01
1.650815628533962750e+15,3.497476196379261104e-01
1.650815628535879750e+15,3.497476196379261104e-01
1.650815628537796750e+15,3.497476196379261104e-01
1.650815628539713500e+15,3.497476196379261659e-01
1.650815628541630500e+15,3.497476196379261104e-01
1.650815628543547500e+15,3.497476196379261104e-01
1.650815628545464500e+15,3.497476196379261104e-01
1.650815628547381250e+15,3.497476196379261104e-01
1.650815628549298250e+15,3.497476196379261104e-01
1.650815628551215250e+15,3.497476196379261104e-01
1.650815628553132000e+15,3.497476196379261104e-01
1.650815628555049000e+15,3.497476196379261104e-01
1.650815628556966000e+15,3.497476196379261104e-01
1.650815628558883000e+15,3.497476196379261104e-01
1.650815628560799750e+15,3.497476196379261104e-01
1.650815628562716750e+15,3.497476196379261104e-01
1.650815628564633750e+15,3.497476196379261659e-01
1.650815628566550750e+15,3.497476196379261104e-01
1.650815628568467500e+15,3.497476196379261104e-01
1.650815628570384500e+15,3.497476196379260549e-01
1.650815628572301500e+15,3.497476196379260549e-01
1.650815628574218250e+15,3.497476196379261104e-01
1.650815628576135250e+15,3.497476196379261104e-01
1.650815628578052250e+15,3.497476196379261104e-01
1.650815628579969250e+15,3.497476196379261104e-01
1.650815628581886000e+15,3.497476196379261104e-01
1.650815628583803000e+15,3.497476196379261104e-01
1.650815628585720000e+15,3.497476196379261104e-01
1.650815628587636750e+15,3.497476196379261104e-01
1.650815628589553750e+15,3.497476196379261104e-01
1.650815628591470750e+15,3.497476196379261104e-01
1.650815628593387750e+15,3.497476196379261659e-01
1.650815628595304500e+15,3.497476196379261104e-01
1.650815628597221500e+15,3.497476196379261104e-01
1.650815628599138500e+15,3.497476196379261104e-01
1.650815628601055250e+15,3.497476196379261659e-01
1.650815628602972250e+15,3.497476196379261104e-01
1.650815628604889250e+15,3.497476196379261104e-01
1.650815628606806250e+15,3.497476196379261104e-01
1.650815628608723000e+15,3.497476196379261104e-01
1.650815628610640000e+15,3.497476196379261104e-01
1.650815628612557000e+15,3.497476196379261104e-01
1.650815628614473750e+15,3.497476196379261104e-01
1.650815628616390750e+15,3.497476196379261104e-01
1.650815628618307750e+15,3.497476196379261104e-01
1.650815628620224750e+15,3.497476196379261104e-01
1.650815628622141500e+15,3.497476196379261104e-01
1.650815628624058500e+15,3.497476196379261659e-01
1.650815628625975500e+15,3.497476196379261104e-01
1.650815628627892250e+15,3.497476196379261104e-01
1.650815628629809250e+15,3.497476196379261104e-01
1.650815628631726250e+15,3.497476196379261104e-01
1.650815628633643250e+15,3.497476196379261104e-01
1.650815628635560000e+15,3.497476196379261104e-01
1.650815628637477000e+15,3.497476196379261104e-01
1.650815628639394000e+15,3.497476196379261104e-01
1.650815628641311000e+15,3.497476196379261104e-01
1.650815628643227750e+15,3.497476196379260549e-01
1.650815628645144750e+15,3.497476196379261104e-01
1.650815628647061750e+15,3.497476196379261104e-01
1.650815628648978500e+15,3.497476196379261104e-01
1.650815628650895500e+15,3.497476196379261104e-01
1.650815628652812500e+15,3.497476196379261104e-01
1.650815628654729500e+15,3.497476196379261104e-01
1.650815628656646250e+15,3.497476196379261104e-01
1.650815628658563250e+15,3.497476196379261104e-01
1.650815628660480250e+15,3.497476196379261104e-01
1.650815628662397000e+15,3.497476196379261104e-01
1.650815628664314000e+15,3.497476196379261659e-01
1.650815628666231000e+15,3.497476196379261104e-01
1.650815628668148000e+15,3.497476196379261104e-01
1.650815628670064750e+15,3.497476196379261104e-01
1.650815628671981750e+15,3.497476196379261104e-01
1.650815628673898750e+15,3.497476196379261104e-01
1.650815628675815500e+15,3.497476196379261104e-01
1.650815628677732500e+15,3.497476196379261104e-01
1.650815628679649500e+15,3.497476196379261104e-01
1.650815628681566500e+15,3.497476196379261659e-01
1.650815628683483250e+15,3.497476196379261104e-01
1.650815628685400250e+15,3.497476196379261104e-01
1.650815628687317250e+15,3.497476196379261104e-01
1.650815628689234000e+15,3.497476196379261104e-01
1.650815628691151000e+15,3.497476196379260549e-01
1.650815628693068000e+15,3.497476196379261104e-01
1.650815628694985000e+15,3.497476196379261104e-01
1.650815628696901750e+15,3.497476196379261104e-01
1.650815628698818750e+15,3.497476196379261104e-01
1.650815628700735750e+15,3.497476196379261104e-01
1.650815628702652500e+15,3.497476196379260549e-01
1.650815628704569500e+15,3.497476196379261104e-01
1.650815628706486500e+15,3.497476196379260549e-01
1.650815628708403500e+15,3.497476196379261104e-01
1.650815628710320250e+15,3.497476196379260549e-01
1.650815628712237250e+15,3.497476196379261104e-01
1.650815628714154250e+15,3.497476196379260549e-01
1.650815628716071250e+15,3.497476196379261104e-01
1.650815628717988000e+15,3.497476196379261104e-01
1.650815628719905000e+15,3.497476196379261104e-01
1.650815628721822000e+15,3.497476196379261104e-01
1.650815628723738750e+15,3.497476196379260549e-01
1.650815628725655750e+15,3.497476196379261104e-01
1.650815628727572750e+15,3.497476196379260549e-01
1.650815628729489750e+15,3.497476196379261104e-01
1.650815628731406500e+15,3.497476196379261104e-01
1.650815628733323500e+15,3.497476196379261104e-01
1.650815628735240500e+15,3.497476196379261104e-01
1.650815628737157250e+15,3.497476196379261104e-01
1.650815628739074250e+15,3.497476196379261104e-01
1.650815628740991250e+15,3.497476196379261104e-01
1.650815628742908250e+15,3.497476196379261659e-01
1.650815628744825000e+15,3.497476196379262214e-01
1.650815628746742000e+15,3.497476196379262769e-01
1.650815628748659000e+15,3.497476196379263325e-01
1.650815628750575750e+15,3.497476196379264435e-01
1.650815628752492750e+15,3.497476196379264990e-01
1.650815628754409750e+15,3.497476196379265545e-01
1.650815628756326750e+15,3.497476196379265545e-01
1.650815628758243500e+15,3.497476196379265545e-01
1.650815628760160500e+15,3.497476196379265545e-01
1.650815628762077500e+15,3.497476196379265545e-01
1.650815628763994250e+15,3.497476196379265545e-01
1.650815628765911250e+15,3.497476196379265545e-01
1.650815628767828250e+15,3.497476196379265545e-01
1.650815628769745250e+15,3.497476196379265545e-01
1.650815628771662000e+15,3.497476196379265545e-01
1.650815628773579000e+15,3.497476196379266100e-01
1.650815628775496000e+15,3.497476196379265545e-01
1.650815628777412750e+15,3.497476196379265545e-01
1.650815628779329750e+15,3.497476196379265545e-01
1.650815628781246750e+15,3.497476196379265545e-01
1.650815628783163750e+15,3.497476196379265545e-01
1.650815628785080500e+15,3.497476196379265545e-01
1.650815628786997500e+15,3.501684693635846446e-01
1.650815628788914500e+15,3.509110086402404960e-01
1.650815628790831250e+15,3.516534510807883818e-01
1.650815628792748250e+15,3.523959903574441777e-01
1.650815628794665250e+15,3.531385296341000846e-01
1.650815628796582250e+15,3.538810689107559915e-01
1.650815628798499000e+15,3.546235113513038217e-01
1.650815628800416000e+15,3.553660506279596731e-01
1.650815628802333000e+15,3.558835427894683767e-01
1.650815628804250000e+15,3.558835427894684322e-01
1.650815628806166750e+15,3.558835427894684322e-01
1.650815628808083750e+15,3.558835427894684322e-01
1.650815628810000750e+15,3.556737684931772780e-01
1.650815628811917500e+15,3.549075276500788245e-01
1.650815628813834500e+15,3.541411868668677965e-01
1.650815628815751500e+15,3.533748460836567129e-01
1.650815628817668500e+15,3.526085053004456293e-01
1.650815628819585250e+15,3.518422644573471203e-01
1.650815628821502250e+15,3.510759236741360922e-01
1.650815628823419250e+15,3.503095828909250087e-01
1.650815628825336000e+15,3.497476196379261104e-01
1.650815628827253000e+15,3.497476196379261104e-01
1.650815628829170000e+15,3.497476196379262214e-01
1.650815628831087000e+15,3.497476196379262214e-01
1.650815628833003750e+15,3.497476196379262769e-01
1.650815628834920750e+15,3.497476196379263325e-01
1.650815628836837750e+15,3.497476196379263325e-01
1.650815628838754500e+15,3.497476196379263880e-01
1.650815628840671500e+15,3.497476196379264435e-01
1.650815628842588500e+15,3.497476196379264990e-01
1.650815628844505500e+15,3.497476196379264990e-01
1.650815628846422250e+15,3.497476196379264990e-01
1.650815628848339250e+15,3.497476196379264435e-01
1.650815628850256250e+15,3.497476196379263325e-01
1.650815628852173000e+15,3.497476196379262214e-01
1.650815628854090000e+15,3.497476196379261104e-01
1.650815628856007000e+15,3.501867528940478258e-01
1.650815628857924000e+15,3.506637038583453880e-01
1.650815628859840750e+15,3.511405926224651086e-01
1.650815628861757750e+15,3.516175435867626708e-01
1.650815628863674750e+15,3.520944945510603441e-01
1.650815628865591500e+15,3.525713833151800092e-01
1.650815628867508500e+15,3.530483342794775714e-01
1.650815628869425500e+15,3.535252852437751891e-01
1.650815628871342500e+15,3.540022362080728069e-01
1.650815628873259250e+15,3.544791249721924720e-01
1.650815628875176250e+15,3.549560759364900897e-01
1.650815628877093250e+15,3.554330269007877074e-01
1.650815628879010250e+15,3.558835427894688763e-01
1.650815628880927000e+15,3.558835427894687653e-01
1.650815628882844000e+15,3.558835427894687653e-01
1.650815628884761000e+15,3.558835427894686543e-01
1.650815628886677750e+15,3.558835427894685988e-01
1.650815628888594750e+15,3.558835427894684877e-01
1.650815628890511750e+15,3.558835427894684877e-01
1.650815628892428750e+15,3.558835427894684877e-01
1.650815628894345500e+15,3.558835427894685433e-01
1.650815628896262500e+15,3.558835427894685433e-01
1.650815628898179500e+15,3.558835427894685988e-01
1.650815628900096250e+15,3.558835427894686543e-01
1.650815628902013250e+15,3.558835427894686543e-01
1.650815628903930250e+15,3.558835427894686543e-01
1.650815628905847250e+15,3.558835427894687653e-01
1.650815628907764000e+15,3.558835427894687653e-01
1.650815628909681000e+15,3.558835427894688208e-01
1.650815628911598000e+15,3.558835427894688208e-01
1.650815628913514750e+15,3.558835427894688763e-01
1.650815628915431750e+15,3.558835427894688763e-01
1.650815628917348750e+15,3.558835427894688208e-01
1.650815628919265750e+15,3.558835427894688763e-01
1.650815628921182500e+15,3.558835427894688763e-01
1.650815628923099500e+15,3.558835427894688763e-01
1.650815628925016500e+15,3.558835427894688763e-01
1.650815628926933250e+15,3.558835427894687098e-01
1.650815628928850250e+15,3.558835427894686543e-01
1.650815628930767250e+15,3.558835427894684322e-01
1.650815628932684250e+15,3.558835427894683212e-01
1.650815628934601000e+15,3.558835427894682102e-01
1.650815628936518000e+15,3.558835427894680437e-01
1.650815628938435000e+15,3.558835427894679881e-01
1.650815628940351750e+15,3.558835427894681547e-01
1.650815628942268750e+15,3.558835427894682102e-01
1.650815628944185750e+15,3.558835427894682657e-01
1.650815628946102750e+15,3.558835427894683767e-01
1.650815628948019500e+15,3.558835427894684322e-01
1.650815628949936500e+15,3.558835427894685433e-01
1.650815628951853500e+15,3.558835427894686543e-01
1.650815628953770500e+15,3.558835427894687653e-01
1.650815628955687250e+15,3.558835427894688208e-01
1.650815628957604250e+15,3.558835427894688763e-01
1.650815628959521250e+15,3.558835427894688208e-01
1.650815628961438000e+15,3.558835427894688763e-01
1.650815628963355000e+15,3.558835427894688763e-01
1.650815628965272000e+15,3.558835427894688763e-01
1.650815628967189000e+15,3.558835427894688763e-01
1.650815628969105750e+15,3.558835427894688763e-01
1.650815628971022750e+15,3.558835427894688763e-01
1.650815628972939750e+15,3.558835427894688763e-01
1.650815628974856500e+15,3.558835427894688763e-01
1.650815628976773500e+15,3.558835427894688763e-01
1.650815628978690500e+15,3.558835427894688763e-01
1.650815628980607500e+15,3.558835427894688763e-01
1.650815628982524250e+15,3.558835427894688763e-01
1.650815628984441250e+15,3.558835427894688763e-01
1.650815628986358250e+15,3.558835427894688763e-01
1.650815628988275000e+15,3.558835427894688763e-01
1.650815628990192000e+15,3.558835427894688763e-01
1.650815628992109000e+15,3.558835427894688763e-01
1.650815628994026000e+15,3.558835427894688763e-01
1.650815628995942750e+15,3.558835427894688763e-01
1.650815628997859750e+15,3.558835427894688763e-01
1.650815628999776750e+15,3.558835427894688763e-01
1.650815629001693500e+15,3.558835427894688763e-01
1.650815629003610500e+15,3.558835427894688763e-01
1.650815629005527500e+15,3.558835427894688763e-01
1.650815629007444500e+15,3.558835427894688763e-01
1.650815629009361250e+15,3.558835427894688763e-01
1.650815629011278250e+15,3.558835427894688763e-01
1.650815629013195250e+15,3.558835427894688763e-01
1.650815629015112000e+15,3.558835427894688763e-01
1.650815629017029000e+15,3.558835427894688763e-01
1.650815629018946000e+15,3.558835427894688763e-01
1.650815629020863000e+15,3.558835427894688763e-01
1.650815629022779750e+15,3.558835427894688763e-01
1.650815629024696750e+15,3.558835427894688763e-01
1.650815629026613750e+15,3.558835427894688763e-01
1.650815629028530750e+15,3.558835427894688763e-01
1.650815629030447500e+15,3.558835427894688763e-01
1.650815629032364500e+15,3.558835427894688763e-01
1.650815629034281500e+15,3.558835427894688763e-01
1.650815629036198250e+15,3.558835427894688763e-01
1.650815629038115250e+15,3.558835427894688208e-01
1.650815629040032250e+15,3.558835427894688763e-01
1.650815629041949250e+15,3.558835427894688208e-01
1.650815629043866000e+15,3.558835427894688763e-01
1.650815629045783000e+15,3.558835427894688763e-01
1.650815629047700000e+15,3.558835427894688208e-01
1.650815629049616750e+15,3.558835427894688763e-01
1.650815629051533750e+15,3.558835427894688763e-01
1.650815629053450750e+15,3.558835427894688763e-01
1.650815629055367750e+15,3.558835427894688763e-01
1.650815629057284500e+15,3.558835427894688763e-01
1.650815629059201500e+15,3.558835427894688208e-01
1.650815629061118500e+15,3.558835427894688763e-01
1.650815629063035250e+15,3.558835427894688763e-01
1.650815629064952250e+15,3.558835427894688763e-01
1.650815629066869250e+15,3.558835427894688763e-01
1.650815629068786250e+15,3.558835427894688763e-01
1.650815629070703000e+15,3.558835427894688763e-01
1.650815629072620000e+15,3.558835427894688763e-01
1.650815629074537000e+15,3.558835427894688763e-01
1.650815629076453750e+15,3.558835427894688763e-01
1.650815629078370750e+15,3.558835427894688763e-01
1.650815629080287750e+15,3.558835427894688763e-01
1.650815629082204750e+15,3.558835427894688763e-01
1.650815629084121500e+15,3.558835427894688763e-01
1.650815629086038500e+15,3.558835427894688763e-01
1.650815629087955500e+15,3.558835427894688763e-01
1.650815629089872250e+15,3.558835427894688763e-01
1.650815629091789250e+15,3.558835427894688763e-01
1.650815629093706250e+15,3.558835427894688763e-01
1.650815629095623250e+15,3.558835427894688763e-01
1.650815629097540000e+15,3.558835427894688763e-01
1.650815629099457000e+15,3.558835427894688763e-01
1.650815629101374000e+15,3.558835427894688763e-01
1.650815629103290750e+15,3.558835427894688763e-01
1.650815629105207750e+15,3.558835427894688763e-01
1.650815629107124750e+15,3.558835427894688763e-01
1.650815629109041750e+15,3.558835427894688763e-01
1.650815629110958500e+15,3.558835427894688763e-01
1.650815629112875500e+15,3.558835427894688763e-01
1.650815629114792500e+15,3.558835427894688208e-01
1.650815629116709500e+15,3.558835427894688208e-01
1.650815629118626250e+15,3.558835427894688763e-01
1.650815629120543250e+15,3.558835427894688763e-01
1.650815629122460250e+15,3.558835427894688763e-01
1.650815629124377000e+15,3.558835427894688763e-01
1.650815629126294000e+15,3.558835427894688763e-01
1.650815629128211000e+15,3.558835427894688763e-01
1.650815629130128000e+15,3.558835427894688763e-01
1.650815629132044750e+15,3.558835427894688763e-01
1.650815629133961750e+15,3.558835427894688763e-01
1.650815629135878750e+15,3.558835427894688763e-01
1.650815629137795500e+15,3.558835427894688763e-01
1.650815629139712500e+15,3.558835427894688208e-01
1.650815629141629500e+15,3.558835427894688763e-01
1.650815629143546500e+15,3.558835427894688763e-01
1.650815629145463250e+15,3.558835427894688763e-01
1.650815629147380250e+15,3.556628820321802720e-01
1.650815629149297250e+15,3.548466607649881643e-01
1.650815629151214000e+15,3.540305459429273771e-01
1.650815629153131000e+15,3.532143246757352140e-01
1.650815629155048000e+15,3.523981034085430508e-01
1.650815629156965000e+15,3.515818821413509987e-01
1.650815629158881750e+15,3.507657673192902115e-01
1.650815629160798750e+15,3.499495460520981038e-01
1.650815629162715750e+15,3.502149974493882212e-01
1.650815629164632500e+15,3.508359272155419650e-01
1.650815629166549500e+15,3.514569379690135609e-01
1.650815629168466500e+15,3.520779487224852122e-01
1.650815629170383500e+15,3.526989594759568081e-01
1.650815629172300250e+15,3.533198892421105519e-01
1.650815629174217250e+15,3.539408999955821478e-01
1.650815629176134250e+15,3.545619107490537436e-01
1.650815629178051000e+15,3.551828405152074319e-01
1.650815629179968000e+15,3.558038512686790833e-01
1.650815629181885000e+15,3.563533740494343460e-01
1.650815629183802000e+15,3.568923725684970405e-01
1.650815629185718750e+15,3.574313007956298471e-01
1.650815629187635750e+15,3.579702993146924861e-01
1.650815629189552750e+15,3.585092978337552916e-01
1.650815629191469750e+15,3.590482963528179861e-01
1.650815629193386500e+15,3.595872245799507372e-01
1.650815629195303500e+15,3.601262230990134316e-01
1.650815629197220500e+15,3.606652216180761261e-01
1.650815629199137250e+15,3.612041498452088772e-01
1.650815629201054250e+15,3.617431483642716827e-01
1.650815629202971250e+15,3.620194659410107541e-01
1.650815629204888250e+15,3.620194659410107541e-01
1.650815629206805000e+15,3.620194659410107541e-01
1.650815629208722000e+15,3.620194659410107541e-01
1.650815629210639000e+15,3.620194659410106985e-01
1.650815629212555750e+15,3.618291942815656248e-01
1.650815629214472750e+15,3.612837725676870115e-01
1.650815629216389750e+15,3.607383508538084538e-01
1.650815629218306750e+15,3.601929291399298960e-01
1.650815629220223500e+15,3.596475785556435545e-01
1.650815629222140500e+15,3.591021568417649967e-01
1.650815629224057500e+15,3.585567351278863835e-01
1.650815629225974250e+15,3.580113845436000974e-01
1.650815629227891250e+15,3.574659628297214842e-01
1.650815629229808250e+15,3.569205411158428709e-01
1.650815629231725250e+15,3.563751194019643131e-01
1.650815629233642000e+15,3.559820302183980822e-01
1.650815629235559000e+15,3.569809741403944248e-01
1.650815629237476000e+15,3.579799180623907118e-01
1.650815629239392750e+15,3.589787317100101571e-01
1.650815629241309750e+15,3.599776756320064997e-01
1.650815629243226750e+15,3.609766195540028422e-01
1.650815629245143750e+15,3.619755634759991292e-01
1.650815629247060500e+15,3.629129878080806226e-01
1.650815629248977500e+15,3.638477116384609689e-01
1.650815629250894500e+15,3.647824354688413706e-01
1.650815629252811250e+15,3.657170373999219515e-01
1.650815629254728250e+15,3.666517612303023532e-01
1.650815629256645250e+15,3.675864850606827550e-01
1.650815629258562250e+15,3.681553890925535755e-01
1.650815629260479000e+15,3.681553890925536310e-01
1.650815629262396000e+15,3.681553890925537420e-01
1.650815629264313000e+15,3.681553890925537975e-01
1.650815629266230000e+15,3.681553890925538530e-01
1.650815629268146750e+15,3.681553890925539085e-01
1.650815629270063750e+15,3.681553890925539640e-01
1.650815629271980750e+15,3.681553890925540751e-01
1.650815629273897500e+15,3.681553890925541306e-01
1.650815629275814500e+15,3.681553890925541861e-01
1.650815629277731500e+15,3.681553890925542416e-01
1.650815629279648500e+15,3.681553890925543526e-01
1.650815629281565250e+15,3.681553890925544081e-01
1.650815629283482250e+15,3.690814908717942044e-01
1.650815629285399250e+15,3.706921391918690523e-01
1.650815629287316000e+15,3.723025774639107111e-01
1.650815629289233000e+15,3.739132257839856699e-01
1.650815629291150000e+15,3.739013542982792537e-01
1.650815629293067000e+15,3.733917773506767457e-01
1.650815629294983750e+15,3.728822668580752397e-01
1.650815629296900750e+15,3.723726899104728427e-01
1.650815629298817750e+15,3.718631129628703347e-01
1.650815629300734500e+15,3.713536024702688287e-01
1.650815629302651500e+15,3.708440255226663207e-01
1.650815629304568500e+15,3.703344485750638126e-01
1.650815629306485500e+15,3.698248716274613601e-01
1.650815629308402250e+15,3.693153611348598542e-01
1.650815629310319250e+15,3.688057841872573461e-01
1.650815629312236250e+15,3.682962072396548381e-01
1.650815629314153000e+15,3.688741227646415988e-01
1.650815629316070000e+15,3.698674987195024744e-01
1.650815629317987000e+15,3.708608746743633500e-01
1.650815629319904000e+15,3.718542506292242256e-01
1.650815629321820750e+15,3.728474970358384710e-01
1.650815629323737750e+15,3.738408729906993466e-01
1.650815629325654750e+15,3.737646974437994762e-01
1.650815629327571500e+15,3.728013102632032894e-01
1.650815629329488500e+15,3.718377974288727961e-01
1.650815629331405500e+15,3.708742845945423028e-01
1.650815629333322500e+15,3.699107717602118095e-01
1.650815629335239250e+15,3.689473845796156226e-01
1.650815629337156250e+15,3.681553890925544636e-01
1.650815629339073250e+15,3.681553890925543526e-01
1.650815629340990250e+15,3.681553890925544081e-01
1.650815629342907000e+15,3.681553890925544081e-01
1.650815629344824000e+15,3.681553890925544081e-01
1.650815629346741000e+15,3.681553890925544081e-01
1.650815629348657750e+15,3.681553890925544081e-01
1.650815629350574750e+15,3.681553890925542971e-01
1.650815629352491750e+15,3.681553890925542416e-01
1.650815629354408750e+15,3.681553890925541306e-01
1.650815629356325500e+15,3.681553890925540751e-01
1.650815629358242500e+15,3.681553890925539640e-01
1.650815629360159500e+15,3.689801707944237452e-01
1.650815629362076250e+15,3.700648365419769159e-01
1.650815629363993250e+15,3.711496437615201538e-01
1.650815629365910250e+15,3.722344509810633917e-01
1.650815629367827250e+15,3.733192582006066851e-01
1.650815629369744000e+15,3.743487274275809074e-01
1.650815629371661000e+15,3.749018174111942714e-01
1.650815629373578000e+15,3.754549073948077464e-01
1.650815629375494750e+15,3.760079252487936174e-01
1.650815629377411750e+15,3.765610152324070925e-01
1.650815629379328750e+15,3.771141052160205120e-01
1.650815629381245750e+15,3.776671951996339871e-01
1.650815629383162500e+15,3.782202130536198581e-01
1.650815629385079500e+15,3.787733030372332776e-01
1.650815629386996500e+15,3.793263930208466972e-01
1.650815629388913250e+15,3.798794108748325682e-01
1.650815629390830250e+15,3.804168156880447516e-01
1.650815629392747250e+15,3.793223181834847746e-01
1.650815629394664250e+15,3.782278206789246866e-01
1.650815629396581000e+15,3.771334659100851749e-01
1.650815629398498000e+15,3.760389684055251425e-01
1.650815629400415000e+15,3.749444709009651100e-01
1.650815629402331750e+15,3.742913122440967300e-01
1.650815629404248750e+15,3.742913122440967300e-01
1.650815629406165750e+15,3.742913122440967300e-01
1.650815629408082750e+15,3.742913122440967300e-01
1.650815629409999500e+15,3.742913122440967300e-01
1.650815629411916500e+15,3.742913122440967300e-01
1.650815629413833500e+15,3.742913122440967300e-01
1.650815629415750250e+15,3.742913122440967300e-01
1.650815629417667250e+15,3.742913122440967300e-01
1.650815629419584250e+15,3.742913122440967855e-01
1.650815629421501250e+15,3.742913122440967300e-01
1.650815629423418000e+15,3.742913122440967300e-01
1.650815629425335000e+15,3.742913122440967300e-01
1.650815629427252000e+15,3.742913122440967300e-01
1.650815629429169000e+15,3.742913122440967855e-01
1.650815629431085750e+15,3.742913122440968965e-01
1.650815629433002750e+15,3.742913122440970630e-01
1.650815629434919750e+15,3.742913122440971185e-01
1.650815629436836500e+15,3.742913122440971185e-01
1.650815629438753500e+15,3.742913122440969520e-01
1.650815629440670500e+15,3.742913122440968410e-01
1.650815629442587500e+15,3.742913122440967300e-01
1.650815629444504250e+15,3.742913122440965634e-01
1.650815629446421250e+15,3.742913122440965079e-01
1.650815629448338250e+15,3.742913122440962859e-01
1.650815629450255000e+15,3.742913122440965079e-01
1.650815629452172000e+15,3.742913122440966189e-01
1.650815629454089000e+15,3.742913122440968410e-01
1.650815629456006000e+15,3.742913122440970075e-01
1.650815629457922750e+15,3.742913122440971740e-01
1.650815629459839750e+15,3.742913122440971740e-01
1.650815629461756750e+15,3.742913122440971740e-01
1.650815629463673500e+15,3.742913122440971740e-01
1.650815629465590500e+15,3.742913122440971740e-01
1.650815629467507500e+15,3.742913122440971740e-01
1.650815629469424500e+15,3.742913122440971740e-01
1.650815629471341250e+15,3.742913122440971740e-01
1.650815629473258250e+15,3.742913122440971740e-01
1.650815629475175250e+15,3.742913122440971740e-01
1.650815629477092000e+15,3.742913122440971740e-01
1.650815629479009000e+15,3.742913122440972296e-01
1.650815629480926000e+15,3.742913122440971740e-01
1.650815629482843000e+15,3.742913122440971740e-01
1.650815629484759750e+15,3.742913122440972851e-01
1.650815629486676750e+15,3.742913122440973406e-01
1.650815629488593750e+15,3.742913122440973961e-01
1.650815629490510500e+15,3.742913122440975071e-01
1.650815629492427500e+15,3.742913122440976181e-01
1.650815629494344500e+15,3.742913122440976181e-01
1.650815629496261500e+15,3.742913122440976181e-01
1.650815629498178250e+15,3.742913122440976181e-01
1.650815629500095250e+15,3.742913122440976181e-01
1.650815629502012250e+15,3.742913122440976181e-01
1.650815629503929250e+15,3.742913122440976181e-01
1.650815629505846000e+15,3.742913122440976181e-01
1.650815629507763000e+15,3.742913122440975071e-01
1.650815629509680000e+15,3.742913122440973961e-01
1.650815629511596750e+15,3.742913122440972851e-01
1.650815629513513750e+15,3.742913122440971740e-01
1.650815629515430750e+15,3.742913122440971740e-01
1.650815629517347750e+15,3.742913122440971740e-01
1.650815629519264500e+15,3.742913122440971740e-01
1.650815629521181500e+15,3.742913122440971740e-01
1.650815629523098500e+15,3.742913122440971740e-01
1.650815629525015250e+15,3.742913122440971740e-01
1.650815629526932250e+15,3.742913122440971740e-01
1.650815629528849250e+15,3.742913122440972296e-01
1.650815629530766250e+15,3.742913122440972296e-01
1.650815629532683000e+15,3.742913122440971740e-01
1.650815629534600000e+15,3.742913122440971740e-01
1.650815629536517000e+15,3.742913122440971740e-01
1.650815629538433750e+15,3.742913122440970630e-01
1.650815629540350750e+15,3.742913122440969520e-01
1.650815629542267750e+15,3.742913122440968410e-01
1.650815629544184750e+15,3.742913122440967300e-01
1.650815629546101500e+15,3.742913122440965079e-01
1.650815629548018500e+15,3.742913122440963969e-01
1.650815629549935500e+15,3.742913122440962859e-01
1.650815629551852250e+15,3.742913122440964524e-01
1.650815629553769250e+15,3.742913122440966189e-01
1.650815629555686250e+15,3.742913122440968410e-01
1.650815629557603250e+15,3.742913122440970075e-01
1.650815629559520000e+15,3.742913122440972296e-01
1.650815629561437000e+15,3.742913122440973961e-01
1.650815629563354000e+15,3.742913122440976181e-01
1.650815629565270750e+15,3.742913122440976181e-01
1.650815629567187750e+15,3.742913122440976181e-01
1.650815629569104750e+15,3.742913122440976181e-01
1.650815629571021750e+15,3.742913122440976736e-01
1.650815629572938500e+15,3.742913122440976181e-01
1.650815629574855500e+15,3.742913122440976181e-01
1.650815629576772500e+15,3.742913122440976181e-01
1.650815629578689500e+15,3.742913122440976181e-01
1.650815629580606250e+15,3.742913122440976181e-01
1.650815629582523250e+15,3.742913122440976736e-01
1.650815629584440250e+15,3.742913122440976181e-01
1.650815629586357000e+15,3.742913122440975071e-01
1.650815629588274000e+15,3.742913122440975071e-01
1.650815629590191000e+15,3.742913122440973961e-01
1.650815629592108000e+15,3.742913122440973406e-01
1.650815629594024750e+15,3.742913122440972851e-01
1.650815629595941750e+15,3.742913122440971740e-01
1.650815629597858750e+15,3.742913122440971185e-01
1.650815629599775500e+15,3.742913122440970630e-01
1.650815629601692500e+15,3.742913122440969520e-01
1.650815629603609500e+15,3.742913122440968410e-01
1.650815629605526500e+15,3.742913122440967300e-01
1.650815629607443250e+15,3.742913122440966744e-01
1.650815629609360250e+15,3.742913122440966189e-01
1.650815629611277250e+15,3.742913122440965634e-01
1.650815629613194000e+15,3.742913122440965634e-01
1.650815629615111000e+15,3.742913122440965079e-01
1.650815629617028000e+15,3.742913122440965079e-01
1.650815629618945000e+15,3.742913122440964524e-01
1.650815629620861750e+15,3.742913122440963969e-01
1.650815629622778750e+15,3.742913122440963969e-01
1.650815629624695750e+15,3.742913122440963414e-01
1.650815629626612500e+15,3.742913122440962859e-01
1.650815629628529500e+15,3.742913122440962859e-01
1.650815629630446500e+15,3.742913122440963969e-01
1.650815629632363500e+15,3.742913122440964524e-01
1.650815629634280250e+15,3.742913122440966189e-01
1.650815629636197250e+15,3.742913122440966189e-01
1.650815629638114250e+15,3.742913122440967300e-01
1.650815629640031000e+15,3.742913122440967300e-01
1.650815629641948000e+15,3.742913122440967300e-01
1.650815629643865000e+15,3.742913122440967300e-01
1.650815629645782000e+15,3.742913122440967300e-01
1.650815629647698750e+15,3.742913122440967300e-01
1.650815629649615750e+15,3.742913122440967300e-01
1.650815629651532750e+15,3.742913122440967300e-01
1.650815629653449500e+15,3.742913122440967300e-01
1.650815629655366500e+15,3.742913122440967855e-01
1.650815629657283500e+15,3.742913122440967300e-01
1.650815629659200500e+15,3.742913122440967300e-01
1.650815629661117250e+15,3.742913122440967300e-01
1.650815629663034250e+15,3.742913122440967300e-01
1.650815629664951250e+15,3.742913122440967300e-01
1.650815629666868250e+15,3.742913122440967300e-01
1.650815629668785000e+15,3.742913122440967300e-01
1.650815629670702000e+15,3.742913122440966744e-01
1.650815629672619000e+15,3.742913122440967300e-01
1.650815629674535750e+15,3.742913122440967300e-01
1.650815629676452750e+15,3.742913122440967855e-01
1.650815629678369750e+15,3.742913122440967300e-01
1.650815629680286750e+15,3.742913122440967300e-01
1.650815629682203500e+15,3.742913122440967300e-01
1.650815629684120500e+15,3.742913122440967300e-01
1.650815629686037500e+15,3.742913122440967300e-01
1.650815629687954250e+15,3.742913122440967300e-01
1.650815629689871250e+15,3.742913122440967300e-01
1.650815629691788250e+15,3.742913122440967300e-01
1.650815629693705250e+15,3.742913122440967300e-01
1.650815629695622000e+15,3.742913122440967300e-01
1.650815629697539000e+15,3.742913122440967300e-01
1.650815629699456000e+15,3.742913122440967300e-01
1.650815629701372750e+15,3.742913122440967300e-01
1.650815629703289750e+15,3.742913122440967300e-01
1.650815629705206750e+15,3.736775062660610547e-01
1.650815629707123750e+15,3.727673023906834526e-01
1.650815629709040500e+15,3.718572172169066770e-01
1.650815629710957500e+15,3.709470133415290749e-01
1.650815629712874500e+15,3.700368094661514728e-01
1.650815629714791250e+15,3.691267242923746972e-01
1.650815629716708250e+15,3.682165204169970951e-01
1.650815629718625250e+15,3.691139428250392318e-01
1.650815629720542250e+15,3.701415102821462022e-01
1.650815629722459000e+15,3.711689437320209728e-01
1.650815629724376000e+15,3.721965111891279987e-01
1.650815629726293000e+15,3.732240786462349691e-01
1.650815629728209750e+15,3.742515120961097397e-01
1.650815629730126750e+15,3.742913122440963414e-01
1.650815629732043750e+15,3.742913122440962859e-01
1.650815629733960750e+15,3.742913122440962859e-01
1.650815629735877500e+15,3.742913122440962859e-01
1.650815629737794500e+15,3.742913122440962859e-01
1.650815629739711500e+15,3.742913122440962859e-01
1.650815629741628500e+15,3.742913122440962859e-01
1.650815629743545250e+15,3.742913122440962859e-01
1.650815629745462250e+15,3.742913122440962859e-01
1.650815629747379250e+15,3.742913122440962859e-01
1.650815629749296000e+15,3.742913122440963969e-01
1.650815629751213000e+15,3.742913122440963969e-01
1.650815629753130000e+15,3.742913122440965079e-01
1.650815629755047000e+15,3.742913122440965634e-01
1.650815629756963750e+15,3.742913122440966189e-01
1.650815629758880750e+15,3.742913122440967300e-01
1.650815629760797750e+15,3.742913122440967300e-01
1.650815629762714500e+15,3.742913122440967300e-01
1.650815629764631500e+15,3.742913122440967300e-01
1.650815629766548500e+15,3.742913122440967300e-01
1.650815629768465500e+15,3.742913122440967300e-01
1.650815629770382250e+15,3.742913122440967300e-01
1.650815629772299250e+15,3.742913122440966744e-01
1.650815629774216250e+15,3.742913122440966744e-01
1.650815629776133000e+15,3.742913122440966189e-01
1.650815629778050000e+15,3.742913122440965079e-01
1.650815629779967000e+15,3.742913122440965079e-01
1.650815629781884000e+15,3.742913122440965079e-01
1.650815629783800750e+15,3.742913122440963969e-01
1.650815629785717750e+15,3.742913122440963969e-01
1.650815629787634750e+15,3.742913122440963969e-01
1.650815629789551500e+15,3.742913122440962859e-01
1.650815629791468500e+15,3.742913122440963414e-01
1.650815629793385500e+15,3.742913122440963969e-01
1.650815629795302500e+15,3.742913122440965079e-01
1.650815629797219250e+15,3.742913122440965634e-01
1.650815629799136250e+15,3.742913122440966189e-01
1.650815629801053250e+15,3.742913122440967300e-01
1.650815629802970000e+15,3.742913122440967300e-01
1.650815629804887000e+15,3.742913122440966744e-01
1.650815629806804000e+15,3.742913122440966744e-01
1.650815629808721000e+15,3.742913122440965634e-01
1.650815629810637750e+15,3.742913122440965079e-01
1.650815629812554750e+15,3.742913122440965079e-01
1.650815629814471750e+15,3.742913122440965079e-01
1.650815629816388750e+15,3.742913122440964524e-01
1.650815629818305500e+15,3.742913122440963969e-01
1.650815629820222500e+15,3.742913122440963969e-01
1.650815629822139500e+15,3.742913122440963414e-01
1.650815629824056250e+15,3.742913122440962859e-01
1.650815629825973250e+15,3.742913122440962859e-01
1.650815629827890250e+15,3.742913122440962859e-01
1.650815629829807250e+15,3.742913122440962859e-01
1.650815629831724000e+15,3.742913122440962859e-01
1.650815629833641000e+15,3.742913122440962859e-01
1.650815629835558000e+15,3.742913122440962859e-01
1.650815629837474750e+15,3.742913122440962859e-01
1.650815629839391750e+15,3.742913122440962859e-01
1.650815629841308750e+15,3.742913122440962859e-01
1.650815629843225750e+15,3.742913122440962859e-01
1.650815629845142500e+15,3.742913122440962859e-01
1.650815629847059500e+15,3.742913122440962859e-01
1.650815629848976500e+15,3.742913122440962859e-01
1.650815629850893250e+15,3.742913122440963969e-01
1.650815629852810250e+15,3.742913122440965079e-01
1.650815629854727250e+15,3.742913122440966189e-01
1.650815629856644250e+15,3.742913122440967300e-01
1.650815629858561000e+15,3.742913122440966189e-01
1.650815629860478000e+15,3.742913122440966189e-01
1.650815629862395000e+15,3.742913122440966189e-01
1.650815629864311750e+15,3.742913122440965079e-01
1.650815629866228750e+15,3.742913122440965079e-01
1.650815629868145750e+15,3.742913122440963969e-01
1.650815629870062750e+15,3.742913122440963414e-01
1.650815629871979500e+15,3.742913122440962859e-01
1.650815629873896500e+15,3.742913122440962304e-01
1.650815629875813500e+15,3.742913122440962859e-01
1.650815629877730250e+15,3.742913122440962859e-01
1.650815629879647250e+15,3.742913122440962859e-01
1.650815629881564250e+15,3.742913122440962859e-01
1.650815629883481250e+15,3.742913122440962304e-01
1.650815629885398000e+15,3.742913122440963414e-01
1.650815629887315000e+15,3.742913122440963414e-01
1.650815629889232000e+15,3.742913122440962859e-01
1.650815629891149000e+15,3.742913122440962859e-01
1.650815629893065750e+15,3.742913122440962859e-01
1.650815629894982750e+15,3.742913122440962859e-01
1.650815629896899750e+15,3.742913122440962859e-01
1.650815629898816500e+15,3.742913122440962859e-01
1.650815629900733500e+15,3.742913122440962859e-01
1.650815629902650500e+15,3.742913122440962859e-01
1.650815629904567500e+15,3.742913122440962859e-01
1.650815629906484250e+15,3.742913122440962859e-01
1.650815629908401250e+15,3.742913122440962859e-01
1.650815629910318250e+15,3.742913122440962859e-01
1.650815629912235000e+15,3.742913122440962859e-01
1.650815629914152000e+15,3.742913122440962859e-01
1.650815629916069000e+15,3.742913122440962859e-01
1.650815629917986000e+15,3.742913122440962859e-01
1.650815629919902750e+15,3.742913122440962859e-01
1.650815629921819750e+15,3.742913122440962859e-01
1.650815629923736750e+15,3.742913122440963414e-01
1.650815629925653500e+15,3.742913122440963414e-01
1.650815629927570500e+15,3.742913122440962859e-01
1.650815629929487500e+15,3.742913122440963414e-01
1.650815629931404500e+15,3.742913122440963414e-01
1.650815629933321250e+15,3.742913122440962859e-01
1.650815629935238250e+15,3.742913122440962859e-01
1.650815629937155250e+15,3.742913122440962859e-01
1.650815629939072000e+15,3.742913122440962859e-01
1.650815629940989000e+15,3.742913122440962304e-01
1.650815629942906000e+15,3.742913122440962859e-01
1.650815629944823000e+15,3.742913122440962859e-01
1.650815629946739750e+15,3.742913122440962859e-01
1.650815629948656750e+15,3.742913122440963414e-01
1.650815629950573750e+15,3.742913122440962859e-01
1.650815629952490500e+15,3.742913122440962859e-01
1.650815629954407500e+15,3.742913122440962859e-01
1.650815629956324500e+15,3.742913122440962859e-01
1.650815629958241500e+15,3.742913122440962859e-01
1.650815629960158250e+15,3.742913122440962304e-01
1.650815629962075250e+15,3.742913122440962859e-01
1.650815629963992250e+15,3.742913122440962859e-01
1.650815629965909000e+15,3.742913122440962859e-01
1.650815629967826000e+15,3.742913122440962859e-01
1.650815629969743000e+15,3.742913122440962859e-01
1.650815629971660000e+15,3.742913122440962859e-01
1.650815629973576750e+15,3.742913122440962859e-01
1.650815629975493750e+15,3.742913122440962859e-01
1.650815629977410750e+15,3.742913122440962859e-01
1.650815629979327750e+15,3.742913122440962859e-01
1.650815629981244500e+15,3.742913122440963414e-01
1.650815629983161500e+15,3.742913122440962304e-01
1.650815629985078500e+15,3.742913122440962859e-01
1.650815629986995250e+15,3.742913122440962859e-01
1.650815629988912250e+15,3.742913122440962859e-01
1.650815629990829250e+15,3.742913122440962859e-01
1.650815629992746250e+15,3.742913122440962304e-01
1.650815629994663000e+15,3.742913122440962859e-01
1.650815629996580000e+15,3.742913122440962859e-01
1.650815629998497000e+15,3.742913122440962859e-01
1.650815630000413750e+15,3.742913122440962859e-01
1.650815630002330750e+15,3.742913122440962304e-01
1.650815630004247750e+15,3.742913122440962859e-01
1.650815630006164750e+15,3.742913122440962859e-01
1.650815630008081500e+15,3.742913122440962859e-01
1.650815630009998500e+15,3.742913122440962859e-01
1.650815630011915500e+15,3.742913122440962859e-01
1.650815630013832250e+15,3.742913122440962859e-01
1.650815630015749250e+15,3.742913122440962304e-01
1.650815630017666250e+15,3.742913122440962859e-01
1.650815630019583250e+15,3.742913122440962859e-01
1.650815630021500000e+15,3.742913122440962859e-01
1.650815630023417000e+15,3.742913122440962859e-01
1.650815630025334000e+15,3.742913122440962859e-01
1.650815630027250750e+15,3.742913122440962859e-01
1.650815630029167750e+15,3.742913122440962859e-01
1.650815630031084750e+15,3.742913122440962859e-01
1.650815630033001750e+15,3.742913122440962859e-01
1.650815630034918500e+15,3.742913122440962859e-01
1.650815630036835500e+15,3.742913122440963414e-01
1.650815630038752500e+15,3.742913122440962859e-01
1.650815630040669250e+15,3.742913122440962859e-01
1.650815630042586250e+15,3.742913122440962859e-01
1.650815630044503250e+15,3.742913122440962859e-01
1.650815630046420250e+15,3.742913122440962859e-01
1.650815630048337000e+15,3.742913122440963414e-01
1.650815630050254000e+15,3.742913122440962859e-01
1.650815630052171000e+15,3.742913122440962859e-01
1.650815630054088000e+15,3.742913122440963414e-01
1.650815630056004750e+15,3.742913122440962859e-01
1.650815630057921750e+15,3.742913122440962859e-01
1.650815630059838750e+15,3.742913122440963414e-01
1.650815630061755500e+15,3.742913122440962859e-01
1.650815630063672500e+15,3.742913122440962859e-01
1.650815630065589500e+15,3.742913122440962859e-01
1.650815630067506500e+15,3.742913122440962859e-01
1.650815630069423250e+15,3.742913122440962859e-01
1.650815630071340250e+15,3.742913122440963414e-01
1.650815630073257250e+15,3.742913122440963414e-01
1.650815630075174000e+15,3.742913122440962859e-01
1.650815630077091000e+15,3.742913122440962859e-01
1.650815630079008000e+15,3.742913122440963414e-01
1.650815630080925000e+15,3.742913122440963414e-01
1.650815630082841750e+15,3.742913122440962304e-01
1.650815630084758750e+15,3.742913122440962859e-01
1.650815630086675750e+15,3.742913122440962859e-01
1.650815630088592500e+15,3.742913122440962859e-01
1.650815630090509500e+15,3.742913122440962859e-01
1.650815630092426500e+15,3.742913122440962859e-01
1.650815630094343500e+15,3.742913122440962859e-01
1.650815630096260250e+15,3.742913122440962859e-01
1.650815630098177250e+15,3.742913122440962859e-01
1.650815630100094250e+15,3.742913122440962859e-01
1.650815630102011000e+15,3.742913122440962859e-01
1.650815630103928000e+15,3.742913122440962859e-01
1.650815630105845000e+15,3.742913122440962859e-01
1.650815630107762000e+15,3.742913122440962859e-01
1.650815630109678750e+15,3.742913122440962859e-01
1.650815630111595750e+15,3.742913122440962859e-01
1.650815630113512750e+15,3.742913122440962859e-01
1.650815630115429500e+15,3.742913122440962859e-01
1.650815630117346500e+15,3.742913122440962859e-01
1.650815630119263500e+15,3.742913122440963414e-01
1.650815630121180500e+15,3.742913122440962859e-01
1.650815630123097250e+15,3.742913122440963414e-01
1.650815630125014250e+15,3.742913122440962859e-01
1.650815630126931250e+15,3.742913122440962859e-01
1.650815630128848250e+15,3.742913122440962859e-01
1.650815630130765000e+15,3.742913122440962859e-01
1.650815630132682000e+15,3.742913122440962859e-01
1.650815630134599000e+15,3.742913122440962859e-01
1.650815630136515750e+15,3.742913122440963414e-01
1.650815630138432750e+15,3.742913122440962859e-01
1.650815630140349750e+15,3.734745157678278082e-01
1.650815630142266750e+15,3.725821955826125187e-01
1.650815630144183500e+15,3.716899917667484399e-01
1.650815630146100500e+15,3.707976715815330948e-01
1.650815630148017500e+15,3.699053513963178053e-01
1.650815630149934250e+15,3.690131475804536709e-01
1.650815630151851250e+15,3.681752492623003858e-01
1.650815630153768250e+15,3.686880027357750667e-01
1.650815630155685250e+15,3.692007562092497475e-01
1.650815630157602000e+15,3.697134428134659645e-01
1.650815630159519000e+15,3.702261962869407008e-01
1.650815630161436000e+15,3.707389497604153261e-01
1.650815630163352750e+15,3.712516363646316542e-01
1.650815630165269750e+15,3.717643898381063350e-01
1.650815630167186750e+15,3.722771433115810158e-01
1.650815630169103750e+15,3.727898967850556411e-01
1.650815630171020500e+15,3.733025833892719691e-01
1.650815630172937500e+15,3.738153368627465944e-01
1.650815630174854500e+15,3.743316936844516829e-01
1.650815630176771250e+15,3.748946109630004742e-01
1.650815630178688250e+15,3.754576016623499268e-01
1.650815630180605250e+15,3.760205923616993240e-01
1.650815630182522250e+15,3.765835830610487767e-01
1.650815630184439000e+15,3.771465003395975124e-01
1.650815630186356000e+15,3.777094910389469096e-01
1.650815630188273000e+15,3.782724817382964178e-01
1.650815630190189750e+15,3.788353990168451535e-01
1.650815630192106750e+15,3.793983897161946062e-01
1.650815630194023750e+15,3.799613804155440033e-01
1.650815630195940750e+15,3.804272353956394959e-01
1.650815630197857500e+15,3.804272353956394404e-01
1.650815630199774500e+15,3.804272353956394404e-01
1.650815630201691500e+15,3.804272353956393848e-01
1.650815630203608500e+15,3.804272353956393848e-01
1.650815630205525250e+15,3.804272353956392738e-01
1.650815630207442250e+15,3.804272353956392738e-01
1.650815630209359250e+15,3.804272353956392738e-01
1.650815630211276000e+15,3.804272353956392183e-01
1.650815630213193000e+15,3.804272353956391628e-01
1.650815630215110000e+15,3.804272353956391073e-01
1.650815630217027000e+15,3.804272353956391073e-01
1.650815630218943750e+15,3.804272353956390518e-01
1.650815630220860750e+15,3.804272353956390518e-01
1.650815630222777750e+15,3.804272353956390518e-01
1.650815630224694500e+15,3.804272353956390518e-01
1.650815630226611500e+15,3.804272353956390518e-01
1.650815630228528500e+15,3.804272353956390518e-01
1.650815630230445500e+15,3.804272353956390518e-01
1.650815630232362250e+15,3.804272353956391073e-01
1.650815630234279250e+15,3.804272353956391628e-01
1.650815630236196250e+15,3.804272353956392738e-01
1.650815630238113000e+15,3.804272353956393848e-01
1.650815630240030000e+15,3.804272353956394959e-01
1.650815630241947000e+15,3.804272353956394959e-01
1.650815630243864000e+15,3.804272353956394959e-01
1.650815630245780750e+15,3.804272353956394959e-01
1.650815630247697750e+15,3.804272353956394959e-01
1.650815630249614750e+15,3.804272353956395514e-01
1.650815630251531500e+15,3.804272353956394959e-01
1.650815630253448500e+15,3.804272353956394404e-01
1.650815630255365500e+15,3.804272353956393848e-01
1.650815630257282500e+15,3.804272353956393848e-01
1.650815630259199250e+15,3.804272353956392738e-01
1.650815630261116250e+15,3.804272353956392183e-01
1.650815630263033250e+15,3.804272353956391628e-01
1.650815630264950000e+15,3.804272353956391628e-01
1.650815630266867000e+15,3.804272353956390518e-01
1.650815630268784000e+15,3.804272353956390518e-01
1.650815630270701000e+15,3.804272353956390518e-01
1.650815630272617750e+15,3.804272353956389963e-01
1.650815630274534750e+15,3.804272353956390518e-01
1.650815630276451750e+15,3.804272353956389963e-01
1.650815630278368500e+15,3.804272353956390518e-01
1.650815630280285500e+15,3.804272353956390518e-01
1.650815630282202500e+15,3.804272353956389963e-01
1.650815630284119500e+15,3.804272353956389963e-01
1.650815630286036250e+15,3.804272353956389963e-01
1.650815630287953250e+15,3.804272353956391073e-01
1.650815630289870250e+15,3.804272353956391628e-01
1.650815630291787250e+15,3.804272353956392738e-01
1.650815630293704000e+15,3.804272353956393848e-01
1.650815630295621000e+15,3.804272353956394959e-01
1.650815630297538000e+15,3.804272353956394959e-01
1.650815630299454750e+15,3.804272353956394959e-01
1.650815630301371750e+15,3.804272353956394959e-01
1.650815630303288750e+15,3.804272353956394959e-01
1.650815630305205750e+15,3.804272353956394959e-01
1.650815630307122500e+15,3.804272353956395514e-01
1.650815630309039500e+15,3.804272353956394959e-01
1.650815630310956500e+15,3.804272353956394959e-01
1.650815630312873250e+15,3.804272353956394959e-01
1.650815630314790250e+15,3.804272353956394959e-01
1.650815630316707250e+15,3.804272353956394959e-01
1.650815630318624250e+15,3.804272353956394959e-01
1.650815630320541000e+15,3.804272353956394959e-01
1.650815630322458000e+15,3.804272353956394959e-01
1.650815630324375000e+15,3.804272353956394959e-01
1.650815630326291750e+15,3.804272353956394959e-01
1.650815630328208750e+15,3.804272353956394404e-01
1.650815630330125750e+15,3.804272353956394959e-01
1.650815630332042750e+15,3.804272353956394959e-01
1.650815630333959500e+15,3.804272353956394959e-01
1.650815630335876500e+15,3.804272353956394959e-01
1.650815630337793500e+15,3.804272353956394959e-01
1.650815630339710250e+15,3.804272353956394959e-01
1.650815630341627250e+15,3.804272353956394404e-01
1.650815630343544250e+15,3.804272353956394959e-01
1.650815630345461250e+15,3.804272353956394959e-01
1.650815630347378000e+15,3.804272353956394959e-01
1.650815630349295000e+15,3.804272353956394404e-01
1.650815630351212000e+15,3.804272353956394959e-01
1.650815630353128750e+15,3.804272353956394959e-01
1.650815630355045750e+15,3.804272353956394959e-01
1.650815630356962750e+15,3.804272353956394959e-01
1.650815630358879750e+15,3.804272353956394959e-01
1.650815630360796500e+15,3.804272353956394959e-01
1.650815630362713500e+15,3.804272353956394959e-01
1.650815630364630500e+15,3.804272353956395514e-01
1.650815630366547500e+15,3.804272353956394959e-01
1.650815630368464250e+15,3.804272353956394404e-01
1.650815630370381250e+15,3.804272353956394959e-01
1.650815630372298250e+15,3.804272353956394959e-01
1.650815630374215000e+15,3.804272353956394959e-01
1.650815630376132000e+15,3.804272353956394959e-01
1.650815630378049000e+15,3.804272353956394959e-01
1.650815630379966000e+15,3.804272353956394959e-01
1.650815630381882750e+15,3.804272353956394959e-01
1.650815630383799750e+15,3.804272353956394959e-01
1.650815630385716750e+15,3.804272353956394959e-01
1.650815630387633500e+15,3.804272353956394404e-01
1.650815630389550500e+15,3.804272353956394959e-01
1.650815630391467500e+15,3.804272353956394959e-01
1.650815630393384500e+15,3.804272353956394959e-01
1.650815630395301250e+15,3.804272353956394959e-01
1.650815630397218250e+15,3.804272353956394959e-01
1.650815630399135250e+15,3.804272353956394959e-01
1.650815630401052000e+15,3.804272353956394959e-01
1.650815630402969000e+15,3.804272353956395514e-01
1.650815630404886000e+15,3.804272353956394959e-01
1.650815630406803000e+15,3.804272353956394959e-01
1.650815630408719750e+15,3.804272353956394959e-01
1.650815630410636750e+15,3.804272353956395514e-01
1.650815630412553750e+15,3.804272353956394959e-01
1.650815630414470500e+15,3.804272353956394959e-01
1.650815630416387500e+15,3.804272353956394959e-01
1.650815630418304500e+15,3.804272353956394959e-01
1.650815630420221500e+15,3.804272353956394959e-01
1.650815630422138250e+15,3.804272353956394959e-01
1.650815630424055250e+15,3.804272353956394959e-01
1.650815630425972250e+15,3.804272353956394959e-01
1.650815630427889000e+15,3.804272353956394959e-01
1.650815630429806000e+15,3.804272353956394959e-01
1.650815630431723000e+15,3.804272353956394959e-01
1.650815630433640000e+15,3.804272353956394959e-01
1.650815630435556750e+15,3.804272353956394959e-01
1.650815630437473750e+15,3.804272353956394959e-01
1.650815630439390750e+15,3.804272353956394959e-01
1.650815630441307750e+15,3.804272353956394959e-01
1.650815630443224500e+15,3.804272353956394404e-01
1.650815630445141500e+15,3.804272353956394404e-01
1.650815630447058500e+15,3.804272353956394404e-01
1.650815630448975250e+15,3.804272353956394404e-01
1.650815630450892250e+15,3.804272353956394959e-01
1.650815630452809250e+15,3.804272353956394959e-01
1.650815630454726250e+15,3.804272353956393848e-01
1.650815630456643000e+15,3.804272353956394404e-01
1.650815630458560000e+15,3.804272353956394404e-01
1.650815630460477000e+15,3.804272353956394959e-01
1.650815630462393750e+15,3.804272353956394959e-01
1.650815630464310750e+15,3.804272353956394959e-01
1.650815630466227750e+15,3.804272353956394959e-01
1.650815630468144750e+15,3.804272353956394959e-01
1.650815630470061500e+15,3.804272353956394959e-01
1.650815630471978500e+15,3.804272353956394959e-01
1.650815630473895500e+15,3.804272353956394404e-01
1.650815630475812250e+15,3.804272353956394959e-01
1.650815630477729250e+15,3.804272353956394959e-01
1.650815630479646250e+15,3.804272353956394959e-01
1.650815630481563250e+15,3.804272353956394959e-01
1.650815630483480000e+15,3.804272353956394959e-01
1.650815630485397000e+15,3.804272353956394959e-01
1.650815630487314000e+15,3.804272353956394959e-01
1.650815630489230750e+15,3.804272353956394959e-01
1.650815630491147750e+15,3.804272353956394959e-01
1.650815630493064750e+15,3.804272353956394959e-01
1.650815630494981750e+15,3.804272353956394959e-01
1.650815630496898500e+15,3.804272353956394959e-01
1.650815630498815500e+15,3.804272353956394404e-01
1.650815630500732500e+15,3.804272353956394959e-01
1.650815630502649250e+15,3.804272353956394404e-01
1.650815630504566250e+15,3.804272353956394959e-01
1.650815630506483250e+15,3.804272353956394959e-01
1.650815630508400250e+15,3.804272353956394959e-01
1.650815630510317000e+15,3.804272353956394959e-01
1.650815630512234000e+15,3.804272353956394959e-01
1.650815630514151000e+15,3.804272353956394959e-01
1.650815630516068000e+15,3.804272353956394959e-01
1.650815630517984750e+15,3.804272353956394959e-01
1.650815630519901750e+15,3.804272353956394404e-01
1.650815630521818750e+15,3.804272353956394959e-01
1.650815630523735500e+15,3.804272353956394404e-01
1.650815630525652500e+15,3.804272353956395514e-01
1.650815630527569500e+15,3.804272353956394959e-01
1.650815630529486500e+15,3.804272353956394959e-01
1.650815630531403250e+15,3.804272353956394959e-01
1.650815630533320250e+15,3.804272353956394959e-01
1.650815630535237250e+15,3.804272353956394959e-01
1.650815630537154000e+15,3.804272353956394959e-01
1.650815630539071000e+15,3.804272353956394959e-01
1.650815630540988000e+15,3.804272353956394959e-01
1.650815630542905000e+15,3.804272353956394959e-01
1.650815630544821750e+15,3.804272353956395514e-01
1.650815630546738750e+15,3.804272353956395514e-01
1.650815630548655750e+15,3.804272353956395514e-01
1.650815630550572500e+15,3.804272353956394959e-01
1.650815630552489500e+15,3.804272353956394959e-01
1.650815630554406500e+15,3.804272353956395514e-01
1.650815630556323500e+15,3.804272353956395514e-01
1.650815630558240250e+15,3.804272353956394959e-01
1.650815630560157250e+15,3.804272353956394959e-01
1.650815630562074250e+15,3.804272353956394959e-01
1.650815630563991000e+15,3.804272353956394404e-01
1.650815630565908000e+15,3.804272353956394959e-01
1.650815630567825000e+15,3.804272353956394959e-01
1.650815630569742000e+15,3.804272353956394959e-01
1.650815630571658750e+15,3.804272353956394959e-01
1.650815630573575750e+15,3.804272353956394959e-01
1.650815630575492750e+15,3.804272353956394959e-01
1.650815630577409500e+15,3.804272353956394404e-01
1.650815630579326500e+15,3.796312474736232012e-01
1.650815630581243500e+15,3.787453787673792371e-01
1.650815630583160500e+15,3.778595100611352731e-01
1.650815630585077250e+15,3.769737568828915864e-01
1.650815630586994250e+15,3.760878881766476223e-01
1.650815630588911250e+15,3.752020194704036027e-01
1.650815630590828000e+15,3.743162662921599160e-01
1.650815630592745000e+15,3.742913122440966744e-01
1.650815630594662000e+15,3.742913122440967300e-01
1.650815630596579000e+15,3.742913122440967300e-01
1.650815630598495750e+15,3.742913122440966744e-01
1.650815630600412750e+15,3.742913122440967300e-01
1.650815630602329750e+15,3.744248513641467158e-01
1.650815630604246750e+15,3.754794115830374368e-01
1.650815630606163500e+15,3.765338342745130906e-01
1.650815630608080500e+15,3.775883944934038672e-01
1.650815630609997500e+15,3.786429547122945882e-01
1.650815630611914250e+15,3.796973774037702976e-01
1.650815630613831250e+15,3.804272353956394959e-01
1.650815630615748250e+15,3.804272353956394959e-01
1.650815630617665250e+15,3.804272353956394959e-01
1.650815630619582000e+15,3.804272353956394959e-01
1.650815630621499000e+15,3.804272353956394959e-01
1.650815630623416000e+15,3.802914070740716079e-01
1.650815630625332750e+15,3.791291350411910566e-01
1.650815630627249750e+15,3.779667114142015727e-01
1.650815630629166750e+15,3.768042877872120888e-01
1.650815630631083750e+15,3.756418641602224939e-01
1.650815630633000500e+15,3.744795921273419426e-01
1.650815630634917500e+15,3.742913122440971185e-01
1.650815630636834500e+15,3.742913122440971185e-01
1.650815630638751250e+15,3.742913122440970630e-01
1.650815630640668250e+15,3.742913122440970075e-01
1.650815630642585250e+15,3.742913122440969520e-01
1.650815630644502250e+15,3.742913122440969520e-01
1.650815630646419000e+15,3.742913122440968965e-01
1.650815630648336000e+15,3.742913122440968410e-01
1.650815630650253000e+15,3.742913122440968410e-01
1.650815630652169750e+15,3.742913122440967855e-01
1.650815630654086750e+15,3.742913122440967855e-01
1.650815630656003750e+15,3.742913122440967300e-01
1.650815630657920750e+15,3.742913122440967300e-01
1.650815630659837500e+15,3.742913122440967300e-01
1.650815630661754500e+15,3.742913122440967300e-01
1.650815630663671500e+15,3.742913122440967300e-01
1.650815630665588250e+15,3.742913122440967300e-01
1.650815630667505250e+15,3.742913122440966744e-01
1.650815630669422250e+15,3.742913122440966744e-01
1.650815630671339250e+15,3.742913122440967300e-01
1.650815630673256000e+15,3.742913122440967300e-01
1.650815630675173000e+15,3.742913122440967300e-01
1.650815630677090000e+15,3.742913122440967300e-01
1.650815630679007000e+15,3.742913122440967300e-01
1.650815630680923750e+15,3.742913122440967300e-01
1.650815630682840750e+15,3.742913122440967300e-01
1.650815630684757750e+15,3.742913122440966744e-01
1.650815630686674500e+15,3.742913122440967300e-01
1.650815630688591500e+15,3.742913122440967300e-01
1.650815630690508500e+15,3.742913122440967300e-01
1.650815630692425500e+15,3.742913122440967300e-01
1.650815630694342250e+15,3.733522976483742428e-01
1.650815630696259250e+15,3.721460044803394651e-01
1.650815630698176250e+15,3.709397113123046319e-01
1.650815630700093000e+15,3.697335754594978097e-01
1.650815630702010000e+15,3.685272822914629764e-01
1.650815630703927000e+15,3.685499305579281737e-01
1.650815630705844000e+15,3.691203196899962569e-01
1.650815630707760750e+15,3.696906344364185859e-01
1.650815630709677750e+15,3.702610235684866691e-01
1.650815630711594750e+15,3.708314127005547522e-01
1.650815630713511500e+15,3.714017274469770258e-01
1.650815630715428500e+15,3.719721165790451090e-01
1.650815630717345500e+15,3.725425057111132476e-01
1.650815630719262500e+15,3.731128948431813308e-01
1.650815630721179250e+15,3.736832095896036043e-01
1.650815630723096250e+15,3.742535987216717430e-01
1.650815630725013250e+15,3.720830090030500248e-01
1.650815630726930000e+15,3.697186659016523103e-01
1.650815630728847000e+15,3.673540144210838965e-01
1.650815630730764000e+15,3.649893629405155382e-01
1.650815630732681000e+15,3.626247114599471799e-01
1.650815630734597750e+15,3.602603683585494654e-01
1.650815630736514750e+15,3.578957168779811626e-01
1.650815630738431750e+15,3.562902086924156775e-01
1.650815630740348500e+15,3.590180367570612319e-01
1.650815630742265500e+15,3.617462206098983613e-01
1.650815630744182500e+15,3.644744044627353241e-01
1.650815630746099500e+15,3.672025883155724535e-01
1.650815630748016250e+15,3.675628658538766524e-01
1.650815630749933250e+15,3.666521686812607150e-01
1.650815630751850250e+15,3.657414715086447221e-01
1.650815630753767250e+15,3.648307743360287292e-01
1.650815630755684000e+15,3.639201959293455468e-01
1.650815630757601000e+15,3.630094987567295539e-01
1.650815630759518000e+15,3.620988015841136165e-01
1.650815630761434750e+15,3.611882231774303786e-01
1.650815630763351750e+15,3.602775260048144412e-01
1.650815630765268750e+15,3.593668288321983928e-01
1.650815630767185750e+15,3.584561316595824554e-01
1.650815630769102500e+15,3.575455532528992730e-01
1.650815630771019500e+15,3.566348560802832801e-01
1.650815630772936500e+15,3.560468850268200813e-01
1.650815630774853250e+15,3.569800779730013529e-01
1.650815630776770250e+15,3.579133926347096706e-01
1.650815630778687250e+15,3.588467072964179883e-01
1.650815630780604250e+15,3.597800219581263059e-01
1.650815630782521000e+15,3.607132149043075775e-01
1.650815630784438000e+15,3.616465295660158952e-01
1.650815630786355000e+15,3.626926570140678319e-01
1.650815630788271750e+15,3.638137160838147977e-01
1.650815630790188750e+15,3.649349213723004914e-01
1.650815630792105750e+15,3.660561266607861297e-01
1.650815630794022750e+15,3.671773319492718235e-01
1.650815630795939500e+15,3.677899687514126770e-01
1.650815630797856500e+15,3.649248939294648664e-01
1.650815630799773500e+15,3.620598191075170558e-01
1.650815630801690250e+15,3.591951179259998961e-01
1.650815630803607250e+15,3.563300431040521410e-01
1.650815630805524250e+15,3.558835427894684877e-01
1.650815630807441250e+15,3.558835427894685988e-01
1.650815630809358000e+15,3.558835427894686543e-01
1.650815630811275000e+15,3.558835427894687653e-01
1.650815630813192000e+15,3.558835427894688208e-01
1.650815630815108750e+15,3.558835427894688763e-01
1.650815630817025750e+15,3.558835427894689873e-01
1.650815630818942750e+15,3.558835427894690984e-01
1.650815630820859750e+15,3.558835427894690984e-01
1.650815630822776500e+15,3.558835427894692094e-01
1.650815630824693500e+15,3.558835427894692649e-01
1.650815630826610500e+15,3.558835427894693204e-01
1.650815630828527250e+15,3.558835427894693204e-01
1.650815630830444250e+15,3.558835427894693204e-01
1.650815630832361250e+15,3.558835427894693204e-01
1.650815630834278250e+15,3.558835427894693204e-01
1.650815630836195000e+15,3.558835427894692649e-01
1.650815630838112000e+15,3.558835427894692649e-01
1.650815630840029000e+15,3.558835427894692649e-01
1.650815630841946000e+15,3.558835427894690984e-01
1.650815630843862750e+15,3.558835427894689873e-01
1.650815630845779750e+15,3.558835427894687653e-01
1.650815630847696750e+15,3.558835427894686543e-01
1.650815630849613500e+15,3.558835427894684877e-01
1.650815630851530500e+15,3.558835427894684322e-01
1.650815630853447500e+15,3.558835427894684322e-01
1.650815630855364500e+15,3.558835427894684322e-01
1.650815630857281250e+15,3.558835427894684322e-01
1.650815630859198250e+15,3.558835427894684322e-01
1.650815630861115250e+15,3.558835427894684877e-01
1.650815630863032000e+15,3.558835427894684322e-01
1.650815630864949000e+15,3.558835427894684877e-01
1.650815630866866000e+15,3.558835427894684877e-01
1.650815630868783000e+15,3.558835427894684322e-01
1.650815630870699750e+15,3.558835427894684877e-01
1.650815630872616750e+15,3.558835427894684322e-01
1.650815630874533750e+15,3.558835427894684877e-01
1.650815630876450500e+15,3.558835427894684322e-01
1.650815630878367500e+15,3.558835427894684322e-01
1.650815630880284500e+15,3.558835427894684322e-01
1.650815630882201500e+15,3.558835427894684877e-01
1.650815630884118250e+15,3.558835427894684322e-01
1.650815630886035250e+15,3.558835427894683767e-01
1.650815630887952250e+15,3.558835427894684322e-01
1.650815630889869000e+15,3.558835427894684322e-01
1.650815630891786000e+15,3.558835427894684322e-01
1.650815630893703000e+15,3.558835427894684322e-01
1.650815630895620000e+15,3.558835427894683767e-01
1.650815630897536750e+15,3.558835427894684322e-01
1.650815630899453750e+15,3.558835427894684322e-01
1.650815630901370750e+15,3.558835427894684322e-01
1.650815630903287500e+15,3.558835427894684322e-01
1.650815630905204500e+15,3.558835427894684322e-01
1.650815630907121500e+15,3.558835427894684877e-01
1.650815630909038500e+15,3.558835427894684877e-01
1.650815630910955250e+15,3.558835427894684322e-01
1.650815630912872250e+15,3.558835427894685433e-01
1.650815630914789250e+15,3.558835427894684322e-01
1.650815630916706250e+15,3.558835427894684877e-01
1.650815630918623000e+15,3.558835427894684322e-01
1.650815630920540000e+15,3.558835427894683767e-01
1.650815630922457000e+15,3.558835427894683767e-01
1.650815630924373750e+15,3.558835427894683767e-01
1.650815630926290750e+15,3.558835427894682657e-01
1.650815630928207750e+15,3.558835427894682102e-01
1.650815630930124750e+15,3.558835427894682102e-01
1.650815630932041500e+15,3.558835427894681547e-01
1.650815630933958500e+15,3.558835427894680992e-01
1.650815630935875500e+15,3.558835427894680992e-01
1.650815630937792250e+15,3.558835427894680437e-01
1.650815630939709250e+15,3.558835427894680437e-01
1.650815630941626250e+15,3.558835427894679881e-01
1.650815630943543250e+15,3.558835427894679881e-01
1.650815630945460000e+15,3.558835427894679881e-01
1.650815630947377000e+15,3.558835427894679881e-01
1.650815630949294000e+15,3.558835427894679881e-01
1.650815630951210750e+15,3.558835427894679881e-01
1.650815630953127750e+15,3.558835427894679881e-01
1.650815630955044750e+15,3.558835427894679881e-01
1.650815630956961750e+15,3.558835427894679881e-01
1.650815630958878500e+15,3.558835427894679881e-01
1.650815630960795500e+15,3.558835427894679881e-01
1.650815630962712500e+15,3.558835427894679881e-01
1.650815630964629250e+15,3.558835427894679881e-01
1.650815630966546250e+15,3.555009167323911479e-01
1.650815630968463250e+15,3.549782057746741493e-01
1.650815630970380250e+15,3.544554948169572062e-01
1.650815630972297000e+15,3.539328520270750844e-01
1.650815630974214000e+15,3.534101410693581413e-01
1.650815630976131000e+15,3.528874301116411427e-01
1.650815630978047750e+15,3.523647873217590765e-01
1.650815630979964750e+15,3.518420763640420779e-01
1.650815630981881750e+15,3.513193654063250793e-01
1.650815630983798750e+15,3.507966544486081917e-01
1.650815630985715500e+15,3.502740116587260699e-01
1.650815630987632500e+15,3.497513007010090713e-01
1.650815630989549500e+15,3.503131965939558778e-01
1.650815630991466500e+15,3.508827847340704742e-01
1.650815630993383250e+15,3.514522985929982579e-01
1.650815630995300250e+15,3.520218867331128543e-01
1.650815630997217250e+15,3.525914748732275061e-01
1.650815630999134000e+15,3.531609887321553454e-01
1.650815631001051000e+15,3.537305768722699417e-01
1.650815631002968000e+15,3.543001650123845381e-01
1.650815631004885000e+15,3.548697531524990789e-01
1.650815631006801750e+15,3.554392670114269737e-01
1.650815631008718750e+15,3.556515340402163217e-01
1.650815631010635750e+15,3.545969738213257116e-01
1.650815631012552500e+15,3.535425511298500578e-01
1.650815631014469500e+15,3.524879909109593923e-01
1.650815631016386500e+15,3.514334306920687268e-01
1.650815631018303500e+15,3.503788704731780057e-01
1.650815631020220250e+15,3.499565272631511292e-01
1.650815631022137250e+15,3.504771329408313263e-01
1.650815631024054250e+15,3.509977386185115233e-01
1.650815631025971000e+15,3.515182764029108342e-01
1.650815631027888000e+15,3.520388820805910868e-01
1.650815631029805000e+15,3.525594877582712838e-01
1.650815631031722000e+15,3.530800934359514809e-01
1.650815631033638750e+15,3.536006312203508473e-01
1.650815631035555750e+15,3.541212368980310443e-01
1.650815631037472750e+15,3.546418425757112414e-01
1.650815631039389500e+15,3.551623803601105522e-01
1.650815631041306500e+15,3.556829860377908048e-01
1.650815631043223500e+15,3.555931337358908539e-01
1.650815631045140500e+15,3.551207415800070599e-01
1.650815631047057250e+15,3.546484110297773995e-01
1.650815631048974250e+15,3.541760188738935500e-01
1.650815631050891250e+15,3.537036267180097560e-01
1.650815631052808000e+15,3.532312961677801511e-01
1.650815631054725000e+15,3.527589040118963570e-01
1.650815631056642000e+15,3.522865118560125630e-01
1.650815631058559000e+15,3.518141197001287135e-01
1.650815631060475750e+15,3.513417891498991086e-01
1.650815631062392750e+15,3.508693969940152591e-01
1.650815631064309750e+15,3.503970048381314650e-01
1.650815631066226750e+15,3.499246126822476710e-01
1.650815631068143500e+15,3.497476196379264990e-01
1.650815631070060500e+15,3.497476196379265545e-01
1.650815631071977500e+15,3.497476196379265545e-01
1.650815631073894250e+15,3.497476196379265545e-01
1.650815631075811250e+15,3.497476196379265545e-01
1.650815631077728250e+15,3.497476196379265545e-01
1.650815631079645250e+15,3.497476196379265545e-01
1.650815631081562000e+15,3.497476196379265545e-01
1.650815631083479000e+15,3.497476196379265545e-01
1.650815631085396000e+15,3.497476196379265545e-01
1.650815631087312750e+15,3.497476196379266100e-01
1.650815631089229750e+15,3.486693548184885971e-01
1.650815631091146750e+15,3.468901134508426964e-01
1.650815631093063750e+15,3.451108720831967402e-01
1.650815631094980500e+15,3.433318627501580345e-01
1.650815631096897500e+15,3.415526213825120783e-01
1.650815631098814500e+15,3.397733800148662331e-01
1.650815631100731250e+15,3.379943706818274718e-01
1.650815631102648250e+15,3.374757733348414668e-01
1.650815631104565250e+15,3.374757733348414668e-01
1.650815631106482250e+15,3.374757733348414668e-01
1.650815631108399000e+15,3.374757733348414668e-01
1.650815631110316000e+15,3.374757733348414113e-01
1.650815631112233000e+15,3.374757733348414113e-01
1.650815631114149750e+15,3.374757733348414113e-01
1.650815631116066750e+15,3.374757733348413002e-01
1.650815631117983750e+15,3.374757733348412447e-01
1.650815631119900750e+15,3.374757733348411892e-01
1.650815631121817500e+15,3.374757733348411337e-01
1.650815631123734500e+15,3.374757733348410227e-01
1.650815631125651500e+15,3.374757733348409117e-01
1.650815631127568250e+15,3.374757733348409117e-01
1.650815631129485250e+15,3.374757733348408006e-01
1.650815631131402250e+15,3.374757733348408006e-01
1.650815631133319250e+15,3.374757733348406896e-01
1.650815631135236000e+15,3.374757733348405786e-01
1.650815631137153000e+15,3.374757733348406341e-01
1.650815631139070000e+15,3.374757733348405786e-01
1.650815631140986750e+15,3.374757733348405786e-01
1.650815631142903750e+15,3.374757733348406341e-01
1.650815631144820750e+15,3.374757733348405786e-01
1.650815631146737750e+15,3.374757733348406341e-01
1.650815631148654500e+15,3.388699957854695022e-01
1.650815631150571500e+15,3.410176249038750496e-01
1.650815631152488500e+15,3.431652540222805969e-01
1.650815631154405500e+15,3.453128831406860888e-01
1.650815631156322250e+15,3.474602321822635176e-01
1.650815631158239250e+15,3.496078613006689539e-01
1.650815631160156250e+15,3.479138513757358830e-01
1.650815631162073000e+15,3.459526990161028714e-01
1.650815631163990000e+15,3.439912908651095447e-01
1.650815631165907000e+15,3.420298827141161624e-01
1.650815631167824000e+15,3.400684745631228356e-01
1.650815631169740750e+15,3.381073222034898240e-01
1.650815631171657750e+15,3.374757733348405786e-01
1.650815631173574750e+15,3.374757733348405786e-01
1.650815631175491500e+15,3.374757733348405786e-01
1.650815631177408500e+15,3.374757733348405786e-01
1.650815631179325500e+15,3.374757733348405786e-01
1.650815631181242500e+15,3.374757733348405786e-01
1.650815631183159250e+15,3.374757733348405786e-01
1.650815631185076250e+15,3.374757733348405786e-01
1.650815631186993250e+15,3.374757733348406341e-01
1.650815631188910000e+15,3.374757733348405786e-01
1.650815631190827000e+15,3.371101675649328944e-01
1.650815631192744000e+15,3.361879751163632246e-01
1.650815631194661000e+15,3.352657826677934993e-01
1.650815631196577750e+15,3.343437104842796881e-01
1.650815631198494750e+15,3.334215180357099628e-01
1.650815631200411750e+15,3.324993255871402376e-01
1.650815631202328500e+15,3.315772534036264818e-01
1.650815631204245500e+15,3.309380244204873645e-01
1.650815631206162500e+15,3.303968934142993974e-01
1.650815631208079500e+15,3.298557624081115414e-01
1.650815631209996250e+15,3.293147019719557256e-01
1.650815631211913250e+15,3.287735709657678140e-01
1.650815631213830250e+15,3.282324399595798470e-01
1.650815631215747000e+15,3.276913795234240867e-01
1.650815631217664000e+15,3.271502485172361752e-01
1.650815631219581000e+15,3.266091175110482636e-01
1.650815631221498000e+15,3.260679865048604076e-01
1.650815631223414750e+15,3.255269260687045363e-01
1.650815631225331750e+15,3.252039270317559350e-01
1.650815631227248750e+15,3.252039270317559350e-01
1.650815631229165750e+15,3.252039270317559350e-01
1.650815631231082500e+15,3.252039270317559350e-01
1.650815631232999500e+15,3.252039270317559350e-01
1.650815631234916500e+15,3.252039270317559350e-01
1.650815631236833250e+15,3.252039270317558795e-01
1.650815631238750250e+15,3.252039270317559350e-01
1.650815631240667250e+15,3.252039270317559350e-01
1.650815631242584250e+15,3.252039270317559350e-01
1.650815631244501000e+15,3.252039270317559350e-01
1.650815631246418000e+15,3.252039270317558795e-01
1.650815631248335000e+15,3.252039270317558795e-01
1.650815631250251750e+15,3.247183532249847682e-01
1.650815631252168750e+15,3.237073893503387145e-01
1.650815631254085750e+15,3.226964254756926609e-01
1.650815631256002750e+15,3.216854616010466628e-01
1.650815631257919500e+15,3.206746295683247649e-01
1.650815631259836500e+15,3.196636656936787668e-01
1.650815631261753500e+15,3.198435291554928006e-01
1.650815631263670250e+15,3.217311330556724691e-01
1.650815631265587250e+15,3.236189831543522244e-01
1.650815631267504250e+15,3.255068332530319797e-01
1.650815631269421250e+15,3.273946833517117350e-01
1.650815631271338000e+15,3.292822872518913480e-01
1.650815631273255000e+15,3.311701373505711032e-01
1.650815631275172000e+15,3.330579874492508030e-01
1.650815631277088750e+15,3.349455913494304715e-01
1.650815631279005750e+15,3.368334414481101713e-01
1.650815631280922750e+15,3.357064142819655705e-01
1.650815631282839750e+15,3.330245709893281392e-01
1.650815631284756500e+15,3.303430774415124782e-01
1.650815631286673500e+15,3.276612341488751579e-01
1.650815631288590500e+15,3.252039270317559350e-01
1.650815631290507250e+15,3.252039270317559350e-01
1.650815631292424250e+15,3.252039270317559350e-01
1.650815631294341250e+15,3.252039270317559350e-01
1.650815631296258250e+15,3.252039270317559350e-01
1.650815631298175000e+15,3.252039270317559350e-01
1.650815631300092000e+15,3.252039270317559350e-01
1.650815631302009000e+15,3.252039270317559350e-01
1.650815631303926000e+15,3.252039270317559350e-01
1.650815631305842750e+15,3.252039270317559350e-01
1.650815631307759750e+15,3.252039270317559350e-01
1.650815631309676750e+15,3.252039270317559350e-01
1.650815631311593500e+15,3.252039270317559350e-01
1.650815631313510500e+15,3.252039270317559350e-01
1.650815631315427500e+15,3.252039270317559350e-01
1.650815631317344500e+15,3.252039270317559350e-01
1.650815631319261250e+15,3.252039270317559350e-01
1.650815631321178250e+15,3.252039270317559350e-01
1.650815631323095250e+15,3.252039270317559350e-01
1.650815631325012000e+15,3.236619725133005332e-01
1.650815631326929000e+15,3.215536081681657499e-01
1.650815631328846000e+15,3.194452438230309110e-01
1.650815631330763000e+15,3.173368794778961277e-01
1.650815631332679750e+15,3.152287900889878536e-01
1.650815631334596750e+15,3.131204257438530703e-01
1.650815631336513750e+15,3.110120613987182314e-01
1.650815631338430500e+15,3.089039720098100128e-01
1.650815631340347500e+15,3.067956076646751740e-01
1.650815631342264500e+15,3.046872433195403906e-01
1.650815631344181500e+15,3.025788789744056073e-01
1.650815631346098250e+15,3.007355345654299517e-01
1.650815631348015250e+15,3.015735628271503099e-01
1.650815631349932250e+15,3.024115910888706682e-01
1.650815631351849000e+15,3.032495100615636430e-01
1.650815631353766000e+15,3.040875383232839457e-01
1.650815631355683000e+15,3.049255665850042485e-01
1.650815631357600000e+15,3.057635948467246623e-01
1.650815631359516750e+15,3.066015138194175815e-01
1.650815631361433750e+15,3.072803950643007709e-01
1.650815631363350750e+15,3.079111294029520107e-01
1.650815631365267500e+15,3.085417814862121966e-01
1.650815631367184500e+15,3.091725158248634919e-01
1.650815631369101500e+15,3.098032501635147318e-01
1.650815631371018500e+15,3.104339845021660271e-01
1.650815631372935250e+15,3.110646365854262130e-01
1.650815631374852250e+15,3.116953709240774528e-01
1.650815631376769250e+15,3.123261052627287482e-01
1.650815631378686250e+15,3.129320807286708472e-01
1.650815631380603000e+15,3.129320807286708472e-01
1.650815631382520000e+15,3.129320807286708472e-01
1.650815631384437000e+15,3.129320807286708472e-01
1.650815631386353750e+15,3.129320807286708472e-01
1.650815631388270750e+15,3.129320807286708472e-01
1.650815631390187750e+15,3.129320807286708472e-01
1.650815631392104750e+15,3.129320807286708472e-01
1.650815631394021500e+15,3.125300728570886699e-01
1.650815631395938500e+15,3.120371728955773083e-01
1.650815631397855500e+15,3.115442729340659467e-01
1.650815631399772250e+15,3.110514372526747562e-01
1.650815631401689250e+15,3.105585372911633391e-01
1.650815631403606250e+15,3.100656373296519774e-01
1.650815631405523250e+15,3.095727373681406158e-01
1.650815631407440000e+15,3.090799016867494253e-01
1.650815631409357000e+15,3.085870017252380082e-01
1.650815631411274000e+15,3.080941017637266466e-01
1.650815631413190750e+15,3.076012660823354561e-01
1.650815631415107750e+15,3.071083661208240945e-01
1.650815631417024750e+15,3.063626580300539692e-01
1.650815631418941750e+15,3.051801341855273075e-01
1.650815631420858500e+15,3.039977645564211350e-01
1.650815631422775500e+15,3.028152407118944733e-01
1.650815631424692500e+15,3.016327168673678116e-01
1.650815631426609250e+15,3.006602344255857595e-01
1.650815631428526250e+15,3.006602344255857595e-01
1.650815631430443250e+15,3.006602344255857595e-01
1.650815631432360250e+15,3.006602344255857595e-01
1.650815631434277000e+15,3.006602344255857595e-01
1.650815631436194000e+15,3.006602344255857595e-01
1.650815631438111000e+15,3.010814235949090811e-01
1.650815631440027750e+15,3.021285239065828465e-01
1.650815631441944750e+15,3.031757607906201968e-01
1.650815631443861750e+15,3.042229976746575471e-01
1.650815631445778750e+15,3.052702345586948418e-01
1.650815631447695500e+15,3.063173348703686072e-01
1.650815631449612500e+15,3.073645717544059575e-01
1.650815631451529500e+15,3.084118086384433077e-01
1.650815631453446250e+15,3.094589089501170731e-01
1.650815631455363250e+15,3.105061458341544789e-01
1.650815631457280250e+15,3.115533827181917736e-01
1.650815631459197250e+15,3.126006196022291239e-01
1.650815631461114000e+15,3.085640450105314181e-01
1.650815631463031000e+15,3.021720415970396978e-01
1.650815631464948000e+15,2.957800381835479775e-01
1.650815631466865000e+15,2.893880347700562017e-01
1.650815631468781750e+15,2.829968649511671597e-01
1.650815631470698750e+15,2.822524649709575173e-01
1.650815631472615750e+15,2.822524649709576283e-01
1.650815631474532500e+15,2.822524649709576838e-01
1.650815631476449500e+15,2.822524649709576838e-01
1.650815631478366500e+15,2.822524649709577949e-01
1.650815631480283500e+15,2.822524649709579059e-01
1.650815631482200250e+15,2.829355316994550673e-01
1.650815631484117250e+15,2.838780826575469374e-01
1.650815631486034250e+15,2.848206336156387519e-01
1.650815631487951000e+15,2.857630616536787072e-01
1.650815631489868000e+15,2.867056126117705217e-01
1.650815631491785000e+15,2.876481635698623363e-01
1.650815631493702000e+15,2.885907145279541508e-01
1.650815631495618750e+15,2.895331425659940505e-01
1.650815631497535750e+15,2.904756935240859206e-01
1.650815631499452750e+15,2.914182444821777906e-01
1.650815631501369500e+15,2.923606725202176904e-01
1.650815631503286500e+15,2.933032234783095049e-01
1.650815631505203500e+15,2.942457744364013195e-01
1.650815631507120500e+15,2.933237949080657048e-01
1.650815631509037250e+15,2.916199150528365203e-01
1.650815631510954250e+15,2.899158129620712510e-01
1.650815631512871250e+15,2.882117108713060372e-01
1.650815631514788000e+15,2.865078310160769082e-01
1.650815631516705000e+15,2.848037289253116944e-01
1.650815631518622000e+15,2.830996268345464251e-01
1.650815631520539000e+15,2.822524649709579059e-01
1.650815631522455750e+15,2.822524649709579059e-01
1.650815631524372750e+15,2.822524649709579059e-01
1.650815631526289750e+15,2.822524649709579059e-01
1.650815631528206500e+15,2.816181953670672256e-01
1.650815631530123500e+15,2.797079128365748124e-01
1.650815631532040500e+15,2.777976303060823993e-01
1.650815631533957500e+15,2.758873477755899306e-01
1.650815631535874250e+15,2.739773143690582557e-01
1.650815631537791250e+15,2.720670318385658426e-01
1.650815631539708250e+15,2.701567493080733739e-01
1.650815631541625250e+15,2.699806186678727626e-01
1.650815631543542000e+15,2.699806186678727071e-01
1.650815631545459000e+15,2.699806186678727071e-01
1.650815631547376000e+15,2.699806186678726516e-01
1.650815631549292750e+15,2.699806186678725961e-01
1.650815631551209750e+15,2.699806186678725961e-01
1.650815631553126750e+15,2.699806186678725406e-01
1.650815631555043750e+15,2.699806186678724851e-01
1.650815631556960500e+15,2.699806186678724851e-01
1.650815631558877500e+15,2.699806186678724296e-01
1.650815631560794500e+15,2.699806186678723741e-01
1.650815631562711250e+15,2.699806186678724296e-01
1.650815631564628250e+15,2.699806186678724851e-01
1.650815631566545250e+15,2.699806186678725406e-01
1.650815631568462250e+15,2.699806186678725961e-01
1.650815631570379000e+15,2.699806186678726516e-01
1.650815631572296000e+15,2.699806186678727071e-01
1.650815631574213000e+15,2.699806186678727626e-01
1.650815631576129750e+15,2.699806186678728182e-01
1.650815631578046750e+15,2.699806186678728182e-01
1.650815631579963750e+15,2.699806186678728182e-01
1.650815631581880750e+15,2.699806186678728182e-01
1.650815631583797500e+15,2.699806186678728182e-01
1.650815631585714500e+15,2.699806186678728182e-01
1.650815631587631500e+15,2.699806186678728182e-01
1.650815631589548250e+15,2.699806186678728182e-01
1.650815631591465250e+15,2.699806186678728182e-01
1.650815631593382250e+15,2.699806186678728182e-01
1.650815631595299250e+15,2.699806186678728182e-01
1.650815631597216000e+15,2.696344373336784783e-01
1.650815631599133000e+15,2.691195966683172514e-01
1.650815631601050000e+15,2.686047560029560244e-01
1.650815631602966750e+15,2.680899824790483610e-01
1.650815631604883750e+15,2.675751418136871340e-01
1.650815631606800750e+15,2.670603011483259626e-01
1.650815631608717750e+15,2.665454604829646801e-01
1.650815631610634500e+15,2.660306869590570167e-01
1.650815631612551500e+15,2.655158462936958452e-01
1.650815631614468500e+15,2.650010056283345627e-01
1.650815631616385500e+15,2.644861649629733913e-01
1.650815631618302250e+15,2.639713914390656169e-01
1.650815631620219250e+15,2.632606634473912410e-01
1.650815631622136250e+15,2.624859950674184872e-01
1.650815631624053000e+15,2.617114277135776934e-01
1.650815631625970000e+15,2.609367593336049396e-01
1.650815631627887000e+15,2.601620909536320747e-01
1.650815631629804000e+15,2.593874225736593209e-01
1.650815631631720750e+15,2.586128552198185271e-01
1.650815631633637750e+15,2.578381868398457732e-01
1.650815631635554750e+15,2.584282799870412095e-01
1.650815631637471500e+15,2.592919820286596622e-01
1.650815631639388500e+15,2.601557967221682643e-01
1.650815631641305500e+15,2.610196114156768665e-01
1.650815631643222500e+15,2.618834261091854687e-01
1.650815631645139250e+15,2.627471281508039769e-01
1.650815631647056250e+15,2.636109428443125235e-01
1.650815631648973250e+15,2.638446955163300522e-01
1.650815631650890000e+15,2.638446955163300522e-01
1.650815631652807000e+15,2.638446955163300522e-01
1.650815631654724000e+15,2.638446955163300522e-01
1.650815631656641000e+15,2.638446955163300522e-01
1.650815631658557750e+15,2.638446955163300522e-01
1.650815631660474750e+15,2.633936854301541231e-01
1.650815631662391750e+15,2.622296513201583523e-01
1.650815631664308500e+15,2.610657690142980103e-01
1.650815631666225500e+15,2.599017349043023506e-01
1.650815631668142500e+15,2.587377007943065799e-01
1.650815631670059500e+15,2.577087723647877859e-01
1.650815631671976250e+15,2.577087723647876749e-01
1.650815631673893250e+15,2.577087723647876194e-01
1.650815631675810250e+15,2.577087723647875639e-01
1.650815631677727000e+15,2.577087723647875084e-01
1.650815631679644000e+15,2.577087723647874529e-01
1.650815631681561000e+15,2.577087723647873974e-01
1.650815631683478000e+15,2.577087723647873418e-01
1.650815631685394750e+15,2.570477945879193760e-01
1.650815631687311750e+15,2.560506713156346370e-01
1.650815631689228750e+15,2.550535480433499536e-01
1.650815631691145750e+15,2.540564247710652701e-01
1.650815631693062500e+15,2.530594315357226343e-01
1.650815631694979500e+15,2.520623082634379508e-01
1.650815631696896500e+15,2.510651849911532674e-01
1.650815631698813250e+15,2.500681917558106315e-01
1.650815631700730250e+15,2.490710684835259481e-01
1.650815631702647250e+15,2.480739452112412091e-01
1.650815631704564250e+15,2.470768219389564979e-01
1.650815631706481000e+15,2.460798287036139176e-01
1.650815631708398000e+15,2.454369260617026427e-01
1.650815631710315000e+15,2.454369260617026982e-01
1.650815631712231750e+15,2.454369260617027537e-01
1.650815631714148750e+15,2.454369260617028092e-01
1.650815631716065750e+15,2.454369260617028370e-01
1.650815631717982750e+15,2.454369260617028370e-01
1.650815631719899500e+15,2.454369260617029203e-01
1.650815631721816500e+15,2.454369260617029203e-01
1.650815631723733500e+15,2.454369260617029758e-01
1.650815631725650250e+15,2.454369260617029758e-01
1.650815631727567250e+15,2.454369260617030590e-01
1.650815631729484250e+15,2.454369260617031145e-01
1.650815631731401250e+15,2.454369260617030868e-01
1.650815631733318000e+15,2.454369260617031145e-01
1.650815631735235000e+15,2.454369260617031423e-01
1.650815631737152000e+15,2.454369260617030868e-01
1.650815631739068750e+15,2.454369260617030868e-01
1.650815631740985750e+15,2.454369260617030868e-01
1.650815631742902750e+15,2.454369260617030590e-01
1.650815631744819750e+15,2.454369260617030868e-01
1.650815631746736500e+15,2.454369260617030868e-01
1.650815631748653500e+15,2.454369260617030590e-01
1.650815631750570500e+15,2.454369260617030590e-01
1.650815631752487250e+15,2.454369260617030590e-01
1.650815631754404250e+15,2.454369260617030868e-01
1.650815631756321250e+15,2.454369260617030313e-01
1.650815631758238250e+15,2.454369260617029203e-01
1.650815631760155000e+15,2.454369260617028925e-01
1.650815631762072000e+15,2.454369260617028092e-01
1.650815631763989000e+15,2.454369260617027537e-01
1.650815631765905750e+15,2.454369260617026705e-01
1.650815631767822750e+15,2.454369260617025872e-01
1.650815631769739750e+15,2.454369260617025317e-01
1.650815631771656750e+15,2.454369260617024207e-01
1.650815631773573500e+15,2.454369260617023651e-01
1.650815631775490500e+15,2.454369260617023096e-01
1.650815631777407500e+15,2.454369260617022264e-01
1.650815631779324500e+15,2.461681648154676882e-01
1.650815631781241250e+15,2.470076987365698029e-01
1.650815631783158250e+15,2.478473421573355873e-01
1.650815631785075250e+15,2.486869855781013161e-01
1.650815631786992000e+15,2.495265194992034308e-01
1.650815631788909000e+15,2.503661629199692151e-01
1.650815631790826000e+15,2.512058063407349162e-01
1.650815631792743000e+15,2.509198596599839237e-01
1.650815631794659750e+15,2.497598803029745240e-01
1.650815631796576750e+15,2.485997496508879634e-01
1.650815631798493750e+15,2.474396189988014028e-01
1.650815631800410500e+15,2.462796396417920586e-01
1.650815631802327500e+15,2.454369260617031145e-01
1.650815631804244500e+15,2.454369260617030868e-01
1.650815631806161500e+15,2.454369260617030868e-01
1.650815631808078250e+15,2.454369260617030868e-01
1.650815631809995250e+15,2.454369260617030868e-01
1.650815631811912250e+15,2.454369260617030868e-01
1.650815631813829000e+15,2.454369260617030868e-01
1.650815631815746000e+15,2.454369260617030313e-01
1.650815631817663000e+15,2.454369260617029758e-01
1.650815631819580000e+15,2.454369260617029480e-01
1.650815631821496750e+15,2.454369260617028647e-01
1.650815631823413750e+15,2.454369260617028370e-01
1.650815631825330750e+15,2.454369260617028092e-01
1.650815631827247500e+15,2.454369260617027537e-01
1.650815631829164500e+15,2.454369260617027260e-01
1.650815631831081500e+15,2.454369260617026427e-01
1.650815631832998500e+15,2.460367704358333574e-01
1.650815631834915250e+15,2.469613797676508682e-01
1.650815631836832250e+15,2.478861096954422805e-01
1.650815631838749250e+15,2.488108396232336927e-01
1.650815631840666000e+15,2.497354489550511758e-01
1.650815631842583000e+15,2.506601788828425881e-01
1.650815631844500000e+15,2.515452049388192113e-01
1.650815631846417000e+15,2.494254419758515640e-01
1.650815631848333750e+15,2.473059554556281681e-01
1.650815631850250750e+15,2.451861924926605207e-01
1.650815631852167750e+15,2.430664295296928734e-01
1.650815631854084750e+15,2.409466665667252261e-01
1.650815631856001500e+15,2.391161443662210562e-01
1.650815631857918500e+15,2.382891342641675625e-01
1.650815631859835500e+15,2.374621241621140966e-01
1.650815631861752250e+15,2.366352219121865830e-01
1.650815631863669250e+15,2.358082118101331170e-01
1.650815631865586250e+15,2.349812017080796234e-01
1.650815631867503250e+15,2.341541916060261574e-01
1.650815631869420000e+15,2.333272893560986716e-01
1.650815631871337000e+15,2.324343078615209168e-01
1.650815631873254000e+15,2.315252295184103692e-01
1.650815631875170750e+15,2.306162697301176456e-01
1.650815631877087750e+15,2.297071913870070703e-01
1.650815631879004750e+15,2.287981130438965227e-01
1.650815631880921750e+15,2.278890347007859474e-01
1.650815631882838500e+15,2.270994230428106386e-01
1.650815631884755500e+15,2.284008796351440496e-01
1.650815631886672500e+15,2.297023362274774327e-01
1.650815631888589250e+15,2.310036230941206470e-01
1.650815631890506250e+15,2.323050796864540579e-01
1.650815631892423250e+15,2.331650797586179436e-01
1.650815631894340250e+15,2.331650797586178880e-01
1.650815631896257000e+15,2.331650797586178325e-01
1.650815631898174000e+15,2.331650797586177770e-01
1.650815631900091000e+15,2.331650797586176660e-01
1.650815631902007750e+15,2.331650797586175827e-01
1.650815631903924750e+15,2.331650797586175550e-01
1.650815631905841750e+15,2.331650797586174717e-01
1.650815631907758750e+15,2.331650797586173884e-01
1.650815631909675500e+15,2.331650797586173329e-01
1.650815631911592500e+15,2.331650797586172497e-01
1.650815631913509500e+15,2.331650797586171664e-01
1.650815631915426250e+15,2.331650797586171386e-01
1.650815631917343250e+15,2.331650797586171942e-01
1.650815631919260250e+15,2.331650797586172774e-01
1.650815631921177250e+15,2.331650797586173329e-01
1.650815631923094000e+15,2.331650797586174162e-01
1.650815631925011000e+15,2.331650797586174995e-01
1.650815631926928000e+15,2.331650797586175827e-01
1.650815631928845000e+15,2.331650797586176660e-01
1.650815631930761750e+15,2.331650797586177215e-01
1.650815631932678750e+15,2.331650797586178048e-01
1.650815631934595750e+15,2.331650797586178603e-01
1.650815631936512500e+15,2.331650797586179436e-01
1.650815631938429500e+15,2.331743002852714464e-01
1.650815631940346500e+15,2.340365319728178184e-01
1.650815631942263500e+15,2.348987636603641627e-01
1.650815631944180250e+15,2.357608829024635533e-01
1.650815631946097250e+15,2.366231145900099253e-01
1.650815631948014250e+15,2.374853462775562973e-01
1.650815631949931000e+15,2.383474655196556324e-01
1.650815631951848000e+15,2.392096972072020322e-01
1.650815631953765000e+15,2.365367732934414990e-01
1.650815631955682000e+15,2.334451582553721816e-01
1.650815631957598750e+15,2.303539464013193427e-01
1.650815631959515750e+15,2.272623313632499698e-01
1.650815631961432750e+15,2.241707163251806800e-01
1.650815631963349500e+15,2.210795044711277579e-01
1.650815631965266500e+15,2.217044072691011225e-01
1.650815631967183500e+15,2.225675880632237424e-01
1.650815631969100500e+15,2.234307688573463901e-01
1.650815631971017250e+15,2.242938370822470384e-01
1.650815631972934250e+15,2.251570178763696584e-01
1.650815631974851250e+15,2.260201986704923061e-01
1.650815631976768000e+15,2.268832668953929821e-01
1.650815631978685000e+15,2.270291566070755662e-01
1.650815631980602000e+15,2.270291566070753997e-01
1.650815631982519000e+15,2.270291566070752332e-01
1.650815631984435750e+15,2.270291566070750944e-01
1.650815631986352750e+15,2.270291566070749278e-01
1.650815631988269750e+15,2.270291566070748168e-01
1.650815631990186500e+15,2.270291566070747613e-01
1.650815631992103500e+15,2.270291566070746780e-01
1.650815631994020500e+15,2.270291566070746225e-01
1.650815631995937500e+15,2.270291566070746225e-01
1.650815631997854250e+15,2.270291566070745670e-01
1.650815631999771250e+15,2.270291566070745115e-01
1.650815632001688250e+15,2.270291566070744560e-01
1.650815632003605250e+15,2.270291566070743727e-01
1.650815632005522000e+15,2.270291566070743727e-01
1.650815632007439000e+15,2.276427099417119015e-01
1.650815632009356000e+15,2.283899664490182391e-01
1.650815632011272750e+15,2.291371255050325684e-01
1.650815632013189750e+15,2.298843820123389059e-01
1.650815632015106750e+15,2.306316385196452434e-01
1.650815632017023750e+15,2.313788950269515809e-01
1.650815632018940500e+15,2.321260540829658825e-01
1.650815632020857500e+15,2.328733105902722478e-01
1.650815632022774500e+15,2.318964207826686719e-01
1.650815632024691250e+15,2.298153749186113981e-01
1.650815632026608250e+15,2.277340576255905136e-01
1.650815632028525250e+15,2.256527403325696568e-01
1.650815632030442250e+15,2.235714230395488000e-01
1.650815632032359000e+15,2.214903771754915263e-01
1.650815632034276000e+15,2.208932334555324672e-01
1.650815632036193000e+15,2.208932334555324672e-01
1.650815632038109750e+15,2.208932334555324672e-01
1.650815632040026750e+15,2.208932334555324672e-01
1.650815632041943750e+15,2.208932334555324672e-01
1.650815632043860750e+15,2.207876555044133160e-01
1.650815632045777500e+15,2.201702137414608407e-01
1.650815632047694500e+15,2.195526914461276569e-01
1.650815632049611500e+15,2.189351691507944730e-01
1.650815632051528250e+15,2.183177273878419700e-01
1.650815632053445250e+15,2.177002050925087584e-01
1.650815632055362250e+15,2.170826827971756023e-01
1.650815632057279250e+15,2.164651605018423908e-01
1.650815632059196000e+15,2.158477187388899154e-01
1.650815632061113000e+15,2.152301964435567316e-01
1.650815632063030000e+15,2.150836389382859704e-01
1.650815632064946750e+15,2.164767133476100947e-01
1.650815632066863750e+15,2.178699694543921317e-01
1.650815632068780750e+15,2.192632255611741132e-01
1.650815632070697750e+15,2.206564816679561503e-01
1.650815632072614500e+15,2.220495560772802746e-01
1.650815632074531500e+15,2.234428121840622561e-01
1.650815632076448500e+15,2.248360682908442931e-01
1.650815632078365250e+15,2.262291427001684452e-01
1.650815632080282250e+15,2.258939691019876128e-01
1.650815632082199250e+15,2.232279299629334191e-01
1.650815632084116250e+15,2.205618908238792530e-01
1.650815632086033000e+15,2.178961993685938625e-01
1.650815632087950000e+15,2.152301602295396687e-01
1.650815632089867000e+15,2.138777220111091615e-01
1.650815632091784000e+15,2.128084951515956669e-01
1.650815632093700750e+15,2.117394077322046486e-01
1.650815632095617750e+15,2.106701808726911263e-01
1.650815632097534750e+15,2.096009540131775761e-01
1.650815632099451500e+15,2.085340343348291714e-01
1.650815632101368500e+15,2.074906988122545148e-01
1.650815632103285500e+15,2.064473632896798860e-01
1.650815632105202500e+15,2.054040277671052017e-01
1.650815632107119250e+15,2.043608283081094212e-01
1.650815632109036250e+15,2.033174927855347647e-01
1.650815632110953250e+15,2.022741572629601081e-01
1.650815632112870000e+15,2.012309578039642999e-01
1.650815632114787000e+15,2.001876222813896433e-01
1.650815632116704000e+15,1.991442867588149868e-01
1.650815632118621000e+15,1.981009512362403580e-01
1.650815632120537750e+15,1.970577517772445497e-01
1.650815632122454750e+15,1.963495408493622640e-01
1.650815632124371750e+15,1.963495408493621808e-01
1.650815632126288500e+15,1.963495408493621253e-01
1.650815632128205500e+15,1.963495408493620142e-01
1.650815632130122500e+15,1.963495408493619587e-01
1.650815632132039500e+15,1.963495408493619032e-01
1.650815632133956250e+15,1.963495408493618755e-01
1.650815632135873250e+15,1.963495408493619587e-01
1.650815632137790250e+15,1.963495408493620142e-01
1.650815632139707000e+15,1.963495408493620975e-01
1.650815632141624000e+15,1.963495408493621808e-01
1.650815632143541000e+15,1.963495408493622640e-01
1.650815632145458000e+15,1.960144320343742697e-01
1.650815632147374750e+15,1.955307574702716544e-01
1.650815632149291750e+15,1.950470198209252048e-01
1.650815632151208750e+15,1.945632821715787830e-01
1.650815632153125500e+15,1.940796076074761678e-01
1.650815632155042500e+15,1.935958699581297737e-01
1.650815632156959500e+15,1.931121323087833519e-01
1.650815632158876500e+15,1.926283946594369301e-01
1.650815632160793250e+15,1.921447200953342871e-01
1.650815632162710250e+15,1.916609824459878653e-01
1.650815632164627250e+15,1.911772447966414712e-01
1.650815632166544250e+15,1.906935071472950494e-01
1.650815632168461000e+15,1.902136176978195259e-01
1.650815632170378000e+15,1.902136176978195259e-01
1.650815632172295000e+15,1.902136176978194981e-01
1.650815632174211750e+15,1.902136176978195259e-01
1.650815632176128750e+15,1.902136176978194981e-01
1.650815632178045750e+15,1.902136176978195259e-01
1.650815632179962750e+15,1.902136176978195259e-01
1.650815632181879500e+15,1.902136176978195259e-01
1.650815632183796500e+15,1.902136176978194981e-01
1.650815632185713500e+15,1.902136176978195259e-01
1.650815632187630250e+15,1.902136176978195259e-01
1.650815632189547250e+15,1.902136176978194981e-01
1.650815632191464250e+15,1.902136176978195259e-01
1.650815632193381250e+15,1.903829937796896188e-01
1.650815632195298000e+15,1.912694145439886584e-01
1.650815632197215000e+15,1.921559509233606577e-01
1.650815632199132000e+15,1.930424873027326571e-01
1.650815632201048750e+15,1.939289080670316689e-01
1.650815632202965750e+15,1.948154444464036683e-01
1.650815632204882750e+15,1.957019808257756122e-01
1.650815632206799750e+15,1.963495408493622918e-01
1.650815632208716500e+15,1.963495408493623473e-01
1.650815632210633500e+15,1.963495408493623751e-01
1.650815632212550500e+15,1.963495408493624028e-01
1.650815632214467250e+15,1.963495408493624861e-01
1.650815632216384250e+15,1.963495408493625138e-01
1.650815632218301250e+15,1.963495408493625694e-01
1.650815632220218250e+15,1.963495408493625971e-01
1.650815632222135000e+15,1.963495408493626526e-01
1.650815632224052000e+15,1.963495408493627081e-01
1.650815632225969000e+15,1.959742911880665295e-01
1.650815632227885750e+15,1.947814888857621052e-01
1.650815632229802750e+15,1.935885310073129084e-01
1.650815632231719750e+15,1.923955731288636839e-01
1.650815632233636750e+15,1.912026152504144871e-01
1.650815632235553500e+15,1.901261409943483527e-01
1.650815632237470500e+15,1.896141017865517198e-01
1.650815632239387500e+15,1.891020625787550036e-01
1.650815632241304500e+15,1.885900233709583707e-01
1.650815632243221250e+15,1.880780509392712130e-01
1.650815632245138250e+15,1.875660117314745523e-01
1.650815632247055250e+15,1.870539725236778916e-01
1.650815632248972000e+15,1.865420000919907617e-01
1.650815632250889000e+15,1.860299608841940733e-01
1.650815632252806000e+15,1.855179216763974404e-01
1.650815632254723000e+15,1.850058824686007797e-01
1.650815632256639750e+15,1.844939100369136220e-01
1.650815632258556750e+15,1.840776945462776482e-01
1.650815632260473750e+15,1.840776945462776204e-01
1.650815632262390500e+15,1.840776945462775649e-01
1.650815632264307500e+15,1.840776945462775371e-01
1.650815632266224500e+15,1.840776945462775371e-01
1.650815632268141500e+15,1.840776945462774539e-01
1.650815632270058250e+15,1.840776945462774261e-01
1.650815632271975250e+15,1.840776945462773984e-01
1.650815632273892250e+15,1.840776945462773706e-01
1.650815632275809000e+15,1.840776945462773151e-01
1.650815632277726000e+15,1.840776945462772873e-01
1.650815632279643000e+15,1.840776945462772596e-01
1.650815632281560000e+15,1.840776945462772041e-01
1.650815632283476750e+15,1.840776945462772041e-01
1.650815632285393750e+15,1.840776945462772041e-01
1.650815632287310750e+15,1.840776945462772041e-01
1.650815632289227500e+15,1.840776945462772041e-01
1.650815632291144500e+15,1.840776945462772041e-01
1.650815632293061500e+15,1.840776945462772596e-01
1.650815632294978500e+15,1.840776945462773428e-01
1.650815632296895250e+15,1.840776945462773984e-01
1.650815632298812250e+15,1.840776945462774261e-01
1.650815632300729250e+15,1.840776945462775371e-01
1.650815632302646000e+15,1.840776945462775649e-01
1.650815632304563000e+15,1.840776945462776204e-01
1.650815632306480000e+15,1.836823878272746680e-01
1.650815632308397000e+15,1.828514635067386984e-01
1.650815632310313750e+15,1.820206475487902154e-01
1.650815632312230750e+15,1.811897232282543013e-01
1.650815632314147750e+15,1.803587989077183873e-01
1.650815632316064500e+15,1.795279829497698765e-01
1.650815632317981500e+15,1.786970586292339624e-01
1.650815632319898500e+15,1.779417713947353541e-01
1.650815632321815500e+15,1.779417713947353263e-01
1.650815632323732250e+15,1.779417713947353263e-01
1.650815632325649250e+15,1.779417713947353263e-01
1.650815632327566250e+15,1.779417713947353263e-01
1.650815632329483250e+15,1.779417713947353541e-01
1.650815632331400000e+15,1.769598061474182416e-01
1.650815632333317000e+15,1.758013892987370930e-01
1.650815632335234000e+15,1.746429724500559444e-01
1.650815632337150750e+15,1.734847066729513221e-01
1.650815632339067750e+15,1.723262898242701735e-01
1.650815632340984750e+15,1.718058482431920886e-01
1.650815632342901750e+15,1.718058482431920053e-01
1.650815632344818500e+15,1.718058482431919498e-01
1.650815632346735500e+15,1.718058482431918943e-01
1.650815632348652500e+15,1.718058482431918110e-01
1.650815632350569250e+15,1.718058482431917833e-01
1.650815632352486250e+15,1.718058482431917000e-01
1.650815632354403250e+15,1.718058482431916723e-01
1.650815632356320250e+15,1.718058482431917000e-01
1.650815632358237000e+15,1.718058482431916723e-01
1.650815632360154000e+15,1.718058482431916723e-01
1.650815632362071000e+15,1.718058482431916723e-01
1.650815632363987750e+15,1.718058482431916723e-01
1.650815632365904750e+15,1.718058482431916723e-01
1.650815632367821750e+15,1.718058482431917000e-01
1.650815632369738750e+15,1.718058482431917000e-01
1.650815632371655500e+15,1.718058482431916723e-01
1.650815632373572500e+15,1.709446933524131629e-01
1.650815632375489500e+15,1.683872434289082620e-01
1.650815632377406250e+15,1.658301270278242368e-01
1.650815632379323250e+15,1.632726771043193081e-01
1.650815632381240250e+15,1.607152271808144350e-01
1.650815632383157250e+15,1.581577772573095064e-01
1.650815632385074000e+15,1.556006608562255089e-01
1.650815632386991000e+15,1.533205011680352503e-01
1.650815632388908000e+15,1.527614173388842922e-01
1.650815632390824750e+15,1.522024064210308336e-01
1.650815632392741750e+15,1.516433225918799033e-01
1.650815632394658750e+15,1.510842387627289729e-01
1.650815632396575750e+15,1.505251549335780425e-01
1.650815632398492500e+15,1.499661440157245562e-01
1.650815632400409500e+15,1.494070601865736259e-01
1.650815632402326500e+15,1.488479763574226955e-01
1.650815632404243500e+15,1.482888925282717651e-01
1.650815632406160250e+15,1.477298816104182788e-01
1.650815632408077250e+15,1.472621556370219131e-01
1.650815632409994250e+15,1.472621556370217744e-01
1.650815632411911000e+15,1.472621556370216078e-01
1.650815632413828000e+15,1.472621556370214968e-01
1.650815632415745000e+15,1.472621556370213303e-01
1.650815632417662000e+15,1.472621556370211915e-01
1.650815632419578750e+15,1.472621556370210805e-01
1.650815632421495750e+15,1.472621556370212748e-01
1.650815632423412750e+15,1.472621556370214968e-01
1.650815632425329500e+15,1.472621556370216911e-01
1.650815632427246500e+15,1.472621556370219131e-01
1.650815632429163500e+15,1.472621556370221352e-01
1.650815632431080500e+15,1.472621556370223295e-01
1.650815632432997250e+15,1.482582016086890220e-01
1.650815632434914250e+15,1.495360467669188953e-01
1.650815632436831250e+15,1.508138919251487409e-01
1.650815632438748000e+15,1.520915704369051602e-01
1.650815632440665000e+15,1.533694155951350058e-01
1.650815632442582000e+15,1.529171620179248237e-01
1.650815632444499000e+15,1.524252103373933964e-01
1.650815632446415750e+15,1.519333228133148694e-01
1.650815632448332750e+15,1.514413711327834422e-01
1.650815632450249750e+15,1.509494194522520705e-01
1.650815632452166500e+15,1.504575319281735157e-01
1.650815632454083500e+15,1.499655802476421163e-01
1.650815632456000500e+15,1.494736285671107168e-01
1.650815632457917500e+15,1.489816768865793173e-01
1.650815632459834250e+15,1.484897893625007903e-01
1.650815632461751250e+15,1.479978376819693908e-01
1.650815632463668250e+15,1.475058860014379636e-01
1.650815632465585000e+15,1.480177669312014443e-01
1.650815632467502000e+15,1.495157057636122278e-01
1.650815632469419000e+15,1.510136445960230112e-01
1.650815632471336000e+15,1.525115834284338223e-01
1.650815632473252750e+15,1.540093269114924390e-01
1.650815632475169750e+15,1.555072657439032779e-01
1.650815632477086750e+15,1.570052045763140613e-01
1.650815632479003750e+15,1.585031434087248448e-01
1.650815632480920500e+15,1.587447201138312836e-01
1.650815632482837500e+15,1.562124134009126586e-01
1.650815632484754500e+15,1.536801066879940336e-01
1.650815632486671250e+15,1.511481302185173625e-01
1.650815632488588250e+15,1.486158235055987098e-01
1.650815632490505250e+15,1.467891931358795143e-01
1.650815632492422250e+15,1.457730327383582880e-01
1.650815632494339000e+15,1.447570048604507054e-01
1.650815632496256000e+15,1.437408444629294790e-01
1.650815632498173000e+15,1.427246840654082249e-01
1.650815632500089750e+15,1.417086561875006701e-01
1.650815632502006750e+15,1.406924957899794437e-01
1.650815632503923750e+15,1.396763353924581896e-01
1.650815632505840750e+15,1.386601749949369633e-01
1.650815632507757500e+15,1.376441471170293807e-01
1.650815632509674500e+15,1.366279867195081266e-01
1.650815632511591500e+15,1.356118263219869002e-01
1.650815632513508250e+15,1.346225936720037986e-01
1.650815632515425250e+15,1.336754510130532814e-01
1.650815632517342250e+15,1.327283083541027642e-01
1.650815632519259250e+15,1.317811656951522192e-01
1.650815632521176000e+15,1.308341465550669769e-01
1.650815632523093000e+15,1.298870038961164319e-01
1.650815632525010000e+15,1.289398612371658870e-01
1.650815632526926750e+15,1.322925339958583857e-01
1.650815632528843750e+15,1.360722784307899502e-01
1.650815632530760750e+15,1.398520228657215148e-01
1.650815632532677750e+15,1.436317673006531070e-01
1.650815632534594500e+15,1.474110188111669717e-01
1.650815632536511500e+15,1.511907632460985362e-01
1.650815632538428500e+15,1.509875375504577955e-01
1.650815632540345250e+15,1.451939263678375114e-01
1.650815632542262250e+15,1.393995595296567136e-01
1.650815632544179250e+15,1.336051926914758881e-01
1.650815632546096250e+15,1.287718993251368016e-01
1.650815632548013000e+15,1.283139509293453051e-01
1.650815632549930000e+15,1.278559428037512880e-01
1.650815632551847000e+15,1.273979346781572430e-01
1.650815632553764000e+15,1.269399265525632259e-01
1.650815632555680750e+15,1.264819781567717016e-01
1.650815632557597750e+15,1.260239700311776567e-01
1.650815632559514750e+15,1.255659619055836396e-01
1.650815632561431500e+15,1.251080135097921153e-01
1.650815632563348500e+15,1.246500053841980843e-01
1.650815632565265500e+15,1.241919972586040533e-01
1.650815632567182500e+15,1.237339891330100361e-01
1.650815632569099250e+15,1.232760407372185119e-01
1.650815632571016250e+15,1.228180326116244947e-01
1.650815632572933250e+15,1.211860144361951441e-01
1.650815632574850000e+15,1.192281268549199580e-01
1.650815632576767000e+15,1.172699839081065981e-01
1.650815632578684000e+15,1.153118409612932244e-01
1.650815632580601000e+15,1.133536980144798506e-01
1.650815632582517750e+15,1.113958104332046783e-01
1.650815632584434750e+15,1.108755754716921615e-01
1.650815632586351750e+15,1.117080876580823223e-01
1.650815632588268500e+15,1.125404912748081132e-01
1.650815632590185500e+15,1.133730034611983017e-01
1.650815632592102500e+15,1.142055156475884625e-01
1.650815632594019500e+15,1.150380278339786233e-01
1.650815632595936250e+15,1.158704314507044142e-01
1.650815632597853250e+15,1.165825398793081252e-01
1.650815632599770250e+15,1.165825398793081114e-01
1.650815632601687000e+15,1.165825398793081114e-01
1.650815632603604000e+15,1.165825398793081252e-01
1.650815632605521000e+15,1.165825398793081252e-01
1.650815632607438000e+15,1.165825398793081114e-01
1.650815632609354750e+15,1.165825398793081252e-01
1.650815632611271750e+15,1.165825398793081114e-01
1.650815632613188750e+15,1.165825398793081114e-01
1.650815632615105500e+15,1.165825398793081252e-01
1.650815632617022500e+15,1.165825398793081114e-01
1.650815632618939500e+15,1.165825398793081252e-01
1.650815632620856500e+15,1.165825398793082085e-01
1.650815632622773250e+15,1.165825398793084305e-01
1.650815632624690250e+15,1.165825398793086387e-01
1.650815632626607250e+15,1.165825398793088608e-01
1.650815632628524000e+15,1.165825398793090689e-01
1.650815632630441000e+15,1.165825398793092771e-01
1.650815632632358000e+15,1.158160464339178936e-01
1.650815632634275000e+15,1.127675652413544227e-01
1.650815632636191750e+15,1.097194816076318968e-01
1.650815632638108750e+15,1.066710004150684121e-01
1.650815632640025750e+15,1.043106935762252302e-01
1.650815632641942750e+15,1.043106935762252302e-01
1.650815632643859500e+15,1.043106935762252441e-01
1.650815632645776500e+15,1.043106935762252441e-01
1.650815632647693500e+15,1.043106935762252441e-01
1.650815632649610250e+15,1.043106935762252302e-01
1.650815632651527250e+15,1.043106935762252302e-01
1.650815632653444250e+15,1.043106935762252441e-01
1.650815632655361250e+15,1.043106935762251608e-01
1.650815632657278000e+15,1.043106935762250775e-01
1.650815632659195000e+15,1.043106935762249804e-01
1.650815632661112000e+15,1.043106935762248832e-01
1.650815632663028750e+15,1.043106935762248000e-01
1.650815632664945750e+15,1.043106935762247306e-01
1.650815632666862750e+15,1.043106935762246334e-01
1.650815632668779750e+15,1.043106935762245502e-01
1.650815632670696500e+15,1.043106935762244669e-01
1.650815632672613500e+15,1.043106935762243975e-01
1.650815632674530500e+15,1.033429627245379956e-01
1.650815632676447250e+15,1.017418422152848306e-01
1.650815632678364250e+15,1.001405128733057898e-01
1.650815632680281250e+15,9.853918353132676278e-02
1.650815632682198250e+15,9.693785418934770803e-02
1.650815632684115000e+15,9.533673368009454308e-02
1.650815632686032000e+15,9.373540433811548833e-02
1.650815632687949000e+15,9.213407499613644747e-02
1.650815632689865750e+15,9.279862029748454921e-02
1.650815632691782750e+15,9.360654424016649766e-02
1.650815632693699750e+15,9.441446818284845999e-02
1.650815632695616750e+15,9.522239212553042231e-02
1.650815632697533500e+15,9.603021070515256608e-02
1.650815632699450500e+15,9.683813464783452840e-02
1.650815632701367500e+15,9.764605859051649073e-02
1.650815632703284250e+15,9.839472902093086837e-02
1.650815632705201250e+15,9.903143816250863096e-02
1.650815632707118250e+15,9.966814730408637968e-02
1.650815632709035250e+15,1.003048564456641423e-01
1.650815632710952000e+15,1.009414825526642190e-01
1.650815632712869000e+15,1.015781916942419816e-01
1.650815632714786000e+15,1.022149008358197442e-01
1.650815632716703000e+15,1.028516099773974929e-01
1.650815632718619750e+15,1.034882360843975835e-01
1.650815632720536750e+15,1.041249452259753322e-01
1.650815632722453750e+15,1.016351256407743708e-01
1.650815632724370500e+15,9.785799815760463927e-02
1.650815632726287500e+15,9.408037802705218611e-02
1.650815632728204500e+15,9.030275789649971907e-02
1.650815632730121500e+15,8.652513776594727979e-02
1.650815632732038250e+15,8.274801028277753434e-02
1.650815632733955250e+15,7.976700097005283430e-02
1.650815632735872250e+15,7.976700097005284817e-02
1.650815632737789000e+15,7.976700097005284817e-02
1.650815632739706000e+15,7.976700097005284817e-02
1.650815632741623000e+15,7.976700097005284817e-02
1.650815632743540000e+15,7.976700097005284817e-02
1.650815632745456750e+15,8.014686776683996317e-02
1.650815632747373750e+15,8.111042006514082581e-02
1.650815632749290750e+15,8.207397236344170233e-02
1.650815632751207500e+15,8.303739900286173647e-02
1.650815632753124500e+15,8.400095130116261299e-02
1.650815632755041500e+15,8.496450359946347564e-02
1.650815632756958500e+15,8.592805589776433828e-02
1.650815632758875250e+15,8.689148253718437243e-02
1.650815632760792250e+15,8.785503483548526282e-02
1.650815632762709250e+15,8.881858713378612546e-02
1.650815632764626000e+15,8.978201377320615961e-02
1.650815632766543000e+15,9.074556607150703613e-02
1.650815632768460000e+15,9.170911836980789877e-02
1.650815632770377000e+15,8.887469824338342650e-02
1.650815632772293750e+15,8.406511644101728742e-02
1.650815632774210750e+15,7.925490732916863623e-02
1.650815632776127750e+15,7.444469821732001280e-02
1.650815632778044500e+15,7.363107781851095657e-02
1.650815632779961500e+15,7.363107781851097045e-02
1.650815632781878500e+15,7.363107781851097045e-02
1.650815632783795500e+15,7.363107781851097045e-02
1.650815632785712250e+15,7.363107781851097045e-02
1.650815632787629250e+15,7.363107781851097045e-02
1.650815632789546250e+15,7.363107781851097045e-02
1.650815632791463250e+15,7.363107781851097045e-02
1.650815632793380000e+15,7.363107781851095657e-02
1.650815632795297000e+15,7.363107781851097045e-02
1.650815632797214000e+15,7.363107781851097045e-02
1.650815632799130750e+15,7.363107781851097045e-02
1.650815632801047750e+15,7.319985603897373461e-02
1.650815632802964750e+15,7.194115462843263253e-02
1.650815632804881750e+15,7.068245321789151658e-02
1.650815632806798500e+15,6.942391595724745068e-02
1.650815632808715500e+15,6.816521454670636249e-02
1.650815632810632500e+15,6.726279616796730643e-02
1.650815632812549250e+15,6.676600514402886155e-02
1.650815632814466250e+15,6.626914932407843017e-02
1.650815632816383250e+15,6.577229350412798492e-02
1.650815632818300250e+15,6.527543768417755354e-02
1.650815632820217000e+15,6.477864666023910867e-02
1.650815632822134000e+15,6.428179084028867729e-02
1.650815632824051000e+15,6.378493502033824591e-02
1.650815632825967750e+15,6.328814399639978716e-02
1.650815632827884750e+15,6.279128817644935578e-02
1.650815632829801750e+15,6.229443235649891747e-02
1.650815632831718750e+15,6.179757653654847915e-02
1.650815632833635500e+15,6.165365659696112055e-02
1.650815632835552500e+15,6.415659620362282323e-02
1.650815632837469500e+15,6.665953581028451203e-02
1.650815632839386250e+15,6.916214900333031435e-02
1.650815632841303250e+15,7.166508860999201702e-02
1.650815632843220250e+15,7.295498643794334770e-02
1.650815632845137250e+15,6.980345530955880951e-02
1.650815632847054000e+15,6.665233517897402316e-02
1.650815632848971000e+15,6.350080405058948496e-02
1.650815632850888000e+15,6.034927292220496065e-02
1.650815632852804750e+15,5.719815279162016042e-02
1.650815632854721750e+15,5.556614887877120434e-02
1.650815632856638750e+15,5.648438187498561192e-02
1.650815632858555750e+15,5.740261487120003336e-02
1.650815632860472500e+15,5.832072811871905071e-02
1.650815632862389500e+15,5.923896111493347216e-02
1.650815632864306500e+15,6.015719411114787973e-02
1.650815632866223500e+15,6.107542710736229424e-02
1.650815632868140250e+15,6.201366903422626115e-02
1.650815632870057250e+15,6.296104054530135552e-02
1.650815632871974250e+15,6.390841205637645683e-02
1.650815632873891000e+15,6.485566001874117081e-02
1.650815632875808000e+15,6.580303152981627213e-02
1.650815632877725000e+15,6.675040304089135956e-02
1.650815632879642000e+15,6.703940675172724573e-02
1.650815632881558750e+15,6.490878524797369375e-02
1.650815632883475750e+15,6.277788584914988090e-02
1.650815632885392750e+15,6.064698645032606805e-02
1.650815632887309500e+15,5.851636494657251608e-02
1.650815632889226500e+15,5.638546554774869629e-02
1.650815632891143500e+15,5.475497266353548248e-02
1.650815632893060500e+15,5.372479533987923467e-02
1.650815632894977250e+15,5.269475236381344907e-02
1.650815632896894250e+15,5.166457504015719432e-02
1.650815632898811250e+15,5.063439771650094651e-02
1.650815632900728000e+15,4.960435474043516091e-02
1.650815632902645000e+15,4.857417741677891310e-02
1.650815632904562000e+15,4.754400009312265835e-02
1.650815632906479000e+15,4.651382276946641053e-02
1.650815632908395750e+15,4.548377979340062494e-02
1.650815632910312750e+15,4.445360246974437018e-02
1.650815632912229750e+15,4.342342514608812237e-02
1.650815632914146500e+15,4.295146206079802909e-02
1.650815632916063500e+15,4.295146206079802909e-02
1.650815632917980500e+15,4.295146206079802909e-02
1.650815632919897500e+15,4.295146206079802909e-02
1.650815632921814250e+15,4.295146206079802909e-02
1.650815632923731250e+15,4.295146206079802909e-02
1.650815632925648250e+15,4.295146206079802909e-02
1.650815632927565000e+15,4.295146206079802909e-02
1.650815632929482000e+15,4.295146206079802909e-02
1.650815632931399000e+15,4.295146206079802909e-02
1.650815632933316000e+15,4.295146206079802909e-02
1.650815632935232750e+15,4.295146206079802909e-02
1.650815632937149750e+15,4.247483143193343802e-02
1.650815632939066750e+15,4.152577828674160892e-02
1.650815632940983500e+15,4.057684890956558821e-02
1.650815632942900500e+15,3.962779576437376605e-02
1.650815632944817500e+15,3.867874261918193696e-02
1.650815632946734500e+15,3.772968947399010786e-02
1.650815632948651250e+15,3.677300821350826254e-02
1.650815632950568250e+15,3.561241969041921418e-02
1.650815632952485250e+15,3.445183116733016582e-02
1.650815632954402250e+15,3.329124264424111745e-02
1.650815632956319000e+15,3.213080547594120845e-02
1.650815632958236000e+15,3.097021695285216009e-02
1.650815632960153000e+15,3.140538097038560877e-02
1.650815632962069750e+15,3.237344671248108124e-02
1.650815632963986750e+15,3.334163871853144251e-02
1.650815632965903750e+15,3.430983072458179683e-02
1.650815632967820750e+15,3.527802273063215116e-02
1.650815632969737500e+15,3.624608847272762363e-02
1.650815632971654500e+15,3.586827427723586481e-02
1.650815632973571500e+15,3.356820296681219118e-02
1.650815632975488250e+15,3.126843161352343275e-02
1.650815632977405250e+15,2.896836030309976606e-02
1.650815632979322250e+15,2.666828899267609590e-02
1.650815632981239250e+15,2.461075626067336236e-02
1.650815632983156000e+15,2.548969137021073542e-02
1.650815632985073000e+15,2.636874111847375621e-02
1.650815632986990000e+15,2.724779086673678047e-02
1.650815632988906750e+15,2.812672597627415352e-02
1.650815632990823750e+15,2.900577572453717431e-02
1.650815632992740750e+15,2.988482547280019164e-02
1.650815632994657750e+15,3.067961575771250074e-02
1.650815632996574500e+15,3.067961575771249727e-02
1.650815632998491500e+15,3.067961575771250074e-02
1.650815633000408500e+15,3.067961575771249727e-02
1.650815633002325250e+15,3.067961575771249727e-02
1.650815633004242250e+15,3.067961575771249727e-02
1.650815633006159250e+15,3.067961575771249727e-02
1.650815633008076250e+15,3.067961575771250074e-02
1.650815633009993000e+15,3.067961575771250074e-02
1.650815633011910000e+15,3.067961575771250074e-02
1.650815633013827000e+15,3.067961575771249727e-02
1.650815633015743750e+15,3.067961575771243829e-02
1.650815633017660750e+15,3.067961575771238278e-02
1.650815633019577750e+15,3.067961575771232380e-02
1.650815633021494750e+15,3.067961575771226829e-02
1.650815633023411500e+15,3.067961575771221278e-02
1.650815633025328500e+15,3.067961575771215380e-02
1.650815633027245500e+15,3.067961575771209828e-02
1.650815633029162500e+15,3.093518712456979139e-02
1.650815633031079250e+15,3.199435775683912714e-02
1.650815633032996250e+15,3.305366653579325242e-02
1.650815633034913250e+15,3.411297531474738465e-02
1.650815633036830000e+15,3.517214594701672387e-02
1.650815633038747000e+15,3.623145472597085609e-02
1.650815633040664000e+15,3.587725763074683938e-02
1.650815633042581000e+15,3.378576319946898637e-02
1.650815633044497750e+15,3.169454152437675004e-02
1.650815633046414750e+15,2.960304709309889704e-02
1.650815633048331750e+15,2.751155266182104750e-02
1.650815633050248500e+15,2.542033098672881117e-02
1.650815633052165500e+15,2.486898066697928664e-02
1.650815633054082500e+15,2.542899612505913551e-02
1.650815633055999500e+15,2.598901158313898438e-02
1.650815633057916250e+15,2.654895400842566255e-02
1.650815633059833250e+15,2.710896946650551143e-02
1.650815633061750250e+15,2.766898492458536377e-02
1.650815633063667000e+15,2.822892734987203500e-02
1.650815633065584000e+15,2.878894280795188734e-02
1.650815633067501000e+15,2.934895826603173968e-02
1.650815633069418000e+15,2.990897372411158855e-02
1.650815633071334750e+15,3.046891614939826326e-02
1.650815633073251750e+15,3.067961575771338198e-02
1.650815633075168750e+15,3.067961575771338545e-02
1.650815633077085500e+15,3.067961575771338198e-02
1.650815633079002500e+15,3.067961575771338545e-02
1.650815633080919500e+15,3.067961575771338198e-02
1.650815633082836500e+15,3.067961575771338198e-02
1.650815633084753250e+15,2.953226478868839835e-02
1.650815633086670250e+15,2.831523792045163163e-02
1.650815633088587250e+15,2.709821105221487184e-02
1.650815633090504000e+15,2.588134289901047880e-02
1.650815633092421000e+15,2.466431603077371207e-02
1.650815633094338000e+15,2.526490265739952598e-02
1.650815633096255000e+15,2.606545834252208677e-02
1.650815633098171750e+15,2.686590962549478823e-02
1.650815633100088750e+15,2.766646531061734554e-02
1.650815633102005750e+15,2.846702099573990979e-02
1.650815633103922750e+15,2.926757668086246711e-02
1.650815633105839500e+15,3.006802796383517204e-02
1.650815633107756500e+15,3.043864151486597516e-02
1.650815633109673500e+15,2.941776278881972490e-02
1.650815633111590250e+15,2.839701719771426519e-02
1.650815633113507250e+15,2.737613847166801839e-02
1.650815633115424250e+15,2.635525974562176466e-02
1.650815633117341250e+15,2.533438101957551092e-02
1.650815633119258000e+15,2.478681090402129125e-02
1.650815633121175000e+15,2.586564835073366236e-02
1.650815633123092000e+15,2.694448579744602654e-02
1.650815633125008750e+15,2.802318255069898706e-02
1.650815633126925750e+15,2.910201999741135470e-02
1.650815633128842750e+15,3.018085744412371887e-02
1.650815633130759750e+15,3.067961575771219890e-02
1.650815633132676500e+15,3.067961575771248339e-02
1.650815633134593500e+15,3.067961575771276095e-02
1.650815633136510500e+15,3.067961575771304197e-02
1.650815633138427250e+15,3.067961575771331953e-02
1.650815633140344250e+15,2.991522489060986431e-02
1.650815633142261250e+15,2.891856630041265280e-02
1.650815633144178250e+15,2.792190771021544130e-02
1.650815633146095000e+15,2.692537909636019688e-02
1.650815633148012000e+15,2.592872050616298538e-02
1.650815633149929000e+15,2.493206191596577387e-02
1.650815633151845750e+15,2.454369260617058138e-02
1.650815633153762750e+15,2.454369260617051199e-02
1.650815633155679750e+15,2.454369260617044607e-02
1.650815633157596750e+15,2.454369260617037668e-02
1.650815633159513500e+15,2.454369260617030729e-02
1.650815633161430500e+15,2.454369260617024484e-02
1.650815633163347500e+15,2.459132520271943914e-02
1.650815633165264250e+15,2.549083041883572556e-02
1.650815633167181250e+15,2.639045295661839041e-02
1.650815633169098250e+15,2.729007549440105179e-02
1.650815633171015250e+15,2.818969803218372011e-02
1.650815633172932000e+15,2.908920324830000653e-02
1.650815633174849000e+15,2.998882578608266791e-02
1.650815633176766000e+15,3.094085626694001445e-02
1.650815633178683000e+15,3.206624515724888769e-02
1.650815633180599750e+15,3.319148728322673242e-02
1.650815633182516750e+15,3.431687617353560565e-02
1.650815633184433750e+15,3.544226506384447889e-02
1.650815633186350500e+15,3.656750718982232362e-02
1.650815633188267500e+15,3.821834404157729848e-02
1.650815633190184500e+15,4.001772673723390239e-02
1.650815633192101500e+15,4.181710943289050630e-02
1.650815633194018250e+15,4.361625746726702224e-02
1.650815633195935250e+15,4.541564016292362616e-02
1.650815633197852250e+15,4.721502285858022313e-02
1.650815633199769000e+15,4.901417089295674601e-02
1.650815633201686000e+15,5.081355358861334298e-02
1.650815633203603000e+15,5.261293628426994690e-02
1.650815633205520000e+15,5.441231897992654387e-02
1.650815633207436750e+15,5.417586339910632903e-02
1.650815633209353750e+15,5.226852357723062170e-02
1.650815633211270750e+15,5.036118375535492131e-02
1.650815633213187500e+15,4.845409267367507822e-02
1.650815633215104500e+15,4.654675285179937089e-02
1.650815633217021500e+15,4.463941302992365662e-02
1.650815633218938500e+15,4.295146206079891726e-02
1.650815633220855250e+15,4.295146206079891726e-02
1.650815633222772250e+15,4.295146206079891726e-02
1.650815633224689250e+15,4.295146206079891726e-02
1.650815633226606000e+15,4.295146206079891726e-02
1.650815633228523000e+15,4.295146206079891726e-02
1.650815633230440000e+15,4.295146206079891726e-02
1.650815633232357000e+15,4.295146206079891726e-02
1.650815633234273750e+15,4.295146206079891726e-02
1.650815633236190750e+15,4.295146206079891726e-02
1.650815633238107750e+15,4.295146206079891726e-02
1.650815633240024500e+15,4.305756745126530782e-02
1.650815633241941500e+15,4.471800854125777824e-02
1.650815633243858500e+15,4.637844963125024172e-02
1.650815633245775500e+15,4.803889072124270521e-02
1.650815633247692250e+15,4.969911526962197956e-02
1.650815633249609250e+15,5.135955635961444304e-02
1.650815633251526250e+15,5.301999744960690653e-02
1.650815633253443000e+15,5.468022199798618088e-02
1.650815633255360000e+15,5.659026128081467294e-02
1.650815633257277000e+15,5.862161689457974501e-02
1.650815633259194000e+15,6.065297250834481013e-02
1.650815633261110750e+15,6.268406320875388738e-02
1.650815633263027750e+15,6.471541882251895250e-02
1.650815633264944750e+15,6.674677443628403151e-02
1.650815633266861750e+15,6.688855150246025838e-02
1.650815633268778500e+15,6.592823218338481062e-02
1.650815633270695500e+15,6.496778761071353436e-02
1.650815633272612500e+15,6.400734303804228587e-02
1.650815633274529250e+15,6.304702371896683810e-02
1.650815633276446250e+15,6.208657914629557573e-02
1.650815633278363250e+15,6.107730990311633495e-02
1.650815633280280250e+15,5.991568984766420386e-02
1.650815633282197000e+15,5.875422128152550660e-02
1.650815633284114000e+15,5.759260122607336857e-02
1.650815633286031000e+15,5.643098117062122360e-02
1.650815633287947750e+15,5.526951260448253328e-02
1.650815633289864750e+15,5.522330836388345682e-02
1.650815633291781750e+15,5.522330836388335273e-02
1.650815633293698750e+15,5.522330836388325559e-02
1.650815633295615500e+15,5.522330836388314457e-02
1.650815633297532500e+15,5.522330836388304742e-02
1.650815633299449500e+15,5.522330836388294334e-02
1.650815633301366250e+15,5.522330836388283926e-02
1.650815633303283250e+15,5.522330836388273517e-02
1.650815633305200250e+15,5.546931383592425963e-02
1.650815633307117250e+15,5.611422664263022997e-02
1.650815633309034000e+15,5.675905534490130466e-02
1.650815633310951000e+15,5.740396815160726807e-02
1.650815633312868000e+15,5.804888095831322453e-02
1.650815633314784750e+15,5.869370966058430616e-02
1.650815633316701750e+15,5.933862246729026957e-02
1.650815633318618750e+15,5.998353527399621909e-02
1.650815633320535750e+15,6.062844808070218944e-02
1.650815633322452500e+15,6.127327678297326413e-02
1.650815633324369500e+15,6.135923151542659743e-02
1.650815633326286500e+15,6.135923151542639620e-02
1.650815633328203250e+15,6.135923151542618803e-02
1.650815633330120250e+15,6.135923151542599374e-02
1.650815633332037250e+15,6.135923151542579251e-02
1.650815633333954250e+15,6.135923151542559129e-02
1.650815633335871000e+15,6.135923151542538312e-02
1.650815633337788000e+15,6.135923151542518189e-02
1.650815633339705000e+15,6.139467293968509098e-02
1.650815633341622000e+15,6.236526165835082347e-02
1.650815633343538750e+15,6.333572380050134232e-02
1.650815633345455750e+15,6.430631251916707480e-02
1.650815633347372750e+15,6.527690123783282117e-02
1.650815633349289500e+15,6.624736337998334001e-02
1.650815633351206500e+15,6.721795209864907250e-02
1.650815633353123500e+15,6.749515466696903720e-02
1.650815633355040500e+15,6.749515466696896782e-02
1.650815633356957250e+15,6.749515466696887067e-02
1.650815633358874250e+15,6.749515466696880128e-02
1.650815633360791250e+15,6.749515466696871802e-02
1.650815633362708000e+15,6.749515466696864863e-02
1.650815633364625000e+15,6.749515466696856536e-02
1.650815633366542000e+15,6.749515466696848209e-02
1.650815633368459000e+15,6.749515466696839883e-02
1.650815633370375750e+15,6.749515466696831556e-02
1.650815633372292750e+15,6.749515466696823229e-02
1.650815633374209750e+15,6.823532823972444650e-02
1.650815633376126500e+15,6.935885046944570420e-02
1.650815633378043500e+15,7.048251923917345230e-02
1.650815633379960500e+15,7.160618800890120039e-02
1.650815633381877500e+15,7.272985677862893461e-02
1.650815633383794250e+15,7.402479220058184872e-02
1.650815633385711250e+15,7.601490550427950077e-02
1.650815633387628250e+15,7.800501880797713894e-02
1.650815633389545000e+15,7.999487257681514585e-02
1.650815633391462000e+15,8.198498588051278402e-02
1.650815633393379000e+15,8.397509918421043607e-02
1.650815633395296000e+15,8.590292412159516999e-02
1.650815633397212750e+15,8.590292412159516999e-02
1.650815633399129750e+15,8.590292412159516999e-02
1.650815633401046750e+15,8.590292412159516999e-02
1.650815633402963500e+15,8.590292412159516999e-02
1.650815633404880500e+15,8.590292412159516999e-02
1.650815633406797500e+15,8.590292412159516999e-02
1.650815633408714500e+15,8.590292412159516999e-02
1.650815633410631250e+15,8.625612847166408415e-02
1.650815633412548250e+15,8.892974244632199932e-02
1.650815633414465250e+15,9.160335642097991449e-02
1.650815633416382250e+15,9.427697039563782966e-02
1.650815633418299000e+15,9.695023569867672331e-02
1.650815633420216000e+15,9.783229262965233153e-02
1.650815633422133000e+15,9.720040626481168955e-02
1.650815633424049750e+15,9.656860230560027070e-02
1.650815633425966750e+15,9.593671594075964260e-02
1.650815633427883750e+15,9.530482957591901449e-02
1.650815633429800750e+15,9.467294321107838639e-02
1.650815633431717500e+15,9.404113925186696754e-02
1.650815633433634500e+15,9.340925288702633944e-02
1.650815633435551500e+15,9.277736652218571134e-02
1.650815633437468250e+15,9.214556256297430636e-02
1.650815633439385250e+15,9.007301989304603018e-02
1.650815633441302250e+15,8.770773441516414859e-02
1.650815633443219250e+15,8.534244893728226700e-02
1.650815633445136000e+15,8.297747192125196070e-02
1.650815633447053000e+15,8.061218644337006523e-02
1.650815633448970000e+15,7.824690096548816975e-02
1.650815633450886750e+15,7.588192394945786345e-02
1.650815633452803750e+15,7.374642173263812328e-02
1.650815633454720750e+15,7.613040322463396348e-02
1.650815633456637750e+15,7.851438471662981755e-02
1.650815633458554500e+15,8.089805530858756866e-02
1.650815633460471500e+15,8.328203680058340885e-02
1.650815633462388500e+15,8.566601829257926293e-02
1.650815633464305250e+15,9.047086328855752368e-02
1.650815633466222250e+15,9.554355807961624480e-02
1.650815633468139250e+15,1.006162528706749659e-01
1.650815633470056250e+15,1.056889476617336870e-01
1.650815633471973000e+15,1.107609809120006783e-01
1.650815633473890000e+15,1.158336757030594133e-01
1.650815633475807000e+15,1.147037619481511284e-01
1.650815633477723750e+15,1.124998772483065818e-01
1.650815633479640750e+15,1.102957050977381726e-01
1.650815633481557750e+15,1.080915329471697495e-01
1.650815633483474750e+15,1.058873607966013403e-01
1.650815633485391500e+15,1.043106935762221493e-01
1.650815633487308500e+15,1.043106935762221493e-01
1.650815633489225500e+15,1.043106935762221354e-01
1.650815633491142250e+15,1.043106935762221354e-01
1.650815633493059250e+15,1.043106935762221354e-01
1.650815633494976250e+15,1.043106935762221354e-01
1.650815633496893250e+15,1.043106935762221354e-01
1.650815633498810000e+15,1.043106935762221354e-01
1.650815633500727000e+15,1.043106935762221354e-01
1.650815633502644000e+15,1.043106935762221354e-01
1.650815633504561000e+15,1.043106935762221493e-01
1.650815633506477750e+15,1.043106935762221354e-01
1.650815633508394750e+15,1.061825045731018546e-01
1.650815633510311750e+15,1.083225145215249430e-01
1.650815633512228500e+15,1.104622453867518256e-01
1.650815633514145500e+15,1.126022553351749000e-01
1.650815633516062500e+15,1.147422652835979884e-01
1.650815633517979500e+15,1.165825398793076673e-01
1.650815633519896250e+15,1.165825398793076673e-01
1.650815633521813250e+15,1.165825398793076673e-01
1.650815633523730250e+15,1.165825398793076534e-01
1.650815633525647000e+15,1.165825398793076673e-01
1.650815633527564000e+15,1.165825398793076673e-01
1.650815633529481000e+15,1.165825398793076673e-01
1.650815633531398000e+15,1.165825398793076673e-01
1.650815633533314750e+15,1.163149641203168744e-01
1.650815633535231750e+15,1.155871276818843385e-01
1.650815633537148750e+15,1.148592912434517888e-01
1.650815633539065500e+15,1.141315497236992799e-01
1.650815633540982500e+15,1.134037132852667301e-01
1.650815633542899500e+15,1.126758768468341804e-01
1.650815633544816500e+15,1.119480404084016445e-01
1.650815633546733250e+15,1.112202988886491217e-01
1.650815633548650250e+15,1.104924624502165720e-01
1.650815633550567250e+15,1.118058601661791190e-01
1.650815633552484000e+15,1.132562873676161846e-01
1.650815633554401000e+15,1.147069037469848202e-01
1.650815633556318000e+15,1.161575201263534557e-01
1.650815633558235000e+15,1.176081365057221051e-01
1.650815633560151750e+15,1.190585637071591707e-01
1.650815633562068750e+15,1.205091800865278062e-01
1.650815633563985750e+15,1.219597964658964417e-01
1.650815633565902500e+15,1.234102236673335073e-01
1.650815633567819500e+15,1.248608400467021706e-01
1.650815633569736500e+15,1.263114564260708061e-01
1.650815633571653500e+15,1.277620728054394417e-01
1.650815633573570250e+15,1.284624275360445600e-01
1.650815633575487250e+15,1.268747154915677022e-01
1.650815633577404250e+15,1.252870034470908722e-01
1.650815633579321250e+15,1.236992914026140422e-01
1.650815633581238000e+15,1.221117864150026849e-01
1.650815633583155000e+15,1.205240743705258549e-01
1.650815633585072000e+15,1.189363623260490110e-01
1.650815633586988750e+15,1.173488573384376399e-01
1.650815633588905750e+15,1.171392666333941762e-01
1.650815633590822750e+15,1.182153898374111445e-01
1.650815633592739750e+15,1.192915130414281127e-01
1.650815633594656500e+15,1.203674959059557736e-01
1.650815633596573500e+15,1.214436191099727419e-01
1.650815633598490500e+15,1.225197423139897102e-01
1.650815633600407250e+15,1.235957251785173849e-01
1.650815633602324250e+15,1.246718483825343532e-01
1.650815633604241250e+15,1.257479715865513215e-01
1.650815633606158250e+15,1.268240947905683036e-01
1.650815633608075000e+15,1.279000776550959506e-01
1.650815633609992000e+15,1.289985342092292708e-01
1.650815633611909000e+15,1.302719524923848793e-01
1.650815633613825750e+15,1.315452047063851437e-01
1.650815633615742750e+15,1.328186229895407522e-01
1.650815633617659750e+15,1.340920412726963606e-01
1.650815633619576750e+15,1.347542077736833821e-01
1.650815633621493500e+15,1.339528838859189441e-01
1.650815633623410500e+15,1.331514554821915663e-01
1.650815633625327500e+15,1.323500270784641886e-01
1.650815633627244250e+15,1.315487031906997228e-01
1.650815633629161250e+15,1.307472747869723728e-01
1.650815633631078250e+15,1.299458463832450228e-01
1.650815633632995250e+15,1.291444179795176450e-01
1.650815633634912000e+15,1.282679804611830676e-01
1.650815633636829000e+15,1.273488146659569886e-01
1.650815633638746000e+15,1.264296488707308819e-01
1.650815633640662750e+15,1.255106029458484540e-01
1.650815633642579750e+15,1.245914371506223473e-01
1.650815633644496750e+15,1.236722713553962544e-01
1.650815633646413750e+15,1.227531055601701615e-01
1.650815633648330500e+15,1.238251130995925847e-01
1.650815633650247500e+15,1.249752612057340173e-01
1.650815633652164500e+15,1.261254093118754360e-01
1.650815633654081500e+15,1.272755574180168547e-01
1.650815633655998250e+15,1.284255555309258556e-01
1.650815633657915250e+15,1.288543861823940317e-01
1.650815633659832250e+15,1.288543861823938652e-01
1.650815633661749000e+15,1.288543861823937542e-01
1.650815633663666000e+15,1.288543861823936154e-01
1.650815633665583000e+15,1.288543861823934766e-01
1.650815633667500000e+15,1.288543861823933934e-01
1.650815633669416750e+15,1.288543861823932546e-01
1.650815633671333750e+15,1.307356930123208250e-01
1.650815633673250750e+15,1.336731519355309483e-01
1.650815633675167500e+15,1.366102277785476715e-01
1.650815633677084500e+15,1.395476867017577671e-01
1.650815633679001500e+15,1.424851456249679182e-01
1.650815633680918500e+15,1.454226045481780416e-01
1.650815633682835250e+15,1.484921738170646432e-01
1.650815633684752250e+15,1.517842434172627375e-01
1.650815633686669250e+15,1.550763130174608317e-01
1.650815633688586000e+15,1.583679532919415878e-01
1.650815633690503000e+15,1.616600228921397098e-01
1.650815633692420000e+15,1.649520924923378040e-01
1.650815633694337000e+15,1.647317143705650799e-01
1.650815633696253750e+15,1.635320376529928454e-01
1.650815633698170750e+15,1.623322044626518967e-01
1.650815633700087750e+15,1.611323712723109480e-01
1.650815633702004500e+15,1.599326945547386858e-01
1.650815633703921500e+15,1.587328613643977371e-01
1.650815633705838500e+15,1.575330281740567884e-01
1.650815633707755500e+15,1.563331949837158397e-01
1.650815633709672250e+15,1.551335182661436052e-01
1.650815633711589250e+15,1.539336850758026287e-01
1.650815633713506250e+15,1.553613706991927856e-01
1.650815633715423000e+15,1.589073210122156909e-01
1.650815633717340000e+15,1.624537338203883574e-01
1.650815633719257000e+15,1.660001466285609961e-01
1.650815633721174000e+15,1.695465594367336626e-01
1.650815633723090750e+15,1.730925097497565401e-01
1.650815633725007750e+15,1.766389225579292066e-01
1.650815633726924750e+15,1.779417713947344382e-01
1.650815633728841750e+15,1.779417713947344382e-01
1.650815633730758500e+15,1.779417713947344382e-01
1.650815633732675500e+15,1.779417713947344382e-01
1.650815633734592500e+15,1.779417713947344382e-01
1.650815633736509250e+15,1.779417713947344382e-01
1.650815633738426250e+15,1.779417713947344382e-01
1.650815633740343250e+15,1.759645789422742967e-01
1.650815633742260250e+15,1.734615061792786905e-01
1.650815633744177000e+15,1.709587598472641912e-01
1.650815633746094000e+15,1.684556870842686127e-01
1.650815633748011000e+15,1.659526143212730065e-01
1.650815633749927750e+15,1.634498679892584794e-01
1.650815633751844750e+15,1.609467952262629009e-01
1.650815633753761750e+15,1.584437224632672947e-01
1.650815633755678750e+15,1.559406497002717162e-01
1.650815633757595500e+15,1.534379033682571891e-01
1.650815633759512500e+15,1.574066505392459348e-01
1.650815633761429500e+15,1.614800308976115928e-01
1.650815633763346250e+15,1.655528800378814613e-01
1.650815633765263250e+15,1.696262603962471194e-01
1.650815633767180250e+15,1.736996407546127497e-01
1.650815633769097250e+15,1.777730211129784077e-01
1.650815633771014000e+15,1.818458702532482762e-01
1.650815633772931000e+15,1.859192506116139343e-01
1.650815633774848000e+15,1.899926309699795923e-01
1.650815633776764750e+15,1.892664240766874506e-01
1.650815633778681750e+15,1.882647580048567859e-01
1.650815633780598750e+15,1.872630919330261212e-01
1.650815633782515750e+15,1.862614258611954565e-01
1.650815633784432500e+15,1.852598904187429674e-01
1.650815633786349500e+15,1.842582243469123304e-01
1.650815633788266500e+15,1.832565582750816380e-01
1.650815633790183250e+15,1.822550228326291766e-01
1.650815633792100250e+15,1.812533567607985119e-01
1.650815633794017250e+15,1.802516906889678472e-01
1.650815633795934250e+15,1.792500246171371825e-01
1.650815633797851000e+15,1.782484891746846933e-01
1.650815633799768000e+15,1.788639973854170284e-01
1.650815633801685000e+15,1.801932509374008506e-01
1.650815633803601750e+15,1.815223311386345573e-01
1.650815633805518750e+15,1.828515846906183517e-01
1.650815633807435750e+15,1.842037780617879761e-01
1.650815633809352750e+15,1.858286661238833237e-01
1.650815633811269500e+15,1.874533422809105954e-01
1.650815633813186500e+15,1.890782303430059708e-01
1.650815633815103500e+15,1.907031184051013462e-01
1.650815633817020500e+15,1.923280064671966660e-01
1.650815633818937250e+15,1.939526826242239654e-01
1.650815633820854250e+15,1.955775706863193408e-01
1.650815633822771250e+15,1.978045933249096555e-01
1.650815633824688000e+15,2.005762423510020764e-01
1.650815633826605000e+15,2.033482528808151224e-01
1.650815633828522000e+15,2.061202634106281406e-01
1.650815633830439000e+15,2.088922739404411866e-01
1.650815633832355750e+15,2.116639229665335797e-01
1.650815633834272750e+15,2.144359334963466257e-01
1.650815633836189750e+15,2.157749104371801674e-01
1.650815633838106500e+15,2.169258088323969824e-01
1.650815633840023500e+15,2.180768573382692033e-01
1.650815633841940500e+15,2.192279058441414241e-01
1.650815633843857500e+15,2.203789543500136727e-01
1.650815633845774250e+15,2.208932334555323840e-01
1.650815633847691250e+15,2.208932334555322174e-01
1.650815633849608250e+15,2.208932334555320787e-01
1.650815633851525000e+15,2.208932334555319676e-01
1.650815633853442000e+15,2.208932334555318011e-01
1.650815633855359000e+15,2.208932334555316346e-01
1.650815633857276000e+15,2.201210622160497954e-01
1.650815633859192750e+15,2.183940386182939841e-01
1.650815633861109750e+15,2.166667897663842879e-01
1.650815633863026750e+15,2.149395409144745916e-01
1.650815633864943500e+15,2.132125173167188081e-01
1.650815633866860500e+15,2.114852684648091397e-01
1.650815633868777500e+15,2.097580196128994712e-01
1.650815633870694500e+15,2.097804930964936310e-01
1.650815633872611250e+15,2.131698391197553999e-01
1.650815633874528250e+15,2.165596272124085397e-01
1.650815633876445250e+15,2.199494153050616518e-01
1.650815633878362000e+15,2.233387613283234208e-01
1.650815633880279000e+15,2.267285494209765329e-01
1.650815633882196000e+15,2.301183375136296450e-01
1.650815633884113000e+15,2.335081256062827570e-01
1.650815633886029750e+15,2.368974716295445537e-01
1.650815633887946750e+15,2.385681216614394251e-01
1.650815633889863750e+15,2.360491913991422108e-01
1.650815633891780750e+15,2.335302611368450243e-01
1.650815633893697500e+15,2.310116593735387358e-01
1.650815633895614500e+15,2.284927291112414938e-01
1.650815633897531500e+15,2.259737988489443072e-01
1.650815633899448250e+15,2.234551970856379910e-01
1.650815633901365250e+15,2.209362668233407767e-01
1.650815633903282250e+15,2.199114388564916978e-01
1.650815633905199250e+15,2.189125797632931192e-01
1.650815633907116000e+15,2.179138509334087037e-01
1.650815633909033000e+15,2.169149918402100974e-01
1.650815633910950000e+15,2.159161327470114911e-01
1.650815633912866750e+15,2.149174039171271033e-01
1.650815633914783750e+15,2.139185448239285248e-01
1.650815633916700750e+15,2.129196857307299184e-01
1.650815633918617750e+15,2.119208266375313399e-01
1.650815633920534500e+15,2.109220978076469244e-01
1.650815633922451500e+15,2.099232387144483181e-01
1.650815633924368500e+15,2.089243796212497117e-01
1.650815633926285250e+15,2.101076440935985001e-01
1.650815633928202250e+15,2.122414426752780026e-01
1.650815633930119250e+15,2.143752412569575605e-01
1.650815633932036250e+15,2.165090398386370629e-01
1.650815633933953000e+15,2.186425601471577718e-01
1.650815633935870000e+15,2.207763587288373019e-01
1.650815633937787000e+15,2.241770827505475405e-01
1.650815633939703750e+15,2.276507682561868529e-01
1.650815633941620750e+15,2.311249068315412991e-01
1.650815633943537750e+15,2.345990454068956621e-01
1.650815633945454750e+15,2.380731839822500806e-01
1.650815633947371500e+15,2.415468694878894207e-01
1.650815633949288500e+15,2.450210080632438114e-01
1.650815633951205500e+15,2.459482277415314389e-01
1.650815633953122250e+15,2.465289907014209247e-01
1.650815633955039250e+15,2.471098294097074377e-01
1.650815633956956250e+15,2.476906681179939507e-01
1.650815633958873250e+15,2.482715068262804081e-01
1.650815633960790000e+15,2.488522697861699218e-01
1.650815633962707000e+15,2.494331084944564347e-01
1.650815633964624000e+15,2.500139472027429477e-01
1.650815633966541000e+15,2.505947859110294607e-01
1.650815633968457750e+15,2.511755488709189188e-01
1.650815633970374750e+15,2.512727656149052469e-01
1.650815633972291750e+15,2.503230994852825853e-01
1.650815633974208500e+15,2.493735572036162584e-01
1.650815633976125500e+15,2.484238910739935691e-01
1.650815633978042500e+15,2.474742249443708797e-01
1.650815633979959500e+15,2.465245588147481903e-01
1.650815633981876250e+15,2.455750165330819190e-01
1.650815633983793250e+15,2.460338131885376201e-01
1.650815633985710250e+15,2.467322613021594446e-01
1.650815633987627000e+15,2.474306183296944572e-01
1.650815633989544000e+15,2.481290664433162541e-01
1.650815633991461000e+15,2.488275145569380786e-01
1.650815633993378000e+15,2.495259626705598754e-01
1.650815633995294750e+15,2.502243196980948881e-01
1.650815633997211750e+15,2.509227678117166849e-01
1.650815633999128750e+15,2.516200554606148887e-01
1.650815634001045500e+15,2.523016567762175200e-01
1.650815634002962500e+15,2.529833469924743228e-01
1.650815634004879500e+15,2.536650372087312366e-01
1.650815634006796500e+15,2.543467274249880394e-01
1.650815634008713250e+15,2.550283287405906707e-01
1.650815634010630250e+15,2.557100189568475290e-01
1.650815634012547250e+15,2.563917091731043874e-01
1.650815634014464000e+15,2.570733104887070186e-01
1.650815634016381000e+15,2.577720945851360579e-01
1.650815634018298000e+15,2.587058537882401255e-01
1.650815634020215000e+15,2.596396129913441375e-01
1.650815634022131750e+15,2.605732504209475331e-01
1.650815634024048750e+15,2.615070096240515451e-01
1.650815634025965750e+15,2.624407688271556127e-01
1.650815634027882500e+15,2.633744062567589528e-01
1.650815634029799500e+15,2.651523700449303633e-01
1.650815634031716500e+15,2.677869597152693903e-01
1.650815634033633500e+15,2.704215493856084729e-01
1.650815634035550250e+15,2.730557954735701176e-01
1.650815634037467250e+15,2.756903851439092001e-01
1.650815634039384250e+15,2.783249748142482827e-01
1.650815634041301250e+15,2.809595644845873097e-01
1.650815634043218000e+15,2.826833968984170942e-01
1.650815634045135000e+15,2.835298072518392942e-01
1.650815634047052000e+15,2.843762176052614943e-01
1.650815634048968750e+15,2.852225175765301657e-01
1.650815634050885750e+15,2.860689279299523102e-01
1.650815634052802750e+15,2.869153382833745658e-01
1.650815634054719750e+15,2.877617486367967103e-01
1.650815634056636500e+15,2.866960598333929133e-01
1.650815634058553500e+15,2.801750682148611005e-01
1.650815634060470500e+15,2.736540765963292876e-01
1.650815634062387250e+15,2.671339353940231920e-01
1.650815634064304250e+15,2.606129437754913791e-01
1.650815634066221250e+15,2.589710380687387792e-01
1.650815634068138250e+15,2.612468559426882053e-01
1.650815634070055000e+15,2.635223770224442985e-01
1.650815634071972000e+15,2.657981948963936691e-01
1.650815634073889000e+15,2.680740127703430953e-01
1.650815634075805750e+15,2.703495338500992440e-01
1.650815634077722750e+15,2.726253517240486701e-01
1.650815634079639750e+15,2.749011695979980408e-01
1.650815634081556750e+15,2.771769874719474114e-01
1.650815634083473500e+15,2.794525085517035601e-01
1.650815634085390500e+15,2.817283264256529862e-01
1.650815634087307500e+15,2.829734615951592924e-01
1.650815634089224250e+15,2.839100731027422997e-01
1.650815634091141250e+15,2.848468067717323526e-01
1.650815634093058250e+15,2.857835404407224611e-01
1.650815634094975250e+15,2.867202741097125696e-01
1.650815634096892000e+15,2.876568856172956323e-01
1.650815634098809000e+15,2.879575090515011371e-01
1.650815634100726000e+15,2.859908538631534825e-01
1.650815634102642750e+15,2.840244551504432780e-01
1.650815634104559750e+15,2.820577999620956233e-01
1.650815634106476750e+15,2.800911447737479687e-01
1.650815634108393750e+15,2.781244895854002586e-01
1.650815634110310500e+15,2.761580908726900541e-01
1.650815634112227500e+15,2.775314510637361676e-01
1.650815634114144500e+15,2.789768979176468489e-01
1.650815634116061250e+15,2.804221562677946533e-01
1.650815634117978250e+15,2.818676031217053346e-01
1.650815634119895250e+15,2.833130499756160159e-01
1.650815634121812250e+15,2.847584968295266972e-01
1.650815634123729000e+15,2.862037551796745016e-01
1.650815634125646000e+15,2.876492020335851829e-01
1.650815634127563000e+15,2.890946488874958642e-01
1.650815634129480000e+15,2.905400957414065455e-01
1.650815634131396750e+15,2.919853540915543499e-01
1.650815634133313750e+15,2.934308009454650312e-01
1.650815634135230750e+15,2.950505777442713473e-01
1.650815634137147500e+15,2.972117373732165446e-01
1.650815634139064500e+15,2.993731788802924676e-01
1.650815634140981500e+15,3.015346203873684461e-01
1.650815634142898500e+15,3.036960618944444801e-01
1.650815634144815250e+15,3.058572215233896774e-01
1.650815634146732250e+15,3.067961575771286364e-01
1.650815634148649250e+15,3.067961575771287475e-01
1.650815634150566000e+15,3.067961575771288585e-01
1.650815634152483000e+15,3.067961575771289695e-01
1.650815634154400000e+15,3.067961575771291916e-01
1.650815634156317000e+15,3.067961575771293026e-01
1.650815634158233750e+15,3.069064456024688248e-01
1.650815634160150750e+15,3.090474293450070076e-01
1.650815634162067750e+15,3.111884130875451904e-01
1.650815634163984500e+15,3.133291176198926831e-01
1.650815634165901500e+15,3.154701013624309214e-01
1.650815634167818500e+15,3.176110851049691042e-01
1.650815634169735500e+15,3.190680038802124474e-01
1.650815634171652250e+15,3.190680038802128915e-01
1.650815634173569250e+15,3.190680038802133911e-01
1.650815634175486250e+15,3.190680038802138352e-01
1.650815634177403000e+15,3.190680038802142793e-01
1.650815634179320000e+15,3.190680038802147789e-01
1.650815634181237000e+15,3.200795034579361764e-01
1.650815634183154000e+15,3.216159889496095214e-01
1.650815634185070750e+15,3.231522740649797609e-01
1.650815634186987750e+15,3.246887595566530504e-01
1.650815634188904750e+15,3.262252450483263955e-01
1.650815634190821500e+15,3.277615301636966350e-01
1.650815634192738500e+15,3.292980156553699245e-01
1.650815634194655500e+15,3.308345011470432140e-01
1.650815634196572500e+15,3.293558023110309541e-01
1.650815634198489250e+15,3.263997791791478642e-01
1.650815634200406250e+15,3.234433704957933031e-01
1.650815634202323250e+15,3.204869618124387975e-01
1.650815634204240250e+15,3.175305531290841810e-01
1.650815634206157000e+15,3.145745299972012021e-01
1.650815634208074000e+15,3.142097263632072646e-01
1.650815634209991000e+15,3.170844290409142174e-01
1.650815634211907750e+15,3.199587568226016643e-01
1.650815634213824750e+15,3.228334595003086172e-01
1.650815634215741750e+15,3.257081621780155700e-01
1.650815634217658750e+15,3.285828648557225229e-01
1.650815634219575500e+15,3.314571926374099697e-01
1.650815634221492500e+15,3.343318953151169781e-01
1.650815634223409500e+15,3.372065979928238755e-01
1.650815634225326250e+15,3.368056090889586240e-01
1.650815634227243250e+15,3.360661042051721337e-01
1.650815634229160250e+15,3.353265993213856433e-01
1.650815634231077250e+15,3.345870944375991529e-01
1.650815634232994000e+15,3.338476859941991171e-01
1.650815634234911000e+15,3.331081811104125712e-01
1.650815634236828000e+15,3.323686762266260253e-01
1.650815634238744750e+15,3.316292677832260449e-01
1.650815634240661750e+15,3.342353358605738012e-01
1.650815634242578750e+15,3.389926926579478472e-01
1.650815634244495750e+15,3.437500494553219488e-01
1.650815634246412500e+15,3.485067858357949744e-01
1.650815634248329500e+15,3.532641426331690759e-01
1.650815634250246500e+15,3.542035117081813733e-01
1.650815634252163250e+15,3.504656131880891090e-01
1.650815634254080250e+15,3.467272271372128789e-01
1.650815634255997250e+15,3.429888410863367043e-01
1.650815634257914250e+15,3.392504550354604742e-01
1.650815634259831000e+15,3.355125565153682099e-01
1.650815634261748000e+15,3.317741704644920353e-01
1.650815634263665000e+15,3.280357844136158052e-01
1.650815634265581750e+15,3.242978858935234854e-01
1.650815634267498750e+15,3.205594998426473108e-01
1.650815634269415750e+15,3.168211137917711362e-01
1.650815634271332750e+15,3.130827277408949616e-01
1.650815634273249500e+15,3.156540334547004445e-01
1.650815634275166500e+15,3.184906648087615366e-01
1.650815634277083500e+15,3.213272961628226287e-01
1.650815634279000500e+15,3.241639275168837209e-01
1.650815634280917250e+15,3.270001889398866934e-01
1.650815634282834250e+15,3.298368202939476745e-01
1.650815634284751250e+15,3.321784914845322123e-01
1.650815634286668000e+15,3.339620872838527932e-01
1.650815634288585000e+15,3.357459157159891627e-01
1.650815634290502000e+15,3.375297441481255878e-01
1.650815634292419000e+15,3.393135725802619573e-01
1.650815634294335750e+15,3.410971683795824827e-01
1.650815634296252750e+15,3.428809968117189633e-01
1.650815634298169750e+15,3.451583180959081343e-01
1.650815634300086500e+15,3.477777013254668148e-01
1.650815634302003500e+15,3.503974261988536121e-01
1.650815634303920500e+15,3.530171510722404093e-01
1.650815634305837500e+15,3.556368759456271511e-01
1.650815634307754250e+15,3.554446034556201228e-01
1.650815634309671250e+15,3.549599689254605006e-01
1.650815634311588250e+15,3.544753343953008229e-01
1.650815634313505000e+15,3.539907630673490568e-01
1.650815634315422000e+15,3.535061285371894346e-01
1.650815634317339000e+15,3.530214940070297569e-01
1.650815634319256000e+15,3.525368594768701347e-01
1.650815634321172750e+15,3.520522881489183131e-01
1.650815634323089750e+15,3.515676536187587464e-01
1.650815634325006750e+15,3.510830190885990132e-01
1.650815634326923500e+15,3.505984477606473027e-01
1.650815634328840500e+15,3.501138132304876249e-01
1.650815634330757500e+15,3.499188232587071568e-01
1.650815634332674500e+15,3.506193512011468449e-01
1.650815634334591250e+15,3.513197877862648810e-01
1.650815634336508250e+15,3.520203157287045692e-01
1.650815634338425250e+15,3.527208436711443129e-01
1.650815634340342000e+15,3.534212802562622935e-01
1.650815634342259000e+15,3.541218081987019817e-01
1.650815634344176000e+15,3.548223361411417254e-01
1.650815634346093000e+15,3.555228640835813581e-01
1.650815634348009750e+15,3.563977270661840002e-01
1.650815634349926750e+15,3.574578951312136210e-01
1.650815634351843750e+15,3.585180631962432418e-01
1.650815634353760750e+15,3.595782312612727516e-01
1.650815634355677500e+15,3.606382610675562539e-01
1.650815634357594500e+15,3.616984291325858747e-01
1.650815634359511500e+15,3.612313954728154641e-01
1.650815634361428250e+15,3.601011791840669218e-01
1.650815634363345250e+15,3.589708154822117692e-01
1.650815634365262250e+15,3.578404517803566165e-01
1.650815634367179250e+15,3.567100880785014638e-01
1.650815634369096000e+15,3.563720767378911192e-01
1.650815634371013000e+15,3.581905613575520064e-01
1.650815634372930000e+15,3.600090459772129492e-01
1.650815634374846750e+15,3.618272934444716205e-01
1.650815634376763750e+15,3.636457780641325632e-01
1.650815634378680750e+15,3.654642626837935060e-01
1.650815634380597750e+15,3.672827473034543933e-01
1.650815634382514500e+15,3.691009947707131200e-01
1.650815634384431500e+15,3.709194793903740628e-01
1.650815634386348500e+15,3.727379640100350056e-01
1.650815634388265250e+15,3.742913122440958973e-01
1.650815634390182250e+15,3.742913122440960083e-01
1.650815634392099250e+15,3.742913122440960638e-01
1.650815634394016250e+15,3.742913122440961748e-01
1.650815634395933000e+15,3.742913122440962859e-01
1.650815634397850000e+15,3.742913122440963969e-01
1.650815634399767000e+15,3.742913122440964524e-01
1.650815634401683750e+15,3.742913122440965634e-01
1.650815634403600750e+15,3.742913122440966189e-01
1.650815634405517750e+15,3.745381197713155697e-01
1.650815634407434750e+15,3.758074156255842846e-01
1.650815634409351500e+15,3.770765459483121917e-01
1.650815634411268500e+15,3.783458418025807957e-01
1.650815634413185500e+15,3.796151376568494551e-01
1.650815634415102250e+15,3.808842679795774178e-01
1.650815634417019250e+15,3.821535638338459662e-01
1.650815634418936250e+15,3.834228596881146256e-01
1.650815634420853250e+15,3.846921555423832850e-01
1.650815634422770000e+15,3.859612858651111922e-01
1.650815634424687000e+15,3.870516095273801027e-01
1.650815634426604000e+15,3.879805386236490627e-01
1.650815634428520750e+15,3.889093465763218682e-01
1.650815634430437750e+15,3.898382756725908838e-01
1.650815634432354750e+15,3.907672047688599548e-01
1.650815634434271750e+15,3.916961338651289704e-01
1.650815634436188500e+15,3.926249418178017203e-01
1.650815634438105500e+15,3.935538709140707914e-01
1.650815634440022500e+15,3.944828000103397514e-01
1.650815634441939500e+15,3.954117291066088224e-01
1.650815634443856250e+15,3.963405370592816279e-01
1.650815634445773250e+15,3.972694661555506435e-01
1.650815634447690250e+15,3.981983952518196590e-01
1.650815634449607000e+15,3.991541871881189030e-01
1.650815634451524000e+15,4.001689011875587676e-01
1.650815634453441000e+15,4.011836151869985767e-01
1.650815634455358000e+15,4.021983291864383858e-01
1.650815634457274750e+15,4.032129108548923591e-01
1.650815634459191750e+15,4.042276248543322237e-01
1.650815634461108750e+15,4.047092031373259458e-01
1.650815634463025500e+15,4.037308293996402231e-01
1.650815634464942500e+15,4.027523280535369454e-01
1.650815634466859500e+15,4.017738267074337233e-01
1.650815634468776500e+15,4.007953253613304456e-01
1.650815634470693250e+15,3.998169516236447230e-01
1.650815634472610250e+15,3.988384502775415008e-01
1.650815634474527250e+15,3.978599489314382232e-01
1.650815634476444000e+15,3.968815751937525005e-01
1.650815634478361000e+15,3.959030738476492783e-01
1.650815634480278000e+15,3.949245725015459452e-01
1.650815634482195000e+15,3.939460711554426675e-01
1.650815634484111750e+15,3.929676974177570559e-01
1.650815634486028750e+15,3.938271101353408854e-01
1.650815634487945750e+15,3.953819765836566469e-01
1.650815634489862500e+15,3.969366402585700615e-01
1.650815634491779500e+15,3.984915067068857120e-01
1.650815634493696500e+15,4.000463731552014734e-01
1.650815634495613500e+15,4.016012396035172349e-01
1.650815634497530250e+15,4.031559032784306496e-01
1.650815634499447250e+15,4.047107697267463555e-01
1.650815634501364250e+15,4.062656361750621170e-01
1.650815634503281000e+15,4.078202998499755871e-01
1.650815634505198000e+15,4.093751662982912376e-01
1.650815634507115000e+15,4.109300327466069436e-01
1.650815634509032000e+15,4.119721344729471157e-01
1.650815634510948750e+15,4.129483156400050037e-01
1.650815634512865750e+15,4.139246241295054252e-01
1.650815634514782750e+15,4.149009326190059577e-01
1.650815634516699750e+15,4.158772411085063236e-01
1.650815634518616500e+15,4.168534222755642671e-01
1.650815634520533500e+15,4.218617497667828120e-01
1.650815634522450500e+15,4.295446790166247975e-01
1.650815634524367250e+15,4.372266063195119346e-01
1.650815634526284250e+15,4.449095355693538645e-01
1.650815634528201250e+15,4.525924648191958499e-01
1.650815634530118250e+15,4.534670378514458755e-01
1.650815634532035000e+15,4.527364482936919732e-01
1.650815634533952000e+15,4.520057634457910201e-01
1.650815634535869000e+15,4.512750785978899559e-01
1.650815634537785750e+15,4.505444890401361091e-01
1.650815634539702750e+15,4.498138041922351560e-01
1.650815634541619750e+15,4.490831193443341474e-01
1.650815634543536750e+15,4.483524344964331942e-01
1.650815634545453500e+15,4.476705198244381179e-01
1.650815634547370500e+15,4.470581732847168088e-01
1.650815634549287500e+15,4.464458267449954998e-01
1.650815634551204250e+15,4.458335600626737172e-01
1.650815634553121250e+15,4.452212135229524081e-01
1.650815634555038250e+15,4.446088669832310991e-01
1.650815634556955250e+15,4.439965204435097901e-01
1.650815634558872000e+15,4.433842537611880075e-01
1.650815634560789000e+15,4.427719072214666984e-01
1.650815634562706000e+15,4.421595606817454449e-01
1.650815634564622750e+15,4.415291135355486341e-01
1.650815634566539750e+15,4.408702201520898201e-01
1.650815634568456750e+15,4.402113267686310616e-01
1.650815634570373750e+15,4.395524333851722476e-01
1.650815634572290500e+15,4.388936259293846343e-01
1.650815634574207500e+15,4.382347325459258758e-01
1.650815634576124500e+15,4.375758391624671173e-01
1.650815634578041250e+15,4.369170317066796150e-01
1.650815634579958250e+15,4.362581383232207455e-01
1.650815634581875250e+15,4.355602562183248927e-01
1.650815634583792250e+15,4.344005830761078490e-01
1.650815634585709000e+15,4.332410611693030544e-01
1.650815634587626000e+15,4.320813880270859553e-01
1.650815634589543000e+15,4.309217148848688006e-01
1.650815634591460000e+15,4.297620417426517014e-01
1.650815634593376750e+15,4.284213284628909935e-01
1.650815634595293750e+15,4.270312830030107976e-01
1.650815634597210750e+15,4.256412375431305462e-01
1.650815634599127500e+15,4.242513733620008609e-01
1.650815634601044500e+15,4.252562088933637408e-01
1.650815634602961500e+15,4.303006229432425611e-01
1.650815634604878500e+15,4.353450369931213260e-01
1.650815634606795250e+15,4.403887931903592845e-01
1.650815634608712250e+15,4.454332072402380494e-01
1.650815634610629250e+15,4.504776212901168142e-01
1.650815634612546000e+15,4.542146567947497049e-01
1.650815634614463000e+15,4.547537047156289258e-01
1.650815634616380000e+15,4.552927526365081468e-01
1.650815634618297000e+15,4.558318005573873122e-01
1.650815634620213750e+15,4.563707781798939656e-01
1.650815634622130750e+15,4.569098261007731310e-01
1.650815634624047750e+15,4.574488740216523519e-01
1.650815634625964500e+15,4.579878516441589498e-01
1.650815634627881500e+15,4.585268995650381152e-01
1.650815634629798500e+15,4.590659474859173361e-01
1.650815634631715500e+15,4.596049954067965571e-01
1.650815634633632250e+15,4.601439730293031549e-01
1.650815634635549250e+15,4.594948875742573269e-01
1.650815634637466250e+15,4.587236224322006617e-01
1.650815634639383000e+15,4.579524578724525341e-01
1.650815634641300000e+15,4.571811927303958134e-01
1.650815634643217000e+15,4.564099275883390927e-01
1.650815634645134000e+15,4.556386624462824830e-01
1.650815634647050750e+15,4.548674978865342999e-01
1.650815634648967750e+15,4.540962327444776347e-01
1.650815634650884750e+15,4.540583132141495226e-01
1.650815634652801500e+15,4.540583132141495226e-01
1.650815634654718500e+15,4.540583132141495781e-01
1.650815634656635500e+15,4.540583132141495781e-01
1.650815634658552500e+15,4.540583132141495781e-01
1.650815634660469250e+15,4.540583132141495781e-01
1.650815634662386250e+15,4.540583132141495781e-01
1.650815634664303250e+15,4.540583132141495781e-01
1.650815634666220250e+15,4.540583132141495781e-01
1.650815634668137000e+15,4.540583132141495226e-01
1.650815634670054000e+15,4.540583132141495781e-01
1.650815634671971000e+15,4.570234949576168493e-01
1.650815634673887750e+15,4.633175282984707266e-01
1.650815634675804750e+15,4.696123825645026617e-01
1.650815634677721750e+15,4.759072368305345968e-01
1.650815634679638750e+15,4.822020910965665319e-01
1.650815634681555500e+15,4.847379289718629081e-01
1.650815634683472500e+15,4.847379289718628526e-01
1.650815634685389500e+15,4.847379289718626305e-01
1.650815634687306250e+15,4.847379289718625750e-01
1.650815634689223250e+15,4.847379289718624640e-01
1.650815634691140250e+15,4.847379289718623530e-01
1.650815634693057250e+15,4.847379289718622419e-01
1.650815634694974000e+15,4.847379289718621309e-01
1.650815634696891000e+15,4.844005184511662176e-01
1.650815634698808000e+15,4.838793129973595342e-01
1.650815634700724750e+15,4.833581755150518355e-01
1.650815634702641750e+15,4.828369700612451521e-01
1.650815634704558750e+15,4.823157646074385241e-01
1.650815634706475750e+15,4.817945591536318961e-01
1.650815634708392500e+15,4.812734216713241420e-01
1.650815634710309500e+15,4.807522162175175140e-01
1.650815634712226500e+15,4.802310107637108860e-01
1.650815634714143250e+15,4.797098732814031319e-01
1.650815634716060250e+15,4.791886678275965039e-01
1.650815634717977250e+15,4.786674623737899315e-01
1.650815634719894250e+15,4.802338226032434876e-01
1.650815634721811000e+15,4.820997643295198420e-01
1.650815634723728000e+15,4.839659494289180741e-01
1.650815634725645000e+15,4.858321345283163617e-01
1.650815634727561750e+15,4.876980762545926606e-01
1.650815634729478750e+15,4.895642613539910037e-01
1.650815634731395750e+15,4.907130428979783465e-01
1.650815634733312750e+15,4.901738714329295643e-01
1.650815634735229500e+15,4.896347702823649617e-01
1.650815634737146500e+15,4.890955988173161240e-01
1.650815634739063500e+15,4.885564273522673417e-01
1.650815634740980250e+15,4.880173262017027946e-01
1.650815634742897250e+15,4.874781547366539569e-01
1.650815634744814250e+15,4.869389832716051192e-01
1.650815634746731250e+15,4.863998118065562815e-01
1.650815634748648000e+15,4.858607106559917344e-01
1.650815634750565000e+15,4.853215391909428966e-01
1.650815634752482000e+15,4.847823677258940589e-01
1.650815634754399000e+15,4.856889456978794595e-01
1.650815634756315750e+15,4.867252511609790888e-01
1.650815634758232750e+15,4.877616917884796677e-01
1.650815634760149750e+15,4.887981324159803576e-01
1.650815634762066500e+15,4.898344378790798759e-01
1.650815634763983500e+15,4.908708785065806213e-01
1.650815634765900500e+15,4.919209744432131437e-01
1.650815634767817500e+15,4.929711096705600148e-01
1.650815634769734250e+15,4.940211079475642086e-01
1.650815634771651250e+15,4.950712431749110243e-01
1.650815634773568250e+15,4.961213784022578399e-01
1.650815634775485000e+15,4.970097752749493836e-01
1.650815634777402000e+15,4.970097752749491615e-01
1.650815634779319000e+15,4.970097752749489395e-01
1.650815634781236000e+15,4.970097752749487174e-01
1.650815634783152750e+15,4.970097752749484399e-01
1.650815634785069750e+15,4.970097752749482733e-01
1.650815634786986750e+15,4.970097752749479958e-01
1.650815634788903500e+15,4.970097752749477737e-01
1.650815634790820500e+15,4.970097752749475517e-01
1.650815634792737500e+15,4.970097752749475517e-01
1.650815634794654500e+15,4.970097752749473852e-01
1.650815634796571250e+15,4.970097752749473852e-01
1.650815634798488250e+15,4.970097752749472741e-01
1.650815634800405250e+15,4.970097752749471631e-01
1.650815634802322000e+15,4.970097752749471076e-01
1.650815634804239000e+15,4.970097752749470521e-01
1.650815634806156000e+15,4.970097752749469411e-01
1.650815634808073000e+15,4.970097752749469411e-01
1.650815634809989750e+15,4.970097752749467745e-01
1.650815634811906750e+15,4.970097752749467190e-01
1.650815634813823750e+15,4.970097752749472186e-01
1.650815634815740500e+15,4.970097752749476627e-01
1.650815634817657500e+15,4.970097752749481068e-01
1.650815634819574500e+15,4.970097752749484954e-01
1.650815634821491500e+15,4.970097752749489395e-01
1.650815634823408250e+15,4.970097752749493281e-01
1.650815634825325250e+15,4.970097752749490505e-01
1.650815634827242250e+15,4.970097752749487174e-01
1.650815634829159250e+15,4.970097752749484399e-01
1.650815634831076000e+15,4.970097752749481623e-01
1.650815634832993000e+15,4.970097752749478848e-01
1.650815634834910000e+15,4.971585012068618359e-01
1.650815634836826750e+15,4.990339645621031939e-01
1.650815634838743750e+15,5.009096725323641808e-01
1.650815634840660750e+15,5.027853805026252232e-01
1.650815634842577750e+15,5.046610884728861546e-01
1.650815634844494500e+15,5.065365518281276236e-01
1.650815634846411500e+15,5.084122597983885550e-01
1.650815634848328500e+15,5.100954454172690333e-01
1.650815634850245250e+15,5.116121171176648552e-01
1.650815634852162250e+15,5.131289866362034324e-01
1.650815634854079250e+15,5.146458561547420096e-01
1.650815634855996250e+15,5.161627256732805868e-01
1.650815634857913000e+15,5.176793973736765198e-01
1.650815634859830000e+15,5.191962668922150970e-01
1.650815634861747000e+15,5.207131364107536742e-01
1.650815634863663750e+15,5.215534678811177827e-01
1.650815634865580750e+15,5.215534678811177827e-01
1.650815634867497750e+15,5.215534678811177827e-01
1.650815634869414750e+15,5.215534678811177827e-01
1.650815634871331500e+15,5.215534678811177827e-01
1.650815634873248500e+15,5.215534678811177827e-01
1.650815634875165500e+15,5.215534678811177827e-01
1.650815634877082250e+15,5.215534678811177827e-01
1.650815634878999250e+15,5.215534678811177827e-01
1.650815634880916250e+15,5.215534678811177827e-01
1.650815634882833250e+15,5.215534678811177827e-01
1.650815634884750000e+15,5.215534678811177827e-01
1.650815634886667000e+15,5.215534678811177827e-01
1.650815634888584000e+15,5.215534678811177827e-01
1.650815634890500750e+15,5.215534678811177827e-01
1.650815634892417750e+15,5.215534678811177827e-01
1.650815634894334750e+15,5.215534678811177827e-01
1.650815634896251750e+15,5.215534678811177827e-01
1.650815634898168500e+15,5.215534678811177827e-01
1.650815634900085500e+15,5.215534678811177827e-01
1.650815634902002500e+15,5.215534678811177827e-01
1.650815634903919500e+15,5.215534678811177827e-01
1.650815634905836250e+15,5.215534678811177827e-01
1.650815634907753250e+15,5.215534678811176716e-01
1.650815634909670250e+15,5.215534678811177827e-01
1.650815634911587000e+15,5.215534678811177827e-01
1.650815634913504000e+15,5.215534678811177827e-01
1.650815634915421000e+15,5.215534678811177827e-01
1.650815634917338000e+15,5.215534678811177827e-01
1.650815634919254750e+15,5.226874598798441074e-01
1.650815634921171750e+15,5.238639516463483581e-01
1.650815634923088750e+15,5.250404434128527198e-01
1.650815634925005500e+15,5.262167817505924994e-01
1.650815634926922500e+15,5.273932735170967501e-01
1.650815634928839500e+15,5.269952831735900123e-01
1.650815634930756500e+15,5.260677092692047641e-01
1.650815634932673250e+15,5.251402563316822647e-01
1.650815634934590250e+15,5.242126824272970165e-01
1.650815634936507250e+15,5.232851085229116572e-01
1.650815634938424000e+15,5.223576555853892689e-01
1.650815634940341000e+15,5.215534678811177827e-01
1.650815634942258000e+15,5.215534678811178937e-01
1.650815634944175000e+15,5.215534678811180047e-01
1.650815634946091750e+15,5.215534678811182268e-01
1.650815634948008750e+15,5.215534678811184488e-01
1.650815634949925750e+15,5.215534678811185598e-01
1.650815634951842500e+15,5.215534678811187819e-01
1.650815634953759500e+15,5.241135729392855103e-01
1.650815634955676500e+15,5.268197882116900654e-01
1.650815634957593500e+15,5.295260034840947316e-01
1.650815634959510250e+15,5.322318658332765295e-01
1.650815634961427250e+15,5.334485406838369581e-01
1.650815634963344250e+15,5.325322390026415720e-01
1.650815634965261000e+15,5.316160568182747292e-01
1.650815634967178000e+15,5.306997551370793431e-01
1.650815634969095000e+15,5.297834534558840680e-01
1.650815634971012000e+15,5.288671517746886819e-01
1.650815634972928750e+15,5.279509695903218391e-01
1.650815634974845750e+15,5.267107370111404618e-01
1.650815634976762750e+15,5.253410857906574138e-01
1.650815634978679500e+15,5.239716131892693252e-01
1.650815634980596500e+15,5.226019619687862772e-01
1.650815634982513500e+15,5.216681687651167909e-01
1.650815634984430500e+15,5.221573380523790719e-01
1.650815634986347250e+15,5.226464435460461688e-01
1.650815634988264250e+15,5.231356128333084499e-01
1.650815634990181250e+15,5.236247821205706199e-01
1.650815634992098250e+15,5.241139514078330119e-01
1.650815634994015000e+15,5.246030569015001088e-01
1.650815634995932000e+15,5.250922261887623899e-01
1.650815634997849000e+15,5.255813954760246709e-01
1.650815634999765750e+15,5.260705009696917678e-01
1.650815635001682750e+15,5.265596702569540488e-01
1.650815635003599750e+15,5.270488395442163299e-01
1.650815635005516750e+15,5.275380088314786109e-01
1.650815635007433500e+15,5.286696229017049387e-01
1.650815635009350500e+15,5.300894222919245724e-01
1.650815635011267500e+15,5.315092216821442062e-01
1.650815635013184250e+15,5.329288359133406150e-01
1.650815635015101250e+15,5.343486353035602487e-01
1.650815635017018250e+15,5.357684346937797715e-01
1.650815635018935250e+15,5.371882340839992942e-01
1.650815635020852000e+15,5.386078483151957030e-01
1.650815635022769000e+15,5.400276477054153368e-01
1.650815635024686000e+15,5.414474470956349705e-01
1.650815635026602750e+15,5.428670613268313794e-01
1.650815635028519750e+15,5.442868607170509021e-01
1.650815635030436750e+15,5.457066601072705359e-01
1.650815635032353750e+15,5.460971604872880691e-01
1.650815635034270500e+15,5.460971604872881802e-01
1.650815635036187500e+15,5.460971604872884022e-01
1.650815635038104500e+15,5.460971604872885132e-01
1.650815635040021250e+15,5.460971604872886243e-01
1.650815635041938250e+15,5.460971604872887353e-01
1.650815635043855250e+15,5.453125429647948108e-01
1.650815635045772250e+15,5.429669495291287173e-01
1.650815635047689000e+15,5.406216619872333817e-01
1.650815635049606000e+15,5.382760685515671772e-01
1.650815635051523000e+15,5.359304751159009728e-01
1.650815635053439750e+15,5.335851875740058592e-01
1.650815635055356750e+15,5.312395941383395437e-01
1.650815635057273750e+15,5.288940007026733392e-01
1.650815635059190750e+15,5.265484072670071347e-01
1.650815635061107500e+15,5.242031197251119101e-01
1.650815635063024500e+15,5.218575262894457056e-01
1.650815635064941500e+15,5.238369893186685111e-01
1.650815635066858500e+15,5.264606096937256563e-01
1.650815635068775250e+15,5.290838879169343922e-01
1.650815635070692250e+15,5.317075082919916484e-01
1.650815635072609250e+15,5.343311286670489046e-01
1.650815635074526000e+15,5.369544068902575296e-01
1.650815635076443000e+15,5.395780272653146747e-01
1.650815635078360000e+15,5.426927020381774325e-01
1.650815635080277000e+15,5.458913690110311911e-01
1.650815635082193750e+15,5.490896188390006483e-01
1.650815635084110750e+15,5.522882858118545180e-01
1.650815635086027750e+15,5.554869527847083877e-01
1.650815635087944500e+15,5.582150467642610359e-01
1.650815635089861500e+15,5.566575725159259580e-01
1.650815635091778500e+15,5.551000982675911022e-01
1.650815635093695500e+15,5.535426240192561353e-01
1.650815635095612250e+15,5.519853528844120838e-01
1.650815635097529250e+15,5.504278786360771170e-01
1.650815635099446250e+15,5.488704043877421501e-01
1.650815635101363000e+15,5.473131332528980986e-01
1.650815635103280000e+15,5.457556590045631317e-01
1.650815635105197000e+15,5.441981847562281649e-01
1.650815635107114000e+15,5.426407105078933091e-01
1.650815635109030750e+15,5.410834393730492575e-01
1.650815635110947750e+15,5.407221207790461337e-01
1.650815635112864750e+15,5.434446845883016408e-01
1.650815635114781500e+15,5.461668933422874073e-01
1.650815635116698500e+15,5.488894571515429144e-01
1.650815635118615500e+15,5.516120209607984215e-01
1.650815635120532500e+15,5.543345847700540396e-01
1.650815635122449250e+15,5.570567935240396951e-01
1.650815635124366250e+15,5.597793573332952022e-01
1.650815635126283250e+15,5.625019211425508203e-01
1.650815635128200000e+15,5.652241298965364757e-01
1.650815635130117000e+15,5.679466937057919829e-01
1.650815635132034000e+15,5.706456273878502961e-01
1.650815635133951000e+15,5.711032435052447731e-01
1.650815635135867750e+15,5.715607999439593634e-01
1.650815635137784750e+15,5.720184160613538404e-01
1.650815635139701750e+15,5.724760321787483175e-01
1.650815635141618750e+15,5.729336482961429056e-01
1.650815635143535500e+15,5.733912047348574959e-01
1.650815635145452500e+15,5.738488208522519729e-01
1.650815635147369500e+15,5.743064369696464500e-01
1.650815635149286250e+15,5.747639934083610402e-01
1.650815635151203250e+15,5.752216095257556283e-01
1.650815635153120250e+15,5.756792256431501054e-01
1.650815635155037250e+15,5.761368417605445824e-01
1.650815635156954000e+15,5.765943981992591727e-01
1.650815635158871000e+15,5.717360071721639958e-01
1.650815635160788000e+15,5.633551274560920641e-01
1.650815635162704750e+15,5.549753407081625678e-01
1.650815635164621750e+15,5.465944609920907471e-01
1.650815635166538750e+15,5.405919889345462970e-01
1.650815635168455750e+15,5.436167564514876593e-01
1.650815635170372500e+15,5.466411295021385008e-01
1.650815635172289500e+15,5.496658970190800853e-01
1.650815635174206500e+15,5.526906645360215586e-01
1.650815635176123250e+15,5.557150375866722891e-01
1.650815635178040250e+15,5.587398051036137625e-01
1.650815635179957250e+15,5.617645726205553469e-01
1.650815635181874250e+15,5.646068654394333919e-01
1.650815635183791000e+15,5.656908314026332096e-01
1.650815635185708000e+15,5.667749387465509381e-01
1.650815635187625000e+15,5.678590460904685555e-01
1.650815635189541750e+15,5.689430120536684843e-01
1.650815635191458750e+15,5.700271193975862127e-01
1.650815635193375750e+15,5.706408530934582446e-01
1.650815635195292750e+15,5.706408530934581336e-01
1.650815635197209500e+15,5.706408530934581336e-01
1.650815635199126500e+15,5.706408530934581336e-01
1.650815635201043500e+15,5.706408530934581336e-01
1.650815635202960250e+15,5.706408530934581336e-01
1.650815635204877250e+15,5.706408530934581336e-01
1.650815635206794250e+15,5.706408530934581336e-01
1.650815635208711250e+15,5.706408530934581336e-01
1.650815635210628000e+15,5.706408530934581336e-01
1.650815635212545000e+15,5.706408530934581336e-01
1.650815635214462000e+15,5.706408530934581336e-01
1.650815635216379000e+15,5.698438958097837848e-01
1.650815635218295750e+15,5.688885688094817983e-01
1.650815635220212750e+15,5.679331172067277889e-01
1.650815635222129750e+15,5.669776656039737794e-01
1.650815635224046500e+15,5.660223386036717930e-01
1.650815635225963500e+15,5.650668870009177835e-01
1.650815635227880500e+15,5.656929405676361933e-01
1.650815635229797500e+15,5.685775718146335311e-01
1.650815635231714250e+15,5.714618268708058224e-01
1.650815635233631250e+15,5.743464581178030492e-01
1.650815635235548250e+15,5.772310893648003871e-01
1.650815635237465000e+15,5.801153444209725674e-01
1.650815635239382000e+15,5.828690862172793974e-01
1.650815635241299000e+15,5.814275954474873442e-01
1.650815635243216000e+15,5.799861046776952911e-01
1.650815635245132750e+15,5.785448018957448646e-01
1.650815635247049750e+15,5.771033111259527004e-01
1.650815635248966750e+15,5.771253467998831432e-01
1.650815635250883500e+15,5.775759437387251172e-01
1.650815635252800500e+15,5.780265994485257464e-01
1.650815635254717500e+15,5.784772551583261535e-01
1.650815635256634500e+15,5.789279108681266717e-01
1.650815635258551250e+15,5.793785078069687566e-01
1.650815635260468250e+15,5.798291635167691638e-01
1.650815635262385250e+15,5.802798192265697930e-01
1.650815635264302000e+15,5.807304161654117669e-01
1.650815635266219000e+15,5.811810718752122851e-01
1.650815635268136000e+15,5.816317275850128032e-01
1.650815635270053000e+15,5.820823832948133214e-01
1.650815635271969750e+15,5.825329802336554064e-01
1.650815635273886750e+15,5.830659070763921648e-01
1.650815635275803750e+15,5.840392264542579870e-01
1.650815635277720500e+15,5.850124188994977326e-01
1.650815635279637500e+15,5.859857382773636658e-01
1.650815635281554500e+15,5.869590576552295991e-01
1.650815635283471500e+15,5.879323770330956433e-01
1.650815635285388250e+15,5.889055694783352779e-01
1.650815635287305250e+15,5.890486225480869864e-01
1.650815635289222250e+15,5.890486225480869864e-01
1.650815635291139000e+15,5.890486225480868754e-01
1.650815635293056000e+15,5.890486225480868754e-01
1.650815635294973000e+15,5.890486225480869864e-01
1.650815635296890000e+15,5.890486225480868754e-01
1.650815635298806750e+15,5.890486225480868754e-01
1.650815635300723750e+15,5.890486225480868754e-01
1.650815635302640750e+15,5.890486225480868754e-01
1.650815635304557750e+15,5.890486225480868754e-01
1.650815635306474500e+15,5.890486225480866533e-01
1.650815635308391500e+15,5.890486225480864313e-01
1.650815635310308500e+15,5.890486225480862092e-01
1.650815635312225250e+15,5.890486225480859872e-01
1.650815635314142250e+15,5.890486225480857652e-01
1.650815635316059250e+15,5.890486225480855431e-01
1.650815635317976250e+15,5.890486225480853211e-01
1.650815635319893000e+15,5.883573733895729463e-01
1.650815635321810000e+15,5.862738440863214384e-01
1.650815635323727000e+15,5.841903147830700416e-01
1.650815635325643750e+15,5.821070571972553065e-01
1.650815635327560750e+15,5.800235278940037986e-01
1.650815635329477750e+15,5.779399985907524018e-01
1.650815635331394750e+15,5.784221661727649844e-01
1.650815635333311500e+15,5.821467615598814316e-01
1.650815635335228500e+15,5.858718427426660158e-01
1.650815635337145500e+15,5.895969239254506000e-01
1.650815635339062250e+15,5.933215193125670472e-01
1.650815635340979250e+15,5.945066607190387931e-01
1.650815635342896250e+15,5.931505370479837058e-01
1.650815635344813250e+15,5.917944133769287296e-01
1.650815635346730000e+15,5.904384665608124472e-01
1.650815635348647000e+15,5.890823428897573599e-01
1.650815635350564000e+15,5.877262192187023837e-01
1.650815635352480750e+15,5.863702724025861013e-01
1.650815635354397750e+15,5.850141487315311251e-01
1.650815635356314750e+15,5.836580250604761488e-01
1.650815635358231750e+15,5.823019013894210616e-01
1.650815635360148500e+15,5.809459545733048902e-01
1.650815635362065500e+15,5.795898309022498029e-01
1.650815635363982500e+15,5.782337072311947157e-01
1.650815635365899250e+15,5.768777604150784333e-01
1.650815635367816250e+15,5.833954782320034393e-01
1.650815635369733250e+15,5.905466980201325988e-01
1.650815635371650250e+15,5.976979178082617583e-01
1.650815635373567000e+15,6.048482049907847324e-01
1.650815635375484000e+15,6.119994247789138919e-01
1.650815635377401000e+15,6.121785407705551130e-01
1.650815635379318000e+15,6.103596109091088406e-01
1.650815635381234750e+15,6.085409182581297260e-01
1.650815635383151750e+15,6.067219883966834537e-01
1.650815635385068750e+15,6.049030585352371814e-01
1.650815635386985500e+15,6.030843658842579558e-01
1.650815635388902500e+15,6.012654360228117945e-01
1.650815635390819500e+15,5.994465061613655221e-01
1.650815635392736500e+15,5.976275762999192498e-01
1.650815635394653250e+15,5.958088836489401352e-01
1.650815635396570250e+15,5.939899537874938629e-01
1.650815635398487250e+15,5.921710239260477016e-01
1.650815635400404000e+15,5.903523312750684759e-01
1.650815635402321000e+15,5.903522736373104651e-01
1.650815635404238000e+15,5.949546661567304273e-01
1.650815635406155000e+15,5.995570586761502785e-01
1.650815635408071750e+15,6.041588509878863533e-01
1.650815635409988750e+15,6.087612435073063155e-01
1.650815635411905750e+15,6.133636360267262777e-01
1.650815635413822500e+15,6.142432898190901547e-01
1.650815635415739500e+15,6.149283946406584045e-01
1.650815635417656500e+15,6.156134994622268763e-01
1.650815635419573500e+15,6.162986042837951262e-01
1.650815635421490250e+15,6.169836197594034122e-01
1.650815635423407250e+15,6.176687245809717730e-01
1.650815635425324250e+15,6.183538294025401338e-01
1.650815635427241000e+15,6.190388448781483088e-01
1.650815635429158000e+15,6.197239496997166697e-01
1.650815635431075000e+15,6.197282383057984845e-01
1.650815635432992000e+15,6.197282383057985955e-01
1.650815635434908750e+15,6.197282383057984845e-01
1.650815635436825750e+15,6.197282383057984845e-01
1.650815635438742750e+15,6.197282383057984845e-01
1.650815635440659500e+15,6.197282383057984845e-01
1.650815635442576500e+15,6.197282383057984845e-01
1.650815635444493500e+15,6.197282383057984845e-01
1.650815635446410500e+15,6.197282383057985955e-01
1.650815635448327250e+15,6.197282383057984845e-01
1.650815635450244250e+15,6.197282383057984845e-01
1.650815635452161250e+15,6.197282383057984845e-01
1.650815635454078250e+15,6.197282383057984845e-01
1.650815635455995000e+15,6.197282383057984845e-01
1.650815635457912000e+15,6.197282383057984845e-01
1.650815635459829000e+15,6.197282383057984845e-01
1.650815635461745750e+15,6.197282383057984845e-01
1.650815635463662750e+15,6.197282383057984845e-01
1.650815635465579750e+15,6.197282383057984845e-01
1.650815635467496750e+15,6.197282383057983735e-01
1.650815635469413500e+15,6.197282383057984845e-01
1.650815635471330500e+15,6.197282383057984845e-01
1.650815635473247500e+15,6.197282383057984845e-01
1.650815635475164250e+15,6.197282383057984845e-01
1.650815635477081250e+15,6.197282383057984845e-01
1.650815635478998250e+15,6.197282383057985955e-01
1.650815635480915250e+15,6.196787880723010344e-01
1.650815635482832000e+15,6.191883159633425615e-01
1.650815635484749000e+15,6.186977798825425978e-01
1.650815635486666000e+15,6.182072438017425231e-01
1.650815635488582750e+15,6.177167716927840502e-01
1.650815635490499750e+15,6.172262356119840865e-01
1.650815635492416750e+15,6.167356995311841228e-01
1.650815635494333750e+15,6.162451634503840481e-01
1.650815635496250500e+15,6.157546913414255751e-01
1.650815635498167500e+15,6.152641552606256115e-01
1.650815635500084500e+15,6.147736191798256478e-01
1.650815635502001250e+15,6.142831470708671748e-01
1.650815635503918250e+15,6.137926109900671001e-01
1.650815635505835250e+15,6.152114708350574501e-01
1.650815635507752250e+15,6.179480116682887214e-01
1.650815635509669000e+15,6.206841956234772084e-01
1.650815635511586000e+15,6.234207364567085907e-01
1.650815635513503000e+15,6.261572772899398620e-01
1.650815635515419750e+15,6.288934612451282380e-01
1.650815635517336750e+15,6.316300020783596203e-01
1.650815635519253750e+15,6.315229149037440148e-01
1.650815635521170750e+15,6.309711222180233170e-01
1.650815635523087500e+15,6.304194014927468892e-01
1.650815635525004500e+15,6.298676088070261914e-01
1.650815635526921500e+15,6.293158161213054935e-01
1.650815635528838500e+15,6.287640234355849067e-01
1.650815635530755250e+15,6.282123027103085899e-01
1.650815635532672250e+15,6.276605100245878921e-01
1.650815635534589250e+15,6.271087173388671943e-01
1.650815635536506000e+15,6.265569966135906554e-01
1.650815635538423000e+15,6.260052039278700686e-01
1.650815635540340000e+15,6.258641614573416945e-01
1.650815635542257000e+15,6.258641614573416945e-01
1.650815635544173750e+15,6.258641614573416945e-01
1.650815635546090750e+15,6.258641614573416945e-01
1.650815635548007750e+15,6.258641614573416945e-01
1.650815635549924500e+15,6.258641614573416945e-01
1.650815635551841500e+15,6.258641614573416945e-01
1.650815635553758500e+15,6.258641614573416945e-01
1.650815635555675500e+15,6.258641614573416945e-01
1.650815635557592250e+15,6.258641614573416945e-01
1.650815635559509250e+15,6.258641614573416945e-01
1.650815635561426250e+15,6.258641614573416945e-01
1.650815635563343000e+15,6.258641614573416945e-01
1.650815635565260000e+15,6.250706955927320951e-01
1.650815635567177000e+15,6.240505251953767374e-01
1.650815635569094000e+15,6.230303547980213796e-01
1.650815635571010750e+15,6.220103174432323190e-01
1.650815635572927750e+15,6.209901470458769612e-01
1.650815635574844750e+15,6.199699766485217145e-01
1.650815635576761500e+15,6.201114223704106143e-01
1.650815635578678500e+15,6.206136882520241205e-01
1.650815635580595500e+15,6.211159541336376266e-01
1.650815635582512500e+15,6.216182200152511328e-01
1.650815635584429250e+15,6.221204203953151213e-01
1.650815635586346250e+15,6.226226862769286274e-01
1.650815635588263250e+15,6.231249521585422446e-01
1.650815635590180000e+15,6.236271525386061221e-01
1.650815635592097000e+15,6.241294184202196282e-01
1.650815635594014000e+15,6.246316843018331344e-01
1.650815635595931000e+15,6.251339501834466406e-01
1.650815635597847750e+15,6.256361505635106290e-01
1.650815635599764750e+15,6.263479136271747905e-01
1.650815635601681750e+15,6.272338490554723034e-01
1.650815635603598500e+15,6.281196689470680550e-01
1.650815635605515500e+15,6.290056043753655679e-01
1.650815635607432500e+15,6.298915398036629698e-01
1.650815635609349500e+15,6.307774752319603717e-01
1.650815635611266250e+15,6.316632951235561233e-01
1.650815635613183250e+15,6.309015445026875391e-01
1.650815635615100250e+15,6.291292731931339421e-01
1.650815635617017250e+15,6.273570018835804563e-01
1.650815635618934000e+15,6.255849616996542739e-01
1.650815635620851000e+15,6.238126903901006770e-01
1.650815635622768000e+15,6.220404190805471911e-01
1.650815635624684750e+15,6.202683788966208978e-01
1.650815635626601750e+15,6.204208487555502582e-01
1.650815635628518750e+15,6.214170852831617520e-01
1.650815635630435750e+15,6.224133218107731347e-01
1.650815635632352500e+15,6.234094284170846878e-01
1.650815635634269500e+15,6.244056649446961815e-01
1.650815635636186500e+15,6.254019014723075642e-01
1.650815635638103250e+15,6.258641614573416945e-01
1.650815635640020250e+15,6.258641614573416945e-01
1.650815635641937250e+15,6.258641614573416945e-01
1.650815635643854250e+15,6.258641614573416945e-01
1.650815635645771000e+15,6.258641614573416945e-01
1.650815635647688000e+15,6.262619557463222630e-01
1.650815635649605000e+15,6.270863575322421779e-01
1.650815635651521750e+15,6.279106518061920994e-01
1.650815635653438750e+15,6.287350535921120143e-01
1.650815635655355750e+15,6.295594553780319291e-01
1.650815635657272750e+15,6.303838571639517330e-01
1.650815635659189500e+15,6.312081514379016545e-01
1.650815635661106500e+15,6.319510569659642085e-01
1.650815635663023500e+15,6.307062093967499283e-01
1.650815635664940250e+15,6.294615241707243181e-01
1.650815635666857250e+15,6.282166766015101489e-01
1.650815635668774250e+15,6.269718290322958687e-01
1.650815635670691250e+15,6.257269814630816995e-01
1.650815635672608000e+15,6.244822962370559782e-01
1.650815635674525000e+15,6.232374486678418091e-01
1.650815635676442000e+15,6.219926010986276399e-01
1.650815635678358750e+15,6.207479158726018076e-01
1.650815635680275750e+15,6.198156835958745781e-01
1.650815635682192750e+15,6.202991230221827079e-01
1.650815635684109750e+15,6.207825624484909488e-01
1.650815635686026500e+15,6.212659388284472728e-01
1.650815635687943500e+15,6.217493782547554027e-01
1.650815635689860500e+15,6.222328176810636435e-01
1.650815635691777500e+15,6.227162571073718844e-01
1.650815635693694250e+15,6.231996334873282084e-01
1.650815635695611250e+15,6.236830729136363383e-01
1.650815635697528250e+15,6.241665123399446902e-01
1.650815635699445000e+15,6.246498887199009031e-01
1.650815635701362000e+15,6.251333281462091440e-01
1.650815635703279000e+15,6.256167675725173849e-01
1.650815635705196000e+15,6.262505982807734517e-01
1.650815635707112750e+15,6.270419474061077469e-01
1.650815635709029750e+15,6.278333997464053962e-01
1.650815635710946750e+15,6.286248520867030454e-01
1.650815635712863500e+15,6.294162012120373406e-01
1.650815635714780500e+15,6.302076535523351009e-01
1.650815635716697500e+15,6.309991058926327501e-01
1.650815635718614500e+15,6.317905582329305103e-01
1.650815635720531250e+15,6.320000846088831281e-01
1.650815635722448250e+15,6.320000846088831281e-01
1.650815635724365250e+15,6.320000846088831281e-01
1.650815635726282000e+15,6.320000846088831281e-01
1.650815635728199000e+15,6.320000846088831281e-01
1.650815635730116000e+15,6.320000846088831281e-01
1.650815635732033000e+15,6.320000846088831281e-01
1.650815635733949750e+15,6.320000846088831281e-01
1.650815635735866750e+15,6.320000846088830171e-01
1.650815635737783750e+15,6.320000846088831281e-01
1.650815635739700500e+15,6.320000846088831281e-01
1.650815635741617500e+15,6.320000846088831281e-01
1.650815635743534500e+15,6.320000846088832391e-01
1.650815635745451500e+15,6.320000846088831281e-01
1.650815635747368250e+15,6.320000846088831281e-01
1.650815635749285250e+15,6.320000846088831281e-01
1.650815635751202250e+15,6.320000846088831281e-01
1.650815635753119000e+15,6.320000846088831281e-01
1.650815635755036000e+15,6.320000846088831281e-01
1.650815635756953000e+15,6.320000846088831281e-01
1.650815635758870000e+15,6.320000846088831281e-01
1.650815635760786750e+15,6.320000846088831281e-01
1.650815635762703750e+15,6.320000846088831281e-01
1.650815635764620750e+15,6.320000846088831281e-01
1.650815635766537750e+15,6.320000846088831281e-01
1.650815635768454500e+15,6.320000846088831281e-01
1.650815635770371500e+15,6.320000846088831281e-01
1.650815635772288500e+15,6.320000846088831281e-01
1.650815635774205250e+15,6.320000846088831281e-01
1.650815635776122250e+15,6.320000846088832391e-01
1.650815635778039250e+15,6.320000846088831281e-01
1.650815635779956250e+15,6.320000846088831281e-01
1.650815635781873000e+15,6.320000846088831281e-01
1.650815635783790000e+15,6.320000846088831281e-01
1.650815635785707000e+15,6.327478315162398115e-01
1.650815635787623750e+15,6.348041355114704132e-01
1.650815635789540750e+15,6.368607077086048118e-01
1.650815635791457750e+15,6.389172799057392105e-01
1.650815635793374750e+15,6.409738521028736091e-01
1.650815635795291500e+15,6.430301560981042108e-01
1.650815635797208500e+15,6.430913278972110181e-01
1.650815635799125500e+15,6.401114516901069695e-01
1.650815635801042250e+15,6.371319640949233420e-01
1.650815635802959250e+15,6.341520878878192935e-01
1.650815635804876250e+15,6.311722116807152450e-01
1.650815635806793250e+15,6.281923354736110854e-01
1.650815635808710000e+15,6.265835771276597743e-01
1.650815635810627000e+15,6.298750325930571048e-01
1.650815635812544000e+15,6.331664880584544353e-01
1.650815635814460750e+15,6.364575142782250561e-01
1.650815635816377750e+15,6.397489697436224976e-01
1.650815635818294750e+15,6.430404252090198280e-01
1.650815635820211750e+15,6.436775605756042129e-01
1.650815635822128500e+15,6.427279799611178568e-01
1.650815635824045500e+15,6.417782754936752765e-01
1.650815635825962500e+15,6.408285710262326962e-01
1.650815635827879250e+15,6.398789904117463401e-01
1.650815635829796250e+15,6.389292859443038708e-01
1.650815635831713250e+15,6.379795814768614015e-01
1.650815635833630250e+15,6.370298770094189322e-01
1.650815635835547000e+15,6.360802963949324651e-01
1.650815635837464000e+15,6.351305919274899958e-01
1.650815635839381000e+15,6.341808874600474155e-01
1.650815635841298000e+15,6.332311829926049462e-01
1.650815635843214750e+15,6.322816023781184791e-01
1.650815635845131750e+15,6.320000846088832391e-01
1.650815635847048750e+15,6.320000846088832391e-01
1.650815635848965500e+15,6.320000846088831281e-01
1.650815635850882500e+15,6.320000846088832391e-01
1.650815635852799500e+15,6.320000846088831281e-01
1.650815635854716500e+15,6.320000846088831281e-01
1.650815635856633250e+15,6.320000846088831281e-01
1.650815635858550250e+15,6.320000846088831281e-01
1.650815635860467250e+15,6.320000846088831281e-01
1.650815635862384000e+15,6.320000846088832391e-01
1.650815635864301000e+15,6.319245285963452918e-01
1.650815635866218000e+15,6.315531417347165499e-01
1.650815635868135000e+15,6.311817548730876970e-01
1.650815635870051750e+15,6.308104164448002926e-01
1.650815635871968750e+15,6.304390295831715507e-01
1.650815635873885750e+15,6.300676427215426978e-01
1.650815635875802500e+15,6.296963042932552934e-01
1.650815635877719500e+15,6.293249174316264405e-01
1.650815635879636500e+15,6.289535305699978096e-01
1.650815635881553500e+15,6.285821437083689567e-01
1.650815635883470250e+15,6.282108052800816633e-01
1.650815635885387250e+15,6.278394184184528104e-01
1.650815635887304250e+15,6.274680315568240685e-01
1.650815635889221000e+15,6.270966931285366641e-01
1.650815635891138000e+15,6.267253062669078112e-01
1.650815635893055000e+15,6.263539194052790693e-01
1.650815635894972000e+15,6.259825325436502164e-01
1.650815635896888750e+15,6.258641614573408063e-01
1.650815635898805750e+15,6.258641614573408063e-01
1.650815635900722750e+15,6.258641614573406953e-01
1.650815635902639500e+15,6.258641614573408063e-01
1.650815635904556500e+15,6.258641614573408063e-01
1.650815635906473500e+15,6.258641614573408063e-01
1.650815635908390500e+15,6.258641614573408063e-01
1.650815635910307250e+15,6.258641614573408063e-01
1.650815635912224250e+15,6.258641614573408063e-01
1.650815635914141250e+15,6.258641614573408063e-01
1.650815635916058000e+15,6.258641614573408063e-01
1.650815635917975000e+15,6.258641614573408063e-01
1.650815635919892000e+15,6.258641614573408063e-01
1.650815635921809000e+15,6.258641614573408063e-01
1.650815635923725750e+15,6.258641614573408063e-01
1.650815635925642750e+15,6.258641614573408063e-01
1.650815635927559750e+15,6.258641614573408063e-01
1.650815635929476750e+15,6.258641614573408063e-01
1.650815635931393500e+15,6.258641614573406953e-01
1.650815635933310500e+15,6.258641614573408063e-01
1.650815635935227500e+15,6.258641614573408063e-01
1.650815635937144250e+15,6.258641614573408063e-01
1.650815635939061250e+15,6.258641614573408063e-01
1.650815635940978250e+15,6.258641614573408063e-01
1.650815635942895250e+15,6.258641614573408063e-01
1.650815635944812000e+15,6.258641614573408063e-01
1.650815635946729000e+15,6.258641614573408063e-01
1.650815635948646000e+15,6.258641614573408063e-01
1.650815635950562750e+15,6.258641614573408063e-01
1.650815635952479750e+15,6.258641614573408063e-01
1.650815635954396750e+15,6.258641614573408063e-01
1.650815635956313750e+15,6.258641614573406953e-01
1.650815635958230500e+15,6.251250238310914753e-01
1.650815635960147500e+15,6.240624615292391653e-01
1.650815635962064500e+15,6.229998992273868552e-01
1.650815635963981250e+15,6.219374754965181218e-01
1.650815635965898250e+15,6.208749131946658117e-01
1.650815635967815250e+15,6.198123508928135017e-01
1.650815635969732250e+15,6.187497885909611917e-01
1.650815635971649000e+15,6.176873648600924582e-01
1.650815635973566000e+15,6.166248025582401482e-01
1.650815635975483000e+15,6.155622402563878381e-01
1.650815635977399750e+15,6.144998165255192157e-01
1.650815635979316750e+15,6.135923151542578280e-01
1.650815635981233750e+15,6.135923151542576059e-01
1.650815635983150750e+15,6.135923151542574949e-01
1.650815635985067500e+15,6.135923151542571619e-01
1.650815635986984500e+15,6.135923151542569398e-01
1.650815635988901500e+15,6.135923151542567178e-01
1.650815635990818250e+15,6.135923151542564957e-01
1.650815635992735250e+15,6.135923151542562737e-01
1.650815635994652250e+15,6.135923151542561627e-01
1.650815635996569250e+15,6.135923151542561627e-01
1.650815635998486000e+15,6.135923151542561627e-01
1.650815636000403000e+15,6.135923151542561627e-01
1.650815636002320000e+15,6.135923151542561627e-01
1.650815636004237000e+15,6.135923151542561627e-01
1.650815636006153750e+15,6.135923151542561627e-01
1.650815636008070750e+15,6.135923151542561627e-01
1.650815636009987750e+15,6.135923151542561627e-01
1.650815636011904500e+15,6.135923151542561627e-01
1.650815636013821500e+15,6.135923151542561627e-01
1.650815636015738500e+15,6.135923151542561627e-01
1.650815636017655500e+15,6.135923151542561627e-01
1.650815636019572250e+15,6.135923151542561627e-01
1.650815636021489250e+15,6.135923151542561627e-01
1.650815636023406250e+15,6.135923151542561627e-01
1.650815636025323000e+15,6.135923151542561627e-01
1.650815636027240000e+15,6.135923151542561627e-01
1.650815636029157000e+15,6.135923151542561627e-01
1.650815636031074000e+15,6.135923151542564957e-01
1.650815636032990750e+15,6.135923151542568288e-01
1.650815636034907750e+15,6.135923151542571619e-01
1.650815636036824750e+15,6.135923151542574949e-01
1.650815636038741500e+15,6.135923151542579390e-01
1.650815636040658500e+15,6.128399436664121458e-01
1.650815636042575500e+15,6.119842354835582920e-01
1.650815636044492500e+15,6.111285273007043273e-01
1.650815636046409250e+15,6.102729307125533964e-01
1.650815636048326250e+15,6.094172225296995427e-01
1.650815636050243250e+15,6.085615143468455779e-01
1.650815636052160000e+15,6.077059177586946470e-01
1.650815636054077000e+15,6.078366321980135378e-01
1.650815636055994000e+15,6.083733924737052545e-01
1.650815636057911000e+15,6.089101527493970822e-01
1.650815636059827750e+15,6.094468430250529201e-01
1.650815636061744750e+15,6.099836033007446368e-01
1.650815636063661750e+15,6.105203635764365755e-01
1.650815636065578500e+15,6.110570538520923023e-01
1.650815636067495500e+15,6.115938141277841300e-01
1.650815636069412500e+15,6.121305744034759577e-01
1.650815636071329500e+15,6.126673346791677854e-01
1.650815636073246250e+15,6.132040249548236233e-01
1.650815636075163250e+15,6.133271718691869490e-01
1.650815636077080250e+15,6.123686057636120728e-01
1.650815636078997250e+15,6.114100396580370855e-01
1.650815636080914000e+15,6.104515985610832196e-01
1.650815636082831000e+15,6.094930324555082324e-01
1.650815636084748000e+15,6.085344663499332452e-01
1.650815636086664750e+15,6.075760252529793792e-01
1.650815636088581750e+15,6.083706500016039520e-01
1.650815636090498750e+15,6.094152827441892128e-01
1.650815636092415750e+15,6.104599154867744737e-01
1.650815636094332500e+15,6.115044119966077663e-01
1.650815636096249500e+15,6.125490447391930271e-01
1.650815636098166500e+15,6.135923151542579390e-01
1.650815636100083250e+15,6.135923151542576059e-01
1.650815636102000250e+15,6.135923151542572729e-01
1.650815636103917250e+15,6.135923151542570508e-01
1.650815636105834250e+15,6.135923151542566067e-01
1.650815636107751000e+15,6.135923151542562737e-01
1.650815636109668000e+15,6.135923151542562737e-01
1.650815636111585000e+15,6.135923151542561627e-01
1.650815636113501750e+15,6.135923151542561627e-01
1.650815636115418750e+15,6.135923151542561627e-01
1.650815636117335750e+15,6.135923151542562737e-01
1.650815636119252750e+15,6.135923151542561627e-01
1.650815636121169500e+15,6.135923151542561627e-01
1.650815636123086500e+15,6.135923151542561627e-01
1.650815636125003500e+15,6.135923151542561627e-01
1.650815636126920250e+15,6.135923151542562737e-01
1.650815636128837250e+15,6.135923151542562737e-01
1.650815636130754250e+15,6.135923151542562737e-01
1.650815636132671250e+15,6.135923151542561627e-01
1.650815636134588000e+15,6.135923151542561627e-01
1.650815636136505000e+15,6.135923151542562737e-01
1.650815636138422000e+15,6.135923151542561627e-01
1.650815636140338750e+15,6.132727436209172156e-01
1.650815636142255750e+15,6.127944155870224119e-01
1.650815636144172750e+15,6.123160875531277192e-01
1.650815636146089750e+15,6.118377595192328045e-01
1.650815636148006500e+15,6.113594938651025767e-01
1.650815636149923500e+15,6.108811658312078841e-01
1.650815636151840500e+15,6.104028377973129693e-01
1.650815636153757250e+15,6.099245721431827416e-01
1.650815636155674250e+15,6.094462441092878269e-01
1.650815636157591250e+15,6.089679160753931342e-01
1.650815636159508250e+15,6.084895880414982194e-01
1.650815636161425000e+15,6.080113223873679917e-01
1.650815636163342000e+15,6.075329943534732990e-01
1.650815636165259000e+15,6.082873842868646852e-01
1.650815636167176000e+15,6.092768328637074848e-01
1.650815636169092750e+15,6.102661524044814545e-01
1.650815636171009750e+15,6.112556009813243652e-01
1.650815636172926750e+15,6.122450495581672758e-01
1.650815636174843500e+15,6.132343690989412455e-01
1.650815636176760500e+15,6.142238176757840451e-01
1.650815636178677500e+15,6.152132662526269558e-01
1.650815636180594500e+15,6.162027148294699774e-01
1.650815636182511250e+15,6.171920343702437250e-01
1.650815636184428250e+15,6.181814829470867467e-01
1.650815636186345250e+15,6.191709315239296574e-01
1.650815636188262000e+15,6.187519184887085855e-01
1.650815636190179000e+15,6.165158311656920853e-01
1.650815636192096000e+15,6.142797438426755852e-01
1.650815636194013000e+15,6.120436565196590850e-01
1.650815636195929750e+15,6.098078608094912312e-01
1.650815636197846750e+15,6.075717734864747310e-01
1.650815636199763750e+15,6.053356861634582309e-01
1.650815636201680500e+15,6.030998904532902660e-01
1.650815636203597500e+15,6.012072049578324195e-01
1.650815636205514500e+15,6.006526024456203539e-01
1.650815636207431500e+15,6.000979999334081771e-01
1.650815636209348250e+15,5.995434697480755970e-01
1.650815636211265250e+15,5.989888672358635313e-01
1.650815636213182250e+15,5.984342647236513546e-01
1.650815636215099000e+15,5.978797345383187745e-01
1.650815636217016000e+15,5.973251320261067088e-01
1.650815636218933000e+15,5.967705295138945321e-01
1.650815636220850000e+15,5.962159270016824664e-01
1.650815636222766750e+15,5.956613968163498862e-01
1.650815636224683750e+15,5.951184337905974786e-01
1.650815636226600750e+15,5.946468560059883224e-01
1.650815636228517500e+15,5.941753397208293652e-01
1.650815636230434500e+15,5.937037619362202090e-01
1.650815636232351500e+15,5.932321841516110528e-01
1.650815636234268500e+15,5.927606063670018965e-01
1.650815636236185250e+15,5.922890900818429394e-01
1.650815636238102250e+15,5.918175122972337832e-01
1.650815636240019250e+15,5.913459345126246269e-01
1.650815636241936250e+15,5.908743567280154707e-01
1.650815636243853000e+15,5.904028404428565135e-01
1.650815636245770000e+15,5.899312626582473573e-01
1.650815636247687000e+15,5.894596848736382011e-01
1.650815636249603750e+15,5.890486225480868754e-01
1.650815636251520750e+15,5.890486225480866533e-01
1.650815636253437750e+15,5.890486225480864313e-01
1.650815636255354750e+15,5.890486225480862092e-01
1.650815636257271500e+15,5.890486225480860982e-01
1.650815636259188500e+15,5.886172675366285745e-01
1.650815636261105500e+15,5.877948830940986635e-01
1.650815636263022250e+15,5.869726059004525265e-01
1.650815636264939250e+15,5.861502214579226155e-01
1.650815636266856250e+15,5.853278370153925936e-01
1.650815636268773250e+15,5.845054525728625716e-01
1.650815636270690000e+15,5.836831753792165456e-01
1.650815636272607000e+15,5.829630552498628049e-01
1.650815636274524000e+15,5.837608417855049137e-01
1.650815636276440750e+15,5.845585242801278891e-01
1.650815636278357750e+15,5.853563108157701089e-01
1.650815636280274750e+15,5.861540973514123287e-01
1.650815636282191750e+15,5.869518838870544375e-01
1.650815636284108500e+15,5.877495663816774130e-01
1.650815636286025500e+15,5.885473529173195217e-01
1.650815636287942500e+15,5.890486225480867644e-01
1.650815636289859250e+15,5.890486225480866533e-01
1.650815636291776250e+15,5.890486225480864313e-01
1.650815636293693250e+15,5.890486225480862092e-01
1.650815636295610250e+15,5.890486225480862092e-01
1.650815636297527000e+15,5.890486225480859872e-01
1.650815636299444000e+15,5.881938041868519651e-01
1.650815636301361000e+15,5.872616729021618021e-01
1.650815636303277750e+15,5.863296631786718560e-01
1.650815636305194750e+15,5.853975318939815820e-01
1.650815636307111750e+15,5.844654006092913079e-01
1.650815636309028750e+15,5.835332693246010338e-01
1.650815636310945500e+15,5.826012596011111988e-01
1.650815636312862500e+15,5.816691283164209247e-01
1.650815636314779500e+15,5.807369970317306507e-01
1.650815636316696500e+15,5.798048657470402656e-01
1.650815636318613250e+15,5.788728560235504306e-01
1.650815636320530250e+15,5.779407247388601565e-01
1.650815636322447250e+15,5.770085934541698824e-01
1.650815636324364000e+15,5.754681670420658257e-01
1.650815636326281000e+15,5.737260810406578093e-01
1.650815636328198000e+15,5.719839950392499039e-01
1.650815636330115000e+15,5.702419090378418876e-01
1.650815636332031750e+15,5.685000502255316279e-01
1.650815636333948750e+15,5.667579642241237226e-01
1.650815636335865750e+15,5.650158782227157062e-01
1.650815636337782500e+15,5.649179658185076169e-01
1.650815636339699500e+15,5.655025282219222627e-01
1.650815636341616500e+15,5.660870906253367973e-01
1.650815636343533500e+15,5.666716530287512210e-01
1.650815636345450250e+15,5.672561391981538748e-01
1.650815636347367250e+15,5.678407016015682984e-01
1.650815636349284250e+15,5.684252640049828331e-01
1.650815636351201000e+15,5.690097501743853758e-01
1.650815636353118000e+15,5.695943125777999105e-01
1.650815636355035000e+15,5.701788749812144452e-01
1.650815636356952000e+15,5.710425861727620456e-01
1.650815636358868750e+15,5.729580634855825361e-01
1.650815636360785750e+15,5.748737906324077329e-01
1.650815636362702750e+15,5.767895177792330408e-01
1.650815636364619500e+15,5.787049950920536423e-01
1.650815636366536500e+15,5.806207222388788391e-01
1.650815636368453500e+15,5.825364493857039250e-01
1.650815636370370500e+15,5.824557089877759886e-01
1.650815636372287250e+15,5.818871037518100753e-01
1.650815636374204250e+15,5.813184243531682727e-01
1.650815636376121250e+15,5.807497449545264701e-01
1.650815636378038000e+15,5.801811397185605568e-01
1.650815636379955000e+15,5.796124603199187542e-01
1.650815636381872000e+15,5.790437809212769515e-01
1.650815636383789000e+15,5.784751015226352600e-01
1.650815636385705750e+15,5.779064962866693467e-01
1.650815636387622750e+15,5.773378168880275441e-01
1.650815636389539750e+15,5.767767762450013436e-01
1.650815636391456750e+15,5.767767762450014546e-01
1.650815636393373500e+15,5.767767762450013436e-01
1.650815636395290500e+15,5.767767762450013436e-01
1.650815636397207500e+15,5.767767762450013436e-01
1.650815636399124250e+15,5.767767762450013436e-01
1.650815636401041250e+15,5.767767762450014546e-01
1.650815636402958250e+15,5.767767762450013436e-01
1.650815636404875250e+15,5.762504748335556259e-01
1.650815636406792000e+15,5.752607390176237567e-01
1.650815636408709000e+15,5.742708741113284887e-01
1.650815636410626000e+15,5.732810092050332207e-01
1.650815636412542750e+15,5.722912733891012405e-01
1.650815636414459750e+15,5.713014084828060835e-01
1.650815636416376750e+15,5.703597940551845547e-01
1.650815636418293750e+15,5.695149642999948192e-01
1.650815636420210500e+15,5.686702447208294986e-01
1.650815636422127500e+15,5.678254149656396521e-01
1.650815636424044500e+15,5.669805852104500277e-01
1.650815636425961250e+15,5.661358656312847071e-01
1.650815636427878250e+15,5.652910358760949716e-01
1.650815636429795250e+15,5.645049299419168110e-01
1.650815636431712250e+15,5.645049299419165889e-01
1.650815636433629000e+15,5.645049299419163669e-01
1.650815636435546000e+15,5.645049299419162558e-01
1.650815636437463000e+15,5.645049299419160338e-01
1.650815636439379750e+15,5.645049299419159228e-01
1.650815636441296750e+15,5.645049299419158118e-01
1.650815636443213750e+15,5.645049299419155897e-01
1.650815636445130750e+15,5.645049299419154787e-01
1.650815636447047500e+15,5.645049299419152566e-01
1.650815636448964500e+15,5.645049299419151456e-01
1.650815636450881500e+15,5.645049299419149236e-01
1.650815636452798250e+15,5.645049299419149236e-01
1.650815636454715250e+15,5.645049299419149236e-01
1.650815636456632250e+15,5.645049299419149236e-01
1.650815636458549250e+15,5.645049299419149236e-01
1.650815636460466000e+15,5.643448395602878032e-01
1.650815636462383000e+15,5.636261199781353870e-01
1.650815636464300000e+15,5.629074003959829708e-01
1.650815636466216750e+15,5.621887745435621975e-01
1.650815636468133750e+15,5.614700549614097813e-01
1.650815636470050750e+15,5.607513353792573652e-01
1.650815636471967750e+15,5.600326157971049490e-01
1.650815636473884500e+15,5.593139899446840646e-01
1.650815636475801500e+15,5.585952703625316484e-01
1.650815636477718500e+15,5.583690067903727128e-01
1.650815636479635500e+15,5.583690067903729348e-01
1.650815636481552250e+15,5.583690067903731569e-01
1.650815636483469250e+15,5.583690067903732679e-01
1.650815636485386250e+15,5.583690067903734899e-01
1.650815636487303000e+15,5.583690067903737120e-01
1.650815636489220000e+15,5.583690067903738230e-01
1.650815636491137000e+15,5.583690067903740450e-01
1.650815636493054000e+15,5.583690067903742671e-01
1.650815636494970750e+15,5.583690067903742671e-01
1.650815636496887750e+15,5.583690067903743781e-01
1.650815636498804750e+15,5.583690067903743781e-01
1.650815636500721500e+15,5.583690067903742671e-01
1.650815636502638500e+15,5.583690067903743781e-01
1.650815636504555500e+15,5.583690067903743781e-01
1.650815636506472500e+15,5.583690067903742671e-01
1.650815636508389250e+15,5.583690067903742671e-01
1.650815636510306250e+15,5.583690067903742671e-01
1.650815636512223250e+15,5.583690067903743781e-01
1.650815636514140000e+15,5.583690067903743781e-01
1.650815636516057000e+15,5.583690067903743781e-01
1.650815636517974000e+15,5.583690067903742671e-01
1.650815636519891000e+15,5.583690067903742671e-01
1.650815636521807750e+15,5.583690067903743781e-01
1.650815636523724750e+15,5.583690067903742671e-01
1.650815636525641750e+15,5.583690067903743781e-01
1.650815636527558500e+15,5.593916606489643950e-01
1.650815636529475500e+15,5.605582345537054589e-01
1.650815636531392500e+15,5.617248084584463008e-01
1.650815636533309500e+15,5.628913823631873647e-01
1.650815636535226250e+15,5.640578041325730041e-01
1.650815636537143250e+15,5.645049299419149236e-01
1.650815636539060250e+15,5.645049299419149236e-01
1.650815636540977000e+15,5.645049299419149236e-01
1.650815636542894000e+15,5.645049299419149236e-01
1.650815636544811000e+15,5.645049299419149236e-01
1.650815636546728000e+15,5.644532280749233744e-01
1.650815636548644750e+15,5.634100748795958236e-01
1.650815636550561750e+15,5.623667856267237086e-01
1.650815636552478750e+15,5.613234963738514827e-01
1.650815636554395750e+15,5.602802071209793677e-01
1.650815636556312500e+15,5.592370539256518169e-01
1.650815636558229500e+15,5.581937646727797020e-01
1.650815636560146500e+15,5.571504754199074760e-01
1.650815636562063250e+15,5.561073222245799252e-01
1.650815636563980250e+15,5.550640329717078103e-01
1.650815636565897250e+15,5.540207437188355843e-01
1.650815636567814250e+15,5.529774544659633584e-01
1.650815636569731000e+15,5.522330836388293918e-01
1.650815636571648000e+15,5.522330836388295028e-01
1.650815636573565000e+15,5.522330836388296138e-01
1.650815636575481750e+15,5.522330836388296138e-01
1.650815636577398750e+15,5.522330836388297248e-01
1.650815636579315750e+15,5.522330836388298358e-01
1.650815636581232750e+15,5.522330836388298358e-01
1.650815636583149500e+15,5.522330836388298358e-01
1.650815636585066500e+15,5.522330836388300579e-01
1.650815636586983500e+15,5.522330836388300579e-01
1.650815636588900250e+15,5.522330836388301689e-01
1.650815636590817250e+15,5.522330836388302799e-01
1.650815636592734250e+15,5.522330836388302799e-01
1.650815636594651250e+15,5.522330836388302799e-01
1.650815636596568000e+15,5.522330836388302799e-01
1.650815636598485000e+15,5.522330836388302799e-01
1.650815636600402000e+15,5.522330836388302799e-01
1.650815636602318750e+15,5.522330836388302799e-01
1.650815636604235750e+15,5.522330836388302799e-01
1.650815636606152750e+15,5.519927461560694137e-01
1.650815636608069750e+15,5.513926459223310594e-01
1.650815636609986500e+15,5.507926239489258080e-01
1.650815636611903500e+15,5.501925237151874537e-01
1.650815636613820500e+15,5.495924234814490994e-01
1.650815636615737250e+15,5.489924015080438480e-01
1.650815636617654250e+15,5.483923012743054937e-01
1.650815636619571250e+15,5.477922010405672504e-01
1.650815636621488250e+15,5.471921008068287851e-01
1.650815636623405000e+15,5.465920788334235336e-01
1.650815636625322000e+15,5.460009241908355682e-01
1.650815636627239000e+15,5.454518617494636956e-01
1.650815636629156000e+15,5.449027993080917120e-01
1.650815636631072750e+15,5.443538084711071479e-01
1.650815636632989750e+15,5.438047460297352753e-01
1.650815636634906750e+15,5.432556835883632917e-01
1.650815636636823500e+15,5.427066927513786165e-01
1.650815636638740500e+15,5.421576303100068550e-01
1.650815636640657500e+15,5.416085678686348714e-01
1.650815636642574500e+15,5.410595054272629989e-01
1.650815636644491250e+15,5.405105145902783237e-01
1.650815636646408250e+15,5.399614521489064511e-01
1.650815636648325250e+15,5.407816938802388895e-01
1.650815636650242000e+15,5.416023645034140355e-01
1.650815636652159000e+15,5.424231421659295727e-01
1.650815636654076000e+15,5.432439198284449988e-01
1.650815636655993000e+15,5.440646974909606470e-01
1.650815636657909750e+15,5.448853681141356819e-01
1.650815636659826750e+15,5.457061457766512191e-01
1.650815636661743750e+15,5.463860681176181400e-01
1.650815636663660500e+15,5.469377629623839443e-01
1.650815636665577500e+15,5.474895297642182745e-01
1.650815636667494500e+15,5.480412965660526048e-01
1.650815636669411500e+15,5.485930633678870461e-01
1.650815636671328250e+15,5.491447582126527394e-01
1.650815636673245250e+15,5.496965250144871806e-01
1.650815636675162250e+15,5.502482918163215109e-01
1.650815636677079000e+15,5.507999866610873152e-01
1.650815636678996000e+15,5.513517534629216454e-01
1.650815636680913000e+15,5.519035202647559757e-01
1.650815636682830000e+15,5.519546043517644662e-01
1.650815636684746750e+15,5.512631857332627172e-01
1.650815636686663750e+15,5.505716769336446159e-01
1.650815636688580750e+15,5.498801681340266256e-01
1.650815636690497500e+15,5.491887495155247656e-01
1.650815636692414500e+15,5.484972407159067753e-01
1.650815636694331500e+15,5.478057319162886740e-01
1.650815636696248500e+15,5.471142231166706837e-01
1.650815636698165250e+15,5.464228044981688237e-01
1.650815636700082250e+15,5.455371028868170047e-01
1.650815636701999250e+15,5.444785567491722267e-01
1.650815636703916250e+15,5.434200106115275597e-01
1.650815636705833000e+15,5.423616025211098757e-01
1.650815636707750000e+15,5.413030563834652087e-01
1.650815636709667000e+15,5.402445102458204307e-01
1.650815636711583750e+15,5.377708578857223198e-01
1.650815636713500750e+15,5.347796148540597816e-01
1.650815636715417750e+15,5.317883718223972433e-01
1.650815636717334750e+15,5.287971287907347051e-01
1.650815636719251500e+15,5.258062758533641468e-01
1.650815636721168500e+15,5.228150328217016085e-01
1.650815636723085500e+15,5.202052675216559674e-01
1.650815636725002250e+15,5.178740424075393145e-01
1.650815636726919250e+15,5.155425132338016248e-01
1.650815636728836250e+15,5.132109840600638240e-01
1.650815636730753250e+15,5.108794548863262452e-01
1.650815636732670000e+15,5.099145264121727195e-01
1.650815636734587000e+15,5.119265970042881086e-01
1.650815636736504000e+15,5.139386675964034978e-01
1.650815636738420750e+15,5.159504757901631766e-01
1.650815636740337750e+15,5.179625463822785658e-01
1.650815636742254750e+15,5.199746169743939550e-01
1.650815636744171750e+15,5.218364876364733895e-01
1.650815636746088500e+15,5.231507895530760344e-01
1.650815636748005500e+15,5.244652628929103999e-01
1.650815636749922500e+15,5.257797362327447654e-01
1.650815636751839250e+15,5.270940381493475213e-01
1.650815636753756250e+15,5.284085114891817758e-01
1.650815636755673250e+15,5.297229848290161414e-01
1.650815636757590250e+15,5.310374581688505069e-01
1.650815636759507000e+15,5.323517600854532628e-01
1.650815636761424000e+15,5.336662334252875173e-01
1.650815636763341000e+15,5.330200623823145856e-01
1.650815636765257750e+15,5.321040585892760078e-01
1.650815636767174750e+15,5.311879353226762746e-01
1.650815636769091750e+15,5.302718120560764303e-01
1.650815636771008750e+15,5.293556887894766971e-01
1.650815636772925500e+15,5.284396849964381193e-01
1.650815636774842500e+15,5.275235617298383861e-01
1.650815636776759500e+15,5.266074384632386529e-01
1.650815636778676250e+15,5.256914346701999641e-01
1.650815636780593250e+15,5.247753114036002309e-01
1.650815636782510250e+15,5.238591881370004977e-01
1.650815636784427250e+15,5.229430648704007645e-01
1.650815636786344000e+15,5.220270610773620756e-01
1.650815636788261000e+15,5.190326760273786810e-01
1.650815636790178000e+15,5.138141468874022344e-01
1.650815636792095000e+15,5.085956177474258988e-01
1.650815636794011750e+15,5.033777691668053222e-01
1.650815636795928750e+15,4.981592400268290421e-01
1.650815636797845750e+15,4.970097752749484399e-01
1.650815636799762500e+15,4.970097752749482733e-01
1.650815636801679500e+15,4.970097752749481623e-01
1.650815636803596500e+15,4.970097752749480513e-01
1.650815636805513500e+15,4.970097752749480513e-01
1.650815636807430250e+15,4.970097752749479403e-01
1.650815636809347250e+15,4.970097752749478293e-01
1.650815636811264250e+15,4.970097752749477182e-01
1.650815636813181000e+15,4.977114745020507769e-01
1.650815636815098000e+15,4.997282022657040246e-01
1.650815636817015000e+15,5.017449300293572723e-01
1.650815636818932000e+15,5.037616577930105199e-01
1.650815636820848750e+15,5.057781225509563328e-01
1.650815636822765750e+15,5.077948503146095804e-01
1.650815636824682750e+15,5.083484277407352980e-01
1.650815636826599500e+15,5.047976599240793227e-01
1.650815636828516500e+15,5.012464289839306808e-01
1.650815636830433500e+15,4.976951980437821499e-01
1.650815636832350500e+15,4.941439671036335635e-01
1.650815636834267250e+15,4.905931992869774771e-01
1.650815636836184250e+15,4.870419683468288907e-01
1.650815636838101250e+15,4.849149672105607656e-01
1.650815636840018000e+15,4.854189969825981055e-01
1.650815636841935000e+15,4.859230924947909314e-01
1.650815636843852000e+15,4.864271880069837017e-01
1.650815636845769000e+15,4.869312835191764721e-01
1.650815636847685750e+15,4.874353132912138675e-01
1.650815636849602750e+15,4.879394088034065824e-01
1.650815636851519750e+15,4.884435043155994083e-01
1.650815636853436500e+15,4.889475340876366927e-01
1.650815636855353500e+15,4.894516295998295741e-01
1.650815636857270500e+15,4.899557251120222334e-01
1.650815636859187500e+15,4.904598206242150593e-01
1.650815636861104250e+15,4.911171634081480941e-01
1.650815636863021250e+15,4.924799909694396183e-01
1.650815636864938250e+15,4.938428185307310314e-01
1.650815636866855250e+15,4.952056460920225556e-01
1.650815636868772000e+15,4.965682959241067285e-01
1.650815636870689000e+15,4.970097752749476072e-01
1.650815636872606000e+15,4.970097752749475517e-01
1.650815636874522750e+15,4.970097752749476072e-01
1.650815636876439750e+15,4.970097752749476072e-01
1.650815636878356750e+15,4.970097752749475517e-01
1.650815636880273750e+15,4.970097752749475517e-01
1.650815636882190500e+15,4.970097752749475517e-01
1.650815636884107500e+15,4.962251635781209647e-01
1.650815636886024500e+15,4.938546346217510541e-01
1.650815636887941250e+15,4.914844148110457667e-01
1.650815636889858250e+15,4.891138858546758561e-01
1.650815636891775250e+15,4.867433568983059455e-01
1.650815636893692250e+15,4.846105824717571453e-01
1.650815636895609000e+15,4.837838546002037332e-01
1.650815636897526000e+15,4.829570188992683422e-01
1.650815636899443000e+15,4.821301831983330066e-01
1.650815636901359750e+15,4.813034553267795945e-01
1.650815636903276750e+15,4.804766196258442590e-01
1.650815636905193750e+15,4.796497839249088124e-01
1.650815636907110750e+15,4.788229482239734769e-01
1.650815636909027500e+15,4.799949109546888248e-01
1.650815636910944500e+15,4.818960851395130973e-01
1.650815636912861500e+15,4.837972593243373143e-01
1.650815636914778250e+15,4.856981855730393427e-01
1.650815636916695250e+15,4.875993597578635042e-01
1.650815636918612250e+15,4.895005339426878321e-01
1.650815636920529250e+15,4.900520491295933256e-01
1.650815636922446000e+15,4.870925547408869738e-01
1.650815636924363000e+15,4.841326743479560379e-01
1.650815636926280000e+15,4.811727939550252131e-01
1.650815636928196750e+15,4.782132995663187502e-01
1.650815636930113750e+15,4.752534191733879254e-01
1.650815636932030750e+15,4.724978834948688755e-01
1.650815636933947750e+15,4.730434063907740794e-01
1.650815636935864500e+15,4.735888581438915668e-01
1.650815636937781500e+15,4.741343810397966596e-01
1.650815636939698500e+15,4.746799039357018080e-01
1.650815636941615500e+15,4.752254268316069563e-01
1.650815636943532250e+15,4.757708785847244437e-01
1.650815636945449250e+15,4.763164014806295365e-01
1.650815636947366250e+15,4.768619243765347404e-01
1.650815636949283000e+15,4.774073761296521168e-01
1.650815636951200000e+15,4.779528990255573206e-01
1.650815636953117000e+15,4.784984219214624135e-01
1.650815636955034000e+15,4.786020058203197536e-01
1.650815636956950750e+15,4.786020058203197536e-01
1.650815636958867750e+15,4.786020058203197536e-01
1.650815636960784750e+15,4.786020058203198091e-01
1.650815636962701500e+15,4.785591395154820127e-01
1.650815636964618500e+15,4.774561233225425028e-01
1.650815636966535500e+15,4.763531071296030484e-01
1.650815636968452500e+15,4.752500909366635939e-01
1.650815636970369250e+15,4.741472185903845560e-01
1.650815636972286250e+15,4.730442023974451016e-01
1.650815636974203250e+15,4.721167849530211180e-01
1.650815636976120000e+15,4.713828672805893127e-01
1.650815636978037000e+15,4.706488538839274649e-01
1.650815636979954000e+15,4.699148404872656171e-01
1.650815636981871000e+15,4.691808270906037137e-01
1.650815636983787750e+15,4.684469094181719639e-01
1.650815636985704750e+15,4.677128960215101161e-01
1.650815636987621750e+15,4.669788826248482128e-01
1.650815636989538500e+15,4.665475375765007482e-01
1.650815636991455500e+15,4.684204083163314158e-01
1.650815636993372500e+15,4.702932790561621390e-01
1.650815636995289500e+15,4.721661497959928067e-01
1.650815636997206250e+15,4.740387762908131464e-01
1.650815636999123250e+15,4.759116470306438140e-01
1.650815637001040250e+15,4.777845177704744817e-01
1.650815637002957000e+15,4.770220653442014402e-01
1.650815637004874000e+15,4.742176709990914008e-01
1.650815637006791000e+15,4.714132766539813613e-01
1.650815637008708000e+15,4.686088823088713218e-01
1.650815637010624750e+15,4.658048536907233306e-01
1.650815637012541750e+15,4.630004593456131801e-01
1.650815637014458750e+15,4.601960650005031406e-01
1.650815637016375750e+15,4.612143608799310623e-01
1.650815637018292500e+15,4.622350178877170923e-01
1.650815637020209500e+15,4.632558080188901029e-01
1.650815637022126500e+15,4.642765981500631689e-01
1.650815637024043250e+15,4.652972551578491434e-01
1.650815637025960250e+15,4.663180452890222094e-01
1.650815637027877250e+15,4.673388354201952199e-01
1.650815637029794250e+15,4.683596255513682305e-01
1.650815637031711000e+15,4.693802825591542605e-01
1.650815637033628000e+15,4.704010726903272710e-01
1.650815637035545000e+15,4.714218628215003370e-01
1.650815637037461750e+15,4.724425198292863670e-01
1.650815637039378750e+15,4.719152437788846632e-01
1.650815637041295750e+15,4.713513894726909514e-01
1.650815637043212750e+15,4.707875351664971841e-01
1.650815637045129500e+15,4.702237543937288211e-01
1.650815637047046500e+15,4.696599000875349983e-01
1.650815637048963500e+15,4.690960457813412865e-01
1.650815637050880250e+15,4.685322650085729235e-01
1.650815637052797250e+15,4.679684107023791562e-01
1.650815637054714250e+15,4.674045563961853889e-01
1.650815637056631250e+15,4.668407020899916215e-01
1.650815637058548000e+15,4.663301595172342218e-01
1.650815637060465000e+15,4.663301595172342218e-01
1.650815637062382000e+15,4.663301595172342218e-01
1.650815637064298750e+15,4.663301595172342218e-01
1.650815637066215750e+15,4.663301595172342218e-01
1.650815637068132750e+15,4.663301595172342218e-01
1.650815637070049750e+15,4.663301595172343328e-01
1.650815637071966500e+15,4.663301595172342773e-01
1.650815637073883500e+15,4.663301595172342773e-01
1.650815637075800500e+15,4.663301595172342773e-01
1.650815637077717250e+15,4.663301595172342773e-01
1.650815637079634250e+15,4.663301595172342773e-01
1.650815637081551250e+15,4.663301595172342773e-01
1.650815637083468250e+15,4.663301595172342218e-01
1.650815637085385000e+15,4.663301595172342218e-01
1.650815637087302000e+15,4.663301595172342218e-01
1.650815637089219000e+15,4.663301595172342218e-01
1.650815637091135750e+15,4.663301595172342218e-01
1.650815637093052750e+15,4.663301595172342218e-01
1.650815637094969750e+15,4.663301595172342218e-01
1.650815637096886750e+15,4.663301595172342218e-01
1.650815637098803500e+15,4.663301595172342773e-01
1.650815637100720500e+15,4.663301595172342218e-01
1.650815637102637500e+15,4.663301595172342773e-01
1.650815637104554500e+15,4.663301595172342218e-01
1.650815637106471250e+15,4.663301595172342218e-01
1.650815637108388250e+15,4.663301595172342218e-01
1.650815637110305250e+15,4.663301595172342218e-01
1.650815637112222000e+15,4.663301595172342773e-01
1.650815637114139000e+15,4.663301595172342773e-01
1.650815637116056000e+15,4.663301595172342773e-01
1.650815637117973000e+15,4.663301595172342773e-01
1.650815637119889750e+15,4.663301595172342218e-01
1.650815637121806750e+15,4.663301595172342218e-01
1.650815637123723750e+15,4.663301595172343328e-01
1.650815637125640500e+15,4.663301595172342773e-01
1.650815637127557500e+15,4.663301595172342218e-01
1.650815637129474500e+15,4.663301595172343328e-01
1.650815637131391500e+15,4.663301595172342218e-01
1.650815637133308250e+15,4.663301595172342218e-01
1.650815637135225250e+15,4.663301595172343883e-01
1.650815637137142250e+15,4.663301595172344438e-01
1.650815637139059000e+15,4.663301595172346659e-01
1.650815637140976000e+15,4.663301595172347214e-01
1.650815637142893000e+15,4.663301595172348324e-01
1.650815637144810000e+15,4.663301595172349989e-01
1.650815637146726750e+15,4.663301595172351099e-01
1.650815637148643750e+15,4.664971843289110742e-01
1.650815637150560750e+15,4.674923251649098499e-01
1.650815637152477500e+15,4.684873362225003834e-01
1.650815637154394500e+15,4.694824770584992146e-01
1.650815637156311500e+15,4.704776178944980458e-01
1.650815637158228500e+15,4.714727587304968770e-01
1.650815637160145250e+15,4.724629851617500043e-01
1.650815637162062250e+15,4.706359325551163209e-01
1.650815637163979250e+15,4.688088799484826930e-01
1.650815637165896000e+15,4.669820656116203672e-01
1.650815637167813000e+15,4.651550130049866838e-01
1.650815637169730000e+15,4.633279603983530559e-01
1.650815637171647000e+15,4.615009077917193725e-01
1.650815637173563750e+15,4.604824684245620858e-01
1.650815637175480750e+15,4.614949115887475584e-01
1.650815637177397750e+15,4.625073547529330309e-01
1.650815637179314750e+15,4.635197979171184479e-01
1.650815637181231500e+15,4.645321090464624714e-01
1.650815637183148500e+15,4.655445522106479439e-01
1.650815637185065500e+15,4.663301595172342773e-01
1.650815637186982250e+15,4.663301595172342218e-01
1.650815637188899250e+15,4.663301595172342218e-01
1.650815637190816250e+15,4.663301595172342773e-01
1.650815637192733250e+15,4.663301595172342773e-01
1.650815637194650000e+15,4.663301595172343328e-01
1.650815637196567000e+15,4.657520218682755231e-01
1.650815637198484000e+15,4.651132380797718402e-01
1.650815637200400750e+15,4.644745375964049461e-01
1.650815637202317750e+15,4.638357538079013187e-01
1.650815637204234750e+15,4.631969700193975803e-01
1.650815637206151750e+15,4.625581862308938974e-01
1.650815637208068500e+15,4.619194857475269478e-01
1.650815637209985500e+15,4.612807019590233204e-01
1.650815637211902500e+15,4.606419181705196375e-01
1.650815637213819250e+15,4.601942363656918999e-01
1.650815637215736250e+15,4.601942363656918999e-01
1.650815637217653250e+15,4.601942363656918999e-01
1.650815637219570250e+15,4.601942363656918999e-01
1.650815637221487000e+15,4.601942363656918999e-01
1.650815637223404000e+15,4.601942363656918999e-01
1.650815637225321000e+15,4.601942363656918999e-01
1.650815637227237750e+15,4.601942363656918999e-01
1.650815637229154750e+15,4.601942363656919555e-01
1.650815637231071750e+15,4.601942363656918999e-01
1.650815637232988750e+15,4.601942363656918999e-01
1.650815637234905500e+15,4.601942363656920110e-01
1.650815637236822500e+15,4.601942363656920110e-01
1.650815637238739500e+15,4.601942363656920110e-01
1.650815637240656250e+15,4.601942363656920110e-01
1.650815637242573250e+15,4.601942363656920110e-01
1.650815637244490250e+15,4.601942363656920110e-01
1.650815637246407250e+15,4.601942363656920110e-01
1.650815637248324000e+15,4.601942363656920110e-01
1.650815637250241000e+15,4.601942363656919555e-01
1.650815637252158000e+15,4.601942363656919555e-01
1.650815637254075000e+15,4.601942363656920110e-01
1.650815637255991750e+15,4.601942363656920110e-01
1.650815637257908750e+15,4.601942363656920665e-01
1.650815637259825750e+15,4.601942363656920110e-01
1.650815637261742500e+15,4.601942363656920110e-01
1.650815637263659500e+15,4.601942363656920110e-01
1.650815637265576500e+15,4.601942363656920110e-01
1.650815637267493500e+15,4.601942363656920110e-01
1.650815637269410250e+15,4.601942363656920110e-01
1.650815637271327250e+15,4.601942363656920110e-01
1.650815637273244250e+15,4.601942363656919555e-01
1.650815637275161000e+15,4.601942363656919555e-01
1.650815637277078000e+15,4.601942363656919555e-01
1.650815637278995000e+15,4.601942363656919555e-01
1.650815637280912000e+15,4.601942363656918999e-01
1.650815637282828750e+15,4.601942363656918999e-01
1.650815637284745750e+15,4.610973015239888673e-01
1.650815637286662750e+15,4.620900905754327104e-01
1.650815637288579500e+15,4.630827501551692538e-01
1.650815637290496500e+15,4.640755392066130414e-01
1.650815637292413500e+15,4.650683282580569400e-01
1.650815637294330500e+15,4.660611173095007831e-01
1.650815637296247250e+15,4.657832458515355767e-01
1.650815637298164250e+15,4.650328908705770870e-01
1.650815637300081250e+15,4.642825358896186527e-01
1.650815637301998000e+15,4.635322787640306363e-01
1.650815637303915000e+15,4.627819237830721466e-01
1.650815637305832000e+15,4.620315688021136569e-01
1.650815637307749000e+15,4.612812138211551671e-01
1.650815637309665750e+15,4.605309566955671507e-01
1.650815637311582750e+15,4.601942363656926771e-01
1.650815637313499750e+15,4.601942363656926771e-01
1.650815637315416500e+15,4.601942363656926771e-01
1.650815637317333500e+15,4.601942363656926771e-01
1.650815637319250500e+15,4.601942363656926771e-01
1.650815637321167500e+15,4.601942363656926771e-01
1.650815637323084250e+15,4.601942363656926216e-01
1.650815637325001250e+15,4.601942363656926216e-01
1.650815637326918250e+15,4.601942363656926216e-01
1.650815637328835000e+15,4.601942363656925661e-01
1.650815637330752000e+15,4.601942363656925661e-01
1.650815637332669000e+15,4.601942363656926216e-01
1.650815637334586000e+15,4.601942363656926216e-01
1.650815637336502750e+15,4.602949948016771820e-01
1.650815637338419750e+15,4.607283182380929598e-01
1.650815637340336750e+15,4.611616416745087377e-01
1.650815637342253750e+15,4.615949651109245711e-01
1.650815637344170500e+15,4.620282320367201101e-01
1.650815637346087500e+15,4.624615554731358880e-01
1.650815637348004500e+15,4.628948789095516658e-01
1.650815637349921250e+15,4.633281458353472049e-01
1.650815637351838250e+15,4.637614692717629272e-01
1.650815637353755250e+15,4.641947927081788161e-01
1.650815637355672250e+15,4.646281161445945940e-01
1.650815637357589000e+15,4.650613830703901330e-01
1.650815637359506000e+15,4.654947065068059109e-01
1.650815637361423000e+15,4.659280299432216887e-01
1.650815637363339750e+15,4.662767286167910363e-01
1.650815637365256750e+15,4.655331566665092957e-01
1.650815637367173750e+15,4.647895847162275551e-01
1.650815637369090750e+15,4.640460127659458145e-01
1.650815637371007500e+15,4.633025377864452565e-01
1.650815637372924500e+15,4.625589658361635159e-01
1.650815637374841500e+15,4.618153938858817753e-01
1.650815637376758250e+15,4.610719189063812173e-01
1.650815637378675250e+15,4.603283469560995322e-01
1.650815637380592250e+15,4.613847857917063866e-01
1.650815637382509250e+15,4.628373129195781366e-01
1.650815637384426000e+15,4.642896506203335605e-01
1.650815637386343000e+15,4.657421777482053105e-01
1.650815637388260000e+15,4.663301595172342218e-01
1.650815637390176750e+15,4.663301595172342218e-01
1.650815637392093750e+15,4.663301595172342218e-01
1.650815637394010750e+15,4.663301595172342218e-01
1.650815637395927750e+15,4.663301595172342218e-01
1.650815637397844500e+15,4.663301595172342218e-01
1.650815637399761500e+15,4.663301595172342218e-01
1.650815637401678500e+15,4.662830115850267743e-01
1.650815637403595250e+15,4.651169367584634950e-01
1.650815637405512250e+15,4.639507098417963160e-01
1.650815637407429250e+15,4.627844829251290815e-01
1.650815637409346250e+15,4.616182560084619024e-01
1.650815637411263000e+15,4.604521811818985677e-01
1.650815637413180000e+15,4.601942363656926771e-01
1.650815637415097000e+15,4.601942363656926216e-01
1.650815637417014000e+15,4.601942363656926771e-01
1.650815637418930750e+15,4.601942363656926216e-01
1.650815637420847750e+15,4.601942363656925661e-01
1.650815637422764750e+15,4.601942363656926771e-01
1.650815637424681500e+15,4.601942363656926771e-01
1.650815637426598500e+15,4.601588548034863391e-01
1.650815637428515500e+15,4.590377563778755277e-01
1.650815637430432500e+15,4.579166579522648828e-01
1.650815637432349250e+15,4.567957057314566138e-01
1.650815637434266250e+15,4.556746073058457469e-01
1.650815637436183250e+15,4.545535088802351020e-01
1.650815637438100000e+15,4.558370825915948887e-01
1.650815637440017000e+15,4.590239058594104415e-01
1.650815637441934000e+15,4.622107291272259944e-01
1.650815637443851000e+15,4.653975523950415472e-01
1.650815637445767750e+15,4.685839600625352763e-01
1.650815637447684750e+15,4.717707833303507736e-01
1.650815637449601750e+15,4.703241071664386874e-01
1.650815637451518500e+15,4.675847366616127654e-01
1.650815637453435500e+15,4.648450088631250754e-01
1.650815637455352500e+15,4.621052810646373299e-01
1.650815637457269500e+15,4.593655532661495844e-01
1.650815637459186250e+15,4.566261827613237179e-01
1.650815637461103250e+15,4.538143572680516380e-01
1.650815637463020250e+15,4.499252633082212460e-01
1.650815637464937000e+15,4.460366765333099170e-01
1.650815637466854000e+15,4.421475825734795251e-01
1.650815637468771000e+15,4.382584886136490221e-01
1.650815637470688000e+15,4.343693946538186301e-01
1.650815637472604750e+15,4.304808078789073011e-01
1.650815637474521750e+15,4.299651063030762721e-01
1.650815637476438750e+15,4.305645031987910265e-01
1.650815637478355500e+15,4.311638219258965843e-01
1.650815637480272500e+15,4.317632188216113942e-01
1.650815637482189500e+15,4.323626157173262596e-01
1.650815637484106500e+15,4.329620126130410140e-01
1.650815637486023250e+15,4.335613313401466273e-01
1.650815637487940250e+15,4.341607282358613817e-01
1.650815637489857250e+15,4.347601251315761917e-01
1.650815637491774250e+15,4.353595220272910016e-01
1.650815637493691000e+15,4.356505437595218910e-01
1.650815637495608000e+15,4.356505437595218910e-01
1.650815637497525000e+15,4.356505437595218355e-01
1.650815637499441750e+15,4.356505437595218910e-01
1.650815637501358750e+15,4.356505437595218355e-01
1.650815637503275750e+15,4.356505437595218355e-01
1.650815637505192750e+15,4.356505437595218355e-01
1.650815637507109500e+15,4.356505437595218910e-01
1.650815637509026500e+15,4.356505437595218910e-01
1.650815637510943500e+15,4.356505437595218355e-01
1.650815637512860250e+15,4.356505437595218910e-01
1.650815637514777250e+15,4.356505437595218355e-01
1.650815637516694250e+15,4.356505437595218355e-01
1.650815637518611250e+15,4.356505437595218355e-01
1.650815637520528000e+15,4.356505437595218355e-01
1.650815637522445000e+15,4.356505437595218355e-01
1.650815637524362000e+15,4.356505437595218910e-01
1.650815637526278750e+15,4.356505437595218910e-01
1.650815637528195750e+15,4.356505437595218910e-01
1.650815637530112750e+15,4.356505437595219465e-01
1.650815637532029750e+15,4.356505437595221686e-01
1.650815637533946500e+15,4.356505437595222796e-01
1.650815637535863500e+15,4.356505437595224461e-01
1.650815637537780500e+15,4.356505437595226127e-01
1.650815637539697250e+15,4.356505437595224461e-01
1.650815637541614250e+15,4.356505437595223351e-01
1.650815637543531250e+15,4.356505437595221686e-01
1.650815637545448250e+15,4.356505437595220576e-01
1.650815637547365000e+15,4.356505437595218910e-01
1.650815637549282000e+15,4.356505437595218355e-01
1.650815637551199000e+15,4.356505437595216690e-01
1.650815637553115750e+15,4.356505437595217245e-01
1.650815637555032750e+15,4.356505437595217245e-01
1.650815637556949750e+15,4.356505437595217245e-01
1.650815637558866750e+15,4.356505437595217245e-01
1.650815637560783500e+15,4.356505437595217245e-01
1.650815637562700500e+15,4.356505437595217245e-01
1.650815637564617500e+15,4.356505437595217245e-01
1.650815637566534500e+15,4.356505437595217245e-01
1.650815637568451250e+15,4.356505437595217245e-01
1.650815637570368250e+15,4.356505437595217245e-01
1.650815637572285250e+15,4.356505437595216690e-01
1.650815637574202000e+15,4.356505437595217245e-01
1.650815637576119000e+15,4.356505437595217800e-01
1.650815637578036000e+15,4.356505437595218355e-01
1.650815637579953000e+15,4.356505437595217800e-01
1.650815637581869750e+15,4.356505437595218355e-01
1.650815637583786750e+15,4.356505437595218355e-01
1.650815637585703750e+15,4.356505437595218355e-01
1.650815637587620500e+15,4.356505437595218910e-01
1.650815637589537500e+15,4.356505437595218355e-01
1.650815637591454500e+15,4.356505437595218355e-01
1.650815637593371500e+15,4.356505437595218355e-01
1.650815637595288250e+15,4.356505437595217800e-01
1.650815637597205250e+15,4.356505437595217245e-01
1.650815637599122250e+15,4.356505437595217245e-01
1.650815637601039000e+15,4.356505437595217800e-01
1.650815637602956000e+15,4.356505437595217800e-01
1.650815637604873000e+15,4.356505437595218355e-01
1.650815637606790000e+15,4.356505437595218355e-01
1.650815637608706750e+15,4.356505437595218355e-01
1.650815637610623750e+15,4.356505437595218910e-01
1.650815637612540750e+15,4.356505437595218355e-01
1.650815637614457500e+15,4.356505437595217800e-01
1.650815637616374500e+15,4.356505437595217800e-01
1.650815637618291500e+15,4.356505437595217245e-01
1.650815637620208500e+15,4.356505437595217245e-01
1.650815637622125250e+15,4.356505437595217245e-01
1.650815637624042250e+15,4.356505437595217245e-01
1.650815637625959250e+15,4.356505437595217245e-01
1.650815637627876000e+15,4.356505437595217245e-01
1.650815637629793000e+15,4.356505437595217245e-01
1.650815637631710000e+15,4.356505437595217245e-01
1.650815637633627000e+15,4.356505437595218910e-01
1.650815637635543750e+15,4.356505437595220576e-01
1.650815637637460750e+15,4.356505437595221686e-01
1.650815637639377750e+15,4.356505437595222796e-01
1.650815637641294500e+15,4.356505437595223906e-01
1.650815637643211500e+15,4.356505437595226127e-01
1.650815637645128500e+15,4.356505437595226682e-01
1.650815637647045500e+15,4.356505437595226682e-01
1.650815637648962250e+15,4.356505437595226127e-01
1.650815637650879250e+15,4.356505437595226127e-01
1.650815637652796250e+15,4.356505437595226127e-01
1.650815637654713250e+15,4.356505437595226127e-01
1.650815637656630000e+15,4.356505437595225572e-01
1.650815637658547000e+15,4.356505437595225017e-01
1.650815637660464000e+15,4.356505437595223906e-01
1.650815637662380750e+15,4.356505437595223906e-01
1.650815637664297750e+15,4.356505437595222241e-01
1.650815637666214750e+15,4.356505437595221686e-01
1.650815637668131750e+15,4.356505437595220576e-01
1.650815637670048500e+15,4.356505437595220576e-01
1.650815637671965500e+15,4.356505437595219465e-01
1.650815637673882500e+15,4.356505437595218355e-01
1.650815637675799250e+15,4.356505437595217800e-01
1.650815637677716250e+15,4.356505437595216690e-01
1.650815637679633250e+15,4.356505437595217245e-01
1.650815637681550250e+15,4.356505437595217245e-01
1.650815637683467000e+15,4.356505437595217245e-01
1.650815637685384000e+15,4.356505437595217245e-01
1.650815637687301000e+15,4.356505437595217245e-01
1.650815637689217750e+15,4.356505437595217245e-01
1.650815637691134750e+15,4.356505437595217245e-01
1.650815637693051750e+15,4.352605650251448743e-01
1.650815637694968750e+15,4.315550421810284698e-01
1.650815637696885500e+15,4.278500025819361730e-01
1.650815637698802500e+15,4.241444797378197684e-01
1.650815637700719500e+15,4.204389568937034749e-01
1.650815637702636250e+15,4.173160164273960193e-01
1.650815637704553250e+15,4.178493693194566538e-01
1.650815637706470250e+15,4.183827222115172884e-01
1.650815637708387250e+15,4.189160751035778674e-01
1.650815637710304000e+15,4.194493584399666686e-01
1.650815637712221000e+15,4.199827113320272476e-01
1.650815637714138000e+15,4.205160642240878266e-01
1.650815637716054750e+15,4.210493475604765168e-01
1.650815637717971750e+15,4.215827004525372068e-01
1.650815637719888750e+15,4.221160533445978413e-01
1.650815637721805750e+15,4.226494062366584203e-01
1.650815637723722500e+15,4.231826895730472216e-01
1.650815637725639500e+15,4.233786974564361927e-01
1.650815637727556500e+15,4.233786974564361927e-01
1.650815637729473500e+15,4.233786974564361927e-01
1.650815637731390250e+15,4.233786974564361927e-01
1.650815637733307250e+15,4.233786974564361927e-01
1.650815637735224250e+15,4.222029859909836591e-01
1.650815637737141000e+15,4.210164413278766338e-01
1.650815637739058000e+15,4.198297419048031554e-01
1.650815637740975000e+15,4.186430424817295659e-01
1.650815637742892000e+15,4.174563430586560320e-01
1.650815637744808750e+15,4.172427743048947035e-01
1.650815637746725750e+15,4.172427743048947035e-01
1.650815637748642750e+15,4.172427743048947590e-01
1.650815637750559500e+15,4.172427743048947590e-01
1.650815637752476500e+15,4.172427743048947590e-01
1.650815637754393500e+15,4.172427743048947590e-01
1.650815637756310500e+15,4.172427743048947590e-01
1.650815637758227250e+15,4.172427743048947590e-01
1.650815637760144250e+15,4.172427743048948146e-01
1.650815637762061250e+15,4.172427743048948146e-01
1.650815637763978000e+15,4.172427743048947590e-01
1.650815637765895000e+15,4.172427743048947590e-01
1.650815637767812000e+15,4.172427743048947590e-01
1.650815637769729000e+15,4.172060029944148485e-01
1.650815637771645750e+15,4.167131260058674069e-01
1.650815637773562750e+15,4.162201847318120485e-01
1.650815637775479750e+15,4.157272434577566900e-01
1.650815637777396500e+15,4.152343664692092484e-01
1.650815637779313500e+15,4.147414251951538899e-01
1.650815637781230500e+15,4.142484839210985870e-01
1.650815637783147500e+15,4.137555426470432285e-01
1.650815637785064250e+15,4.132626656584956759e-01
1.650815637786981250e+15,4.127697243844403729e-01
1.650815637788898250e+15,4.122767831103850700e-01
1.650815637790815000e+15,4.117839061218375729e-01
1.650815637792732000e+15,4.112909648477822144e-01
1.650815637794649000e+15,4.118643803171059270e-01
1.650815637796566000e+15,4.130735255351883906e-01
1.650815637798482750e+15,4.142825130661010880e-01
1.650815637800399750e+15,4.154916582841835515e-01
1.650815637802316750e+15,4.167008035022660706e-01
1.650815637804233750e+15,4.172427743048939264e-01
1.650815637806150500e+15,4.172427743048938709e-01
1.650815637808067500e+15,4.172427743048939264e-01
1.650815637809984500e+15,4.172427743048939819e-01
1.650815637811901250e+15,4.172427743048939264e-01
1.650815637813818250e+15,4.172427743048939819e-01
1.650815637815735250e+15,4.172427743048939819e-01
1.650815637817652250e+15,4.172427743048939819e-01
1.650815637819569000e+15,4.172427743048939819e-01
1.650815637821486000e+15,4.172427743048939819e-01
1.650815637823403000e+15,4.172427743048939819e-01
1.650815637825319750e+15,4.172427743048939819e-01
1.650815637827236750e+15,4.172427743048939819e-01
1.650815637829153750e+15,4.172427743048939819e-01
1.650815637831070750e+15,4.172427743048939819e-01
1.650815637832987500e+15,4.172427743048939819e-01
1.650815637834904500e+15,4.172367734702979725e-01
1.650815637836821500e+15,4.167017223112047253e-01
1.650815637838738250e+15,4.161667409292578723e-01
1.650815637840655250e+15,4.156316897701645696e-01
1.650815637842572250e+15,4.150966386110713779e-01
1.650815637844489250e+15,4.145615874519780197e-01
1.650815637846406000e+15,4.140266060700312223e-01
1.650815637848323000e+15,4.134915549109379196e-01
1.650815637850240000e+15,4.129565037518446169e-01
1.650815637852156750e+15,4.124215223698977639e-01
1.650815637854073750e+15,4.118864712108045167e-01
1.650815637855990750e+15,4.113514200517112140e-01
1.650815637857907750e+15,4.111068511533516046e-01
1.650815637859824500e+15,4.111068511533515490e-01
1.650815637861741500e+15,4.111068511533515490e-01
1.650815637863658500e+15,4.111068511533515490e-01
1.650815637865575250e+15,4.111068511533516046e-01
1.650815637867492250e+15,4.111068511533516046e-01
1.650815637869409250e+15,4.111068511533516046e-01
1.650815637871326250e+15,4.111068511533515490e-01
1.650815637873243000e+15,4.111068511533514935e-01
1.650815637875160000e+15,4.111068511533515490e-01
1.650815637877077000e+15,4.111068511533515490e-01
1.650815637878994000e+15,4.111068511533515490e-01
1.650815637880910750e+15,4.111068511533515490e-01
1.650815637882827750e+15,4.111068511533514935e-01
1.650815637884744750e+15,4.111068511533514380e-01
1.650815637886661500e+15,4.111068511533513825e-01
1.650815637888578500e+15,4.111068511533514380e-01
1.650815637890495500e+15,4.111068511533513270e-01
1.650815637892412500e+15,4.111068511533513270e-01
1.650815637894329250e+15,4.107742952374695555e-01
1.650815637896246250e+15,4.102569410554891549e-01
1.650815637898163250e+15,4.097395868735087543e-01
1.650815637900080000e+15,4.092223001607748212e-01
1.650815637901997000e+15,4.087049459787944761e-01
1.650815637903914000e+15,4.081875917968140755e-01
1.650815637905831000e+15,4.076702376148335638e-01
1.650815637907747750e+15,4.071529509020996862e-01
1.650815637909664750e+15,4.066355967201192856e-01
1.650815637911581750e+15,4.061182425381388850e-01
1.650815637913498500e+15,4.056009558254050074e-01
1.650815637915415500e+15,4.050836016434246067e-01
1.650815637917332500e+15,4.056528741006630856e-01
1.650815637919249500e+15,4.065246918209051707e-01
1.650815637921166250e+15,4.073963958455655843e-01
1.650815637923083250e+15,4.082682135658076694e-01
1.650815637925000250e+15,4.091400312860498101e-01
1.650815637926917000e+15,4.100117353107102236e-01
1.650815637928834000e+15,4.108835530309523087e-01
1.650815637930751000e+15,4.103036726684881619e-01
1.650815637932668000e+15,4.092239439479534169e-01
1.650815637934584750e+15,4.081443560371108559e-01
1.650815637936501750e+15,4.070646273165761109e-01
1.650815637938418750e+15,4.059848985960412548e-01
1.650815637940335500e+15,4.049053106851987494e-01
1.650815637942252500e+15,4.038255819646638933e-01
1.650815637944169500e+15,4.027458532441290928e-01
1.650815637946086500e+15,4.016661245235942923e-01
1.650815637948003250e+15,4.005865366127517868e-01
1.650815637949920250e+15,3.995068078922169863e-01
1.650815637951837250e+15,3.988350048502671830e-01
1.650815637953754000e+15,3.988350048502671275e-01
1.650815637955671000e+15,3.988350048502670719e-01
1.650815637957588000e+15,3.988350048502670719e-01
1.650815637959505000e+15,3.988350048502670164e-01
1.650815637961421750e+15,3.988350048502670164e-01
1.650815637963338750e+15,3.988350048502669609e-01
1.650815637965255750e+15,3.988350048502669609e-01
1.650815637967172750e+15,3.988350048502669054e-01
1.650815637969089500e+15,3.988350048502669054e-01
1.650815637971006500e+15,3.988350048502667944e-01
1.650815637972923500e+15,3.988350048502667944e-01
1.650815637974840250e+15,3.983213219259049698e-01
1.650815637976757250e+15,3.965730215867986908e-01
1.650815637978674250e+15,3.948247212476924117e-01
1.650815637980591250e+15,3.930764209085860772e-01
1.650815637982508000e+15,3.913283485690024488e-01
1.650815637984425000e+15,3.895800482298961143e-01
1.650815637986342000e+15,3.878317478907898352e-01
1.650815637988258750e+15,3.868633038390428824e-01
1.650815637990175750e+15,3.879576995109360604e-01
1.650815637992092750e+15,3.890520951828291829e-01
1.650815637994009750e+15,3.901464908547224164e-01
1.650815637995926500e+15,3.912407438041752283e-01
1.650815637997843500e+15,3.923351394760684063e-01
1.650815637999760500e+15,3.914592027232983162e-01
1.650815638001677250e+15,3.896018068451050365e-01
1.650815638003594250e+15,3.877441687084172139e-01
1.650815638005511250e+15,3.858865305717293914e-01
1.650815638007428250e+15,3.840288924350414579e-01
1.650815638009345000e+15,3.821714965568482336e-01
1.650815638011262000e+15,3.805056176435624438e-01
1.650815638013179000e+15,3.817898806287689517e-01
1.650815638015095750e+15,3.830739761305398394e-01
1.650815638017012750e+15,3.843582391157464029e-01
1.650815638018929750e+15,3.856425021009528553e-01
1.650815638020846750e+15,3.865631585471813181e-01
1.650815638022763500e+15,3.865631585471813181e-01
1.650815638024680500e+15,3.865631585471812626e-01
1.650815638026597500e+15,3.865631585471812626e-01
1.650815638028514250e+15,3.865631585471812071e-01
1.650815638030431250e+15,3.865631585471811515e-01
1.650815638032348250e+15,3.865631585471811515e-01
1.650815638034265250e+15,3.865631585471811515e-01
1.650815638036182000e+15,3.865631585471810960e-01
1.650815638038099000e+15,3.865631585471810960e-01
1.650815638040016000e+15,3.865631585471810405e-01
1.650815638041933000e+15,3.865631585471809850e-01
1.650815638043849750e+15,3.857570180462467913e-01
1.650815638045766750e+15,3.843376184225582581e-01
1.650815638047683750e+15,3.829182187988696695e-01
1.650815638049600500e+15,3.814990042820699534e-01
1.650815638051517500e+15,3.800796046583814203e-01
1.650815638053434500e+15,3.786602050346927761e-01
1.650815638055351500e+15,3.772408054110042430e-01
1.650815638057268250e+15,3.758215908942045269e-01
1.650815638059185250e+15,3.744021912705159383e-01
1.650815638061102250e+15,3.755845394581167063e-01
1.650815638063019000e+15,3.769871668523588348e-01
1.650815638064936000e+15,3.783899771900461340e-01
1.650815638066853000e+15,3.797927875277334886e-01
1.650815638068770000e+15,3.804272353956390518e-01
1.650815638070686750e+15,3.804272353956391073e-01
1.650815638072603750e+15,3.804272353956391628e-01
1.650815638074520750e+15,3.804272353956391628e-01
1.650815638076437500e+15,3.804272353956391628e-01
1.650815638078354500e+15,3.804272353956391628e-01
1.650815638080271500e+15,3.804272353956392183e-01
1.650815638082188500e+15,3.804272353956393293e-01
1.650815638084105250e+15,3.804272353956392738e-01
1.650815638086022250e+15,3.804272353956392183e-01
1.650815638087939250e+15,3.804272353956392183e-01
1.650815638089856000e+15,3.804272353956391628e-01
1.650815638091773000e+15,3.804272353956391628e-01
1.650815638093690000e+15,3.804272353956391628e-01
1.650815638095607000e+15,3.804272353956391628e-01
1.650815638097523750e+15,3.804272353956391628e-01
1.650815638099440750e+15,3.804272353956391628e-01
1.650815638101357750e+15,3.804272353956390518e-01
1.650815638103274500e+15,3.804272353956390518e-01
1.650815638105191500e+15,3.804272353956390518e-01
1.650815638107108500e+15,3.804272353956390518e-01
1.650815638109025500e+15,3.804272353956390518e-01
1.650815638110942250e+15,3.804272353956390518e-01
1.650815638112859250e+15,3.804272353956390518e-01
1.650815638114776250e+15,3.804272353956389963e-01
1.650815638116693250e+15,3.804272353956389963e-01
1.650815638118610000e+15,3.804272353956390518e-01
1.650815638120527000e+15,3.804272353956390518e-01
1.650815638122444000e+15,3.804272353956390518e-01
1.650815638124360750e+15,3.804272353956390518e-01
1.650815638126277750e+15,3.804272353956390518e-01
1.650815638128194750e+15,3.804272353956390518e-01
1.650815638130111750e+15,3.804272353956390518e-01
1.650815638132028500e+15,3.804272353956390518e-01
1.650815638133945500e+15,3.804272353956390518e-01
1.650815638135862500e+15,3.804272353956391073e-01
1.650815638137779250e+15,3.804272353956390518e-01
1.650815638139696250e+15,3.804272353956390518e-01
1.650815638141613250e+15,3.804272353956390518e-01
1.650815638143530250e+15,3.804272353956390518e-01
1.650815638145447000e+15,3.804272353956391073e-01
1.650815638147364000e+15,3.804272353956390518e-01
1.650815638149281000e+15,3.804272353956390518e-01
1.650815638151197750e+15,3.804272353956390518e-01
1.650815638153114750e+15,3.804272353956390518e-01
1.650815638155031750e+15,3.804272353956390518e-01
1.650815638156948750e+15,3.804272353956390518e-01
1.650815638158865500e+15,3.804272353956390518e-01
1.650815638160782500e+15,3.804272353956390518e-01
1.650815638162699500e+15,3.804272353956390518e-01
1.650815638164616250e+15,3.804272353956390518e-01
1.650815638166533250e+15,3.804272353956390518e-01
1.650815638168450250e+15,3.804272353956390518e-01
1.650815638170367250e+15,3.804272353956390518e-01
1.650815638172284000e+15,3.804272353956390518e-01
1.650815638174201000e+15,3.804272353956390518e-01
1.650815638176118000e+15,3.804272353956390518e-01
1.650815638178034750e+15,3.804272353956390518e-01
1.650815638179951750e+15,3.804272353956390518e-01
1.650815638181868750e+15,3.804272353956390518e-01
1.650815638183785750e+15,3.804272353956391073e-01
1.650815638185702500e+15,3.804272353956391073e-01
1.650815638187619500e+15,3.804272353956390518e-01
1.650815638189536500e+15,3.804272353956390518e-01
1.650815638191453500e+15,3.804272353956391073e-01
1.650815638193370250e+15,3.804272353956390518e-01
1.650815638195287250e+15,3.804272353956391073e-01
1.650815638197204250e+15,3.804272353956390518e-01
1.650815638199121000e+15,3.804272353956390518e-01
1.650815638201038000e+15,3.804272353956390518e-01
1.650815638202955000e+15,3.804272353956390518e-01
1.650815638204872000e+15,3.804272353956389963e-01
1.650815638206788750e+15,3.804272353956390518e-01
1.650815638208705750e+15,3.804272353956389963e-01
1.650815638210622750e+15,3.804272353956390518e-01
1.650815638212539500e+15,3.802012123896233997e-01
1.650815638214456500e+15,3.797157377649378329e-01
1.650815638216373500e+15,3.792302631402523216e-01
1.650815638218290500e+15,3.787447885155668104e-01
1.650815638220207250e+15,3.782593772026475731e-01
1.650815638222124250e+15,3.777739025779619508e-01
1.650815638224041250e+15,3.772884279532764396e-01
1.650815638225958000e+15,3.768030166403572023e-01
1.650815638227875000e+15,3.763175420156716910e-01
1.650815638229792000e+15,3.758320673909861243e-01
1.650815638231709000e+15,3.753465927663005575e-01
1.650815638233625750e+15,3.748611814533813757e-01
1.650815638235542750e+15,3.743757068286958090e-01
1.650815638237459750e+15,3.742913122440966744e-01
1.650815638239376500e+15,3.742913122440966189e-01
1.650815638241293500e+15,3.742913122440966189e-01
1.650815638243210500e+15,3.742913122440965079e-01
1.650815638245127500e+15,3.742913122440965079e-01
1.650815638247044250e+15,3.742913122440963969e-01
1.650815638248961250e+15,3.742913122440963969e-01
1.650815638250878250e+15,3.742913122440962859e-01
1.650815638252795000e+15,3.742913122440962859e-01
1.650815638254712000e+15,3.742913122440961748e-01
1.650815638256629000e+15,3.742913122440961748e-01
1.650815638258546000e+15,3.742913122440961193e-01
1.650815638260462750e+15,3.742913122440960638e-01
1.650815638262379750e+15,3.742913122440960638e-01
1.650815638264296750e+15,3.742913122440960638e-01
1.650815638266213500e+15,3.742913122440960638e-01
1.650815638268130500e+15,3.742913122440961193e-01
1.650815638270047500e+15,3.742913122440960638e-01
1.650815638271964500e+15,3.742913122440961193e-01
1.650815638273881250e+15,3.742913122440960638e-01
1.650815638275798250e+15,3.742913122440960638e-01
1.650815638277715250e+15,3.742913122440960638e-01
1.650815638279632250e+15,3.742913122440961193e-01
1.650815638281549000e+15,3.742913122440960638e-01
1.650815638283466000e+15,3.742913122440960638e-01
1.650815638285383000e+15,3.742913122440960638e-01
1.650815638287299750e+15,3.742913122440960638e-01
1.650815638289216750e+15,3.742913122440960638e-01
1.650815638291133750e+15,3.742913122440960638e-01
1.650815638293050750e+15,3.742913122440960638e-01
1.650815638294967500e+15,3.742913122440961193e-01
1.650815638296884500e+15,3.742913122440960638e-01
1.650815638298801500e+15,3.742913122440960083e-01
1.650815638300718250e+15,3.742913122440960638e-01
1.650815638302635250e+15,3.742913122440960638e-01
1.650815638304552250e+15,3.742913122440960638e-01
1.650815638306469250e+15,3.742913122440960638e-01
1.650815638308386000e+15,3.742913122440960638e-01
1.650815638310303000e+15,3.742913122440960638e-01
1.650815638312220000e+15,3.742913122440960638e-01
1.650815638314136750e+15,3.742913122440960638e-01
1.650815638316053750e+15,3.742913122440960638e-01
1.650815638317970750e+15,3.742913122440960638e-01
1.650815638319887750e+15,3.742913122440960638e-01
1.650815638321804500e+15,3.742913122440960638e-01
1.650815638323721500e+15,3.742913122440960638e-01
1.650815638325638500e+15,3.742913122440960638e-01
1.650815638327555250e+15,3.742913122440960638e-01
1.650815638329472250e+15,3.742913122440960638e-01
1.650815638331389250e+15,3.742913122440960638e-01
1.650815638333306250e+15,3.742913122440961193e-01
1.650815638335223000e+15,3.742913122440962304e-01
1.650815638337140000e+15,3.742913122440962859e-01
1.650815638339057000e+15,3.742913122440963969e-01
1.650815638340973750e+15,3.742913122440964524e-01
1.650815638342890750e+15,3.742913122440965634e-01
1.650815638344807750e+15,3.742913122440966189e-01
1.650815638346724750e+15,3.742913122440966744e-01
1.650815638348641500e+15,3.742913122440967855e-01
1.650815638350558500e+15,3.742913122440968410e-01
1.650815638352475500e+15,3.742913122440969520e-01
1.650815638354392500e+15,3.742913122440967300e-01
1.650815638356309250e+15,3.742913122440965079e-01
1.650815638358226250e+15,3.742913122440962859e-01
1.650815638360143250e+15,3.742913122440960083e-01
1.650815638362060000e+15,3.742913122440958418e-01
1.650815638363977000e+15,3.742913122440958973e-01
1.650815638365894000e+15,3.742913122440958418e-01
1.650815638367811000e+15,3.742913122440958418e-01
1.650815638369727750e+15,3.742913122440958418e-01
1.650815638371644750e+15,3.742913122440958418e-01
1.650815638373561750e+15,3.742913122440958418e-01
1.650815638375478500e+15,3.742913122440958418e-01
1.650815638377395500e+15,3.742913122440958418e-01
1.650815638379312500e+15,3.742913122440957863e-01
1.650815638381229500e+15,3.742913122440957863e-01
1.650815638383146250e+15,3.742913122440958418e-01
1.650815638385063250e+15,3.742913122440957863e-01
1.650815638386980250e+15,3.741992489650718956e-01
1.650815638388897000e+15,3.733478024508665727e-01
1.650815638390814000e+15,3.724962448832486728e-01
1.650815638392731000e+15,3.716446873156307729e-01
1.650815638394648000e+15,3.707931297480128729e-01
1.650815638396564750e+15,3.699416832338075500e-01
1.650815638398481750e+15,3.690901256661895946e-01
1.650815638400398750e+15,3.682385680985716947e-01
1.650815638402315500e+15,3.698068175224623610e-01
1.650815638404232500e+15,3.716372819920402137e-01
1.650815638406149500e+15,3.734677464616180109e-01
1.650815638408066500e+15,3.752982109311958636e-01
1.650815638409983250e+15,3.771284366860541137e-01
1.650815638411900250e+15,3.789589011556319109e-01
1.650815638413817250e+15,3.804272353956388297e-01
1.650815638415734000e+15,3.804272353956388297e-01
1.650815638417651000e+15,3.804272353956388297e-01
1.650815638419568000e+15,3.804272353956388297e-01
1.650815638421485000e+15,3.804272353956388297e-01
1.650815638423401750e+15,3.803090631759635798e-01
1.650815638425318750e+15,3.797843703094497814e-01
1.650815638427235750e+15,3.792596774429358719e-01
1.650815638429152750e+15,3.787349845764220180e-01
1.650815638431069500e+15,3.782103601362079015e-01
1.650815638432986500e+15,3.776856672696939921e-01
1.650815638434903500e+15,3.771609744031801936e-01
1.650815638436820250e+15,3.766363499629660216e-01
1.650815638438737250e+15,3.761116570964521677e-01
1.650815638440654250e+15,3.755869642299383138e-01
1.650815638442571250e+15,3.750622713634244598e-01
1.650815638444488000e+15,3.745376469232103434e-01
1.650815638446405000e+15,3.739769111031688853e-01
1.650815638448322000e+15,3.733842788640764909e-01
1.650815638450238750e+15,3.727917239114001968e-01
1.650815638452155750e+15,3.721990916723077469e-01
1.650815638454072750e+15,3.716064594332153526e-01
1.650815638455989750e+15,3.710138271941229027e-01
1.650815638457906500e+15,3.704212722414466086e-01
1.650815638459823500e+15,3.698286400023541587e-01
1.650815638461740500e+15,3.692360077632617088e-01
1.650815638463657250e+15,3.686434528105854702e-01
1.650815638465574250e+15,3.680698729818815962e-01
1.650815638467491250e+15,3.675852184832615333e-01
1.650815638469408250e+15,3.671005639846416368e-01
1.650815638471325000e+15,3.666159726908336802e-01
1.650815638473242000e+15,3.661313181922136728e-01
1.650815638475159000e+15,3.656466636935937209e-01
1.650815638477075750e+15,3.651620723997858198e-01
1.650815638478992750e+15,3.646774179011658124e-01
1.650815638480909750e+15,3.641927634025458049e-01
1.650815638482826750e+15,3.637081089039258530e-01
1.650815638484743500e+15,3.632235176101178964e-01
1.650815638486660500e+15,3.627388631114979445e-01
1.650815638488577500e+15,3.622542086128779926e-01
1.650815638490494250e+15,3.624583012322625808e-01
1.650815638492411250e+15,3.633095506664431040e-01
1.650815638494328250e+15,3.641608001006236828e-01
1.650815638496245250e+15,3.650120495348042615e-01
1.650815638498162000e+15,3.658631879557565636e-01
1.650815638500079000e+15,3.667144373899371423e-01
1.650815638501996000e+15,3.675656868241177211e-01
1.650815638503913000e+15,3.680156829293368403e-01
1.650815638505829750e+15,3.675610449185625628e-01
1.650815638507746750e+15,3.671063476097564116e-01
1.650815638509663750e+15,3.666516503009502603e-01
1.650815638511580500e+15,3.661970122901760383e-01
1.650815638513497500e+15,3.657423149813697760e-01
1.650815638515414500e+15,3.652876176725636248e-01
1.650815638517331500e+15,3.648329203637574736e-01
1.650815638519248250e+15,3.643782823529831960e-01
1.650815638521165250e+15,3.639235850441769893e-01
1.650815638523082250e+15,3.634688877353707825e-01
1.650815638524999000e+15,3.630142497245965605e-01
1.650815638526916000e+15,3.625595524157903538e-01
1.650815638528833000e+15,3.621048551069842025e-01
1.650815638530750000e+15,3.636407866617498152e-01
1.650815638532666750e+15,3.656367188977650562e-01
1.650815638534583750e+15,3.676329114614489968e-01
1.650815638536500750e+15,3.696291040251329374e-01
1.650815638538417500e+15,3.716250362611481783e-01
1.650815638540334500e+15,3.736212288248321745e-01
1.650815638542251500e+15,3.736980767344181276e-01
1.650815638544168500e+15,3.728050791120746110e-01
1.650815638546085250e+15,3.719121979474283579e-01
1.650815638548002250e+15,3.710192003250848969e-01
1.650815638549919250e+15,3.701262027027414359e-01
1.650815638551836000e+15,3.692333215380950717e-01
1.650815638553753000e+15,3.683403239157516107e-01
1.650815638555670000e+15,3.681553890925537420e-01
1.650815638557587000e+15,3.681553890925537420e-01
1.650815638559503750e+15,3.681553890925537420e-01
1.650815638561420750e+15,3.681553890925537420e-01
1.650815638563337750e+15,3.681553890925537420e-01
1.650815638565254500e+15,3.681553890925537420e-01
1.650815638567171500e+15,3.681553890925536865e-01
1.650815638569088500e+15,3.681553890925537420e-01
1.650815638571005500e+15,3.681553890925537420e-01
1.650815638572922250e+15,3.681553890925537420e-01
1.650815638574839250e+15,3.681553890925536865e-01
1.650815638576756250e+15,3.681553890925536310e-01
1.650815638578673000e+15,3.681553890925536310e-01
1.650815638580590000e+15,3.681553890925535755e-01
1.650815638582507000e+15,3.681553890925535755e-01
1.650815638584424000e+15,3.681553890925535755e-01
1.650815638586340750e+15,3.681553890925534644e-01
1.650815638588257750e+15,3.681553890925534644e-01
1.650815638590174750e+15,3.681553890925534644e-01
1.650815638592091750e+15,3.681553890925534644e-01
1.650815638594008500e+15,3.681553890925535200e-01
1.650815638595925500e+15,3.681553890925535200e-01
1.650815638597842500e+15,3.681553890925535200e-01
1.650815638599759250e+15,3.681553890925535200e-01
1.650815638601676250e+15,3.681553890925535200e-01
1.650815638603593250e+15,3.681553890925535200e-01
1.650815638605510250e+15,3.681553890925534644e-01
1.650815638607427000e+15,3.681553890925535200e-01
1.650815638609344000e+15,3.681553890925535755e-01
1.650815638611261000e+15,3.681553890925536310e-01
1.650815638613177750e+15,3.681553890925536310e-01
1.650815638615094750e+15,3.681553890925536310e-01
1.650815638617011750e+15,3.681553890925536310e-01
1.650815638618928750e+15,3.681553890925536865e-01
1.650815638620845500e+15,3.681553890925537420e-01
1.650815638622762500e+15,3.681553890925537975e-01
1.650815638624679500e+15,3.681553890925538530e-01
1.650815638626596250e+15,3.681553890925539640e-01
1.650815638628513250e+15,3.681553890925540196e-01
1.650815638630430250e+15,3.681553890925540751e-01
1.650815638632347250e+15,3.681553890925541861e-01
1.650815638634264000e+15,3.681553890925541861e-01
1.650815638636181000e+15,3.681553890925542971e-01
1.650815638638098000e+15,3.681553890925543526e-01
1.650815638640014750e+15,3.681553890925544081e-01
1.650815638641931750e+15,3.681553890925542971e-01
1.650815638643848750e+15,3.681553890925541861e-01
1.650815638645765750e+15,3.681553890925540751e-01
1.650815638647682500e+15,3.681553890925539640e-01
1.650815638649599500e+15,3.681553890925538530e-01
1.650815638651516500e+15,3.681553890925537420e-01
1.650815638653433250e+15,3.677340780539959386e-01
1.650815638655350250e+15,3.667298464582042783e-01
1.650815638657267250e+15,3.657256148624127290e-01
1.650815638659184250e+15,3.647213832666211797e-01
1.650815638661101000e+15,3.637172826347831456e-01
1.650815638663018000e+15,3.627130510389915963e-01
1.650815638664935000e+15,3.631708009570006612e-01
1.650815638666852000e+15,3.668927389429221253e-01
1.650815638668768750e+15,3.706141915430863909e-01
1.650815638670685750e+15,3.743361295290078550e-01
1.650815638672602750e+15,3.780580675149293191e-01
1.650815638674519500e+15,3.804272353956390518e-01
1.650815638676436500e+15,3.804272353956390518e-01
1.650815638678353500e+15,3.804272353956390518e-01
1.650815638680270500e+15,3.804272353956390518e-01
1.650815638682187250e+15,3.804272353956390518e-01
1.650815638684104250e+15,3.804272353956390518e-01
1.650815638686021250e+15,3.804272353956390518e-01
1.650815638687938000e+15,3.804272353956390518e-01
1.650815638689855000e+15,3.804272353956390518e-01
1.650815638691772000e+15,3.804272353956390518e-01
1.650815638693689000e+15,3.804272353956390518e-01
1.650815638695605750e+15,3.804272353956391073e-01
1.650815638697522750e+15,3.804272353956390518e-01
1.650815638699439750e+15,3.799598198879214350e-01
1.650815638701356500e+15,3.789867884739460679e-01
1.650815638703273500e+15,3.780136301483477679e-01
1.650815638705190500e+15,3.770404718227493568e-01
1.650815638707107500e+15,3.760673134971510012e-01
1.650815638709024250e+15,3.750942820831756896e-01
1.650815638710941250e+15,3.741211237575773341e-01
1.650815638712858250e+15,3.731479654319789230e-01
1.650815638714775000e+15,3.721749340180036669e-01
1.650815638716692000e+15,3.712017756924053113e-01
1.650815638718609000e+15,3.702286173668069003e-01
1.650815638720526000e+15,3.692554590412085447e-01
1.650815638722442750e+15,3.682824276272332331e-01
1.650815638724359750e+15,3.703429933519831740e-01
1.650815638726276750e+15,3.728590499683483439e-01
1.650815638728193500e+15,3.753747784604808402e-01
1.650815638730110500e+15,3.778908350768459545e-01
1.650815638732027500e+15,3.804068916932111244e-01
1.650815638733944500e+15,3.829229483095762943e-01
1.650815638735861250e+15,3.854386768017087350e-01
1.650815638737778250e+15,3.879547334180739049e-01
1.650815638739695250e+15,3.904707900344391303e-01
1.650815638741612250e+15,3.926450752293952351e-01
1.650815638743529000e+15,3.921729342939990759e-01
1.650815638745446000e+15,3.917007317776800557e-01
1.650815638747363000e+15,3.912285292613610910e-01
1.650815638749279750e+15,3.907563883259648208e-01
1.650815638751196750e+15,3.902841858096458005e-01
1.650815638753113750e+15,3.898119832933267803e-01
1.650815638755030750e+15,3.893397807770077601e-01
1.650815638756947500e+15,3.888676398416115454e-01
1.650815638758864500e+15,3.883954373252925807e-01
1.650815638760781500e+15,3.879232348089735050e-01
1.650815638762698250e+15,3.874510938735772902e-01
1.650815638764615250e+15,3.869788913572583255e-01
1.650815638766532250e+15,3.866226116487236908e-01
1.650815638768449250e+15,3.871197614662007513e-01
1.650815638770366000e+15,3.876168464493249255e-01
1.650815638772283000e+15,3.881139962668018750e-01
1.650815638774200000e+15,3.886111460842789356e-01
1.650815638776116750e+15,3.891082310674031097e-01
1.650815638778033750e+15,3.896053808848801703e-01
1.650815638779950750e+15,3.901025307023571198e-01
1.650815638781867750e+15,3.905996805198341804e-01
1.650815638783784500e+15,3.910967655029583545e-01
1.650815638785701500e+15,3.915939153204354151e-01
1.650815638787618500e+15,3.920910651379124201e-01
1.650815638789535250e+15,3.925881501210365387e-01
1.650815638791452250e+15,3.926990816987234734e-01
1.650815638793369250e+15,3.926990816987234734e-01
1.650815638795286250e+15,3.926990816987234734e-01
1.650815638797203000e+15,3.926990816987234734e-01
1.650815638799120000e+15,3.926990816987235289e-01
1.650815638801037000e+15,3.926990816987235289e-01
1.650815638802953750e+15,3.926990816987236954e-01
1.650815638804870750e+15,3.926990816987238064e-01
1.650815638806787750e+15,3.926990816987239730e-01
1.650815638808704750e+15,3.926990816987241395e-01
1.650815638810621500e+15,3.926990816987243060e-01
1.650815638812538500e+15,3.925052592431743093e-01
1.650815638814455500e+15,3.919494512442370793e-01
1.650815638816372250e+15,3.913937157293894686e-01
1.650815638818289250e+15,3.908379077304522387e-01
1.650815638820206250e+15,3.902820997315150642e-01
1.650815638822123250e+15,3.897262917325778897e-01
1.650815638824040000e+15,3.891705562177302791e-01
1.650815638825957000e+15,3.886147482187930491e-01
1.650815638827874000e+15,3.880589402198559301e-01
1.650815638829791000e+15,3.875031322209187001e-01
1.650815638831707750e+15,3.869473967060710895e-01
1.650815638833624750e+15,3.865631585471814846e-01
1.650815638835541750e+15,3.865631585471814846e-01
1.650815638837458500e+15,3.865631585471815956e-01
1.650815638839375500e+15,3.865631585471815956e-01
1.650815638841292500e+15,3.865631585471817067e-01
1.650815638843209500e+15,3.865631585471817622e-01
1.650815638845126250e+15,3.865631585471818177e-01
1.650815638847043250e+15,3.865631585471819287e-01
1.650815638848960250e+15,3.865631585471819842e-01
1.650815638850877000e+15,3.865631585471820397e-01
1.650815638852794000e+15,3.865631585471820952e-01
1.650815638854711000e+15,3.865631585471821507e-01
1.650815638856628000e+15,3.865631585471822618e-01
1.650815638858544750e+15,3.873006035949779213e-01
1.650815638860461750e+15,3.886026364355252283e-01
1.650815638862378750e+15,3.899046692760725352e-01
1.650815638864295500e+15,3.912065323157798979e-01
1.650815638866212500e+15,3.925085651563272604e-01
1.650815638868129500e+15,3.926990816987234734e-01
1.650815638870046500e+15,3.926990816987234734e-01
1.650815638871963250e+15,3.926990816987234734e-01
1.650815638873880250e+15,3.926990816987234734e-01
1.650815638875797250e+15,3.926990816987234734e-01
1.650815638877714000e+15,3.926990816987234734e-01
1.650815638879631000e+15,3.926990816987234734e-01
1.650815638881548000e+15,3.917189556142758322e-01
1.650815638883465000e+15,3.901951099501346221e-01
1.650815638885381750e+15,3.886714630139099236e-01
1.650815638887298750e+15,3.871476173497686579e-01
1.650815638889215750e+15,3.872208273317567229e-01
1.650815638891132500e+15,3.882875391090656603e-01
1.650815638893049500e+15,3.893543900166441252e-01
1.650815638894966500e+15,3.904212409242227011e-01
1.650815638896883500e+15,3.914880918318012215e-01
1.650815638898800250e+15,3.925548036091102144e-01
1.650815638900717250e+15,3.936216545166887348e-01
1.650815638902634250e+15,3.946885054242672553e-01
1.650815638904551250e+15,3.957553563318458312e-01
1.650815638906468000e+15,3.968220681091546576e-01
1.650815638908385000e+15,3.978889190167332890e-01
1.650815638910302000e+15,3.987369926806763609e-01
1.650815638912218750e+15,3.978712561550436511e-01
1.650815638914135750e+15,3.970054067121648878e-01
1.650815638916052750e+15,3.961395572692860689e-01
1.650815638917969750e+15,3.952737078264072501e-01
1.650815638919886500e+15,3.944079713007745402e-01
1.650815638921803500e+15,3.935421218578957769e-01
1.650815638923720500e+15,3.926990816987234734e-01
1.650815638925637250e+15,3.926990816987234734e-01
1.650815638927554250e+15,3.926990816987234734e-01
1.650815638929471250e+15,3.926990816987234734e-01
1.650815638931388250e+15,3.926990816987234734e-01
1.650815638933305000e+15,3.926990816987234734e-01
1.650815638935222000e+15,3.926990816987234734e-01
1.650815638937139000e+15,3.926990816987234734e-01
1.650815638939055750e+15,3.926990816987234734e-01
1.650815638940972750e+15,3.926990816987234734e-01
1.650815638942889750e+15,3.926990816987234179e-01
1.650815638944806750e+15,3.926990816987234734e-01
1.650815638946723500e+15,3.926990816987234734e-01
1.650815638948640500e+15,3.926990816987234734e-01
1.650815638950557500e+15,3.926990816987234734e-01
1.650815638952474250e+15,3.926990816987234734e-01
1.650815638954391250e+15,3.926990816987234734e-01
1.650815638956308250e+15,3.926990816987234734e-01
1.650815638958225250e+15,3.926990816987234734e-01
1.650815638960142000e+15,3.926990816987234734e-01
1.650815638962059000e+15,3.926990816987234734e-01
1.650815638963976000e+15,3.926990816987234734e-01
1.650815638965892750e+15,3.926990816987234734e-01
1.650815638967809750e+15,3.926990816987234734e-01
1.650815638969726750e+15,3.926990816987234734e-01
1.650815638971643750e+15,3.926990816987234734e-01
1.650815638973560500e+15,3.926990816987234734e-01
1.650815638975477500e+15,3.926990816987234734e-01
1.650815638977394500e+15,3.926990816987235289e-01
1.650815638979311500e+15,3.942169187534316777e-01
1.650815638981228250e+15,3.967174036478124388e-01
1.650815638983145250e+15,3.992182146782169427e-01
1.650815638985062250e+15,4.017190257086215022e-01
1.650815638986979000e+15,4.042195106030022078e-01
1.650815638988896000e+15,4.043096507418062480e-01
1.650815638990813000e+15,4.033643349271710532e-01
1.650815638992730000e+15,4.024190191125358584e-01
1.650815638994646750e+15,4.014738265785233184e-01
1.650815638996563750e+15,4.005285107638881237e-01
1.650815638998480750e+15,3.995831949492528734e-01
1.650815639000397500e+15,3.988350048502673495e-01
1.650815639002314500e+15,3.988350048502672385e-01
1.650815639004231500e+15,3.988350048502672385e-01
1.650815639006148500e+15,3.988350048502671830e-01
1.650815639008065250e+15,3.988350048502671275e-01
1.650815639009982250e+15,3.988350048502670719e-01
1.650815639011899250e+15,3.988350048502670164e-01
1.650815639013816000e+15,3.988350048502669054e-01
1.650815639015733000e+15,3.988350048502669054e-01
1.650815639017650000e+15,3.988350048502669054e-01
1.650815639019567000e+15,3.988350048502667944e-01
1.650815639021483750e+15,3.988350048502667389e-01
1.650815639023400750e+15,3.988350048502666279e-01
1.650815639025317750e+15,3.977579514878095690e-01
1.650815639027234500e+15,3.966689671636689507e-01
1.650815639029151500e+15,3.955798408042701664e-01
1.650815639031068500e+15,3.944907144448713820e-01
1.650815639032985500e+15,3.934015880854726532e-01
1.650815639034902250e+15,3.929977979174202884e-01
1.650815639036819250e+15,3.938396045932598399e-01
1.650815639038736250e+15,3.946814112690995580e-01
1.650815639040653000e+15,3.955231081631609413e-01
1.650815639042570000e+15,3.963649148390005483e-01
1.650815639044487000e+15,3.972067215148402664e-01
1.650815639046404000e+15,3.980485281906798734e-01
1.650815639048320750e+15,3.988350048502671830e-01
1.650815639050237750e+15,3.988350048502671275e-01
1.650815639052154750e+15,3.988350048502671275e-01
1.650815639054071750e+15,3.988350048502671275e-01
1.650815639055988500e+15,3.988350048502671830e-01
1.650815639057905500e+15,3.988350048502671275e-01
1.650815639059822500e+15,3.988350048502671275e-01
1.650815639061739250e+15,3.988350048502671830e-01
1.650815639063656250e+15,3.988350048502671275e-01
1.650815639065573250e+15,3.988350048502671830e-01
1.650815639067490250e+15,3.988350048502671275e-01
1.650815639069407000e+15,3.988350048502671275e-01
1.650815639071324000e+15,3.988350048502671275e-01
1.650815639073241000e+15,3.988350048502671275e-01
1.650815639075157750e+15,3.988350048502671275e-01
1.650815639077074750e+15,3.988350048502671275e-01
1.650815639078991750e+15,3.988350048502671275e-01
1.650815639080908750e+15,3.988350048502671275e-01
1.650815639082825500e+15,3.990146301742726331e-01
1.650815639084742500e+15,3.995480798196923700e-01
1.650815639086659500e+15,4.000815294651122178e-01
1.650815639088576250e+15,4.006149095422422146e-01
1.650815639090493250e+15,4.011483591876620070e-01
1.650815639092410250e+15,4.016818088330817993e-01
1.650815639094327250e+15,4.022152584785015916e-01
1.650815639096244000e+15,4.027486385556316995e-01
1.650815639098161000e+15,4.032820882010514918e-01
1.650815639100078000e+15,4.038155378464712286e-01
1.650815639101994750e+15,4.043489179236013364e-01
1.650815639103911750e+15,4.048823675690210733e-01
1.650815639105828750e+15,4.049709280018091717e-01
1.650815639107745750e+15,4.049709280018091717e-01
1.650815639109662500e+15,4.049709280018091717e-01
1.650815639111579500e+15,4.049709280018091162e-01
1.650815639113496500e+15,4.049709280018091162e-01
1.650815639115413250e+15,4.049709280018091162e-01
1.650815639117330250e+15,4.049709280018091162e-01
1.650815639119247250e+15,4.049709280018090052e-01
1.650815639121164250e+15,4.049709280018090607e-01
1.650815639123081000e+15,4.049709280018090052e-01
1.650815639124998000e+15,4.049709280018090052e-01
1.650815639126915000e+15,4.049709280018090052e-01
1.650815639128831750e+15,4.049709280018090607e-01
1.650815639130748750e+15,4.049709280018091162e-01
1.650815639132665750e+15,4.049709280018091162e-01
1.650815639134582750e+15,4.049709280018091162e-01
1.650815639136499500e+15,4.044558960305249529e-01
1.650815639138416500e+15,4.023072207553304303e-01
1.650815639140333500e+15,4.001585454801359076e-01
1.650815639142250500e+15,3.980098702049413295e-01
1.650815639144167250e+15,3.958614751430065137e-01
1.650815639146084250e+15,3.937127998678119356e-01
1.650815639148001250e+15,3.915641245926174130e-01
1.650815639149918000e+15,3.894157295306825417e-01
1.650815639151835000e+15,3.872670542554880191e-01
1.650815639153752000e+15,3.870727722676937654e-01
1.650815639155669000e+15,3.878306694765536466e-01
1.650815639157585750e+15,3.885884678464452957e-01
1.650815639159502750e+15,3.893463650553052324e-01
1.650815639161419750e+15,3.901042622641651691e-01
1.650815639163336500e+15,3.908620606340568182e-01
1.650815639165253500e+15,3.916199578429167549e-01
1.650815639167170500e+15,3.923778550517766917e-01
1.650815639169087500e+15,3.926990816987243615e-01
1.650815639171004250e+15,3.926990816987243615e-01
1.650815639172921250e+15,3.926990816987243615e-01
1.650815639174838250e+15,3.926990816987243615e-01
1.650815639176755000e+15,3.926990816987243615e-01
1.650815639178672000e+15,3.926990816987243615e-01
1.650815639180589000e+15,3.926990816987243615e-01
1.650815639182506000e+15,3.926990816987243615e-01
1.650815639184422750e+15,3.926990816987243615e-01
1.650815639186339750e+15,3.926990816987243615e-01
1.650815639188256750e+15,3.919888156259517809e-01
1.650815639190173500e+15,3.907497689866008539e-01
1.650815639192090500e+15,3.895105607394973024e-01
1.650815639194007500e+15,3.882713524923936954e-01
1.650815639195924500e+15,3.870321442452901439e-01
1.650815639197841250e+15,3.865631585471818177e-01
1.650815639199758250e+15,3.865631585471818732e-01
1.650815639201675250e+15,3.865631585471817622e-01
1.650815639203592000e+15,3.865631585471818177e-01
1.650815639205509000e+15,3.865631585471818177e-01
1.650815639207426000e+15,3.865631585471818177e-01
1.650815639209343000e+15,3.865631585471818177e-01
1.650815639211259750e+15,3.865631585471818177e-01
1.650815639213176750e+15,3.865631585471818177e-01
1.650815639215093750e+15,3.865631585471817622e-01
1.650815639217010750e+15,3.865631585471818732e-01
1.650815639218927500e+15,3.865631585471818732e-01
1.650815639220844500e+15,3.873795491946091518e-01
1.650815639222761500e+15,3.883660105063759804e-01
1.650815639224678250e+15,3.893523431716494621e-01
1.650815639226595250e+15,3.903388044834162907e-01
1.650815639228512250e+15,3.913252657951832303e-01
1.650815639230429250e+15,3.923117271069501144e-01
1.650815639232346000e+15,3.923434114358698155e-01
1.650815639234263000e+15,3.917576555132808447e-01
1.650815639236180000e+15,3.911718995906919294e-01
1.650815639238096750e+15,3.905862200577642218e-01
1.650815639240013750e+15,3.900004641351753065e-01
1.650815639241930750e+15,3.894147082125863912e-01
1.650815639243847750e+15,3.888289522899974759e-01
1.650815639245764500e+15,3.882432727570697684e-01
1.650815639247681500e+15,3.876575168344807976e-01
1.650815639249598500e+15,3.870717609118918823e-01
1.650815639251515250e+15,3.865631585471817622e-01
1.650815639253432250e+15,3.865631585471818177e-01
1.650815639255349250e+15,3.865631585471818177e-01
1.650815639257266250e+15,3.865631585471818177e-01
1.650815639259183000e+15,3.865631585471818177e-01
1.650815639261100000e+15,3.865631585471818177e-01
1.650815639263017000e+15,3.865631585471818177e-01
1.650815639264933750e+15,3.865631585471818177e-01
1.650815639266850750e+15,3.865631585471818177e-01
1.650815639268767750e+15,3.865631585471818177e-01
1.650815639270684750e+15,3.865631585471818732e-01
1.650815639272601500e+15,3.865631585471818177e-01
1.650815639274518500e+15,3.865631585471818177e-01
1.650815639276435500e+15,3.865631585471818177e-01
1.650815639278352250e+15,3.865631585471818177e-01
1.650815639280269250e+15,3.865631585471818177e-01
1.650815639282186250e+15,3.865631585471817622e-01
1.650815639284103250e+15,3.865631585471818177e-01
1.650815639286020000e+15,3.865631585471817067e-01
1.650815639287937000e+15,3.865631585471815956e-01
1.650815639289854000e+15,3.865631585471814846e-01
1.650815639291771000e+15,3.865631585471813736e-01
1.650815639293687750e+15,3.865631585471812626e-01
1.650815639295604750e+15,3.865631585471811515e-01
1.650815639297521750e+15,3.865631585471810960e-01
1.650815639299438500e+15,3.865631585471811515e-01
1.650815639301355500e+15,3.865631585471811515e-01
1.650815639303272500e+15,3.865631585471811515e-01
1.650815639305189500e+15,3.865631585471811515e-01
1.650815639307106250e+15,3.865631585471811515e-01
1.650815639309023250e+15,3.865631585471811515e-01
1.650815639310940250e+15,3.865631585471811515e-01
1.650815639312857000e+15,3.865631585471811515e-01
1.650815639314774000e+15,3.865631585471810960e-01
1.650815639316691000e+15,3.865631585471811515e-01
1.650815639318608000e+15,3.865631585471811515e-01
1.650815639320524750e+15,3.865631585471811515e-01
1.650815639322441750e+15,3.865631585471812071e-01
1.650815639324358750e+15,3.865631585471812071e-01
1.650815639326275500e+15,3.865631585471812071e-01
1.650815639328192500e+15,3.865631585471811515e-01
1.650815639330109500e+15,3.865631585471811515e-01
1.650815639332026500e+15,3.865631585471810960e-01
1.650815639333943250e+15,3.865631585471811515e-01
1.650815639335860250e+15,3.865631585471811515e-01
1.650815639337777250e+15,3.865631585471811515e-01
1.650815639339694000e+15,3.865631585471811515e-01
1.650815639341611000e+15,3.865631585471811515e-01
1.650815639343528000e+15,3.865631585471811515e-01
1.650815639345445000e+15,3.865631585471811515e-01
1.650815639347361750e+15,3.865631585471811515e-01
1.650815639349278750e+15,3.865631585471811515e-01
1.650815639351195750e+15,3.865631585471810960e-01
1.650815639353112500e+15,3.865631585471811515e-01
1.650815639355029500e+15,3.865631585471812071e-01
1.650815639356946500e+15,3.865631585471812626e-01
1.650815639358863500e+15,3.865631585471813736e-01
1.650815639360780250e+15,3.865631585471814846e-01
1.650815639362697250e+15,3.865631585471815956e-01
1.650815639364614250e+15,3.865631585471816511e-01
1.650815639366531250e+15,3.865631585471817622e-01
1.650815639368448000e+15,3.865631585471817067e-01
1.650815639370365000e+15,3.865631585471815401e-01
1.650815639372282000e+15,3.865631585471814291e-01
1.650815639374198750e+15,3.865631585471813181e-01
1.650815639376115750e+15,3.865631585471812071e-01
1.650815639378032750e+15,3.868272804873583159e-01
1.650815639379949750e+15,3.873832198333035381e-01
1.650815639381866500e+15,3.879390866780298985e-01
1.650815639383783500e+15,3.884950260239751207e-01
1.650815639385700500e+15,3.890509653699203430e-01
1.650815639387617250e+15,3.896068322146467588e-01
1.650815639389534250e+15,3.901627715605919255e-01
1.650815639391451250e+15,3.907187109065371478e-01
1.650815639393368250e+15,3.912746502524823700e-01
1.650815639395285000e+15,3.918305170972087303e-01
1.650815639397202000e+15,3.923864564431539526e-01
1.650815639399119000e+15,3.926990816987245836e-01
1.650815639401035750e+15,3.926990816987245836e-01
1.650815639402952750e+15,3.926990816987245836e-01
1.650815639404869750e+15,3.926990816987245836e-01
1.650815639406786750e+15,3.926501165305719132e-01
1.650815639408703500e+15,3.916490073459685251e-01
1.650815639410620500e+15,3.906477675875834610e-01
1.650815639412537500e+15,3.896465278291982859e-01
1.650815639414454250e+15,3.886454186445948977e-01
1.650815639416371250e+15,3.876441788862098337e-01
1.650815639418288250e+15,3.866429391278246586e-01
1.650815639420205250e+15,3.865631585471815401e-01
1.650815639422122000e+15,3.865631585471816511e-01
1.650815639424039000e+15,3.865631585471818177e-01
1.650815639425956000e+15,3.865631585471819287e-01
1.650815639427872750e+15,3.865631585471820952e-01
1.650815639429789750e+15,3.865631585471822063e-01
1.650815639431706750e+15,3.865631585471823728e-01
1.650815639433623750e+15,3.866023588425201996e-01
1.650815639435540500e+15,3.872629053575842861e-01
1.650815639437457500e+15,3.879235380271436884e-01
1.650815639439374500e+15,3.885841706967030351e-01
1.650815639441291250e+15,3.892447172117671772e-01
1.650815639443208250e+15,3.899053498813265239e-01
1.650815639445125250e+15,3.905659825508858707e-01
1.650815639447042250e+15,3.912266152204452729e-01
1.650815639448959000e+15,3.918871617355093595e-01
1.650815639450876000e+15,3.925477944050687618e-01
1.650815639452793000e+15,3.926990816987236399e-01
1.650815639454710000e+15,3.926990816987236954e-01
1.650815639456626750e+15,3.926990816987236954e-01
1.650815639458543750e+15,3.926990816987236954e-01
1.650815639460460750e+15,3.926990816987236954e-01
1.650815639462377500e+15,3.926990816987236954e-01
1.650815639464294500e+15,3.926990816987236954e-01
1.650815639466211500e+15,3.925967971853259186e-01
1.650815639468128500e+15,3.920467848089346230e-01
1.650815639470045250e+15,3.914968441608135397e-01
1.650815639471962250e+15,3.909468317844222995e-01
1.650815639473879250e+15,3.903968194080309484e-01
1.650815639475796000e+15,3.898468787599099206e-01
1.650815639477713000e+15,3.892968663835185694e-01
1.650815639479630000e+15,3.887468540071272738e-01
1.650815639481547000e+15,3.881968416307359782e-01
1.650815639483463750e+15,3.876469009826149503e-01
1.650815639485380750e+15,3.870968886062236547e-01
1.650815639487297750e+15,3.865631585471824838e-01
1.650815639489214500e+15,3.865631585471823173e-01
1.650815639491131500e+15,3.865631585471822618e-01
1.650815639493048500e+15,3.865631585471822063e-01
1.650815639494965500e+15,3.865631585471820952e-01
1.650815639496882250e+15,3.865631585471819287e-01
1.650815639498799250e+15,3.865631585471818732e-01
1.650815639500716250e+15,3.865631585471818177e-01
1.650815639502633000e+15,3.865631585471817067e-01
1.650815639504550000e+15,3.865631585471815956e-01
1.650815639506467000e+15,3.865631585471815401e-01
1.650815639508384000e+15,3.865631585471813736e-01
1.650815639510300750e+15,3.857559575339316593e-01
1.650815639512217750e+15,3.836726127444334278e-01
1.650815639514134750e+15,3.815892679549353073e-01
1.650815639516051500e+15,3.795061948588108747e-01
1.650815639517968500e+15,3.774228500693126431e-01
1.650815639519885500e+15,3.753395052798144671e-01
1.650815639521802500e+15,3.742913122440966744e-01
1.650815639523719250e+15,3.742913122440967300e-01
1.650815639525636250e+15,3.742913122440967300e-01
1.650815639527553250e+15,3.742913122440967300e-01
1.650815639529470250e+15,3.742913122440967300e-01
1.650815639531387000e+15,3.742913122440967300e-01
1.650815639533304000e+15,3.742913122440967300e-01
1.650815639535221000e+15,3.742913122440967855e-01
1.650815639537137750e+15,3.742913122440967855e-01
1.650815639539054750e+15,3.742913122440967300e-01
1.650815639540971750e+15,3.742913122440967855e-01
1.650815639542888750e+15,3.742913122440967300e-01
1.650815639544805500e+15,3.742913122440967300e-01
1.650815639546722500e+15,3.742913122440967300e-01
1.650815639548639500e+15,3.742913122440967300e-01
1.650815639550556250e+15,3.742913122440967300e-01
1.650815639552473250e+15,3.742913122440967855e-01
1.650815639554390250e+15,3.742913122440967300e-01
1.650815639556307250e+15,3.742913122440967300e-01
1.650815639558224000e+15,3.742913122440967300e-01
1.650815639560141000e+15,3.742913122440967300e-01
1.650815639562058000e+15,3.742913122440967300e-01
1.650815639563974750e+15,3.742913122440967300e-01
1.650815639565891750e+15,3.742913122440967300e-01
1.650815639567808750e+15,3.742913122440967300e-01
1.650815639569725750e+15,3.742913122440967300e-01
1.650815639571642500e+15,3.742913122440967300e-01
1.650815639573559500e+15,3.742913122440967300e-01
1.650815639575476500e+15,3.742913122440967300e-01
1.650815639577393250e+15,3.742913122440967300e-01
1.650815639579310250e+15,3.742913122440967300e-01
1.650815639581227250e+15,3.742913122440967300e-01
1.650815639583144250e+15,3.742913122440967300e-01
1.650815639585061000e+15,3.742913122440967300e-01
1.650815639586978000e+15,3.742913122440967855e-01
1.650815639588895000e+15,3.737491115813345033e-01
1.650815639590811750e+15,3.732032801105626407e-01
1.650815639592728750e+15,3.726573774474769563e-01
1.650815639594645750e+15,3.721114747843911608e-01
1.650815639596562750e+15,3.715655721213054763e-01
1.650815639598479500e+15,3.710197406505336692e-01
1.650815639600396500e+15,3.704738379874478738e-01
1.650815639602313500e+15,3.699279353243621893e-01
1.650815639604230500e+15,3.693820326612764493e-01
1.650815639606147250e+15,3.688362011905046423e-01
1.650815639608064250e+15,3.682902985274188468e-01
1.650815639609981250e+15,3.685337718941457674e-01
1.650815639611898000e+15,3.690362941425102128e-01
1.650815639613815000e+15,3.695388819344050946e-01
1.650815639615732000e+15,3.700414697263000319e-01
1.650815639617649000e+15,3.705440575181949692e-01
1.650815639619565750e+15,3.710465797665593590e-01
1.650815639621482750e+15,3.715491675584542408e-01
1.650815639623399750e+15,3.720517553503492336e-01
1.650815639625316500e+15,3.725542775987136235e-01
1.650815639627233500e+15,3.730568653906085608e-01
1.650815639629150500e+15,3.735594531825034981e-01
1.650815639631067500e+15,3.740620409743984354e-01
1.650815639632984250e+15,3.742913122440969520e-01
1.650815639634901250e+15,3.742913122440968965e-01
1.650815639636818250e+15,3.742913122440968410e-01
1.650815639638735000e+15,3.742913122440968410e-01
1.650815639640652000e+15,3.742913122440967855e-01
1.650815639642569000e+15,3.742913122440967855e-01
1.650815639644486000e+15,3.742913122440967300e-01
1.650815639646402750e+15,3.742913122440967300e-01
1.650815639648319750e+15,3.742913122440967300e-01
1.650815639650236750e+15,3.742913122440967300e-01
1.650815639652153500e+15,3.742913122440967300e-01
1.650815639654070500e+15,3.742913122440967300e-01
1.650815639655987500e+15,3.742913122440966744e-01
1.650815639657904500e+15,3.742913122440966744e-01
1.650815639659821250e+15,3.742913122440967300e-01
1.650815639661738250e+15,3.742913122440967300e-01
1.650815639663655250e+15,3.742913122440966744e-01
1.650815639665572000e+15,3.742913122440967300e-01
1.650815639667489000e+15,3.742913122440967855e-01
1.650815639669406000e+15,3.742913122440967300e-01
1.650815639671323000e+15,3.742913122440967855e-01
1.650815639673239750e+15,3.742913122440967300e-01
1.650815639675156750e+15,3.742913122440967300e-01
1.650815639677073750e+15,3.742913122440967855e-01
1.650815639678990750e+15,3.742913122440967300e-01
1.650815639680907500e+15,3.742913122440967300e-01
1.650815639682824500e+15,3.742913122440967300e-01
1.650815639684741500e+15,3.742913122440967300e-01
1.650815639686658250e+15,3.742913122440967855e-01
1.650815639688575250e+15,3.736721026012734814e-01
1.650815639690492250e+15,3.727633754163609536e-01
1.650815639692409250e+15,3.718546482314483703e-01
1.650815639694326000e+15,3.709460395555583823e-01
1.650815639696243000e+15,3.700373123706457434e-01
1.650815639698160000e+15,3.691285851857332156e-01
1.650815639700076750e+15,3.682199765098431166e-01
1.650815639701993750e+15,3.690878472895249285e-01
1.650815639703910750e+15,3.700916503857451523e-01
1.650815639705827750e+15,3.710954534819653206e-01
1.650815639707744500e+15,3.720991256701134953e-01
1.650815639709661500e+15,3.731029287663336635e-01
1.650815639711578500e+15,3.741067318625538873e-01
1.650815639713495250e+15,3.742913122440966744e-01
1.650815639715412250e+15,3.742913122440967300e-01
1.650815639717329250e+15,3.742913122440967300e-01
1.650815639719246250e+15,3.742913122440967300e-01
1.650815639721163000e+15,3.742913122440966744e-01
1.650815639723080000e+15,3.742913122440966744e-01
1.650815639724997000e+15,3.742913122440967855e-01
1.650815639726913750e+15,3.742913122440967300e-01
1.650815639728830750e+15,3.742913122440967855e-01
1.650815639730747750e+15,3.742913122440967300e-01
1.650815639732664750e+15,3.742913122440967300e-01
1.650815639734581500e+15,3.742913122440967300e-01
1.650815639736498500e+15,3.742913122440967300e-01
1.650815639738415500e+15,3.742913122440967300e-01
1.650815639740332250e+15,3.742913122440967300e-01
1.650815639742249250e+15,3.742913122440967300e-01
1.650815639744166250e+15,3.742913122440966744e-01
1.650815639746083250e+15,3.742913122440966744e-01
1.650815639748000000e+15,3.742913122440967300e-01
1.650815639749917000e+15,3.742913122440967300e-01
1.650815639751834000e+15,3.742913122440966744e-01
1.650815639753750750e+15,3.742913122440967300e-01
1.650815639755667750e+15,3.742913122440966744e-01
1.650815639757584750e+15,3.742913122440967300e-01
1.650815639759501750e+15,3.742913122440966744e-01
1.650815639761418500e+15,3.742913122440967300e-01
1.650815639763335500e+15,3.742913122440967300e-01
1.650815639765252500e+15,3.742913122440967300e-01
1.650815639767169500e+15,3.742913122440967300e-01
1.650815639769086250e+15,3.742913122440967300e-01
1.650815639771003250e+15,3.742913122440967300e-01
1.650815639772920250e+15,3.742913122440967300e-01
1.650815639774837000e+15,3.742913122440967300e-01
1.650815639776754000e+15,3.742913122440967300e-01
1.650815639778671000e+15,3.742913122440967300e-01
1.650815639780588000e+15,3.742913122440968410e-01
1.650815639782504750e+15,3.742913122440968410e-01
1.650815639784421750e+15,3.742913122440969520e-01
1.650815639786338750e+15,3.742913122440969520e-01
1.650815639788255500e+15,3.734292786879127579e-01
1.650815639790172500e+15,3.724943319681361942e-01
1.650815639792089500e+15,3.715593852483596304e-01
1.650815639794006500e+15,3.706244385285830667e-01
1.650815639795923250e+15,3.696896137371737945e-01
1.650815639797840250e+15,3.687546670173972307e-01
1.650815639799757250e+15,3.685713301059534430e-01
1.650815639801674000e+15,3.697297099641944085e-01
1.650815639803591000e+15,3.708882409088914422e-01
1.650815639805508000e+15,3.720467718535883650e-01
1.650815639807425000e+15,3.732053027982853433e-01
1.650815639809341750e+15,3.742913122440967855e-01
1.650815639811258750e+15,3.742913122440967855e-01
1.650815639813175750e+15,3.742913122440968410e-01
1.650815639815092500e+15,3.742913122440968410e-01
1.650815639817009500e+15,3.742913122440968410e-01
1.650815639818926500e+15,3.742913122440968965e-01
1.650815639820843500e+15,3.742913122440969520e-01
1.650815639822760250e+15,3.742913122440969520e-01
1.650815639824677250e+15,3.742913122440970075e-01
1.650815639826594250e+15,3.742913122440969520e-01
1.650815639828511000e+15,3.742913122440969520e-01
1.650815639830428000e+15,3.742913122440969520e-01
1.650815639832345000e+15,3.742913122440970075e-01
1.650815639834262000e+15,3.742913122440970075e-01
1.650815639836178750e+15,3.742913122440969520e-01
1.650815639838095750e+15,3.742913122440969520e-01
1.650815639840012750e+15,3.742913122440969520e-01
1.650815639841929750e+15,3.742913122440969520e-01
1.650815639843846500e+15,3.742913122440969520e-01
1.650815639845763500e+15,3.742913122440969520e-01
1.650815639847680500e+15,3.742913122440970075e-01
1.650815639849597250e+15,3.742913122440969520e-01
1.650815639851514250e+15,3.742913122440969520e-01
1.650815639853431250e+15,3.742913122440969520e-01
1.650815639855348250e+15,3.742913122440969520e-01
1.650815639857265000e+15,3.742913122440970075e-01
1.650815639859182000e+15,3.742913122440969520e-01
1.650815639861099000e+15,3.742913122440969520e-01
1.650815639863015750e+15,3.742913122440969520e-01
1.650815639864932750e+15,3.742913122440969520e-01
1.650815639866849750e+15,3.742913122440969520e-01
1.650815639868766750e+15,3.742913122440968965e-01
1.650815639870683500e+15,3.741847252574604932e-01
1.650815639872600500e+15,3.731064811762883071e-01
1.650815639874517500e+15,3.720282370951161210e-01
1.650815639876434250e+15,3.709501336300212726e-01
1.650815639878351250e+15,3.698718895488490310e-01
1.650815639880268250e+15,3.687936454676768450e-01
1.650815639882185250e+15,3.684978424234113814e-01
1.650815639884102000e+15,3.693369570567389681e-01
1.650815639886019000e+15,3.701761811350428588e-01
1.650815639887936000e+15,3.710154052133467495e-01
1.650815639889852750e+15,3.718545198466743362e-01
1.650815639891769750e+15,3.726937439249782269e-01
1.650815639893686750e+15,3.735329680032821731e-01
1.650815639895603750e+15,3.742913122440970075e-01
1.650815639897520500e+15,3.742913122440969520e-01
1.650815639899437500e+15,3.742913122440970075e-01
1.650815639901354500e+15,3.742913122440969520e-01
1.650815639903271250e+15,3.742913122440970075e-01
1.650815639905188250e+15,3.742913122440970075e-01
1.650815639907105250e+15,3.742913122440969520e-01
1.650815639909022250e+15,3.742913122440969520e-01
1.650815639910939000e+15,3.742913122440969520e-01
1.650815639912856000e+15,3.742913122440969520e-01
1.650815639914773000e+15,3.742913122440969520e-01
1.650815639916690000e+15,3.742913122440969520e-01
1.650815639918606750e+15,3.742913122440969520e-01
1.650815639920523750e+15,3.742913122440969520e-01
1.650815639922440750e+15,3.742913122440969520e-01
1.650815639924357500e+15,3.742913122440969520e-01
1.650815639926274500e+15,3.742913122440969520e-01
1.650815639928191500e+15,3.742913122440969520e-01
1.650815639930108500e+15,3.742913122440969520e-01
1.650815639932025250e+15,3.742913122440969520e-01
1.650815639933942250e+15,3.742913122440969520e-01
1.650815639935859250e+15,3.742913122440969520e-01
1.650815639937776000e+15,3.742913122440969520e-01
1.650815639939693000e+15,3.742913122440969520e-01
1.650815639941610000e+15,3.747563152464508107e-01
1.650815639943527000e+15,3.753529757253747379e-01
1.650815639945443750e+15,3.759495583925513418e-01
1.650815639947360750e+15,3.765462188714752134e-01
1.650815639949277750e+15,3.771428793503992516e-01
1.650815639951194500e+15,3.777394620175758000e-01
1.650815639953111500e+15,3.783361224964997271e-01
1.650815639955028500e+15,3.789327829754236543e-01
1.650815639956945500e+15,3.795294434543475814e-01
1.650815639958862250e+15,3.801260261215241854e-01
1.650815639960779250e+15,3.804272353956392738e-01
1.650815639962696250e+15,3.804272353956392738e-01
1.650815639964613000e+15,3.804272353956392183e-01
1.650815639966530000e+15,3.804272353956392183e-01
1.650815639968447000e+15,3.804272353956392738e-01
1.650815639970364000e+15,3.804272353956392738e-01
1.650815639972280750e+15,3.804272353956392738e-01
1.650815639974197750e+15,3.804272353956392738e-01
1.650815639976114750e+15,3.804272353956393293e-01
1.650815639978031500e+15,3.804272353956393293e-01
1.650815639979948500e+15,3.804272353956393848e-01
1.650815639981865500e+15,3.804272353956393848e-01
1.650815639983782500e+15,3.804272353956394959e-01
1.650815639985699250e+15,3.804272353956395514e-01
1.650815639987616250e+15,3.804272353956396069e-01
1.650815639989533250e+15,3.804272353956396069e-01
1.650815639991450000e+15,3.804272353956396624e-01
1.650815639993367000e+15,3.804272353956397179e-01
1.650815639995284000e+15,3.804272353956394959e-01
1.650815639997201000e+15,3.804272353956393848e-01
1.650815639999117750e+15,3.804272353956392183e-01
1.650815640001034750e+15,3.804272353956390518e-01
1.650815640002951750e+15,3.804272353956388297e-01
1.650815640004868750e+15,3.804272353956386632e-01
1.650815640006785500e+15,3.804272353956386077e-01
1.650815640008702500e+15,3.804272353956386077e-01
1.650815640010619500e+15,3.804272353956386077e-01
1.650815640012536250e+15,3.804272353956386077e-01
1.650815640014453250e+15,3.804272353956385522e-01
1.650815640016370250e+15,3.804272353956386077e-01
1.650815640018287250e+15,3.804272353956386632e-01
1.650815640020204000e+15,3.804272353956386632e-01
1.650815640022121000e+15,3.804272353956386077e-01
1.650815640024038000e+15,3.804272353956386632e-01
1.650815640025954750e+15,3.804272353956386632e-01
1.650815640027871750e+15,3.804272353956386077e-01
1.650815640029788750e+15,3.804272353956386077e-01
1.650815640031705750e+15,3.804272353956386632e-01
1.650815640033622500e+15,3.804272353956388297e-01
1.650815640035539500e+15,3.804272353956388297e-01
1.650815640037456500e+15,3.804272353956388852e-01
1.650815640039373250e+15,3.804272353956389408e-01
1.650815640041290250e+15,3.804272353956390518e-01
1.650815640043207250e+15,3.804272353956391628e-01
1.650815640045124250e+15,3.804272353956392738e-01
1.650815640047041000e+15,3.804272353956392738e-01
1.650815640048958000e+15,3.804272353956392738e-01
1.650815640050875000e+15,3.804272353956393293e-01
1.650815640052791750e+15,3.804272353956392738e-01
1.650815640054708750e+15,3.804272353956392738e-01
1.650815640056625750e+15,3.804272353956393293e-01
1.650815640058542750e+15,3.804272353956393293e-01
1.650815640060459500e+15,3.804272353956393293e-01
1.650815640062376500e+15,3.804272353956392738e-01
1.650815640064293500e+15,3.804272353956392738e-01
1.650815640066210250e+15,3.804272353956392738e-01
1.650815640068127250e+15,3.804272353956393293e-01
1.650815640070044250e+15,3.804272353956392738e-01
1.650815640071961250e+15,3.804272353956392738e-01
1.650815640073878000e+15,3.804272353956393293e-01
1.650815640075795000e+15,3.804272353956392183e-01
1.650815640077712000e+15,3.804272353956391628e-01
1.650815640079629000e+15,3.804272353956390518e-01
1.650815640081545750e+15,3.804272353956389408e-01
1.650815640083462750e+15,3.804272353956388297e-01
1.650815640085379750e+15,3.804272353956388297e-01
1.650815640087296500e+15,3.804272353956388297e-01
1.650815640089213500e+15,3.804272353956387742e-01
1.650815640091130500e+15,3.804272353956387742e-01
1.650815640093047500e+15,3.804272353956387742e-01
1.650815640094964250e+15,3.804272353956387187e-01
1.650815640096881250e+15,3.804272353956387187e-01
1.650815640098798250e+15,3.804272353956387187e-01
1.650815640100715000e+15,3.804272353956387187e-01
1.650815640102632000e+15,3.804272353956386632e-01
1.650815640104549000e+15,3.804272353956386632e-01
1.650815640106466000e+15,3.804272353956386632e-01
1.650815640108382750e+15,3.804272353956385522e-01
1.650815640110299750e+15,3.804272353956385522e-01
1.650815640112216750e+15,3.804272353956386077e-01
1.650815640114133500e+15,3.804272353956386077e-01
1.650815640116050500e+15,3.804272353956385522e-01
1.650815640117967500e+15,3.804272353956386077e-01
1.650815640119884500e+15,3.804272353956385522e-01
1.650815640121801250e+15,3.804272353956386077e-01
1.650815640123718250e+15,3.804272353956385522e-01
1.650815640125635250e+15,3.804272353956385522e-01
1.650815640127552000e+15,3.804272353956386077e-01
1.650815640129469000e+15,3.804272353956385522e-01
1.650815640131386000e+15,3.804272353956387187e-01
1.650815640133303000e+15,3.804272353956387187e-01
1.650815640135219750e+15,3.804272353956387742e-01
1.650815640137136750e+15,3.804272353956388297e-01
1.650815640139053750e+15,3.804272353956388297e-01
1.650815640140970500e+15,3.804272353956388297e-01
1.650815640142887500e+15,3.804272353956388297e-01
1.650815640144804500e+15,3.804272353956387742e-01
1.650815640146721500e+15,3.804272353956387742e-01
1.650815640148638250e+15,3.804272353956387187e-01
1.650815640150555250e+15,3.804272353956387187e-01
1.650815640152472250e+15,3.804272353956387187e-01
1.650815640154389250e+15,3.804272353956387187e-01
1.650815640156306000e+15,3.804272353956386077e-01
1.650815640158223000e+15,3.804272353956386077e-01
1.650815640160140000e+15,3.804272353956386077e-01
1.650815640162056750e+15,3.804272353956386077e-01
1.650815640163973750e+15,3.804272353956386077e-01
1.650815640165890750e+15,3.804272353956386077e-01
1.650815640167807750e+15,3.804272353956386077e-01
1.650815640169724500e+15,3.804272353956386077e-01
1.650815640171641500e+15,3.804272353956386077e-01
1.650815640173558500e+15,3.804272353956386077e-01
1.650815640175475250e+15,3.804272353956386077e-01
1.650815640177392250e+15,3.804272353956386077e-01
1.650815640179309250e+15,3.804272353956386077e-01
1.650815640181226250e+15,3.804272353956386077e-01
1.650815640183143000e+15,3.804272353956386077e-01
1.650815640185060000e+15,3.804272353956386632e-01
1.650815640186977000e+15,3.804272353956386077e-01
1.650815640188893750e+15,3.804272353956386077e-01
1.650815640190810750e+15,3.804272353956385522e-01
1.650815640192727750e+15,3.804272353956386077e-01
1.650815640194644750e+15,3.804272353956386077e-01
1.650815640196561500e+15,3.804272353956386077e-01
1.650815640198478500e+15,3.804272353956386077e-01
1.650815640200395500e+15,3.804272353956386077e-01
1.650815640202312250e+15,3.804272353956386077e-01
1.650815640204229250e+15,3.804272353956386077e-01
1.650815640206146250e+15,3.803513104684708157e-01
1.650815640208063250e+15,3.794015676601133480e-01
1.650815640209980000e+15,3.784519487097122159e-01
1.650815640211897000e+15,3.775022059013548592e-01
1.650815640213814000e+15,3.765524630929975025e-01
1.650815640215730750e+15,3.756028441425963149e-01
1.650815640217647750e+15,3.746531013342389027e-01
1.650815640219564750e+15,3.737378572923526487e-01
1.650815640221481750e+15,3.728438415834898212e-01
1.650815640223398500e+15,3.719499424650950514e-01
1.650815640225315500e+15,3.710559267562321684e-01
1.650815640227232500e+15,3.701619110473693408e-01
1.650815640229149500e+15,3.692678953385065133e-01
1.650815640231066250e+15,3.683739962201116880e-01
1.650815640232983250e+15,3.700580442053296171e-01
1.650815640234900250e+15,3.725765250278341711e-01
1.650815640236817000e+15,3.750946774099601644e-01
1.650815640238734000e+15,3.776131582324647185e-01
1.650815640240651000e+15,3.801316390549692725e-01
1.650815640242568000e+15,3.789088468073521510e-01
1.650815640244484750e+15,3.771887691911591789e-01
1.650815640246401750e+15,3.754684672267704637e-01
1.650815640248318750e+15,3.737481652623818595e-01
1.650815640250235500e+15,3.720280876461888320e-01
1.650815640252152500e+15,3.703077856818001168e-01
1.650815640254069500e+15,3.685874837174115681e-01
1.650815640255986500e+15,3.689452131316530714e-01
1.650815640257903250e+15,3.699998249233245606e-01
1.650815640259820250e+15,3.710545742670753322e-01
1.650815640261737250e+15,3.721093236108260482e-01
1.650815640263654000e+15,3.731639354024975375e-01
1.650815640265571000e+15,3.742186847462483090e-01
1.650815640267488000e+15,3.721967200036101486e-01
1.650815640269405000e+15,3.699472335470205819e-01
1.650815640271321750e+15,3.676980404506887679e-01
1.650815640273238750e+15,3.654485539940992012e-01
1.650815640275155750e+15,3.631990675375096345e-01
1.650815640277072500e+15,3.625009064120997548e-01
1.650815640278989500e+15,3.635134367281457335e-01
1.650815640280906500e+15,3.645259670441917121e-01
1.650815640282823500e+15,3.655384973602376908e-01
1.650815640284740250e+15,3.665508956300765897e-01
1.650815640286657250e+15,3.675634259461225684e-01
1.650815640288574250e+15,3.681553890925537420e-01
1.650815640290491000e+15,3.681553890925537420e-01
1.650815640292408000e+15,3.681553890925537420e-01
1.650815640294325000e+15,3.681553890925537420e-01
1.650815640296242000e+15,3.681553890925537420e-01
1.650815640298158750e+15,3.681553890925537420e-01
1.650815640300075750e+15,3.681553890925537420e-01
1.650815640301992750e+15,3.681553890925537420e-01
1.650815640303909500e+15,3.681553890925537420e-01
1.650815640305826500e+15,3.681553890925537420e-01
1.650815640307743500e+15,3.681553890925537420e-01
1.650815640309660500e+15,3.681553890925537420e-01
1.650815640311577250e+15,3.681553890925537420e-01
1.650815640313494250e+15,3.681553890925537420e-01
1.650815640315411250e+15,3.681553890925537420e-01
1.650815640317328250e+15,3.681553890925537420e-01
1.650815640319245000e+15,3.684480475206517447e-01
1.650815640321162000e+15,3.693973304422486503e-01
1.650815640323079000e+15,3.703466133638456670e-01
1.650815640324995750e+15,3.712957724874611509e-01
1.650815640326912750e+15,3.722450554090581121e-01
1.650815640328829750e+15,3.731943383306550732e-01
1.650815640330746750e+15,3.741436212522520344e-01
1.650815640332663500e+15,3.732805757298459093e-01
1.650815640334580500e+15,3.720834290521698451e-01
1.650815640336497500e+15,3.708862823744937254e-01
1.650815640338414250e+15,3.696892918192324906e-01
1.650815640340331250e+15,3.684921451415563709e-01
1.650815640342248250e+15,3.672949984638803067e-01
1.650815640344165250e+15,3.660978517862041315e-01
1.650815640346082000e+15,3.649008612309430077e-01
1.650815640347999000e+15,3.637037145532668880e-01
1.650815640349916000e+15,3.625065678755907683e-01
1.650815640351832750e+15,3.620194659410120863e-01
1.650815640353749750e+15,3.620194659410119753e-01
1.650815640355666750e+15,3.620194659410119753e-01
1.650815640357583750e+15,3.620194659410118643e-01
1.650815640359500500e+15,3.620194659410117533e-01
1.650815640361417500e+15,3.620194659410116977e-01
1.650815640363334500e+15,3.622635838634297167e-01
1.650815640365251250e+15,3.632435064347278031e-01
1.650815640367168250e+15,3.642235568164563508e-01
1.650815640369085250e+15,3.652036071981849541e-01
1.650815640371002250e+15,3.661836575799135018e-01
1.650815640372919000e+15,3.671635801512115327e-01
1.650815640374836000e+15,3.681436305329401359e-01
1.650815640376753000e+15,3.676113397292742335e-01
1.650815640378669750e+15,3.670607554541598927e-01
1.650815640380586750e+15,3.665100993668275464e-01
1.650815640382503750e+15,3.659594432794952557e-01
1.650815640384420750e+15,3.654087871921629649e-01
1.650815640386337500e+15,3.648582029170486796e-01
1.650815640388254500e+15,3.643075468297164443e-01
1.650815640390171500e+15,3.637568907423841535e-01
1.650815640392088500e+15,3.632062346550518628e-01
1.650815640394005250e+15,3.626556503799375220e-01
1.650815640395922250e+15,3.621049942926052312e-01
1.650815640397839250e+15,3.628522204094672965e-01
1.650815640399756000e+15,3.638379743865619576e-01
1.650815640401673000e+15,3.648238569346723414e-01
1.650815640403590000e+15,3.658097394827827253e-01
1.650815640405507000e+15,3.667956220308931647e-01
1.650815640407423750e+15,3.677813760079878258e-01
1.650815640409340750e+15,3.697182695398988361e-01
1.650815640411257750e+15,3.722364807755031424e-01
1.650815640413174500e+15,3.747543636058862648e-01
1.650815640415091500e+15,3.772725748414905156e-01
1.650815640417008500e+15,3.797907860770947663e-01
1.650815640418925500e+15,3.789770275232446362e-01
1.650815640420842250e+15,3.770365835864818438e-01
1.650815640422759250e+15,3.750958865593398417e-01
1.650815640424676250e+15,3.731551895321978951e-01
1.650815640426593000e+15,3.712147455954349917e-01
1.650815640428510000e+15,3.692740485682930451e-01
1.650815640430427000e+15,3.689323062294715405e-01
1.650815640432344000e+15,3.707664812928594400e-01
1.650815640434260750e+15,3.726004171576214885e-01
1.650815640436177750e+15,3.744345922210093880e-01
1.650815640438094750e+15,3.762687672843972875e-01
1.650815640440011500e+15,3.781027031491592805e-01
1.650815640441928500e+15,3.799368782125471800e-01
1.650815640443845500e+15,3.797074572225540012e-01
1.650815640445762500e+15,3.787250330446948476e-01
1.650815640447679250e+15,3.777427369868380236e-01
1.650815640449596250e+15,3.767603128089789255e-01
1.650815640451513250e+15,3.757778886311197719e-01
1.650815640453430000e+15,3.747955925732629479e-01
1.650815640455347000e+15,3.747675468585530689e-01
1.650815640457264000e+15,3.757460482046564021e-01
1.650815640459181000e+15,3.767245495507597353e-01
1.650815640461097750e+15,3.777029232884454579e-01
1.650815640463014750e+15,3.786814246345487911e-01
1.650815640464931750e+15,3.796599259806521798e-01
1.650815640466848750e+15,3.802293602433436392e-01
1.650815640468765500e+15,3.793126781934044178e-01
1.650815640470682500e+15,3.783958765814396941e-01
1.650815640472599500e+15,3.774790749694749703e-01
1.650815640474516250e+15,3.765623929195357489e-01
1.650815640476433250e+15,3.756455913075710251e-01
1.650815640478350250e+15,3.747287896956063014e-01
1.650815640480267250e+15,3.746267215148153529e-01
1.650815640482184000e+15,3.752681739664498473e-01
1.650815640484101000e+15,3.759097100821580106e-01
1.650815640486018000e+15,3.765512461978660630e-01
1.650815640487934750e+15,3.771926986495006129e-01
1.650815640489851750e+15,3.778342347652087208e-01
1.650815640491768750e+15,3.784757708809167731e-01
1.650815640493685750e+15,3.791173069966248255e-01
1.650815640495602500e+15,3.797587594482593754e-01
1.650815640497519500e+15,3.804002955639674277e-01
1.650815640499436500e+15,3.804272353956391628e-01
1.650815640501353250e+15,3.804272353956392738e-01
1.650815640503270250e+15,3.804272353956392738e-01
1.650815640505187250e+15,3.804272353956393848e-01
1.650815640507104250e+15,3.804272353956393848e-01
1.650815640509021000e+15,3.804272353956394959e-01
1.650815640510938000e+15,3.804272353956395514e-01
1.650815640512855000e+15,3.804272353956394959e-01
1.650815640514771750e+15,3.804272353956395514e-01
1.650815640516688750e+15,3.804272353956394959e-01
1.650815640518605750e+15,3.804272353956394959e-01
1.650815640520522750e+15,3.804272353956394959e-01
1.650815640522439500e+15,3.804272353956395514e-01
1.650815640524356500e+15,3.815502032433401025e-01
1.650815640526273500e+15,3.827192118580792224e-01
1.650815640528190250e+15,3.838880680199473483e-01
1.650815640530107250e+15,3.850570766346864682e-01
1.650815640532024250e+15,3.862260852494255325e-01
1.650815640533941250e+15,3.865631585471809850e-01
1.650815640535858000e+15,3.865631585471809295e-01
1.650815640537775000e+15,3.865631585471809295e-01
1.650815640539692000e+15,3.865631585471809295e-01
1.650815640541609000e+15,3.865631585471809850e-01
1.650815640543525750e+15,3.865631585471809295e-01
1.650815640545442750e+15,3.865631585471809295e-01
1.650815640547359750e+15,3.865631585471809295e-01
1.650815640549276500e+15,3.865631585471809295e-01
1.650815640551193500e+15,3.865631585471809295e-01
1.650815640553110500e+15,3.865631585471809295e-01
1.650815640555027500e+15,3.865631585471809295e-01
1.650815640556944250e+15,3.865631585471809295e-01
1.650815640558861250e+15,3.865631585471809295e-01
1.650815640560778250e+15,3.865631585471809295e-01
1.650815640562695000e+15,3.865631585471808740e-01
1.650815640564612000e+15,3.865631585471809295e-01
1.650815640566529000e+15,3.865631585471809850e-01
1.650815640568446000e+15,3.865631585471809295e-01
1.650815640570362750e+15,3.865631585471809295e-01
1.650815640572279750e+15,3.865631585471809295e-01
1.650815640574196750e+15,3.865631585471809295e-01
1.650815640576113500e+15,3.865631585471809295e-01
1.650815640578030500e+15,3.865631585471809295e-01
1.650815640579947500e+15,3.865631585471809295e-01
1.650815640581864500e+15,3.865631585471809850e-01
1.650815640583781250e+15,3.865631585471809295e-01
1.650815640585698250e+15,3.865631585471809850e-01
1.650815640587615250e+15,3.865631585471809295e-01
1.650815640589532000e+15,3.865631585471809850e-01
1.650815640591449000e+15,3.865631585471809295e-01
1.650815640593366000e+15,3.865631585471810405e-01
1.650815640595283000e+15,3.865631585471811515e-01
1.650815640597199750e+15,3.865631585471812071e-01
1.650815640599116750e+15,3.865631585471812626e-01
1.650815640601033750e+15,3.865631585471813736e-01
1.650815640602950500e+15,3.865631585471812626e-01
1.650815640604867500e+15,3.865631585471812071e-01
1.650815640606784500e+15,3.865631585471811515e-01
1.650815640608701500e+15,3.865631585471811515e-01
1.650815640610618250e+15,3.865631585471810405e-01
1.650815640612535250e+15,3.865631585471809850e-01
1.650815640614452250e+15,3.865631585471809295e-01
1.650815640616369000e+15,3.865631585471809850e-01
1.650815640618286000e+15,3.865631585471809295e-01
1.650815640620203000e+15,3.865631585471809850e-01
1.650815640622120000e+15,3.865631585471809295e-01
1.650815640624036750e+15,3.865631585471808740e-01
1.650815640625953750e+15,3.865631585471809295e-01
1.650815640627870750e+15,3.865631585471809295e-01
1.650815640629787750e+15,3.865631585471809295e-01
1.650815640631704500e+15,3.865631585471809295e-01
1.650815640633621500e+15,3.865631585471809295e-01
1.650815640635538500e+15,3.865631585471809295e-01
1.650815640637455250e+15,3.865631585471809295e-01
1.650815640639372250e+15,3.865631585471809295e-01
1.650815640641289250e+15,3.865631585471808740e-01
1.650815640643206250e+15,3.865631585471808740e-01
1.650815640645123000e+15,3.865631585471808740e-01
1.650815640647040000e+15,3.865631585471809295e-01
1.650815640648957000e+15,3.865631585471809850e-01
1.650815640650873750e+15,3.865631585471810405e-01
1.650815640652790750e+15,3.865631585471810960e-01
1.650815640654707750e+15,3.865631585471811515e-01
1.650815640656624750e+15,3.865631585471812626e-01
1.650815640658541500e+15,3.865631585471813736e-01
1.650815640660458500e+15,3.865631585471813736e-01
1.650815640662375500e+15,3.865631585471814846e-01
1.650815640664292250e+15,3.865631585471815401e-01
1.650815640666209250e+15,3.865631585471816511e-01
1.650815640668126250e+15,3.865631585471817067e-01
1.650815640670043250e+15,3.865631585471818177e-01
1.650815640671960000e+15,3.865631585471817622e-01
1.650815640673877000e+15,3.865631585471817067e-01
1.650815640675794000e+15,3.865631585471816511e-01
1.650815640677710750e+15,3.865631585471815401e-01
1.650815640679627750e+15,3.865631585471814846e-01
1.650815640681544750e+15,3.865631585471813736e-01
1.650815640683461750e+15,3.865631585471812626e-01
1.650815640685378500e+15,3.865631585471811515e-01
1.650815640687295500e+15,3.865631585471811515e-01
1.650815640689212500e+15,3.865631585471810405e-01
1.650815640691129250e+15,3.865631585471809295e-01
1.650815640693046250e+15,3.865631585471809850e-01
1.650815640694963250e+15,3.865631585471810405e-01
1.650815640696880250e+15,3.865631585471811515e-01
1.650815640698797000e+15,3.865631585471811515e-01
1.650815640700714000e+15,3.865631585471812626e-01
1.650815640702631000e+15,3.865631585471813736e-01
1.650815640704548000e+15,3.865631585471814291e-01
1.650815640706464750e+15,3.865631585471814846e-01
1.650815640708381750e+15,3.865631585471815956e-01
1.650815640710298750e+15,3.865631585471816511e-01
1.650815640712215500e+15,3.865631585471816511e-01
1.650815640714132500e+15,3.865631585471817622e-01
1.650815640716049500e+15,3.865631585471818177e-01
1.650815640717966500e+15,3.865631585471818177e-01
1.650815640719883250e+15,3.865631585471818177e-01
1.650815640721800250e+15,3.865631585471818177e-01
1.650815640723717250e+15,3.865631585471818177e-01
1.650815640725634000e+15,3.865631585471818177e-01
1.650815640727551000e+15,3.872033461948813371e-01
1.650815640729468000e+15,3.884172331589169080e-01
1.650815640731385000e+15,3.896311201229525345e-01
1.650815640733301750e+15,3.908448487814372707e-01
1.650815640735218750e+15,3.920587357454728972e-01
1.650815640737135750e+15,3.924512063856458455e-01
1.650815640739052500e+15,3.919266521418245941e-01
1.650815640740969500e+15,3.914020294808592260e-01
1.650815640742886500e+15,3.908774068198938023e-01
1.650815640744803500e+15,3.903527841589284342e-01
1.650815640746720250e+15,3.898282299151071273e-01
1.650815640748637250e+15,3.893036072541417592e-01
1.650815640750554250e+15,3.887789845931763910e-01
1.650815640752471000e+15,3.882544303493550286e-01
1.650815640754388000e+15,3.877298076883897160e-01
1.650815640756305000e+15,3.872051850274242923e-01
1.650815640758222000e+15,3.866805623664589242e-01
1.650815640760138750e+15,3.873263018065620233e-01
1.650815640762055750e+15,3.883096294007356564e-01
1.650815640763972750e+15,3.892929569949092339e-01
1.650815640765889500e+15,3.902761563512641141e-01
1.650815640767806500e+15,3.912594839454377471e-01
1.650815640769723500e+15,3.922428115396113801e-01
1.650815640771640500e+15,3.926990816987233068e-01
1.650815640773557250e+15,3.926990816987233068e-01
1.650815640775474250e+15,3.926990816987232513e-01
1.650815640777391250e+15,3.926990816987232513e-01
1.650815640779308250e+15,3.926990816987232513e-01
1.650815640781225000e+15,3.926990816987232513e-01
1.650815640783142000e+15,3.926990816987232513e-01
1.650815640785059000e+15,3.926990816987232513e-01
1.650815640786975750e+15,3.926990816987232513e-01
1.650815640788892750e+15,3.926990816987232513e-01
1.650815640790809750e+15,3.926990816987232513e-01
1.650815640792726750e+15,3.926990816987232513e-01
1.650815640794643500e+15,3.926990816987232513e-01
1.650815640796560500e+15,3.913346211988344980e-01
1.650815640798477500e+15,3.898196077158997963e-01
1.650815640800394250e+15,3.883047918090584139e-01
1.650815640802311250e+15,3.867897783261236566e-01
1.650815640804228250e+15,3.874230475455314182e-01
1.650815640806145250e+15,3.884341852298350828e-01
1.650815640808062000e+15,3.894451910495477231e-01
1.650815640809979000e+15,3.904563287338513877e-01
1.650815640811896000e+15,3.914674664181551078e-01
1.650815640813812750e+15,3.924784722378677482e-01
1.650815640815729750e+15,3.926990816987232513e-01
1.650815640817646750e+15,3.926990816987232513e-01
1.650815640819563750e+15,3.926990816987232513e-01
1.650815640821480500e+15,3.926990816987232513e-01
1.650815640823397500e+15,3.926990816987232513e-01
1.650815640825314500e+15,3.926990816987232513e-01
1.650815640827231250e+15,3.926990816987232513e-01
1.650815640829148250e+15,3.926990816987232513e-01
1.650815640831065250e+15,3.926990816987232513e-01
1.650815640832982250e+15,3.926990816987232513e-01
1.650815640834899000e+15,3.926990816987232513e-01
1.650815640836816000e+15,3.926990816987232513e-01
1.650815640838733000e+15,3.926990816987232513e-01
1.650815640840649750e+15,3.926990816987231958e-01
1.650815640842566750e+15,3.926990816987232513e-01
1.650815640844483750e+15,3.926990816987231958e-01
1.650815640846400750e+15,3.926990816987232513e-01
1.650815640848317500e+15,3.926990816987232513e-01
1.650815640850234500e+15,3.926990816987232513e-01
1.650815640852151500e+15,3.926990816987232513e-01
1.650815640854068500e+15,3.926990816987232513e-01
1.650815640855985250e+15,3.926990816987232513e-01
1.650815640857902250e+15,3.926990816987231958e-01
1.650815640859819250e+15,3.926990816987233068e-01
1.650815640861736000e+15,3.926990816987234179e-01
1.650815640863653000e+15,3.926990816987234734e-01
1.650815640865570000e+15,3.926990816987236399e-01
1.650815640867487000e+15,3.926990816987237509e-01
1.650815640869403750e+15,3.926990816987238064e-01
1.650815640871320750e+15,3.926990816987239730e-01
1.650815640873237750e+15,3.926990816987240840e-01
1.650815640875154500e+15,3.926990816987241395e-01
1.650815640877071500e+15,3.926990816987240285e-01
1.650815640878988500e+15,3.926990816987239730e-01
1.650815640880905500e+15,3.926990816987239175e-01
1.650815640882822250e+15,3.926990816987238064e-01
1.650815640884739250e+15,3.926990816987236954e-01
1.650815640886656250e+15,3.926990816987235844e-01
1.650815640888573000e+15,3.926990816987235289e-01
1.650815640890490000e+15,3.926990816987234179e-01
1.650815640892407000e+15,3.926990816987233623e-01
1.650815640894324000e+15,3.926990816987231958e-01
1.650815640896240750e+15,3.918976284863332493e-01
1.650815640898157750e+15,3.910533444867993480e-01
1.650815640900074750e+15,3.902090604872654467e-01
1.650815640901991500e+15,3.893648865925829483e-01
1.650815640903908500e+15,3.885206025930489915e-01
1.650815640905825500e+15,3.876763185935151457e-01
1.650815640907742500e+15,3.868320345939812999e-01
1.650815640909659250e+15,3.865631585471814291e-01
1.650815640911576250e+15,3.865631585471813736e-01
1.650815640913493250e+15,3.865631585471814291e-01
1.650815640915410000e+15,3.865631585471813736e-01
1.650815640917327000e+15,3.865631585471813736e-01
1.650815640919244000e+15,3.865631585471814291e-01
1.650815640921161000e+15,3.871469419042641857e-01
1.650815640923077750e+15,3.882783541890856838e-01
1.650815640924994750e+15,3.894099140430065664e-01
1.650815640926911750e+15,3.905414738969274491e-01
1.650815640928828500e+15,3.916728861817488916e-01
1.650815640930745500e+15,3.925996750657099188e-01
1.650815640932662500e+15,3.915320979481290431e-01
1.650815640934579500e+15,3.904645208305481119e-01
1.650815640936496250e+15,3.893970829379433951e-01
1.650815640938413250e+15,3.883295058203625194e-01
1.650815640940330250e+15,3.872619287027815327e-01
1.650815640942247250e+15,3.867704384445042609e-01
1.650815640944164000e+15,3.873703685965507182e-01
1.650815640946081000e+15,3.879703769969540250e-01
1.650815640947998000e+15,3.885703853973573318e-01
1.650815640949914750e+15,3.891703155494037891e-01
1.650815640951831750e+15,3.897703239498070960e-01
1.650815640953748750e+15,3.903703323502104583e-01
1.650815640955665750e+15,3.909703407506137651e-01
1.650815640957582500e+15,3.915702709026602224e-01
1.650815640959499500e+15,3.921702793030635292e-01
1.650815640961416500e+15,3.926990816987240840e-01
1.650815640963333250e+15,3.926990816987240840e-01
1.650815640965250250e+15,3.926990816987240840e-01
1.650815640967167250e+15,3.926990816987240840e-01
1.650815640969084250e+15,3.926990816987240840e-01
1.650815640971001000e+15,3.926990816987240840e-01
1.650815640972918000e+15,3.926990816987241395e-01
1.650815640974835000e+15,3.926990816987241395e-01
1.650815640976751750e+15,3.926990816987241395e-01
1.650815640978668750e+15,3.926990816987241395e-01
1.650815640980585750e+15,3.926990816987241395e-01
1.650815640982502750e+15,3.926990816987241395e-01
1.650815640984419500e+15,3.926990816987241395e-01
1.650815640986336500e+15,3.925609458465455504e-01
1.650815640988253500e+15,3.915080375816298308e-01
1.650815640990170250e+15,3.904552666286943419e-01
1.650815640992087250e+15,3.894023583637785113e-01
1.650815640994004250e+15,3.883494500988627918e-01
1.650815640995921250e+15,3.872965418339470167e-01
1.650815640997838000e+15,3.862437708810114723e-01
1.650815640999755000e+15,3.851908626160956972e-01
1.650815641001672000e+15,3.841379543511799222e-01
1.650815641003588750e+15,3.830851833982444332e-01
1.650815641005505750e+15,3.820322751333286582e-01
1.650815641007422750e+15,3.809793668684129386e-01
1.650815641009339750e+15,3.809050240994928394e-01
1.650815641011256500e+15,3.819094677497378298e-01
1.650815641013173500e+15,3.829140424086759920e-01
1.650815641015090500e+15,3.839186170676140986e-01
1.650815641017007500e+15,3.849231917265522052e-01
1.650815641018924250e+15,3.859276353767973067e-01
1.650815641020841250e+15,3.865631585471818177e-01
1.650815641022758250e+15,3.865631585471818177e-01
1.650815641024675000e+15,3.865631585471818177e-01
1.650815641026592000e+15,3.865631585471818177e-01
1.650815641028509000e+15,3.865631585471818177e-01
1.650815641030426000e+15,3.858984335390980291e-01
1.650815641032342750e+15,3.850154732762813281e-01
1.650815641034259750e+15,3.841323978497417357e-01
1.650815641036176750e+15,3.832493224232022544e-01
1.650815641038093500e+15,3.823663621603855534e-01
1.650815641040010500e+15,3.814832867338460165e-01
1.650815641041927500e+15,3.806002113073064796e-01
1.650815641043844500e+15,3.804272353956394404e-01
1.650815641045761250e+15,3.804272353956394404e-01
1.650815641047678250e+15,3.804272353956393848e-01
1.650815641049595250e+15,3.804272353956393293e-01
1.650815641051512000e+15,3.804272353956392738e-01
1.650815641053429000e+15,3.804272353956392738e-01
1.650815641055346000e+15,3.804272353956391628e-01
1.650815641057263000e+15,3.804272353956391628e-01
1.650815641059179750e+15,3.804272353956391073e-01
1.650815641061096750e+15,3.804272353956390518e-01
1.650815641063013750e+15,3.812212483197192636e-01
1.650815641064930500e+15,3.820617421881334352e-01
1.650815641066847500e+15,3.829023456814162341e-01
1.650815641068764500e+15,3.837429491746990884e-01
1.650815641070681500e+15,3.845835526679819427e-01
1.650815641072598250e+15,3.854240465363960588e-01
1.650815641074515250e+15,3.862646500296789132e-01
1.650815641076432250e+15,3.858207160497659216e-01
1.650815641078349000e+15,3.846695923636821446e-01
1.650815641080266000e+15,3.835183185375584669e-01
1.650815641082183000e+15,3.823670447114347892e-01
1.650815641084100000e+15,3.812157708853110560e-01
1.650815641086016750e+15,3.804272353956394959e-01
1.650815641087933750e+15,3.804272353956394404e-01
1.650815641089850750e+15,3.804272353956394959e-01
1.650815641091767750e+15,3.804272353956394959e-01
1.650815641093684500e+15,3.804272353956394959e-01
1.650815641095601500e+15,3.804272353956394404e-01
1.650815641097518500e+15,3.804272353956394959e-01
1.650815641099435250e+15,3.804272353956394959e-01
1.650815641101352250e+15,3.804272353956394959e-01
1.650815641103269250e+15,3.804272353956394959e-01
1.650815641105186250e+15,3.804272353956395514e-01
1.650815641107103000e+15,3.804272353956394959e-01
1.650815641109020000e+15,3.804272353956394959e-01
1.650815641110937000e+15,3.804272353956395514e-01
1.650815641112853750e+15,3.804272353956394959e-01
1.650815641114770750e+15,3.804272353956394959e-01
1.650815641116687750e+15,3.804272353956394959e-01
1.650815641118604750e+15,3.804272353956394959e-01
1.650815641120521500e+15,3.804272353956394959e-01
1.650815641122438500e+15,3.804272353956394404e-01
1.650815641124355500e+15,3.804272353956394959e-01
1.650815641126272250e+15,3.804272353956394959e-01
1.650815641128189250e+15,3.804272353956394959e-01
1.650815641130106250e+15,3.804272353956394404e-01
1.650815641132023250e+15,3.804272353956394959e-01
1.650815641133940000e+15,3.804272353956394959e-01
1.650815641135857000e+15,3.804272353956394959e-01
1.650815641137774000e+15,3.804272353956394959e-01
1.650815641139690750e+15,3.804272353956394959e-01
1.650815641141607750e+15,3.804272353956394959e-01
1.650815641143524750e+15,3.804272353956394959e-01
1.650815641145441750e+15,3.804272353956394404e-01
1.650815641147358500e+15,3.804272353956394959e-01
1.650815641149275500e+15,3.804272353956393848e-01
1.650815641151192500e+15,3.804272353956393293e-01
1.650815641153109250e+15,3.804272353956392738e-01
1.650815641155026250e+15,3.804272353956391628e-01
1.650815641156943250e+15,3.804272353956391073e-01
1.650815641158860250e+15,3.804272353956390518e-01
1.650815641160777000e+15,3.804272353956390518e-01
1.650815641162694000e+15,3.804272353956389963e-01
1.650815641164611000e+15,3.804272353956390518e-01
1.650815641166528000e+15,3.804272353956390518e-01
1.650815641168444750e+15,3.804272353956390518e-01
1.650815641170361750e+15,3.804272353956390518e-01
1.650815641172278750e+15,3.804272353956390518e-01
1.650815641174195500e+15,3.804272353956390518e-01
1.650815641176112500e+15,3.804272353956390518e-01
1.650815641178029500e+15,3.804272353956389963e-01
1.650815641179946500e+15,3.804272353956389963e-01
1.650815641181863250e+15,3.804272353956389963e-01
1.650815641183780250e+15,3.804272353956390518e-01
1.650815641185697250e+15,3.804272353956390518e-01
1.650815641187614000e+15,3.804272353956390518e-01
1.650815641189531000e+15,3.804272353956390518e-01
1.650815641191448000e+15,3.804272353956390518e-01
1.650815641193365000e+15,3.804272353956391073e-01
1.650815641195281750e+15,3.804272353956390518e-01
1.650815641197198750e+15,3.804272353956390518e-01
1.650815641199115750e+15,3.804272353956390518e-01
1.650815641201032500e+15,3.804272353956390518e-01
1.650815641202949500e+15,3.804272353956390518e-01
1.650815641204866500e+15,3.804272353956390518e-01
1.650815641206783500e+15,3.804272353956389408e-01
1.650815641208700250e+15,3.804272353956389408e-01
1.650815641210617250e+15,3.804272353956388297e-01
1.650815641212534250e+15,3.804272353956387187e-01
1.650815641214451000e+15,3.804272353956386632e-01
1.650815641216368000e+15,3.804272353956386632e-01
1.650815641218285000e+15,3.804272353956386077e-01
1.650815641220202000e+15,3.804272353956387187e-01
1.650815641222118750e+15,3.804272353956387742e-01
1.650815641224035750e+15,3.804272353956387742e-01
1.650815641225952750e+15,3.804272353956388297e-01
1.650815641227869500e+15,3.804272353956388297e-01
1.650815641229786500e+15,3.804272353956388852e-01
1.650815641231703500e+15,3.804272353956389408e-01
1.650815641233620500e+15,3.804272353956389408e-01
1.650815641235537250e+15,3.804272353956389963e-01
1.650815641237454250e+15,3.804272353956389963e-01
1.650815641239371250e+15,3.804272353956389963e-01
1.650815641241288000e+15,3.804272353956389408e-01
1.650815641243205000e+15,3.804272353956388852e-01
1.650815641245122000e+15,3.804272353956388297e-01
1.650815641247039000e+15,3.804272353956387742e-01
1.650815641248955750e+15,3.804272353956386632e-01
1.650815641250872750e+15,3.804272353956386632e-01
1.650815641252789750e+15,3.804272353956386077e-01
1.650815641254706750e+15,3.804272353956386077e-01
1.650815641256623500e+15,3.804272353956386077e-01
1.650815641258540500e+15,3.804272353956386077e-01
1.650815641260457500e+15,3.804272353956386077e-01
1.650815641262374250e+15,3.804272353956385522e-01
1.650815641264291250e+15,3.804272353956386077e-01
1.650815641266208250e+15,3.804272353956385522e-01
1.650815641268125250e+15,3.804272353956385522e-01
1.650815641270042000e+15,3.804272353956386077e-01
1.650815641271959000e+15,3.804272353956386077e-01
1.650815641273876000e+15,3.804272353956386077e-01
1.650815641275792750e+15,3.804272353956386077e-01
1.650815641277709750e+15,3.804272353956386077e-01
1.650815641279626750e+15,3.804272353956385522e-01
1.650815641281543750e+15,3.804272353956385522e-01
1.650815641283460500e+15,3.804272353956386632e-01
1.650815641285377500e+15,3.804272353956386077e-01
1.650815641287294500e+15,3.804272353956386077e-01
1.650815641289211250e+15,3.804272353956386077e-01
1.650815641291128250e+15,3.804272353956386077e-01
1.650815641293045250e+15,3.804272353956386077e-01
1.650815641294962250e+15,3.804272353956386077e-01
1.650815641296879000e+15,3.804272353956386077e-01
1.650815641298796000e+15,3.804272353956386077e-01
1.650815641300713000e+15,3.804272353956386077e-01
1.650815641302629750e+15,3.804272353956386077e-01
1.650815641304546750e+15,3.804272353956386077e-01
1.650815641306463750e+15,3.804272353956385522e-01
1.650815641308380750e+15,3.804272353956384967e-01
1.650815641310297500e+15,3.804272353956383856e-01
1.650815641312214500e+15,3.804272353956382746e-01
1.650815641314131500e+15,3.804272353956382191e-01
1.650815641316048250e+15,3.804272353956381636e-01
1.650815641317965250e+15,3.804272353956380526e-01
1.650815641319882250e+15,3.804272353956379971e-01
1.650815641321799250e+15,3.804272353956379416e-01
1.650815641323716000e+15,3.804272353956378305e-01
1.650815641325633000e+15,3.804272353956377195e-01
1.650815641327550000e+15,3.804272353956377750e-01
1.650815641329467000e+15,3.804272353956378860e-01
1.650815641331383750e+15,3.804272353956379416e-01
1.650815641333300750e+15,3.804272353956381081e-01
1.650815641335217750e+15,3.804272353956382191e-01
1.650815641337134500e+15,3.804272353956382746e-01
1.650815641339051500e+15,3.804272353956383856e-01
1.650815641340968500e+15,3.804272353956384967e-01
1.650815641342885500e+15,3.804272353956386632e-01
1.650815641344802250e+15,3.804272353956387187e-01
1.650815641346719250e+15,3.804272353956388852e-01
1.650815641348636250e+15,3.804272353956389963e-01
1.650815641350553000e+15,3.804272353956389963e-01
1.650815641352470000e+15,3.804272353956387742e-01
1.650815641354387000e+15,3.804272353956384967e-01
1.650815641356304000e+15,3.804272353956382746e-01
1.650815641358220750e+15,3.804272353956379416e-01
1.650815641360137750e+15,3.804157877778177044e-01
1.650815641362054750e+15,3.795635515307880237e-01
1.650815641363971500e+15,3.787114264256788987e-01
1.650815641365888500e+15,3.778591901786491625e-01
1.650815641367805500e+15,3.770069539316194263e-01
1.650815641369722500e+15,3.761547176845896900e-01
1.650815641371639250e+15,3.753025925794805651e-01
1.650815641373556250e+15,3.744503563324508844e-01
1.650815641375473250e+15,3.742913122440967300e-01
1.650815641377390000e+15,3.742913122440967300e-01
1.650815641379307000e+15,3.742913122440967300e-01
1.650815641381224000e+15,3.742913122440967300e-01
1.650815641383141000e+15,3.742913122440966744e-01
1.650815641385057750e+15,3.742913122440965634e-01
1.650815641386974750e+15,3.742913122440965079e-01
1.650815641388891750e+15,3.742913122440963969e-01
1.650815641390808500e+15,3.742913122440963969e-01
1.650815641392725500e+15,3.742913122440963414e-01
1.650815641394642500e+15,3.744200363917293273e-01
1.650815641396559500e+15,3.752494958573175388e-01
1.650815641398476250e+15,3.760788471513531461e-01
1.650815641400393250e+15,3.769083066169413021e-01
1.650815641402310250e+15,3.777377660825295691e-01
1.650815641404227250e+15,3.785672255481177806e-01
1.650815641406144000e+15,3.793965768421534435e-01
1.650815641408061000e+15,3.802260363077415994e-01
1.650815641409978000e+15,3.795170024148417642e-01
1.650815641411894750e+15,3.783154259231459315e-01
1.650815641413811750e+15,3.771136927108955650e-01
1.650815641415728750e+15,3.759119594986451984e-01
1.650815641417645750e+15,3.747102262863948319e-01
1.650815641419562500e+15,3.735086497946989992e-01
1.650815641421479500e+15,3.723069165824486326e-01
1.650815641423396500e+15,3.711051833701982661e-01
1.650815641425313250e+15,3.699036068785024334e-01
1.650815641427230250e+15,3.687018736662520668e-01
1.650815641429147250e+15,3.681553890925539640e-01
1.650815641431064250e+15,3.681553890925539085e-01
1.650815641432981000e+15,3.681553890925539640e-01
1.650815641434898000e+15,3.681553890925539640e-01
1.650815641436815000e+15,3.681553890925539085e-01
1.650815641438731750e+15,3.681553890925539640e-01
1.650815641440648750e+15,3.676389518422279457e-01
1.650815641442565750e+15,3.668853760409910292e-01
1.650815641444482750e+15,3.661318002397540572e-01
1.650815641446399500e+15,3.653783227139215661e-01
1.650815641448316500e+15,3.646247469126845386e-01
1.650815641450233500e+15,3.638711711114476222e-01
1.650815641452150250e+15,3.631176935856151311e-01
1.650815641454067250e+15,3.623641177843781591e-01
1.650815641455984250e+15,3.623633533424654996e-01
1.650815641457901250e+15,3.629970780707402200e-01
1.650815641459818000e+15,3.636307201536408962e-01
1.650815641461735000e+15,3.642644448819156722e-01
1.650815641463652000e+15,3.648981696101903927e-01
1.650815641465568750e+15,3.655318116930910688e-01
1.650815641467485750e+15,3.661655364213657893e-01
1.650815641469402750e+15,3.667992611496405098e-01
1.650815641471319750e+15,3.674329858779152858e-01
1.650815641473236500e+15,3.680666279608159619e-01
1.650815641475153500e+15,3.672750523375220011e-01
1.650815641477070500e+15,3.662513304331264097e-01
1.650815641478987250e+15,3.652277420344564041e-01
1.650815641480904250e+15,3.642040201300608127e-01
1.650815641482821250e+15,3.631802982256652212e-01
1.650815641484738250e+15,3.621565763212695743e-01
1.650815641486655000e+15,3.613057865385762568e-01
1.650815641488572000e+15,3.604816158069681920e-01
1.650815641490489000e+15,3.596574450753600716e-01
1.650815641492406000e+15,3.588332743437519512e-01
1.650815641494322750e+15,3.580092110939815386e-01
1.650815641496239750e+15,3.571850403623734183e-01
1.650815641498156750e+15,3.563608696307653534e-01
1.650815641500073500e+15,3.561255173639000793e-01
1.650815641501990500e+15,3.567006757757875124e-01
1.650815641503907500e+15,3.572758341876748345e-01
1.650815641505824500e+15,3.578509925995622676e-01
1.650815641507741250e+15,3.584260760038320281e-01
1.650815641509658250e+15,3.590012344157194613e-01
1.650815641511575250e+15,3.595763928276068944e-01
1.650815641513492000e+15,3.601514762318765994e-01
1.650815641515409000e+15,3.607266346437640880e-01
1.650815641517326000e+15,3.613017930556514656e-01
1.650815641519243000e+15,3.618769514675388432e-01
1.650815641521159750e+15,3.611420143238979752e-01
1.650815641523076750e+15,3.599753247105766385e-01
1.650815641524993750e+15,3.588086350972552463e-01
1.650815641526910500e+15,3.576420976343790969e-01
1.650815641528827500e+15,3.564754080210577603e-01
1.650815641530744500e+15,3.558835427894692649e-01
1.650815641532661500e+15,3.558835427894693204e-01
1.650815641534578250e+15,3.558835427894693204e-01
1.650815641536495250e+15,3.558835427894693204e-01
1.650815641538412250e+15,3.558835427894693204e-01
1.650815641540329000e+15,3.558835427894693204e-01
1.650815641542246000e+15,3.558835427894693204e-01
1.650815641544163000e+15,3.558835427894692649e-01
1.650815641546080000e+15,3.558835427894693204e-01
1.650815641547996750e+15,3.558835427894693204e-01
1.650815641549913750e+15,3.558835427894692649e-01
1.650815641551830750e+15,3.558835427894693204e-01
1.650815641553747500e+15,3.558835427894692649e-01
1.650815641555664500e+15,3.558835427894692649e-01
1.650815641557581500e+15,3.558835427894693204e-01
1.650815641559498500e+15,3.558835427894693204e-01
1.650815641561415250e+15,3.558835427894693204e-01
1.650815641563332250e+15,3.558835427894692649e-01
1.650815641565249250e+15,3.558835427894692649e-01
1.650815641567166250e+15,3.558835427894693759e-01
1.650815641569083000e+15,3.558835427894693204e-01
1.650815641571000000e+15,3.558835427894693204e-01
1.650815641572917000e+15,3.558835427894693759e-01
1.650815641574833750e+15,3.558835427894692649e-01
1.650815641576750750e+15,3.558835427894692649e-01
1.650815641578667750e+15,3.558835427894691539e-01
1.650815641580584750e+15,3.558835427894690984e-01
1.650815641582501500e+15,3.558835427894689873e-01
1.650815641584418500e+15,3.558835427894689873e-01
1.650815641586335500e+15,3.558835427894689318e-01
1.650815641588252250e+15,3.558835427894689318e-01
1.650815641590169250e+15,3.558835427894688208e-01
1.650815641592086250e+15,3.558835427894687653e-01
1.650815641594003250e+15,3.558835427894686543e-01
1.650815641595920000e+15,3.558835427894686543e-01
1.650815641597837000e+15,3.558835427894685433e-01
1.650815641599754000e+15,3.558835427894684877e-01
1.650815641601670750e+15,3.558835427894685433e-01
1.650815641603587750e+15,3.558835427894686543e-01
1.650815641605504750e+15,3.558835427894687098e-01
1.650815641607421750e+15,3.558835427894687653e-01
1.650815641609338500e+15,3.558835427894688763e-01
1.650815641611255500e+15,3.558835427894688763e-01
1.650815641613172500e+15,3.558835427894688763e-01
1.650815641615089250e+15,3.558835427894688208e-01
1.650815641617006250e+15,3.558835427894688208e-01
1.650815641618923250e+15,3.558835427894688763e-01
1.650815641620840250e+15,3.558835427894688763e-01
1.650815641622757000e+15,3.558835427894688763e-01
1.650815641624674000e+15,3.558835427894688763e-01
1.650815641626591000e+15,3.558835427894688763e-01
1.650815641628507750e+15,3.558835427894688208e-01
1.650815641630424750e+15,3.558835427894688763e-01
1.650815641632341750e+15,3.558835427894688763e-01
1.650815641634258750e+15,3.558835427894688763e-01
1.650815641636175500e+15,3.558835427894688763e-01
1.650815641638092500e+15,3.558835427894688763e-01
1.650815641640009500e+15,3.558835427894688763e-01
1.650815641641926500e+15,3.558835427894688763e-01
1.650815641643843250e+15,3.558835427894688763e-01
1.650815641645760250e+15,3.558835427894688763e-01
1.650815641647677250e+15,3.558835427894688763e-01
1.650815641649594000e+15,3.558835427894688763e-01
1.650815641651511000e+15,3.558835427894688763e-01
1.650815641653428000e+15,3.558835427894688763e-01
1.650815641655345000e+15,3.558835427894688763e-01
1.650815641657261750e+15,3.558835427894687653e-01
1.650815641659178750e+15,3.558835427894687653e-01
1.650815641661095750e+15,3.558835427894686543e-01
1.650815641663012500e+15,3.558835427894685433e-01
1.650815641664929500e+15,3.558835427894684877e-01
1.650815641666846500e+15,3.558835427894684322e-01
1.650815641668763500e+15,3.558835427894684322e-01
1.650815641670680250e+15,3.558835427894684322e-01
1.650815641672597250e+15,3.558835427894684322e-01
1.650815641674514250e+15,3.558835427894684322e-01
1.650815641676431000e+15,3.558835427894684877e-01
1.650815641678348000e+15,3.558835427894684322e-01
1.650815641680265000e+15,3.558835427894684322e-01
1.650815641682182000e+15,3.558835427894685433e-01
1.650815641684098750e+15,3.558835427894685433e-01
1.650815641686015750e+15,3.558835427894685988e-01
1.650815641687932750e+15,3.558835427894686543e-01
1.650815641689849500e+15,3.558835427894686543e-01
1.650815641691766500e+15,3.558835427894687098e-01
1.650815641693683500e+15,3.558835427894687653e-01
1.650815641695600500e+15,3.558835427894687653e-01
1.650815641697517250e+15,3.558835427894688763e-01
1.650815641699434250e+15,3.551279229558977901e-01
1.650815641701351250e+15,3.523001567851691829e-01
1.650815641703268000e+15,3.494727593893715567e-01
1.650815641705185000e+15,3.466449932186429495e-01
1.650815641707102000e+15,3.438172270479142867e-01
1.650815641709019000e+15,3.409894608771857349e-01
1.650815641710935750e+15,3.381620634813880533e-01
1.650815641712852750e+15,3.383095272130934306e-01
1.650815641714769750e+15,3.394104786059713996e-01
1.650815641716686750e+15,3.405114299988494242e-01
1.650815641718603500e+15,3.416122378143417460e-01
1.650815641720520500e+15,3.427131892072197150e-01
1.650815641722437500e+15,3.434043620432358779e-01
1.650815641724354250e+15,3.422769626279061894e-01
1.650815641726271250e+15,3.411494161668721103e-01
1.650815641728188250e+15,3.400218697058380313e-01
1.650815641730105250e+15,3.388943232448039522e-01
1.650815641732022000e+15,3.377669238294742082e-01
1.650815641733939000e+15,3.374757733348410782e-01
1.650815641735856000e+15,3.374757733348411337e-01
1.650815641737772750e+15,3.374757733348411892e-01
1.650815641739689750e+15,3.374757733348413002e-01
1.650815641741606750e+15,3.374757733348413558e-01
1.650815641743523750e+15,3.374757733348414113e-01
1.650815641745440500e+15,3.374757733348414113e-01
1.650815641747357500e+15,3.374757733348413002e-01
1.650815641749274500e+15,3.374757733348412447e-01
1.650815641751191250e+15,3.374757733348412447e-01
1.650815641753108250e+15,3.374757733348411337e-01
1.650815641755025250e+15,3.374757733348410782e-01
1.650815641756942250e+15,3.374757733348409672e-01
1.650815641758859000e+15,3.374757733348410227e-01
1.650815641760776000e+15,3.374757733348410227e-01
1.650815641762693000e+15,3.374757733348409672e-01
1.650815641764609750e+15,3.374757733348410227e-01
1.650815641766526750e+15,3.374757733348410227e-01
1.650815641768443750e+15,3.374757733348410227e-01
1.650815641770360750e+15,3.374757733348410227e-01
1.650815641772277500e+15,3.374757733348410227e-01
1.650815641774194500e+15,3.374757733348409672e-01
1.650815641776111500e+15,3.374757733348410227e-01
1.650815641778028250e+15,3.373074625440961594e-01
1.650815641779945250e+15,3.368105017649544175e-01
1.650815641781862250e+15,3.363135409858126201e-01
1.650815641783779250e+15,3.358165802066708783e-01
1.650815641785696000e+15,3.353196842372290210e-01
1.650815641787613000e+15,3.348227234580872791e-01
1.650815641789530000e+15,3.343257626789454817e-01
1.650815641791446750e+15,3.338288667095036244e-01
1.650815641793363750e+15,3.333319059303618825e-01
1.650815641795280750e+15,3.328349451512200852e-01
1.650815641797197750e+15,3.323379843720783433e-01
1.650815641799114500e+15,3.318410884026364860e-01
1.650815641801031500e+15,3.313441276234947441e-01
1.650815641802948500e+15,3.313398501832987009e-01
1.650815641804865500e+15,3.313398501832987009e-01
1.650815641806782250e+15,3.313398501832986454e-01
1.650815641808699250e+15,3.313398501832987009e-01
1.650815641810616250e+15,3.313398501832987009e-01
1.650815641812533000e+15,3.313398501832987009e-01
1.650815641814450000e+15,3.313398501832987009e-01
1.650815641816367000e+15,3.313398501832987009e-01
1.650815641818284000e+15,3.313398501832987009e-01
1.650815641820200750e+15,3.313398501832986454e-01
1.650815641822117750e+15,3.313398501832986454e-01
1.650815641824034750e+15,3.322437880719065761e-01
1.650815641825951500e+15,3.331684700988520320e-01
1.650815641827868500e+15,3.340932727312529438e-01
1.650815641829785500e+15,3.350180753636539110e-01
1.650815641831702500e+15,3.359428779960548228e-01
1.650815641833619250e+15,3.368675600230003342e-01
1.650815641835536250e+15,3.372758180479112911e-01
1.650815641837453250e+15,3.366917200897472373e-01
1.650815641839370000e+15,3.361076983050258482e-01
1.650815641841287000e+15,3.355236003468617945e-01
1.650815641843204000e+15,3.349395023886977407e-01
1.650815641845121000e+15,3.343554044305336870e-01
1.650815641847037750e+15,3.337713826458122979e-01
1.650815641848954750e+15,3.331872846876482441e-01
1.650815641850871750e+15,3.326031867294842459e-01
1.650815641852788500e+15,3.320191649447628013e-01
1.650815641854705500e+15,3.314350669865987475e-01
1.650815641856622500e+15,3.313398501832986454e-01
1.650815641858539500e+15,3.313398501832987009e-01
1.650815641860456250e+15,3.313398501832987009e-01
1.650815641862373250e+15,3.313398501832987009e-01
1.650815641864290250e+15,3.313398501832986454e-01
1.650815641866207000e+15,3.313398501832986454e-01
1.650815641868124000e+15,3.313398501832986454e-01
1.650815641870041000e+15,3.313398501832987009e-01
1.650815641871958000e+15,3.313398501832987009e-01
1.650815641873874750e+15,3.313398501832987009e-01
1.650815641875791750e+15,3.313398501832987009e-01
1.650815641877708750e+15,3.313398501832987009e-01
1.650815641879625750e+15,3.313398501832987009e-01
1.650815641881542500e+15,3.313398501832987009e-01
1.650815641883459500e+15,3.313398501832987009e-01
1.650815641885376500e+15,3.313398501832987009e-01
1.650815641887293250e+15,3.313398501832987009e-01
1.650815641889210250e+15,3.313398501832987009e-01
1.650815641891127250e+15,3.313398501832987009e-01
1.650815641893044250e+15,3.313398501832987009e-01
1.650815641894961000e+15,3.313398501832987564e-01
1.650815641896878000e+15,3.313398501832987009e-01
1.650815641898795000e+15,3.313398501832987564e-01
1.650815641900711750e+15,3.313398501832987009e-01
1.650815641902628750e+15,3.313398501832987564e-01
1.650815641904545750e+15,3.313398501832987009e-01
1.650815641906462750e+15,3.313398501832986454e-01
1.650815641908379500e+15,3.313398501832987009e-01
1.650815641910296500e+15,3.313398501832987009e-01
1.650815641912213500e+15,3.313398501832987009e-01
1.650815641914130250e+15,3.313398501832987009e-01
1.650815641916047250e+15,3.313398501832987009e-01
1.650815641917964250e+15,3.313398501832987009e-01
1.650815641919881250e+15,3.313398501832987564e-01
1.650815641921798000e+15,3.313398501832987009e-01
1.650815641923715000e+15,3.313398501832987009e-01
1.650815641925632000e+15,3.313398501832987009e-01
1.650815641927548750e+15,3.313398501832987009e-01
1.650815641929465750e+15,3.313398501832987009e-01
1.650815641931382750e+15,3.313398501832987009e-01
1.650815641933299750e+15,3.313398501832987009e-01
1.650815641935216500e+15,3.313398501832987009e-01
1.650815641937133500e+15,3.313398501832987009e-01
1.650815641939050500e+15,3.313398501832987009e-01
1.650815641940967250e+15,3.313398501832987009e-01
1.650815641942884250e+15,3.313398501832987009e-01
1.650815641944801250e+15,3.313398501832987009e-01
1.650815641946718250e+15,3.313398501832987009e-01
1.650815641948635000e+15,3.313398501832987009e-01
1.650815641950552000e+15,3.313398501832987009e-01
1.650815641952469000e+15,3.313398501832987009e-01
1.650815641954386000e+15,3.313398501832987009e-01
1.650815641956302750e+15,3.313398501832987009e-01
1.650815641958219750e+15,3.313398501832987009e-01
1.650815641960136750e+15,3.310687268500908664e-01
1.650815641962053500e+15,3.291772777184216459e-01
1.650815641963970500e+15,3.272855818867222433e-01
1.650815641965887500e+15,3.253938860550227297e-01
1.650815641967804500e+15,3.235021902233233271e-01
1.650815641969721250e+15,3.216107410916541065e-01
1.650815641971638250e+15,3.197190452599547039e-01
1.650815641973555250e+15,3.190680038802135576e-01
1.650815641975472000e+15,3.190680038802134466e-01
1.650815641977389000e+15,3.190680038802133911e-01
1.650815641979306000e+15,3.190680038802132801e-01
1.650815641981223000e+15,3.190680038802132246e-01
1.650815641983139750e+15,3.190680038802132246e-01
1.650815641985056750e+15,3.190680038802132801e-01
1.650815641986973750e+15,3.190680038802132801e-01
1.650815641988890500e+15,3.190680038802132801e-01
1.650815641990807500e+15,3.190680038802133356e-01
1.650815641992724500e+15,3.190680038802133911e-01
1.650815641994641500e+15,3.190680038802134466e-01
1.650815641996558250e+15,3.190680038802135021e-01
1.650815641998475250e+15,3.190680038802135576e-01
1.650815642000392250e+15,3.190680038802135021e-01
1.650815642002309000e+15,3.190680038802136131e-01
1.650815642004226000e+15,3.190680038802136131e-01
1.650815642006143000e+15,3.190680038802136131e-01
1.650815642008060000e+15,3.190680038802136131e-01
1.650815642009976750e+15,3.190680038802136131e-01
1.650815642011893750e+15,3.190680038802136131e-01
1.650815642013810750e+15,3.190680038802136131e-01
1.650815642015727500e+15,3.190680038802136131e-01
1.650815642017644500e+15,3.190680038802136131e-01
1.650815642019561500e+15,3.190680038802136687e-01
1.650815642021478500e+15,3.190680038802136131e-01
1.650815642023395250e+15,3.190680038802136687e-01
1.650815642025312250e+15,3.190680038802136131e-01
1.650815642027229250e+15,3.190680038802136131e-01
1.650815642029146250e+15,3.190680038802136131e-01
1.650815642031063000e+15,3.190680038802136131e-01
1.650815642032980000e+15,3.190680038802136687e-01
1.650815642034897000e+15,3.190680038802136131e-01
1.650815642036813750e+15,3.190680038802136131e-01
1.650815642038730750e+15,3.190680038802136687e-01
1.650815642040647750e+15,3.190680038802136131e-01
1.650815642042564750e+15,3.190680038802136131e-01
1.650815642044481500e+15,3.190680038802136131e-01
1.650815642046398500e+15,3.190680038802136131e-01
1.650815642048315500e+15,3.190680038802136131e-01
1.650815642050232250e+15,3.190680038802136131e-01
1.650815642052149250e+15,3.190680038802136131e-01
1.650815642054066250e+15,3.190680038802136687e-01
1.650815642055983250e+15,3.190680038802136131e-01
1.650815642057900000e+15,3.190680038802136131e-01
1.650815642059817000e+15,3.190680038802135021e-01
1.650815642061734000e+15,3.190680038802134466e-01
1.650815642063650750e+15,3.190680038802133911e-01
1.650815642065567750e+15,3.190680038802132801e-01
1.650815642067484750e+15,3.190680038802132801e-01
1.650815642069401750e+15,3.190680038802131691e-01
1.650815642071318500e+15,3.190680038802132246e-01
1.650815642073235500e+15,3.190680038802132801e-01
1.650815642075152500e+15,3.190680038802133356e-01
1.650815642077069250e+15,3.190680038802133911e-01
1.650815642078986250e+15,3.190680038802134466e-01
1.650815642080903250e+15,3.190680038802135021e-01
1.650815642082820250e+15,3.190680038802136131e-01
1.650815642084737000e+15,3.190680038802136131e-01
1.650815642086654000e+15,3.190680038802136131e-01
1.650815642088571000e+15,3.190680038802136131e-01
1.650815642090487750e+15,3.190680038802136131e-01
1.650815642092404750e+15,3.190823335936097127e-01
1.650815642094321750e+15,3.198507268965562478e-01
1.650815642096238750e+15,3.206191201995027829e-01
1.650815642098155500e+15,3.213874132946633599e-01
1.650815642100072500e+15,3.221558065976098950e-01
1.650815642101989500e+15,3.229241999005564301e-01
1.650815642103906250e+15,3.236924929957170072e-01
1.650815642105823250e+15,3.244608862986635422e-01
1.650815642107740250e+15,3.252039270317554354e-01
1.650815642109657250e+15,3.252039270317554909e-01
1.650815642111574000e+15,3.252039270317554909e-01
1.650815642113491000e+15,3.252039270317554909e-01
1.650815642115408000e+15,3.252039270317554354e-01
1.650815642117325000e+15,3.252039270317554354e-01
1.650815642119241750e+15,3.252039270317554909e-01
1.650815642121158750e+15,3.252039270317554354e-01
1.650815642123075750e+15,3.252039270317554354e-01
1.650815642124992500e+15,3.252039270317554909e-01
1.650815642126909500e+15,3.252039270317554909e-01
1.650815642128826500e+15,3.252039270317554354e-01
1.650815642130743500e+15,3.252039270317555464e-01
1.650815642132660250e+15,3.252039270317555464e-01
1.650815642134577250e+15,3.252039270317556019e-01
1.650815642136494250e+15,3.252039270317556019e-01
1.650815642138411000e+15,3.252039270317557129e-01
1.650815642140328000e+15,3.252039270317557129e-01
1.650815642142245000e+15,3.252039270317557129e-01
1.650815642144162000e+15,3.252039270317557684e-01
1.650815642146078750e+15,3.252039270317558239e-01
1.650815642147995750e+15,3.252039270317558795e-01
1.650815642149912750e+15,3.252039270317558795e-01
1.650815642151829500e+15,3.252039270317559350e-01
1.650815642153746500e+15,3.252039270317559350e-01
1.650815642155663500e+15,3.252039270317559350e-01
1.650815642157580500e+15,3.252039270317559350e-01
1.650815642159497250e+15,3.252039270317559350e-01
1.650815642161414250e+15,3.252039270317559350e-01
1.650815642163331250e+15,3.252039270317558795e-01
1.650815642165248000e+15,3.252039270317558239e-01
1.650815642167165000e+15,3.252039270317557129e-01
1.650815642169082000e+15,3.252039270317556019e-01
1.650815642170999000e+15,3.252039270317555464e-01
1.650815642172915750e+15,3.252039270317555464e-01
1.650815642174832750e+15,3.252039270317556019e-01
1.650815642176749750e+15,3.252039270317556019e-01
1.650815642178666500e+15,3.252039270317556574e-01
1.650815642180583500e+15,3.252039270317557129e-01
1.650815642182500500e+15,3.252039270317557129e-01
1.650815642184417500e+15,3.252039270317557684e-01
1.650815642186334250e+15,3.252039270317558239e-01
1.650815642188251250e+15,3.252039270317558239e-01
1.650815642190168250e+15,3.252039270317559350e-01
1.650815642192085250e+15,3.252039270317559350e-01
1.650815642194002000e+15,3.252039270317558795e-01
1.650815642195919000e+15,3.252039270317558239e-01
1.650815642197836000e+15,3.252039270317558239e-01
1.650815642199752750e+15,3.252039270317557129e-01
1.650815642201669750e+15,3.252039270317556574e-01
1.650815642203586750e+15,3.252039270317556019e-01
1.650815642205503750e+15,3.252039270317556019e-01
1.650815642207420500e+15,3.252039270317554909e-01
1.650815642209337500e+15,3.252039270317554909e-01
1.650815642211254500e+15,3.252039270317554909e-01
1.650815642213171250e+15,3.252039270317554909e-01
1.650815642215088250e+15,3.252039270317554909e-01
1.650815642217005250e+15,3.252039270317554909e-01
1.650815642218922250e+15,3.252039270317554909e-01
1.650815642220839000e+15,3.252039270317554909e-01
1.650815642222756000e+15,3.252039270317554909e-01
1.650815642224673000e+15,3.252039270317554909e-01
1.650815642226589750e+15,3.252039270317554909e-01
1.650815642228506750e+15,3.252039270317554909e-01
1.650815642230423750e+15,3.252039270317556019e-01
1.650815642232340750e+15,3.252039270317556019e-01
1.650815642234257500e+15,3.252039270317557129e-01
1.650815642236174500e+15,3.252039270317557684e-01
1.650815642238091500e+15,3.252039270317558239e-01
1.650815642240008250e+15,3.252039270317558239e-01
1.650815642241925250e+15,3.252039270317559350e-01
1.650815642243842250e+15,3.252039270317559350e-01
1.650815642245759250e+15,3.252039270317559350e-01
1.650815642247676000e+15,3.252039270317559350e-01
1.650815642249593000e+15,3.252039270317559350e-01
1.650815642251510000e+15,3.252039270317558795e-01
1.650815642253426750e+15,3.252039270317559905e-01
1.650815642255343750e+15,3.252039270317559350e-01
1.650815642257260750e+15,3.252039270317559350e-01
1.650815642259177750e+15,3.252039270317559350e-01
1.650815642261094500e+15,3.252039270317559350e-01
1.650815642263011500e+15,3.252039270317559350e-01
1.650815642264928500e+15,3.252039270317559905e-01
1.650815642266845500e+15,3.252039270317559350e-01
1.650815642268762250e+15,3.252039270317559905e-01
1.650815642270679250e+15,3.252039270317559350e-01
1.650815642272596250e+15,3.252039270317559350e-01
1.650815642274513000e+15,3.252039270317559905e-01
1.650815642276430000e+15,3.256304825629459665e-01
1.650815642278347000e+15,3.267007796222277660e-01
1.650815642280264000e+15,3.277710766815095100e-01
1.650815642282180750e+15,3.288412341611017808e-01
1.650815642284097750e+15,3.299115312203835249e-01
1.650815642286014750e+15,3.309818282796652689e-01
1.650815642287931500e+15,3.305476272882894029e-01
1.650815642289848500e+15,3.293569637918316029e-01
1.650815642291765500e+15,3.281663002953738584e-01
1.650815642293682500e+15,3.269756367989160584e-01
1.650815642295599250e+15,3.257851285793878504e-01
1.650815642297516250e+15,3.252039270317559350e-01
1.650815642299433250e+15,3.252039270317559350e-01
1.650815642301350000e+15,3.252039270317559350e-01
1.650815642303267000e+15,3.252039270317559350e-01
1.650815642305184000e+15,3.252039270317559350e-01
1.650815642307101000e+15,3.252039270317559350e-01
1.650815642309017750e+15,3.258572291009891320e-01
1.650815642310934750e+15,3.268529596251156799e-01
1.650815642312851750e+15,3.278486901492422279e-01
1.650815642314768500e+15,3.288442908180578272e-01
1.650815642316685500e+15,3.298400213421843752e-01
1.650815642318602500e+15,3.308357518663108676e-01
1.650815642320519500e+15,3.310964856483110674e-01
1.650815642322436250e+15,3.306036499669199324e-01
1.650815642324353250e+15,3.301107500054085153e-01
1.650815642326270250e+15,3.296178500438972092e-01
1.650815642328187000e+15,3.291250143625060742e-01
1.650815642330104000e+15,3.286321144009947126e-01
1.650815642332021000e+15,3.281392144394833510e-01
1.650815642333938000e+15,3.276463144779719894e-01
1.650815642335854750e+15,3.271534787965808544e-01
1.650815642337771750e+15,3.266605788350694928e-01
1.650815642339688750e+15,3.261676788735581867e-01
1.650815642341605750e+15,3.256747789120468251e-01
1.650815642343522500e+15,3.252774858412703640e-01
1.650815642345439500e+15,3.269267517809095747e-01
1.650815642347356500e+15,3.285760177205487298e-01
1.650815642349273250e+15,3.302250685759495763e-01
1.650815642351190250e+15,3.313398501832982568e-01
1.650815642353107250e+15,3.313398501832982013e-01
1.650815642355024250e+15,3.313398501832982568e-01
1.650815642356941000e+15,3.313398501832982568e-01
1.650815642358858000e+15,3.313398501832982568e-01
1.650815642360775000e+15,3.313398501832982568e-01
1.650815642362691750e+15,3.313398501832982568e-01
1.650815642364608750e+15,3.313398501832982568e-01
1.650815642366525750e+15,3.313398501832982568e-01
1.650815642368442750e+15,3.313398501832982568e-01
1.650815642370359500e+15,3.313398501832982568e-01
1.650815642372276500e+15,3.313398501832982568e-01
1.650815642374193500e+15,3.313398501832982568e-01
1.650815642376110250e+15,3.313398501832982568e-01
1.650815642378027250e+15,3.313398501832982568e-01
1.650815642379944250e+15,3.313398501832982568e-01
1.650815642381861250e+15,3.313398501832982568e-01
1.650815642383778000e+15,3.313398501832982568e-01
1.650815642385695000e+15,3.313398501832982568e-01
1.650815642387612000e+15,3.313398501832982568e-01
1.650815642389528750e+15,3.313398501832982568e-01
1.650815642391445750e+15,3.313398501832982013e-01
1.650815642393362750e+15,3.313398501832982568e-01
1.650815642395279750e+15,3.313398501832982568e-01
1.650815642397196500e+15,3.313398501832982013e-01
1.650815642399113500e+15,3.313398501832982568e-01
1.650815642401030500e+15,3.303716399123380332e-01
1.650815642402947250e+15,3.292142859760342488e-01
1.650815642404864250e+15,3.280567810870845813e-01
1.650815642406781250e+15,3.268992761981349138e-01
1.650815642408698250e+15,3.257417713091851907e-01
1.650815642410615000e+15,3.249460644466210524e-01
1.650815642412532000e+15,3.244642685638690627e-01
1.650815642414449000e+15,3.239824726811170175e-01
1.650815642416365750e+15,3.235007396303789529e-01
1.650815642418282750e+15,3.230189437476269076e-01
1.650815642420199750e+15,3.225371478648749179e-01
1.650815642422116750e+15,3.220553519821229282e-01
1.650815642424033500e+15,3.215736189313848081e-01
1.650815642425950500e+15,3.210918230486328184e-01
1.650815642427867500e+15,3.206100271658808287e-01
1.650815642429784500e+15,3.201282312831288390e-01
1.650815642431701250e+15,3.196464982323907744e-01
1.650815642433618250e+15,3.191647023496387847e-01
1.650815642435535250e+15,3.190680038802132246e-01
1.650815642437452000e+15,3.190680038802131691e-01
1.650815642439369000e+15,3.190680038802131691e-01
1.650815642441286000e+15,3.190680038802131691e-01
1.650815642443203000e+15,3.190680038802131691e-01
1.650815642445119750e+15,3.190680038802131691e-01
1.650815642447036750e+15,3.190680038802131691e-01
1.650815642448953750e+15,3.190680038802131691e-01
1.650815642450870500e+15,3.190680038802131691e-01
1.650815642452787500e+15,3.199864072728281772e-01
1.650815642454704500e+15,3.215396311842909638e-01
1.650815642456621500e+15,3.230928550957536949e-01
1.650815642458538250e+15,3.246458764480208981e-01
1.650815642460455250e+15,3.261991003594836847e-01
1.650815642462372250e+15,3.277523242709464157e-01
1.650815642464289000e+15,3.293053456232136744e-01
1.650815642466206000e+15,3.308585695346764055e-01
1.650815642468123000e+15,3.313398501832987009e-01
1.650815642470040000e+15,3.313398501832985898e-01
1.650815642471956750e+15,3.313398501832984788e-01
1.650815642473873750e+15,3.313398501832984233e-01
1.650815642475790750e+15,3.313398501832983123e-01
1.650815642477707500e+15,3.308077947633186189e-01
1.650815642479624500e+15,3.299741615470530576e-01
1.650815642481541500e+15,3.291405283307876073e-01
1.650815642483458500e+15,3.283068951145220460e-01
1.650815642485375250e+15,3.274733706141167433e-01
1.650815642487292250e+15,3.266397373978512375e-01
1.650815642489209250e+15,3.258061041815857317e-01
1.650815642491126000e+15,3.252039270317559905e-01
1.650815642493043000e+15,3.252039270317559350e-01
1.650815642494960000e+15,3.252039270317559350e-01
1.650815642496877000e+15,3.252039270317559350e-01
1.650815642498793750e+15,3.252039270317559350e-01
1.650815642500710750e+15,3.252039270317559350e-01
1.650815642502627750e+15,3.252039270317559350e-01
1.650815642504544750e+15,3.252039270317559905e-01
1.650815642506461500e+15,3.252039270317559350e-01
1.650815642508378500e+15,3.252039270317559350e-01
1.650815642510295500e+15,3.252039270317559350e-01
1.650815642512212250e+15,3.252039270317559350e-01
1.650815642514129250e+15,3.252039270317559905e-01
1.650815642516046250e+15,3.252039270317559350e-01
1.650815642517963250e+15,3.252039270317561015e-01
1.650815642519880000e+15,3.252039270317561570e-01
1.650815642521797000e+15,3.252039270317562680e-01
1.650815642523714000e+15,3.252039270317563235e-01
1.650815642525630750e+15,3.252039270317563235e-01
1.650815642527547750e+15,3.252039270317563235e-01
1.650815642529464750e+15,3.252039270317562680e-01
1.650815642531381750e+15,3.252039270317562125e-01
1.650815642533298500e+15,3.252039270317561570e-01
1.650815642535215500e+15,3.252039270317561570e-01
1.650815642537132500e+15,3.252039270317561570e-01
1.650815642539049250e+15,3.252039270317561015e-01
1.650815642540966250e+15,3.252039270317560460e-01
1.650815642542883250e+15,3.252039270317559905e-01
1.650815642544800250e+15,3.252039270317559905e-01
1.650815642546717000e+15,3.252039270317559350e-01
1.650815642548634000e+15,3.259343658865699878e-01
1.650815642550551000e+15,3.270690914008962391e-01
1.650815642552467750e+15,3.282036689332826773e-01
1.650815642554384750e+15,3.293383944476089287e-01
1.650815642556301750e+15,3.304731199619351800e-01
1.650815642558218750e+15,3.313398501832977572e-01
1.650815642560135500e+15,3.313398501832978127e-01
1.650815642562052500e+15,3.313398501832978127e-01
1.650815642563969500e+15,3.313398501832978127e-01
1.650815642565886250e+15,3.313398501832978127e-01
1.650815642567803250e+15,3.313398501832978127e-01
1.650815642569720250e+15,3.313398501832978127e-01
1.650815642571637250e+15,3.313398501832978682e-01
1.650815642573554000e+15,3.313398501832978127e-01
1.650815642575471000e+15,3.313398501832978127e-01
1.650815642577388000e+15,3.313398501832978127e-01
1.650815642579305000e+15,3.313398501832978127e-01
1.650815642581221750e+15,3.313398501832978127e-01
1.650815642583138750e+15,3.313398501832978127e-01
1.650815642585055750e+15,3.313398501832978127e-01
1.650815642586972500e+15,3.313398501832978127e-01
1.650815642588889500e+15,3.313398501832978127e-01
1.650815642590806500e+15,3.313398501832978127e-01
1.650815642592723500e+15,3.307609408865010980e-01
1.650815642594640250e+15,3.301798335837332621e-01
1.650815642596557250e+15,3.295986504876561307e-01
1.650815642598474250e+15,3.290174673915788883e-01
1.650815642600391000e+15,3.284363600888110524e-01
1.650815642602308000e+15,3.278551769927339210e-01
1.650815642604225000e+15,3.272739938966567341e-01
1.650815642606142000e+15,3.266928108005796028e-01
1.650815642608058750e+15,3.261117034978117668e-01
1.650815642609975750e+15,3.255305204017345799e-01
1.650815642611892750e+15,3.260901742740173748e-01
1.650815642613809500e+15,3.281130553714923792e-01
1.650815642615726500e+15,3.301362003115521082e-01
1.650815642617643500e+15,3.321593452516118927e-01
1.650815642619560500e+15,3.341824901916716772e-01
1.650815642621477250e+15,3.362053712891466817e-01
1.650815642623394250e+15,3.372783871185399129e-01
1.650815642625311250e+15,3.367478727453888099e-01
1.650815642627228000e+15,3.362174275577323734e-01
1.650815642629145000e+15,3.356869131845812149e-01
1.650815642631062000e+15,3.351563988114301118e-01
1.650815642632979000e+15,3.346258844382790087e-01
1.650815642634895750e+15,3.340954392506225168e-01
1.650815642636812750e+15,3.335649248774714692e-01
1.650815642638729750e+15,3.330344105043203107e-01
1.650815642640646500e+15,3.325039653166638742e-01
1.650815642642563500e+15,3.319734509435127712e-01
1.650815642644480500e+15,3.314429365703616126e-01
1.650815642646397500e+15,3.313398501832990339e-01
1.650815642648314250e+15,3.313398501832988119e-01
1.650815642650231250e+15,3.313398501832987009e-01
1.650815642652148250e+15,3.313398501832985343e-01
1.650815642654065000e+15,3.313398501832983123e-01
1.650815642655982000e+15,3.313398501832982013e-01
1.650815642657899000e+15,3.313398501832979792e-01
1.650815642659816000e+15,3.313398501832978127e-01
1.650815642661732750e+15,3.313398501832978682e-01
1.650815642663649750e+15,3.313398501832978682e-01
1.650815642665566750e+15,3.313398501832978127e-01
1.650815642667483750e+15,3.313398501832978127e-01
1.650815642669400500e+15,3.313398501832978127e-01
1.650815642671317500e+15,3.313398501832978127e-01
1.650815642673234500e+15,3.313398501832978127e-01
1.650815642675151250e+15,3.313398501832978682e-01
1.650815642677068250e+15,3.313398501832978127e-01
1.650815642678985250e+15,3.313398501832978127e-01
1.650815642680902250e+15,3.313398501832978127e-01
1.650815642682819000e+15,3.313398501832978682e-01
1.650815642684736000e+15,3.313398501832978127e-01
1.650815642686653000e+15,3.313398501832978682e-01
1.650815642688569750e+15,3.313398501832978127e-01
1.650815642690486750e+15,3.313398501832978682e-01
1.650815642692403750e+15,3.313398501832978127e-01
1.650815642694320750e+15,3.313398501832978127e-01
1.650815642696237500e+15,3.313398501832978127e-01
1.650815642698154500e+15,3.313398501832978127e-01
1.650815642700071500e+15,3.313398501832978127e-01
1.650815642701988250e+15,3.313398501832978682e-01
1.650815642703905250e+15,3.313398501832978127e-01
1.650815642705822250e+15,3.313398501832978127e-01
1.650815642707739250e+15,3.313398501832978682e-01
1.650815642709656000e+15,3.313398501832978127e-01
1.650815642711573000e+15,3.313398501832978127e-01
1.650815642713490000e+15,3.313398501832978127e-01
1.650815642715406750e+15,3.313398501832978127e-01
1.650815642717323750e+15,3.313398501832978127e-01
1.650815642719240750e+15,3.313398501832978127e-01
1.650815642721157750e+15,3.313398501832978127e-01
1.650815642723074500e+15,3.317702145819552140e-01
1.650815642724991500e+15,3.326099179429996555e-01
1.650815642726908500e+15,3.334496213040440971e-01
1.650815642728825250e+15,3.342892151576080106e-01
1.650815642730742250e+15,3.351289185186525077e-01
1.650815642732659250e+15,3.359686218796969492e-01
1.650815642734576250e+15,3.368083252407413908e-01
1.650815642736493000e+15,3.373682839081437734e-01
1.650815642738410000e+15,3.368439652542473683e-01
1.650815642740327000e+15,3.363196466003510188e-01
1.650815642742244000e+15,3.357953279464546137e-01
1.650815642744160750e+15,3.352710776700562056e-01
1.650815642746077750e+15,3.347467590161598561e-01
1.650815642747994750e+15,3.342224403622635065e-01
1.650815642749911500e+15,3.336981900858649874e-01
1.650815642751828500e+15,3.331738714319686379e-01
1.650815642753745500e+15,3.326495527780723438e-01
1.650815642755662500e+15,3.321252341241759387e-01
1.650815642757579250e+15,3.316009838477774752e-01
1.650815642759496250e+15,3.313398501832978127e-01
1.650815642761413250e+15,3.313398501832979237e-01
1.650815642763330000e+15,3.313398501832980347e-01
1.650815642765247000e+15,3.313398501832981458e-01
1.650815642767164000e+15,3.313398501832982568e-01
1.650815642769081000e+15,3.313398501832982568e-01
1.650815642770997750e+15,3.313398501832982568e-01
1.650815642772914750e+15,3.313398501832982568e-01
1.650815642774831750e+15,3.313398501832982568e-01
1.650815642776748500e+15,3.313398501832982568e-01
1.650815642778665500e+15,3.313398501832982568e-01
1.650815642780582500e+15,3.313398501832982568e-01
1.650815642782499500e+15,3.313398501832982568e-01
1.650815642784416250e+15,3.313398501832982013e-01
1.650815642786333250e+15,3.313398501832982568e-01
1.650815642788250250e+15,3.313398501832982568e-01
1.650815642790167000e+15,3.313398501832982568e-01
1.650815642792084000e+15,3.313398501832982013e-01
1.650815642794001000e+15,3.313398501832981458e-01
1.650815642795918000e+15,3.313398501832980347e-01
1.650815642797834750e+15,3.313398501832980347e-01
1.650815642799751750e+15,3.313398501832979792e-01
1.650815642801668750e+15,3.313398501832979237e-01
1.650815642803585500e+15,3.313398501832978682e-01
1.650815642805502500e+15,3.313398501832978127e-01
1.650815642807419500e+15,3.313398501832978127e-01
1.650815642809336500e+15,3.313398501832978127e-01
1.650815642811253250e+15,3.313398501832978127e-01
1.650815642813170250e+15,3.313398501832978127e-01
1.650815642815087250e+15,3.313398501832978127e-01
1.650815642817004250e+15,3.313398501832978127e-01
1.650815642818921000e+15,3.313398501832978127e-01
1.650815642820838000e+15,3.313398501832978127e-01
1.650815642822755000e+15,3.313398501832978127e-01
1.650815642824671750e+15,3.313398501832978682e-01
1.650815642826588750e+15,3.313398501832978127e-01
1.650815642828505750e+15,3.313398501832978127e-01
1.650815642830422750e+15,3.313398501832978682e-01
1.650815642832339500e+15,3.313398501832978127e-01
1.650815642834256500e+15,3.313398501832978127e-01
1.650815642836173500e+15,3.313398501832978127e-01
1.650815642838090250e+15,3.313398501832978127e-01
1.650815642840007250e+15,3.313398501832978127e-01
1.650815642841924250e+15,3.313398501832978127e-01
1.650815642843841250e+15,3.313398501832978127e-01
1.650815642845758000e+15,3.313398501832978127e-01
1.650815642847675000e+15,3.313398501832978682e-01
1.650815642849592000e+15,3.313398501832979237e-01
1.650815642851508750e+15,3.313398501832980347e-01
1.650815642853425750e+15,3.313398501832981458e-01
1.650815642855342750e+15,3.313398501832982568e-01
1.650815642857259750e+15,3.313398501832982013e-01
1.650815642859176500e+15,3.313398501832982568e-01
1.650815642861093500e+15,3.313398501832982568e-01
1.650815642863010500e+15,3.313398501832982568e-01
1.650815642864927250e+15,3.313398501832982568e-01
1.650815642866844250e+15,3.313398501832982568e-01
1.650815642868761250e+15,3.313398501832982568e-01
1.650815642870678250e+15,3.313398501832982568e-01
1.650815642872595000e+15,3.313398501832982013e-01
1.650815642874512000e+15,3.313398501832982568e-01
1.650815642876429000e+15,3.313398501832982568e-01
1.650815642878345750e+15,3.313398501832982568e-01
1.650815642880262750e+15,3.313398501832982568e-01
1.650815642882179750e+15,3.313398501832982568e-01
1.650815642884096750e+15,3.313398501832982568e-01
1.650815642886013500e+15,3.313398501832982568e-01
1.650815642887930500e+15,3.313398501832982568e-01
1.650815642889847500e+15,3.313398501832982568e-01
1.650815642891764500e+15,3.313398501832982568e-01
1.650815642893681250e+15,3.313398501832982568e-01
1.650815642895598250e+15,3.313398501832983123e-01
1.650815642897515250e+15,3.313398501832982568e-01
1.650815642899432000e+15,3.313398501832982568e-01
1.650815642901349000e+15,3.313398501832982568e-01
1.650815642903266000e+15,3.313398501832982568e-01
1.650815642905183000e+15,3.313398501832982568e-01
1.650815642907099750e+15,3.313398501832982568e-01
1.650815642909016750e+15,3.313398501832982568e-01
1.650815642910933750e+15,3.313398501832983123e-01
1.650815642912850500e+15,3.313398501832982568e-01
1.650815642914767500e+15,3.313398501832982568e-01
1.650815642916684500e+15,3.313398501832982568e-01
1.650815642918601500e+15,3.313398501832982568e-01
1.650815642920518250e+15,3.313398501832982568e-01
1.650815642922435250e+15,3.313398501832982568e-01
1.650815642924352250e+15,3.313398501832982568e-01
1.650815642926269000e+15,3.313398501832982568e-01
1.650815642928186000e+15,3.313398501832982568e-01
1.650815642930103000e+15,3.313398501832982568e-01
1.650815642932020000e+15,3.313398501832982568e-01
1.650815642933936750e+15,3.313398501832982568e-01
1.650815642935853750e+15,3.313398501832983123e-01
1.650815642937770750e+15,3.313398501832983123e-01
1.650815642939687500e+15,3.313398501832984233e-01
1.650815642941604500e+15,3.313398501832984788e-01
1.650815642943521500e+15,3.313398501832984788e-01
1.650815642945438500e+15,3.313398501832985898e-01
1.650815642947355250e+15,3.313398501832986454e-01
1.650815642949272250e+15,3.313398501832987009e-01
1.650815642951189250e+15,3.313398501832987564e-01
1.650815642953106000e+15,3.313398501832987009e-01
1.650815642955023000e+15,3.313398501832987009e-01
1.650815642956940000e+15,3.313398501832987009e-01
1.650815642958857000e+15,3.313398501832987009e-01
1.650815642960773750e+15,3.313398501832987009e-01
1.650815642962690750e+15,3.313398501832987009e-01
1.650815642964607750e+15,3.313398501832987009e-01
1.650815642966524500e+15,3.313398501832987009e-01
1.650815642968441500e+15,3.313398501832987564e-01
1.650815642970358500e+15,3.313398501832986454e-01
1.650815642972275500e+15,3.313398501832985898e-01
1.650815642974192250e+15,3.313398501832985343e-01
1.650815642976109250e+15,3.313398501832984788e-01
1.650815642978026250e+15,3.313398501832983678e-01
1.650815642979943250e+15,3.313398501832983123e-01
1.650815642981860000e+15,3.313398501832982568e-01
1.650815642983777000e+15,3.313398501832982568e-01
1.650815642985694000e+15,3.313398501832982568e-01
1.650815642987610750e+15,3.313398501832982568e-01
1.650815642989527750e+15,3.313398501832982568e-01
1.650815642991444750e+15,3.313398501832982568e-01
1.650815642993361750e+15,3.313398501832982568e-01
1.650815642995278500e+15,3.313398501832982568e-01
1.650815642997195500e+15,3.313398501832983678e-01
1.650815642999112500e+15,3.313398501832985343e-01
1.650815643001029250e+15,3.313398501832986454e-01
1.650815643002946250e+15,3.313398501832988119e-01
1.650815643004863250e+15,3.313398501832989229e-01
1.650815643006780250e+15,3.313398501832990339e-01
1.650815643008697000e+15,3.313398501832991450e-01
1.650815643010614000e+15,3.313398501832992560e-01
1.650815643012531000e+15,3.313398501832994780e-01
1.650815643014447750e+15,3.313398501832995335e-01
1.650815643016364750e+15,3.313398501832995890e-01
1.650815643018281750e+15,3.313398501832995890e-01
1.650815643020198750e+15,3.313398501832995890e-01
1.650815643022115500e+15,3.313398501832995890e-01
1.650815643024032500e+15,3.313398501832995890e-01
1.650815643025949500e+15,3.313398501832995890e-01
1.650815643027866250e+15,3.313398501832995890e-01
1.650815643029783250e+15,3.313398501832995890e-01
1.650815643031700250e+15,3.313398501832995890e-01
1.650815643033617250e+15,3.313398501832995890e-01
1.650815643035534000e+15,3.313398501832995890e-01
1.650815643037451000e+15,3.313398501832995890e-01
1.650815643039368000e+15,3.313398501832995335e-01
1.650815643041284750e+15,3.313398501832995890e-01
1.650815643043201750e+15,3.313398501832995890e-01
1.650815643045118750e+15,3.309504487207586276e-01
1.650815643047035750e+15,3.298972104792194382e-01
1.650815643048952500e+15,3.288441095926935009e-01
1.650815643050869500e+15,3.277908713511542560e-01
1.650815643052786500e+15,3.267376331096150111e-01
1.650815643054703500e+15,3.256843948680758216e-01
1.650815643056620250e+15,3.252039270317554909e-01
1.650815643058537250e+15,3.252039270317556019e-01
1.650815643060454250e+15,3.252039270317557129e-01
1.650815643062371000e+15,3.252039270317558239e-01
1.650815643064288000e+15,3.252039270317558795e-01
1.650815643066205000e+15,3.252039270317558795e-01
1.650815643068122000e+15,3.252039270317558239e-01
1.650815643070038750e+15,3.252039270317557684e-01
1.650815643071955750e+15,3.252039270317557129e-01
1.650815643073872750e+15,3.252039270317556574e-01
1.650815643075789500e+15,3.252039270317556019e-01
1.650815643077706500e+15,3.252039270317555464e-01
1.650815643079623500e+15,3.252039270317554909e-01
1.650815643081540500e+15,3.252039270317554909e-01
1.650815643083457250e+15,3.252039270317555464e-01
1.650815643085374250e+15,3.252039270317556019e-01
1.650815643087291250e+15,3.252039270317556019e-01
1.650815643089208000e+15,3.252039270317557129e-01
1.650815643091125000e+15,3.252039270317557129e-01
1.650815643093042000e+15,3.252039270317557684e-01
1.650815643094959000e+15,3.252039270317558239e-01
1.650815643096875750e+15,3.252039270317558239e-01
1.650815643098792750e+15,3.252039270317559350e-01
1.650815643100709750e+15,3.252039270317559350e-01
1.650815643102626500e+15,3.252039270317559350e-01
1.650815643104543500e+15,3.252039270317559350e-01
1.650815643106460500e+15,3.252039270317559350e-01
1.650815643108377500e+15,3.252039270317559350e-01
1.650815643110294250e+15,3.252039270317559350e-01
1.650815643112211250e+15,3.252039270317559350e-01
1.650815643114128250e+15,3.252039270317559350e-01
1.650815643116045000e+15,3.252039270317559350e-01
1.650815643117962000e+15,3.252039270317559350e-01
1.650815643119879000e+15,3.252039270317559350e-01
1.650815643121796000e+15,3.252039270317559350e-01
1.650815643123712750e+15,3.252039270317559350e-01
1.650815643125629750e+15,3.252039270317558795e-01
1.650815643127546750e+15,3.252039270317559350e-01
1.650815643129463750e+15,3.252039270317559350e-01
1.650815643131380500e+15,3.252039270317559350e-01
1.650815643133297500e+15,3.252039270317559350e-01
1.650815643135214500e+15,3.252039270317559350e-01
1.650815643137131250e+15,3.252039270317559350e-01
1.650815643139048250e+15,3.252039270317559350e-01
1.650815643140965250e+15,3.252039270317559905e-01
1.650815643142882250e+15,3.252039270317559350e-01
1.650815643144799000e+15,3.252039270317559905e-01
1.650815643146716000e+15,3.252039270317559350e-01
1.650815643148633000e+15,3.252039270317559905e-01
1.650815643150549750e+15,3.252039270317559905e-01
1.650815643152466750e+15,3.252039270317559905e-01
1.650815643154383750e+15,3.252039270317559350e-01
1.650815643156300750e+15,3.252039270317559350e-01
1.650815643158217500e+15,3.252039270317559350e-01
1.650815643160134500e+15,3.252039270317559350e-01
1.650815643162051500e+15,3.252039270317559350e-01
1.650815643163968250e+15,3.252039270317559350e-01
1.650815643165885250e+15,3.252039270317559350e-01
1.650815643167802250e+15,3.252039270317559350e-01
1.650815643169719250e+15,3.252039270317559350e-01
1.650815643171636000e+15,3.252039270317559905e-01
1.650815643173553000e+15,3.252039270317559905e-01
1.650815643175470000e+15,3.252039270317559350e-01
1.650815643177386750e+15,3.252039270317559350e-01
1.650815643179303750e+15,3.252039270317559350e-01
1.650815643181220750e+15,3.252039270317559350e-01
1.650815643183137750e+15,3.252039270317559350e-01
1.650815643185054500e+15,3.252039270317559350e-01
1.650815643186971500e+15,3.252039270317558795e-01
1.650815643188888500e+15,3.252039270317559350e-01
1.650815643190805250e+15,3.252039270317559350e-01
1.650815643192722250e+15,3.252039270317559350e-01
1.650815643194639250e+15,3.252039270317559350e-01
1.650815643196556250e+15,3.252039270317559350e-01
1.650815643198473000e+15,3.252039270317559350e-01
1.650815643200390000e+15,3.252039270317559350e-01
1.650815643202307000e+15,3.252039270317558795e-01
1.650815643204224000e+15,3.252039270317558795e-01
1.650815643206140750e+15,3.252039270317559350e-01
1.650815643208057750e+15,3.252039270317558795e-01
1.650815643209974750e+15,3.252039270317559350e-01
1.650815643211891500e+15,3.252039270317559350e-01
1.650815643213808500e+15,3.252039270317559350e-01
1.650815643215725500e+15,3.252039270317559350e-01
1.650815643217642500e+15,3.252039270317559350e-01
1.650815643219559250e+15,3.252039270317559350e-01
1.650815643221476250e+15,3.247186261189536349e-01
1.650815643223393250e+15,3.241126519454692323e-01
1.650815643225310000e+15,3.235067567983506143e-01
1.650815643227227000e+15,3.229007826248661006e-01
1.650815643229144000e+15,3.222948084513816980e-01
1.650815643231061000e+15,3.216888342778972953e-01
1.650815643232977750e+15,3.210829391307786773e-01
1.650815643234894750e+15,3.204769649572942192e-01
1.650815643236811750e+15,3.198709907838098165e-01
1.650815643238728500e+15,3.192650956366911985e-01
1.650815643240645500e+15,3.190680038802135576e-01
1.650815643242562500e+15,3.190680038802135021e-01
1.650815643244479500e+15,3.190680038802133911e-01
1.650815643246396250e+15,3.190680038802133356e-01
1.650815643248313250e+15,3.190680038802132246e-01
1.650815643250230250e+15,3.192648716879128434e-01
1.650815643252147000e+15,3.200073141284607847e-01
1.650815643254064000e+15,3.207498534051167471e-01
1.650815643255981000e+15,3.214923926817727651e-01
1.650815643257898000e+15,3.222349319584287830e-01
1.650815643259814750e+15,3.229773743989766688e-01
1.650815643261731750e+15,3.237199136756326867e-01
1.650815643263648750e+15,3.244624529522886491e-01
1.650815643265565500e+15,3.252039270317559350e-01
1.650815643267482500e+15,3.252039270317558239e-01
1.650815643269399500e+15,3.252039270317557129e-01
1.650815643271316500e+15,3.252039270317556019e-01
1.650815643273233250e+15,3.252039270317554909e-01
1.650815643275150250e+15,3.243139092800262913e-01
1.650815643277067250e+15,3.234098615756602624e-01
1.650815643278984000e+15,3.225059317700558759e-01
1.650815643280901000e+15,3.216018840656897915e-01
1.650815643282818000e+15,3.206978363613237626e-01
1.650815643284735000e+15,3.197937886569577337e-01
1.650815643286651750e+15,3.190680038802132246e-01
1.650815643288568750e+15,3.190680038802131691e-01
1.650815643290485750e+15,3.190680038802132246e-01
1.650815643292402750e+15,3.190680038802131691e-01
1.650815643294319500e+15,3.190680038802131691e-01
1.650815643296236500e+15,3.190680038802131691e-01
1.650815643298153500e+15,3.190680038802131691e-01
1.650815643300070250e+15,3.190680038802131691e-01
1.650815643301987250e+15,3.190680038802131691e-01
1.650815643303904250e+15,3.190680038802131691e-01
1.650815643305821250e+15,3.190680038802131691e-01
1.650815643307738000e+15,3.190680038802131691e-01
1.650815643309655000e+15,3.190680038802131691e-01
1.650815643311572000e+15,3.190680038802131691e-01
1.650815643313488750e+15,3.190680038802131691e-01
1.650815643315405750e+15,3.190680038802131691e-01
1.650815643317322750e+15,3.190680038802131691e-01
1.650815643319239750e+15,3.190680038802131691e-01
1.650815643321156500e+15,3.190680038802131691e-01
1.650815643323073500e+15,3.190680038802131691e-01
1.650815643324990500e+15,3.190680038802131691e-01
1.650815643326907250e+15,3.190680038802131691e-01
1.650815643328824250e+15,3.190680038802131691e-01
1.650815643330741250e+15,3.190680038802132246e-01
1.650815643332658250e+15,3.190680038802131691e-01
1.650815643334575000e+15,3.190680038802131691e-01
1.650815643336492000e+15,3.190680038802131691e-01
1.650815643338409000e+15,3.190680038802131691e-01
1.650815643340325750e+15,3.190680038802131691e-01
1.650815643342242750e+15,3.190680038802131691e-01
1.650815643344159750e+15,3.190680038802131691e-01
1.650815643346076750e+15,3.190680038802131691e-01
1.650815643347993500e+15,3.190680038802131691e-01
1.650815643349910500e+15,3.190680038802131691e-01
1.650815643351827500e+15,3.190680038802132246e-01
1.650815643353744250e+15,3.190680038802132246e-01
1.650815643355661250e+15,3.190680038802131691e-01
1.650815643357578250e+15,3.190680038802131691e-01
1.650815643359495250e+15,3.190680038802131691e-01
1.650815643361412000e+15,3.190680038802131691e-01
1.650815643363329000e+15,3.190680038802131691e-01
1.650815643365246000e+15,3.190680038802131691e-01
1.650815643367163000e+15,3.190680038802131691e-01
1.650815643369079750e+15,3.190680038802131691e-01
1.650815643370996750e+15,3.190680038802131691e-01
1.650815643372913750e+15,3.190680038802131691e-01
1.650815643374830500e+15,3.190680038802131691e-01
1.650815643376747500e+15,3.190680038802131691e-01
1.650815643378664500e+15,3.190680038802131691e-01
1.650815643380581500e+15,3.190680038802131691e-01
1.650815643382498250e+15,3.190680038802131691e-01
1.650815643384415250e+15,3.190680038802131691e-01
1.650815643386332250e+15,3.190680038802131691e-01
1.650815643388249000e+15,3.190680038802131691e-01
1.650815643390166000e+15,3.190680038802131691e-01
1.650815643392083000e+15,3.190680038802130580e-01
1.650815643394000000e+15,3.190680038802128360e-01
1.650815643395916750e+15,3.190680038802126139e-01
1.650815643397833750e+15,3.190680038802123919e-01
1.650815643399750750e+15,3.190680038802123364e-01
1.650815643401667500e+15,3.190680038802123919e-01
1.650815643403584500e+15,3.190680038802125029e-01
1.650815643405501500e+15,3.190680038802126139e-01
1.650815643407418500e+15,3.190680038802127250e-01
1.650815643409335250e+15,3.190680038802127250e-01
1.650815643411252250e+15,3.190680038802128360e-01
1.650815643413169250e+15,3.190680038802128915e-01
1.650815643415086000e+15,3.190680038802129470e-01
1.650815643417003000e+15,3.190680038802130580e-01
1.650815643418920000e+15,3.190680038802131135e-01
1.650815643420837000e+15,3.190680038802131691e-01
1.650815643422753750e+15,3.190680038802131691e-01
1.650815643424670750e+15,3.190680038802131691e-01
1.650815643426587750e+15,3.190680038802131691e-01
1.650815643428504500e+15,3.190680038802131691e-01
1.650815643430421500e+15,3.190680038802131691e-01
1.650815643432338500e+15,3.190680038802131691e-01
1.650815643434255500e+15,3.190680038802131135e-01
1.650815643436172250e+15,3.190680038802131691e-01
1.650815643438089250e+15,3.190680038802131691e-01
1.650815643440006250e+15,3.190680038802131691e-01
1.650815643441923250e+15,3.190680038802131691e-01
1.650815643443840000e+15,3.190680038802131691e-01
1.650815643445757000e+15,3.190680038802131135e-01
1.650815643447674000e+15,3.190680038802131691e-01
1.650815643449590750e+15,3.198590216648782292e-01
1.650815643451507750e+15,3.211166464570847645e-01
1.650815643453424750e+15,3.223742712492912998e-01
1.650815643455341750e+15,3.236318960414977797e-01
1.650815643457258500e+15,3.248893568242113283e-01
1.650815643459175500e+15,3.252039270317559350e-01
1.650815643461092500e+15,3.252039270317559350e-01
1.650815643463009250e+15,3.252039270317559350e-01
1.650815643464926250e+15,3.252039270317559350e-01
1.650815643466843250e+15,3.252039270317559350e-01
1.650815643468760250e+15,3.252039270317559350e-01
1.650815643470677000e+15,3.248359727105984418e-01
1.650815643472594000e+15,3.241935606580856888e-01
1.650815643474511000e+15,3.235511486055730468e-01
1.650815643476427750e+15,3.229088203313666416e-01
1.650815643478344750e+15,3.222664082788538886e-01
1.650815643480261750e+15,3.216239962263411911e-01
1.650815643482178750e+15,3.209815841738285491e-01
1.650815643484095500e+15,3.203392558996220885e-01
1.650815643486012500e+15,3.196968438471093910e-01
1.650815643487929500e+15,3.190855896765217858e-01
1.650815643489846250e+15,3.199178754808328362e-01
1.650815643491763250e+15,3.207502698394421037e-01
1.650815643493680250e+15,3.215826641980513712e-01
1.650815643495597250e+15,3.224150585566606386e-01
1.650815643497514000e+15,3.232473443609716890e-01
1.650815643499431000e+15,3.240797387195809565e-01
1.650815643501348000e+15,3.249121330781902239e-01
1.650815643503264750e+15,3.258445653762352401e-01
1.650815643505181750e+15,3.268311921738789039e-01
1.650815643507098750e+15,3.278178189715225122e-01
1.650815643509015750e+15,3.288044457691661759e-01
1.650815643510932500e+15,3.297909438987350339e-01
1.650815643512849500e+15,3.307775706963786977e-01
1.650815643514766500e+15,3.304371704369436502e-01
1.650815643516683500e+15,3.283383989708882345e-01
1.650815643518600250e+15,3.262399012100318241e-01
1.650815643520517250e+15,3.241411297439764638e-01
1.650815643522434250e+15,3.220423582779210481e-01
1.650815643524351000e+15,3.199438605170646932e-01
1.650815643526268000e+15,3.194141916850558038e-01
1.650815643528185000e+15,3.200083206213880649e-01
1.650815643530102000e+15,3.206024495577204370e-01
1.650815643532018750e+15,3.211965010124491204e-01
1.650815643533935750e+15,3.217906299487814925e-01
1.650815643535852750e+15,3.223847588851138091e-01
1.650815643537769500e+15,3.229788103398425481e-01
1.650815643539686500e+15,3.235729392761748646e-01
1.650815643541603500e+15,3.241670682125072367e-01
1.650815643543520500e+15,3.247611971488395533e-01
1.650815643545437250e+15,3.252039270317559350e-01
1.650815643547354250e+15,3.252039270317559350e-01
1.650815643549271250e+15,3.252039270317559350e-01
1.650815643551188000e+15,3.252039270317558795e-01
1.650815643553105000e+15,3.252039270317559350e-01
1.650815643555022000e+15,3.252039270317559350e-01
1.650815643556939000e+15,3.252039270317558795e-01
1.650815643558855750e+15,3.255571872821904078e-01
1.650815643560772750e+15,3.262116447840825439e-01
1.650815643562689750e+15,3.268661022859747356e-01
1.650815643564606500e+15,3.275204744386881472e-01
1.650815643566523500e+15,3.281749319405803389e-01
1.650815643568440500e+15,3.288293894424724750e-01
1.650815643570357500e+15,3.294838469443646112e-01
1.650815643572274250e+15,3.301382190970780783e-01
1.650815643574191250e+15,3.307926765989702700e-01
1.650815643576108250e+15,3.314931019596754624e-01
1.650815643578025000e+15,3.324278524525000611e-01
1.650815643579942000e+15,3.333627248640010921e-01
1.650815643581859000e+15,3.342975972755021785e-01
1.650815643583776000e+15,3.352324696870032650e-01
1.650815643585692750e+15,3.361672201798278081e-01
1.650815643587609750e+15,3.371020925913288946e-01
1.650815643589526750e+15,3.374757733348410227e-01
1.650815643591443500e+15,3.374757733348410782e-01
1.650815643593360500e+15,3.374757733348410227e-01
1.650815643595277500e+15,3.374757733348410227e-01
1.650815643597194500e+15,3.374757733348410227e-01
1.650815643599111250e+15,3.374757733348410227e-01
1.650815643601028250e+15,3.374757733348410227e-01
1.650815643602945250e+15,3.374757733348410782e-01
1.650815643604862250e+15,3.374757733348410227e-01
1.650815643606779000e+15,3.374757733348410782e-01
1.650815643608696000e+15,3.374757733348410227e-01
1.650815643610613000e+15,3.374757733348410227e-01
1.650815643612529750e+15,3.374757733348410782e-01
1.650815643614446750e+15,3.374757733348409672e-01
1.650815643616363750e+15,3.374757733348408562e-01
1.650815643618280750e+15,3.374757733348408006e-01
1.650815643620197500e+15,3.374757733348406896e-01
1.650815643622114500e+15,3.374757733348406341e-01
1.650815643624031500e+15,3.374757733348405786e-01
1.650815643625948250e+15,3.374757733348405786e-01
1.650815643627865250e+15,3.374757733348405786e-01
1.650815643629782250e+15,3.374757733348405786e-01
1.650815643631699250e+15,3.374757733348405786e-01
1.650815643633616000e+15,3.374757733348405786e-01
1.650815643635533000e+15,3.374757733348406341e-01
1.650815643637450000e+15,3.374757733348407451e-01
1.650815643639366750e+15,3.374757733348408006e-01
1.650815643641283750e+15,3.374757733348409117e-01
1.650815643643200750e+15,3.374757733348409672e-01
1.650815643645117750e+15,3.374757733348410227e-01
1.650815643647034500e+15,3.374757733348410227e-01
1.650815643648951500e+15,3.374757733348410227e-01
1.650815643650868500e+15,3.374757733348410227e-01
1.650815643652785250e+15,3.374757733348410227e-01
1.650815643654702250e+15,3.374757733348410227e-01
1.650815643656619250e+15,3.374757733348410227e-01
1.650815643658536250e+15,3.374757733348410227e-01
1.650815643660453000e+15,3.374757733348410227e-01
1.650815643662370000e+15,3.374757733348410227e-01
1.650815643664287000e+15,3.374757733348410227e-01
1.650815643666203750e+15,3.374757733348410227e-01
1.650815643668120750e+15,3.374757733348409672e-01
1.650815643670037750e+15,3.374757733348410227e-01
1.650815643671954750e+15,3.374757733348410227e-01
1.650815643673871500e+15,3.374757733348410227e-01
1.650815643675788500e+15,3.374757733348410227e-01
1.650815643677705500e+15,3.374757733348409672e-01
1.650815643679622500e+15,3.374757733348410227e-01
1.650815643681539250e+15,3.374757733348410227e-01
1.650815643683456250e+15,3.374757733348409117e-01
1.650815643685373250e+15,3.374757733348409117e-01
1.650815643687290000e+15,3.374757733348409117e-01
1.650815643689207000e+15,3.374757733348409117e-01
1.650815643691124000e+15,3.374757733348408006e-01
1.650815643693041000e+15,3.374757733348408006e-01
1.650815643694957750e+15,3.374757733348407451e-01
1.650815643696874750e+15,3.374757733348407451e-01
1.650815643698791750e+15,3.374757733348406896e-01
1.650815643700708500e+15,3.374757733348406896e-01
1.650815643702625500e+15,3.374757733348406341e-01
1.650815643704542500e+15,3.374757733348405786e-01
1.650815643706459500e+15,3.374757733348406896e-01
1.650815643708376250e+15,3.374757733348408006e-01
1.650815643710293250e+15,3.374757733348409672e-01
1.650815643712210250e+15,3.374757733348410227e-01
1.650815643714127000e+15,3.374757733348410227e-01
1.650815643716044000e+15,3.374757733348410227e-01
1.650815643717961000e+15,3.374757733348410227e-01
1.650815643719878000e+15,3.374757733348410227e-01
1.650815643721794750e+15,3.374757733348410227e-01
1.650815643723711750e+15,3.374757733348410227e-01
1.650815643725628750e+15,3.374757733348410227e-01
1.650815643727545500e+15,3.374757733348410782e-01
1.650815643729462500e+15,3.374757733348411337e-01
1.650815643731379500e+15,3.374757733348412447e-01
1.650815643733296500e+15,3.374757733348412447e-01
1.650815643735213250e+15,3.374757733348413558e-01
1.650815643737130250e+15,3.374757733348414113e-01
1.650815643739047250e+15,3.374757733348414668e-01
1.650815643740964000e+15,3.374757733348414113e-01
1.650815643742881000e+15,3.374757733348413002e-01
1.650815643744798000e+15,3.374757733348412447e-01
1.650815643746715000e+15,3.374757733348411337e-01
1.650815643748631750e+15,3.374757733348410227e-01
1.650815643750548750e+15,3.374757733348410227e-01
1.650815643752465750e+15,3.374757733348410227e-01
1.650815643754382750e+15,3.374757733348410227e-01
1.650815643756299500e+15,3.374757733348410227e-01
1.650815643758216500e+15,3.374757733348410227e-01
1.650815643760133500e+15,3.374757733348410227e-01
1.650815643762050250e+15,3.374757733348410227e-01
1.650815643763967250e+15,3.374757733348410227e-01
1.650815643765884250e+15,3.374757733348410227e-01
1.650815643767801250e+15,3.374757733348410227e-01
1.650815643769718000e+15,3.374757733348410227e-01
1.650815643771635000e+15,3.374757733348410227e-01
1.650815643773552000e+15,3.374757733348410227e-01
1.650815643775468750e+15,3.374757733348410227e-01
1.650815643777385750e+15,3.374757733348410227e-01
1.650815643779302750e+15,3.374757733348410227e-01
1.650815643781219750e+15,3.374757733348410227e-01
1.650815643783136500e+15,3.374757733348410782e-01
1.650815643785053500e+15,3.374757733348410227e-01
1.650815643786970500e+15,3.374757733348410227e-01
1.650815643788887250e+15,3.374757733348410227e-01
1.650815643790804250e+15,3.374757733348410782e-01
1.650815643792721250e+15,3.374757733348410782e-01
1.650815643794638250e+15,3.374757733348410227e-01
1.650815643796555000e+15,3.374757733348410782e-01
1.650815643798472000e+15,3.374757733348410782e-01
1.650815643800389000e+15,3.374757733348410782e-01
1.650815643802305750e+15,3.374757733348410227e-01
1.650815643804222750e+15,3.374757733348410782e-01
1.650815643806139750e+15,3.374757733348410227e-01
1.650815643808056750e+15,3.374757733348410227e-01
1.650815643809973500e+15,3.374757733348410227e-01
1.650815643811890500e+15,3.374757733348410227e-01
1.650815643813807500e+15,3.374757733348409672e-01
1.650815643815724250e+15,3.374757733348409672e-01
1.650815643817641250e+15,3.374757733348410227e-01
1.650815643819558250e+15,3.374757733348410227e-01
1.650815643821475250e+15,3.374757733348410227e-01
1.650815643823392000e+15,3.374757733348410227e-01
1.650815643825309000e+15,3.374757733348410227e-01
1.650815643827226000e+15,3.370032709058316533e-01
1.650815643829142750e+15,3.357366009326795409e-01
1.650815643831059750e+15,3.344697657488879816e-01
1.650815643832976750e+15,3.332029305650964224e-01
1.650815643834893750e+15,3.319360953813048076e-01
1.650815643836810500e+15,3.315862537789627251e-01
1.650815643838727500e+15,3.320518582076333325e-01
1.650815643840644500e+15,3.325174626363038843e-01
1.650815643842561500e+15,3.329830670649744917e-01
1.650815643844478250e+15,3.334486107731927107e-01
1.650815643846395250e+15,3.339142152018632625e-01
1.650815643848312250e+15,3.343798196305338699e-01
1.650815643850229000e+15,3.348453633387520889e-01
1.650815643852146000e+15,3.353109677674227518e-01
1.650815643854063000e+15,3.357765721960932481e-01
1.650815643855980000e+15,3.362421766247638555e-01
1.650815643857896750e+15,3.367077203329820745e-01
1.650815643859813750e+15,3.371733247616526818e-01
1.650815643861730750e+15,3.374757733348410227e-01
1.650815643863647500e+15,3.374757733348410227e-01
1.650815643865564500e+15,3.374757733348410227e-01
1.650815643867481500e+15,3.374757733348410227e-01
1.650815643869398500e+15,3.374757733348410227e-01
1.650815643871315250e+15,3.374757733348410227e-01
1.650815643873232250e+15,3.374757733348410227e-01
1.650815643875149250e+15,3.374757733348410227e-01
1.650815643877066000e+15,3.374757733348410227e-01
1.650815643878983000e+15,3.374757733348410227e-01
1.650815643880900000e+15,3.374757733348410227e-01
1.650815643882817000e+15,3.374757733348410227e-01
1.650815643884733750e+15,3.374757733348409672e-01
1.650815643886650750e+15,3.374757733348409672e-01
1.650815643888567750e+15,3.374757733348410227e-01
1.650815643890484500e+15,3.374757733348410227e-01
1.650815643892401500e+15,3.374757733348410227e-01
1.650815643894318500e+15,3.374757733348410227e-01
1.650815643896235500e+15,3.374757733348410227e-01
1.650815643898152250e+15,3.374757733348410227e-01
1.650815643900069250e+15,3.374757733348410227e-01
1.650815643901986250e+15,3.374757733348410227e-01
1.650815643903903000e+15,3.374757733348409672e-01
1.650815643905820000e+15,3.374757733348409672e-01
1.650815643907737000e+15,3.374757733348409672e-01
1.650815643909654000e+15,3.374757733348410227e-01
1.650815643911570750e+15,3.374757733348410227e-01
1.650815643913487750e+15,3.374757733348409672e-01
1.650815643915404750e+15,3.374757733348410227e-01
1.650815643917321750e+15,3.374757733348409672e-01
1.650815643919238500e+15,3.374757733348409672e-01
1.650815643921155500e+15,3.367504836567362103e-01
1.650815643923072500e+15,3.356951665311748156e-01
1.650815643924989250e+15,3.346399870317383618e-01
1.650815643926906250e+15,3.335846699061770226e-01
1.650815643928823250e+15,3.325293527806156835e-01
1.650815643930740250e+15,3.314740356550543998e-01
1.650815643932657000e+15,3.313398501832987564e-01
1.650815643934574000e+15,3.313398501832988674e-01
1.650815643936491000e+15,3.313398501832989784e-01
1.650815643938407750e+15,3.313398501832990339e-01
1.650815643940324750e+15,3.313398501832991450e-01
1.650815643942241750e+15,3.313398501832992560e-01
1.650815643944158750e+15,3.313398501832993670e-01
1.650815643946075500e+15,3.313398501832993670e-01
1.650815643947992500e+15,3.313398501832995335e-01
1.650815643949909500e+15,3.313398501832995890e-01
1.650815643951826250e+15,3.313398501832994780e-01
1.650815643953743250e+15,3.313398501832993115e-01
1.650815643955660250e+15,3.313398501832992560e-01
1.650815643957577250e+15,3.313398501832990339e-01
1.650815643959494000e+15,3.313398501832989784e-01
1.650815643961411000e+15,3.313398501832988674e-01
1.650815643963328000e+15,3.313398501832988119e-01
1.650815643965244750e+15,3.313398501832987564e-01
1.650815643967161750e+15,3.313398501832988674e-01
1.650815643969078750e+15,3.313398501832989784e-01
1.650815643970995750e+15,3.313398501832990339e-01
1.650815643972912500e+15,3.313398501832991450e-01
1.650815643974829500e+15,3.313398501832992560e-01
1.650815643976746500e+15,3.313398501832993115e-01
1.650815643978663250e+15,3.313398501832993670e-01
1.650815643980580250e+15,3.313398501832994780e-01
1.650815643982497250e+15,3.313398501832995890e-01
1.650815643984414250e+15,3.304329209341367868e-01
1.650815643986331000e+15,3.293397867487365405e-01
1.650815643988248000e+15,3.282465099868154823e-01
1.650815643990165000e+15,3.271532332248943686e-01
1.650815643992082000e+15,3.260599564629732550e-01
1.650815643993998750e+15,3.252039270317559905e-01
1.650815643995915750e+15,3.252039270317559905e-01
1.650815643997832750e+15,3.252039270317559350e-01
1.650815643999749500e+15,3.252039270317559350e-01
1.650815644001666500e+15,3.252039270317559350e-01
1.650815644003583500e+15,3.252039270317559350e-01
1.650815644005500500e+15,3.252039270317559905e-01
1.650815644007417250e+15,3.252039270317559905e-01
1.650815644009334250e+15,3.252039270317559350e-01
1.650815644011251250e+15,3.252039270317559350e-01
1.650815644013168000e+15,3.252039270317559905e-01
1.650815644015085000e+15,3.252039270317559350e-01
1.650815644017002000e+15,3.252039270317559350e-01
1.650815644018919000e+15,3.252039270317559350e-01
1.650815644020835750e+15,3.252039270317559350e-01
1.650815644022752750e+15,3.252039270317559350e-01
1.650815644024669750e+15,3.252039270317559350e-01
1.650815644026586500e+15,3.252039270317559905e-01
1.650815644028503500e+15,3.252039270317559350e-01
1.650815644030420500e+15,3.252039270317559350e-01
1.650815644032337500e+15,3.252039270317558795e-01
1.650815644034254250e+15,3.252039270317558239e-01
1.650815644036171250e+15,3.252039270317558239e-01
1.650815644038088250e+15,3.252039270317557129e-01
1.650815644040005000e+15,3.252039270317557129e-01
1.650815644041922000e+15,3.252039270317557129e-01
1.650815644043839000e+15,3.252039270317556019e-01
1.650815644045756000e+15,3.252039270317556019e-01
1.650815644047672750e+15,3.252039270317555464e-01
1.650815644049589750e+15,3.252039270317554909e-01
1.650815644051506750e+15,3.252039270317554354e-01
1.650815644053423500e+15,3.252039270317554909e-01
1.650815644055340500e+15,3.252039270317554354e-01
1.650815644057257500e+15,3.252039270317554354e-01
1.650815644059174500e+15,3.252039270317554909e-01
1.650815644061091250e+15,3.258814749223663543e-01
1.650815644063008250e+15,3.268690128857200672e-01
1.650815644064925250e+15,3.278565508490738356e-01
1.650815644066842250e+15,3.288440888124276595e-01
1.650815644068759000e+15,3.298314979888795628e-01
1.650815644070676000e+15,3.308190359522332757e-01
1.650815644072593000e+15,3.313398501832977572e-01
1.650815644074509750e+15,3.313398501832978127e-01
1.650815644076426750e+15,3.313398501832978127e-01
1.650815644078343750e+15,3.313398501832978127e-01
1.650815644080260750e+15,3.313398501832978127e-01
1.650815644082177500e+15,3.313398501832978127e-01
1.650815644084094500e+15,3.313398501832978127e-01
1.650815644086011500e+15,3.313398501832978127e-01
1.650815644087928250e+15,3.313398501832978682e-01
1.650815644089845250e+15,3.313398501832979792e-01
1.650815644091762250e+15,3.313398501832981458e-01
1.650815644093679250e+15,3.313398501832982568e-01
1.650815644095596000e+15,3.313398501832983678e-01
1.650815644097513000e+15,3.313398501832984788e-01
1.650815644099430000e+15,3.313398501832986454e-01
1.650815644101346750e+15,3.313398501832988119e-01
1.650815644103263750e+15,3.313398501832988674e-01
1.650815644105180750e+15,3.313398501832990339e-01
1.650815644107097750e+15,3.313398501832991450e-01
1.650815644109014500e+15,3.313398501832989229e-01
1.650815644110931500e+15,3.313398501832987564e-01
1.650815644112848500e+15,3.313398501832985898e-01
1.650815644114765250e+15,3.313398501832983678e-01
1.650815644116682250e+15,3.313398501832982013e-01
1.650815644118599250e+15,3.313398501832980347e-01
1.650815644120516250e+15,3.313398501832978127e-01
1.650815644122433000e+15,3.313398501832978127e-01
1.650815644124350000e+15,3.313398501832978682e-01
1.650815644126267000e+15,3.313398501832978127e-01
1.650815644128183750e+15,3.313398501832978127e-01
1.650815644130100750e+15,3.313398501832978127e-01
1.650815644132017750e+15,3.313398501832978127e-01
1.650815644133934750e+15,3.313398501832978127e-01
1.650815644135851500e+15,3.313398501832978127e-01
1.650815644137768500e+15,3.313398501832978682e-01
1.650815644139685500e+15,3.313398501832978127e-01
1.650815644141602250e+15,3.313398501832979237e-01
1.650815644143519250e+15,3.313398501832980347e-01
1.650815644145436250e+15,3.313398501832982568e-01
1.650815644147353250e+15,3.313398501832984233e-01
1.650815644149270000e+15,3.313398501832985898e-01
1.650815644151187000e+15,3.313398501832987009e-01
1.650815644153104000e+15,3.313398501832985898e-01
1.650815644155021000e+15,3.313398501832984788e-01
1.650815644156937750e+15,3.313398501832984233e-01
1.650815644158854750e+15,3.313398501832983678e-01
1.650815644160771750e+15,3.313398501832983678e-01
1.650815644162688500e+15,3.313398501832982568e-01
1.650815644164605500e+15,3.313398501832981458e-01
1.650815644166522500e+15,3.313398501832980902e-01
1.650815644168439500e+15,3.313398501832980347e-01
1.650815644170356250e+15,3.313398501832979237e-01
1.650815644172273250e+15,3.313398501832978682e-01
1.650815644174190250e+15,3.313398501832977572e-01
1.650815644176107000e+15,3.313398501832977572e-01
1.650815644178024000e+15,3.313398501832978127e-01
1.650815644179941000e+15,3.313398501832978127e-01
1.650815644181858000e+15,3.313398501832978127e-01
1.650815644183774750e+15,3.313398501832977572e-01
1.650815644185691750e+15,3.319255727914273701e-01
1.650815644187608750e+15,3.328050168797644370e-01
1.650815644189525500e+15,3.336843462779491842e-01
1.650815644191442500e+15,3.345637903662862511e-01
1.650815644193359500e+15,3.354432344546233180e-01
1.650815644195276500e+15,3.363226785429603849e-01
1.650815644197193250e+15,3.372020079411450766e-01
1.650815644199110250e+15,3.370890930226298488e-01
1.650815644201027250e+15,3.365276340879516104e-01
1.650815644202944000e+15,3.359662483743134365e-01
1.650815644204861000e+15,3.354047894396351981e-01
1.650815644206778000e+15,3.348433305049569597e-01
1.650815644208695000e+15,3.342818715702787769e-01
1.650815644210611750e+15,3.337204858566406029e-01
1.650815644212528750e+15,3.331590269219624201e-01
1.650815644214445750e+15,3.325975679872841817e-01
1.650815644216362500e+15,3.320361822736460078e-01
1.650815644218279500e+15,3.314747233389678249e-01
1.650815644220196500e+15,3.313398501832978127e-01
1.650815644222113500e+15,3.313398501832978127e-01
1.650815644224030250e+15,3.313398501832978127e-01
1.650815644225947250e+15,3.313398501832978127e-01
1.650815644227864250e+15,3.313398501832978127e-01
1.650815644229781250e+15,3.313398501832978127e-01
1.650815644231698000e+15,3.313398501832978127e-01
1.650815644233615000e+15,3.313398501832978127e-01
1.650815644235532000e+15,3.313398501832979237e-01
1.650815644237448750e+15,3.313398501832980347e-01
1.650815644239365750e+15,3.313398501832980902e-01
1.650815644241282750e+15,3.313398501832982013e-01
1.650815644243199750e+15,3.313398501832983678e-01
1.650815644245116500e+15,3.313398501832984233e-01
1.650815644247033500e+15,3.313398501832985343e-01
1.650815644248950500e+15,3.313398501832985898e-01
1.650815644250867250e+15,3.307152524134042149e-01
1.650815644252784250e+15,3.292501512511065154e-01
1.650815644254701250e+15,3.277850500888087604e-01
1.650815644256618250e+15,3.263199489265110609e-01
1.650815644258535000e+15,3.248550388311359782e-01
1.650815644260452000e+15,3.233899376688382787e-01
1.650815644262369000e+15,3.219248365065405793e-01
1.650815644264285750e+15,3.204599264111654411e-01
1.650815644266202750e+15,3.190401833175770530e-01
1.650815644268119750e+15,3.184831909564866392e-01
1.650815644270036750e+15,3.179261985953962810e-01
1.650815644271953500e+15,3.173692788728506020e-01
1.650815644273870500e+15,3.168122865117602438e-01
1.650815644275787500e+15,3.162552941506698856e-01
1.650815644277704250e+15,3.156983744281242066e-01
1.650815644279621250e+15,3.151413820670338484e-01
1.650815644281538250e+15,3.145843897059434902e-01
1.650815644283455250e+15,3.140273973448530764e-01
1.650815644285372000e+15,3.134704776223073974e-01
1.650815644287289000e+15,3.129320807286713468e-01
1.650815644289206000e+15,3.129320807286712358e-01
1.650815644291122750e+15,3.129320807286712358e-01
1.650815644293039750e+15,3.129320807286711803e-01
1.650815644294956750e+15,3.129320807286711248e-01
1.650815644296873750e+15,3.129320807286711248e-01
1.650815644298790500e+15,3.129320807286710693e-01
1.650815644300707500e+15,3.129320807286710693e-01
1.650815644302624500e+15,3.129320807286709583e-01
1.650815644304541500e+15,3.129320807286709027e-01
1.650815644306458250e+15,3.129320807286708472e-01
1.650815644308375250e+15,3.128263168885439538e-01
1.650815644310292250e+15,3.123484164017479858e-01
1.650815644312209000e+15,3.118705782389591397e-01
1.650815644314126000e+15,3.113926777521632272e-01
1.650815644316043000e+15,3.109147772653672592e-01
1.650815644317960000e+15,3.104368767785712913e-01
1.650815644319876750e+15,3.099590386157824451e-01
1.650815644321793750e+15,3.094811381289864771e-01
1.650815644323710750e+15,3.090032376421905091e-01
1.650815644325627500e+15,3.085253994794017185e-01
1.650815644327544500e+15,3.080474989926057505e-01
1.650815644329461500e+15,3.075695985058097826e-01
1.650815644331378500e+15,3.070916980190137591e-01
1.650815644333295250e+15,3.067961575771272487e-01
1.650815644335212250e+15,3.067961575771273597e-01
1.650815644337129250e+15,3.067961575771275262e-01
1.650815644339046000e+15,3.067961575771276372e-01
1.650815644340963000e+15,3.067961575771277483e-01
1.650815644342880000e+15,3.067961575771278593e-01
1.650815644344797000e+15,3.067961575771280258e-01
1.650815644346713750e+15,3.067961575771280813e-01
1.650815644348630750e+15,3.067961575771280258e-01
1.650815644350547750e+15,3.067961575771280258e-01
1.650815644352464500e+15,3.067961575771280813e-01
1.650815644354381500e+15,3.067961575771280813e-01
1.650815644356298500e+15,3.067961575771280813e-01
1.650815644358215500e+15,3.067961575771280813e-01
1.650815644360132250e+15,3.067961575771280813e-01
1.650815644362049250e+15,3.067961575771280813e-01
1.650815644363966250e+15,3.067961575771280813e-01
1.650815644365883000e+15,3.067961575771280813e-01
1.650815644367800000e+15,3.067961575771280813e-01
1.650815644369717000e+15,3.067961575771280813e-01
1.650815644371634000e+15,3.067961575771280813e-01
1.650815644373550750e+15,3.067961575771280813e-01
1.650815644375467750e+15,3.067961575771280813e-01
1.650815644377384750e+15,3.067961575771280813e-01
1.650815644379301750e+15,3.067961575771280813e-01
1.650815644381218500e+15,3.067961575771280813e-01
1.650815644383135500e+15,3.067961575771280813e-01
1.650815644385052500e+15,3.067961575771281368e-01
1.650815644386969250e+15,3.067961575771280813e-01
1.650815644388886250e+15,3.067961575771280813e-01
1.650815644390803250e+15,3.067961575771281368e-01
1.650815644392720250e+15,3.067961575771280813e-01
1.650815644394637000e+15,3.067961575771280813e-01
1.650815644396554000e+15,3.067961575771280813e-01
1.650815644398471000e+15,3.067961575771280813e-01
1.650815644400387750e+15,3.067961575771280258e-01
1.650815644402304750e+15,3.067961575771280813e-01
1.650815644404221750e+15,3.067961575771280258e-01
1.650815644406138750e+15,3.067961575771280813e-01
1.650815644408055500e+15,3.067961575771280813e-01
1.650815644409972500e+15,3.067961575771280813e-01
1.650815644411889500e+15,3.067961575771280813e-01
1.650815644413806250e+15,3.067961575771280813e-01
1.650815644415723250e+15,3.067961575771280813e-01
1.650815644417640250e+15,3.067961575771280258e-01
1.650815644419557250e+15,3.067961575771280813e-01
1.650815644421474000e+15,3.067961575771280813e-01
1.650815644423391000e+15,3.067961575771280813e-01
1.650815644425308000e+15,3.067961575771280813e-01
1.650815644427224750e+15,3.067961575771280813e-01
1.650815644429141750e+15,3.067961575771280813e-01
1.650815644431058750e+15,3.067961575771280813e-01
1.650815644432975750e+15,3.067961575771280813e-01
1.650815644434892500e+15,3.067961575771280813e-01
1.650815644436809500e+15,3.067961575771280813e-01
1.650815644438726500e+15,3.067961575771280813e-01
1.650815644440643250e+15,3.067961575771280813e-01
1.650815644442560250e+15,3.067961575771280813e-01
1.650815644444477250e+15,3.067961575771281368e-01
1.650815644446394250e+15,3.067961575771280813e-01
1.650815644448311000e+15,3.067961575771280813e-01
1.650815644450228000e+15,3.067961575771280813e-01
1.650815644452145000e+15,3.067961575771280813e-01
1.650815644454061750e+15,3.067961575771280813e-01
1.650815644455978750e+15,3.067961575771280813e-01
1.650815644457895750e+15,3.067961575771280813e-01
1.650815644459812750e+15,3.067961575771280813e-01
1.650815644461729500e+15,3.067961575771280813e-01
1.650815644463646500e+15,3.067961575771280813e-01
1.650815644465563500e+15,3.067961575771280813e-01
1.650815644467480500e+15,3.067961575771280813e-01
1.650815644469397250e+15,3.067961575771280813e-01
1.650815644471314250e+15,3.067961575771281924e-01
1.650815644473231250e+15,3.067961575771283034e-01
1.650815644475148000e+15,3.067961575771283034e-01
1.650815644477065000e+15,3.067961575771284144e-01
1.650815644478982000e+15,3.067961575771285254e-01
1.650815644480899000e+15,3.067961575771284699e-01
1.650815644482815750e+15,3.067961575771284144e-01
1.650815644484732750e+15,3.067961575771283034e-01
1.650815644486649750e+15,3.067961575771281924e-01
1.650815644488566500e+15,3.067961575771281368e-01
1.650815644490483500e+15,3.067961575771280813e-01
1.650815644492400500e+15,3.067961575771280813e-01
1.650815644494317500e+15,3.067961575771280813e-01
1.650815644496234250e+15,3.067961575771280813e-01
1.650815644498151250e+15,3.067961575771280813e-01
1.650815644500068250e+15,3.067961575771281368e-01
1.650815644501985000e+15,3.067961575771281368e-01
1.650815644503902000e+15,3.067961575771280813e-01
1.650815644505819000e+15,3.067961575771280258e-01
1.650815644507736000e+15,3.067961575771280813e-01
1.650815644509652750e+15,3.067961575771280813e-01
1.650815644511569750e+15,3.067961575771280813e-01
1.650815644513486750e+15,3.067961575771280258e-01
1.650815644515403500e+15,3.067961575771280813e-01
1.650815644517320500e+15,3.067961575771280813e-01
1.650815644519237500e+15,3.067961575771280813e-01
1.650815644521154500e+15,3.067961575771280813e-01
1.650815644523071250e+15,3.067961575771281368e-01
1.650815644524988250e+15,3.067961575771280813e-01
1.650815644526905250e+15,3.067961575771280813e-01
1.650815644528822000e+15,3.067961575771281368e-01
1.650815644530739000e+15,3.067961575771280813e-01
1.650815644532656000e+15,3.067961575771280813e-01
1.650815644534573000e+15,3.067961575771281368e-01
1.650815644536489750e+15,3.067961575771280813e-01
1.650815644538406750e+15,3.067961575771280813e-01
1.650815644540323750e+15,3.067961575771279703e-01
1.650815644542240750e+15,3.067961575771278593e-01
1.650815644544157500e+15,3.067961575771278593e-01
1.650815644546074500e+15,3.067961575771277483e-01
1.650815644547991500e+15,3.067961575771276928e-01
1.650815644549908250e+15,3.068125084901121014e-01
1.650815644551825250e+15,3.074902317374909599e-01
1.650815644553742250e+15,3.081679549848698185e-01
1.650815644555659250e+15,3.088456782322486771e-01
1.650815644557576000e+15,3.095233130963140900e-01
1.650815644559493000e+15,3.102010363436930040e-01
1.650815644561410000e+15,3.108787595910718071e-01
1.650815644563326750e+15,3.115563944551372755e-01
1.650815644565243750e+15,3.122341177025160786e-01
1.650815644567160750e+15,3.129118409498949926e-01
1.650815644569077750e+15,3.114141182303556410e-01
1.650815644570994500e+15,3.098496312731598978e-01
1.650815644572911500e+15,3.082849402613199175e-01
1.650815644574828500e+15,3.067202492494799371e-01
1.650815644576745250e+15,3.051557622922841384e-01
1.650815644578662250e+15,3.035910712804441580e-01
1.650815644580579250e+15,3.020263802686042331e-01
1.650815644582496250e+15,3.010113844800760274e-01
1.650815644584413000e+15,3.037783602948552764e-01
1.650815644586330000e+15,3.065456970038323292e-01
1.650815644588247000e+15,3.093130337128093821e-01
1.650815644590163750e+15,3.120800095275886865e-01
1.650815644592080750e+15,3.113710383429927342e-01
1.650815644593997750e+15,3.091155129965867387e-01
1.650815644595914750e+15,3.068599876501807988e-01
1.650815644597831500e+15,3.046047564515769190e-01
1.650815644599748500e+15,3.023492311051709791e-01
1.650815644601665500e+15,3.008483199232595551e-01
1.650815644603582250e+15,3.015970486411561624e-01
1.650815644605499250e+15,3.023458750150743723e-01
1.650815644607416250e+15,3.030947013889926378e-01
1.650815644609333250e+15,3.038435277629108477e-01
1.650815644611250000e+15,3.045922564808074551e-01
1.650815644613167000e+15,3.053410828547256650e-01
1.650815644615084000e+15,3.060899092286438750e-01
1.650815644617001000e+15,3.067248020214343174e-01
1.650815644618917750e+15,3.054700243941302906e-01
1.650815644620834750e+15,3.042150831072950590e-01
1.650815644622751750e+15,3.029601418204597163e-01
1.650815644624668500e+15,3.017053641931558006e-01
1.650815644626585500e+15,3.004504229063205134e-01
1.650815644628502500e+15,2.991954816194851707e-01
1.650815644630419500e+15,2.979405403326498281e-01
1.650815644632336250e+15,2.966857627053459123e-01
1.650815644634253250e+15,2.954308214185105697e-01
1.650815644636170250e+15,2.945243112740425495e-01
1.650815644638087000e+15,2.945243112740426605e-01
1.650815644640004000e+15,2.945243112740427716e-01
1.650815644641921000e+15,2.945243112740428826e-01
1.650815644643838000e+15,2.945243112740429936e-01
1.650815644645754750e+15,2.945243112740431046e-01
1.650815644647671750e+15,2.945243112740432156e-01
1.650815644649588750e+15,2.945243112740433267e-01
1.650815644651505500e+15,2.945615018616957737e-01
1.650815644653422500e+15,2.952309324394378209e-01
1.650815644655339500e+15,2.959003630171799237e-01
1.650815644657256500e+15,2.965697935949219710e-01
1.650815644659173250e+15,2.972391368708150461e-01
1.650815644661090250e+15,2.979085674485571489e-01
1.650815644663007250e+15,2.985779980262991962e-01
1.650815644664924000e+15,2.992473413021923268e-01
1.650815644666841000e+15,2.999167718799343740e-01
1.650815644668758000e+15,3.005862024576764213e-01
1.650815644670675000e+15,3.014143430519373168e-01
1.650815644672591750e+15,3.022621071044652163e-01
1.650815644674508750e+15,3.031099817301056154e-01
1.650815644676425750e+15,3.039578563557459034e-01
1.650815644678342500e+15,3.048056204082738585e-01
1.650815644680259500e+15,3.056534950339142576e-01
1.650815644682176500e+15,3.065013696595545456e-01
1.650815644684093500e+15,3.052945975182236316e-01
1.650815644686010250e+15,3.029930259525251413e-01
1.650815644687927250e+15,3.006911541948916744e-01
1.650815644689844250e+15,2.983892824372582075e-01
1.650815644691761250e+15,2.960874106796247407e-01
1.650815644693678000e+15,2.937858391139263059e-01
1.650815644695595000e+15,2.914839673562928390e-01
1.650815644697512000e+15,2.891820955986593167e-01
1.650815644699428750e+15,2.868805240329608819e-01
1.650815644701345750e+15,2.845786522753274150e-01
1.650815644703262750e+15,2.822767805176938927e-01
1.650815644705179750e+15,2.812979572831302288e-01
1.650815644707096500e+15,2.803333849300818637e-01
1.650815644709013500e+15,2.793686867687182884e-01
1.650815644710930500e+15,2.784039886073546022e-01
1.650815644712847250e+15,2.774394162543062925e-01
1.650815644714764250e+15,2.764747180929426063e-01
1.650815644716681250e+15,2.772557733342271846e-01
1.650815644718598250e+15,2.790677682015932914e-01
1.650815644720515000e+15,2.808795267628994563e-01
1.650815644722432000e+15,2.826915216302655631e-01
1.650815644724349000e+15,2.845035164976316144e-01
1.650815644726265750e+15,2.863152750589378903e-01
1.650815644728182750e+15,2.881272699263039971e-01
1.650815644730099750e+15,2.867774996627069917e-01
1.650815644732016750e+15,2.848953889344270074e-01
1.650815644733933500e+15,2.830135236561637235e-01
1.650815644735850500e+15,2.811314129278836837e-01
1.650815644737767500e+15,2.792493021996037550e-01
1.650815644739684250e+15,2.773674369213404711e-01
1.650815644741601250e+15,2.754853261930604869e-01
1.650815644743518250e+15,2.736032154647805026e-01
1.650815644745435250e+15,2.717211047365004628e-01
1.650815644747352000e+15,2.700474395809657757e-01
1.650815644749269000e+15,2.709369929865096949e-01
1.650815644751186000e+15,2.718265463920536140e-01
1.650815644753102750e+15,2.727159837890679173e-01
1.650815644755019750e+15,2.736055371946118364e-01
1.650815644756936750e+15,2.744950906001557556e-01
1.650815644758853750e+15,2.753846440056997302e-01
1.650815644760770500e+15,2.761165418194160281e-01
1.650815644762687500e+15,2.761165418194160281e-01
1.650815644764604500e+15,2.761165418194159726e-01
1.650815644766521250e+15,2.761165418194159171e-01
1.650815644768438250e+15,2.761165418194159171e-01
1.650815644770355250e+15,2.761165418194158616e-01
1.650815644772272250e+15,2.761165418194158061e-01
1.650815644774189000e+15,2.761165418194158061e-01
1.650815644776106000e+15,2.761165418194157506e-01
1.650815644778023000e+15,2.761165418194156951e-01
1.650815644779940000e+15,2.761165418194156951e-01
1.650815644781856750e+15,2.761165418194156396e-01
1.650815644783773750e+15,2.761165418194155841e-01
1.650815644785690750e+15,2.769573262390707669e-01
1.650815644787607500e+15,2.779813602574180420e-01
1.650815644789524500e+15,2.790055278396127991e-01
1.650815644791441500e+15,2.800296954218075562e-01
1.650815644793358500e+15,2.810538630040023134e-01
1.650815644795275250e+15,2.820778970223495885e-01
1.650815644797192250e+15,2.807525953508716587e-01
1.650815644799109250e+15,2.789445462631778283e-01
1.650815644801026000e+15,2.771367329669663926e-01
1.650815644802943000e+15,2.753286838792725622e-01
1.650815644804860000e+15,2.735206347915786207e-01
1.650815644806777000e+15,2.717125857038847903e-01
1.650815644808693750e+15,2.699047724076733545e-01
1.650815644810610750e+15,2.680967233199794686e-01
1.650815644812527750e+15,2.662886742322855826e-01
1.650815644814444500e+15,2.644808609360742024e-01
1.650815644816361500e+15,2.650450237090076211e-01
1.650815644818278500e+15,2.668969586348531320e-01
1.650815644820195500e+15,2.687488935606985874e-01
1.650815644822112250e+15,2.706005869718171586e-01
1.650815644824029250e+15,2.724525218976626140e-01
1.650815644825946250e+15,2.743044568235081249e-01
1.650815644827863000e+15,2.760166121871561185e-01
1.650815644829780000e+15,2.713442925519992110e-01
1.650815644831697000e+15,2.666719729168423036e-01
1.650815644833614000e+15,2.619996532816853962e-01
1.650815644835530750e+15,2.573279429735544355e-01
1.650815644837447750e+15,2.526556233383975836e-01
1.650815644839364750e+15,2.524534885760505998e-01
1.650815644841281500e+15,2.535996203015020156e-01
1.650815644843198500e+15,2.547459015158963225e-01
1.650815644845115500e+15,2.558921827302906848e-01
1.650815644847032500e+15,2.570384639446849917e-01
1.650815644848949250e+15,2.581845956701364075e-01
1.650815644850866250e+15,2.593308768845307699e-01
1.650815644852783250e+15,2.604771580989251323e-01
1.650815644854700250e+15,2.616234393133194391e-01
1.650815644856617000e+15,2.627695710387708550e-01
1.650815644858534000e+15,2.638446955163299967e-01
1.650815644860451000e+15,2.638446955163300522e-01
1.650815644862367750e+15,2.638446955163300522e-01
1.650815644864284750e+15,2.638446955163300522e-01
1.650815644866201750e+15,2.638446955163300522e-01
1.650815644868118750e+15,2.638446955163300522e-01
1.650815644870035500e+15,2.638446955163300522e-01
1.650815644871952500e+15,2.634489136856025260e-01
1.650815644873869500e+15,2.623372451588558141e-01
1.650815644875786250e+15,2.612257216071385835e-01
1.650815644877703250e+15,2.601140530803918161e-01
1.650815644879620250e+15,2.590023845536451041e-01
1.650815644881537250e+15,2.578907160268982812e-01
1.650815644883454000e+15,2.567791924751811061e-01
1.650815644885371000e+15,2.556675239484343387e-01
1.650815644887288000e+15,2.545558554216875713e-01
1.650815644889204750e+15,2.534443318699703962e-01
1.650815644891121750e+15,2.523326633432236288e-01
1.650815644893038750e+15,2.509539013541924324e-01
1.650815644894955750e+15,2.489983627537756816e-01
1.650815644896872500e+15,2.470430791792588565e-01
1.650815644898789500e+15,2.450875405788421335e-01
1.650815644900706500e+15,2.431320019784254105e-01
1.650815644902623250e+15,2.411767184039085854e-01
1.650815644904540250e+15,2.393701220329711166e-01
1.650815644906457250e+15,2.410634301279119818e-01
1.650815644908374250e+15,2.427567382228529302e-01
1.650815644910291000e+15,2.444498254899254430e-01
1.650815644912208000e+15,2.461431335848663360e-01
1.650815644914125000e+15,2.478364416798072567e-01
1.650815644916041750e+15,2.495295289468797695e-01
1.650815644917958750e+15,2.512228370418206902e-01
1.650815644919875750e+15,2.505443339051481311e-01
1.650815644921792750e+15,2.492478263624083312e-01
1.650815644923709500e+15,2.479514878999427019e-01
1.650815644925626500e+15,2.466549803572028743e-01
1.650815644927543500e+15,2.453584728144630467e-01
1.650815644929460500e+15,2.440619652717232468e-01
1.650815644931377250e+15,2.427656268092576730e-01
1.650815644933294250e+15,2.414691192665178454e-01
1.650815644935211250e+15,2.401726117237780178e-01
1.650815644937128000e+15,2.394802622951230919e-01
1.650815644939045000e+15,2.400274601310696532e-01
1.650815644940962000e+15,2.405746579670162144e-01
1.650815644942879000e+15,2.411218558029628034e-01
1.650815644944795750e+15,2.416689822776892371e-01
1.650815644946712750e+15,2.422161801136358261e-01
1.650815644948629750e+15,2.427633779495824151e-01
1.650815644950546500e+15,2.433105044243088211e-01
1.650815644952463500e+15,2.438577022602553823e-01
1.650815644954380500e+15,2.444049000962019436e-01
1.650815644956297500e+15,2.449520979321485603e-01
1.650815644958214250e+15,2.455518660005769072e-01
1.650815644960131250e+15,2.465614415461528930e-01
1.650815644962048250e+15,2.475710170917288788e-01
1.650815644963965000e+15,2.485804609764356021e-01
1.650815644965882000e+15,2.495900365220115602e-01
1.650815644967799000e+15,2.505996120675875183e-01
1.650815644969716000e+15,2.515728492132445204e-01
1.650815644971632750e+15,2.515728492132446314e-01
1.650815644973549750e+15,2.515728492132447425e-01
1.650815644975466750e+15,2.515728492132447980e-01
1.650815644977383500e+15,2.515728492132449090e-01
1.650815644979300500e+15,2.510125408621761700e-01
1.650815644981217500e+15,2.499900647945904053e-01
1.650815644983134500e+15,2.489675887270046406e-01
1.650815644985051250e+15,2.479452460026723704e-01
1.650815644986968250e+15,2.469227699350866057e-01
1.650815644988885250e+15,2.459002938675008409e-01
1.650815644990802000e+15,2.448779511431685152e-01
1.650815644992719000e+15,2.438554750755827505e-01
1.650815644994636000e+15,2.428329990079970135e-01
1.650815644996553000e+15,2.418105229404112211e-01
1.650815644998469750e+15,2.407881802160789508e-01
1.650815645000386750e+15,2.397657041484931584e-01
1.650815645002303750e+15,2.398302322916379126e-01
1.650815645004220750e+15,2.408003807250997108e-01
1.650815645006137500e+15,2.417704026394647543e-01
1.650815645008054500e+15,2.427405510729265248e-01
1.650815645009971500e+15,2.437106995063882675e-01
1.650815645011888250e+15,2.446807214207533110e-01
1.650815645013805250e+15,2.456508698542150815e-01
1.650815645015722250e+15,2.466210182876768520e-01
1.650815645017639250e+15,2.475911667211385947e-01
1.650815645019556000e+15,2.485611886355036382e-01
1.650815645021473000e+15,2.495313370689654087e-01
1.650815645023390000e+15,2.505014855024271236e-01
1.650815645025306750e+15,2.514715074167921949e-01
1.650815645027223750e+15,2.491909733352553613e-01
1.650815645029140750e+15,2.465312639669099415e-01
1.650815645031057750e+15,2.438715545985645772e-01
1.650815645032974500e+15,2.412121920885092474e-01
1.650815645034891500e+15,2.393010029101598768e-01
1.650815645036808500e+15,2.393010029101598768e-01
1.650815645038725250e+15,2.393010029101598768e-01
1.650815645040642250e+15,2.393010029101598768e-01
1.650815645042559250e+15,2.393010029101598768e-01
1.650815645044476250e+15,2.393010029101598768e-01
1.650815645046393000e+15,2.393010029101598490e-01
1.650815645048310000e+15,2.393010029101599323e-01
1.650815645050227000e+15,2.393010029101599878e-01
1.650815645052143750e+15,2.393010029101599878e-01
1.650815645054060750e+15,2.393010029101600711e-01
1.650815645055977750e+15,2.393010029101601543e-01
1.650815645057894750e+15,2.393010029101602099e-01
1.650815645059811500e+15,2.393010029101602376e-01
1.650815645061728500e+15,2.393010029101602654e-01
1.650815645063645500e+15,2.377478184206772149e-01
1.650815645065562250e+15,2.356593818228401305e-01
1.650815645067479250e+15,2.335706728320725567e-01
1.650815645069396250e+15,2.314819638413049829e-01
1.650815645071313250e+15,2.293932548505374369e-01
1.650815645073230000e+15,2.273048182527003247e-01
1.650815645075147000e+15,2.270291566070747891e-01
1.650815645077064000e+15,2.270291566070748168e-01
1.650815645078980750e+15,2.270291566070747891e-01
1.650815645080897750e+15,2.270291566070747891e-01
1.650815645082814750e+15,2.270291566070747891e-01
1.650815645084731750e+15,2.270291566070747891e-01
1.650815645086648500e+15,2.270291566070748168e-01
1.650815645088565500e+15,2.270291566070747891e-01
1.650815645090482500e+15,2.270291566070747891e-01
1.650815645092399500e+15,2.270291566070748168e-01
1.650815645094316250e+15,2.270291566070747891e-01
1.650815645096233250e+15,2.270291566070748168e-01
1.650815645098150250e+15,2.270291566070747891e-01
1.650815645100067000e+15,2.270291566070747891e-01
1.650815645101984000e+15,2.270291566070747891e-01
1.650815645103901000e+15,2.270291566070748168e-01
1.650815645105818000e+15,2.270291566070747891e-01
1.650815645107734750e+15,2.270291566070747891e-01
1.650815645109651750e+15,2.270291566070747891e-01
1.650815645111568750e+15,2.270291566070748168e-01
1.650815645113485500e+15,2.270291566070747891e-01
1.650815645115402500e+15,2.270291566070747891e-01
1.650815645117319500e+15,2.270291566070747891e-01
1.650815645119236500e+15,2.270291566070748168e-01
1.650815645121153250e+15,2.260674174808647297e-01
1.650815645123070250e+15,2.248947961388741978e-01
1.650815645124987250e+15,2.237221747968836938e-01
1.650815645126904000e+15,2.225497063789075025e-01
1.650815645128821000e+15,2.213770850369169430e-01
1.650815645130738000e+15,2.202044636949264111e-01
1.650815645132655000e+15,2.190318423529358793e-01
1.650815645134571750e+15,2.178593739349596881e-01
1.650815645136488750e+15,2.166867525929691563e-01
1.650815645138405750e+15,2.155141312509786244e-01
1.650815645140322500e+15,2.147573103039896736e-01
1.650815645142239500e+15,2.147573103039897013e-01
1.650815645144156500e+15,2.147573103039897013e-01
1.650815645146073500e+15,2.147573103039897013e-01
1.650815645147990250e+15,2.147573103039897013e-01
1.650815645149907250e+15,2.147573103039897013e-01
1.650815645151824250e+15,2.147573103039897013e-01
1.650815645153741000e+15,2.147573103039897013e-01
1.650815645155658000e+15,2.147573103039897291e-01
1.650815645157575000e+15,2.147573103039897013e-01
1.650815645159492000e+15,2.147573103039897013e-01
1.650815645161408750e+15,2.147573103039897013e-01
1.650815645163325750e+15,2.147573103039897013e-01
1.650815645165242750e+15,2.143285683011095233e-01
1.650815645167159750e+15,2.131623413844422055e-01
1.650815645169076500e+15,2.119962665578787875e-01
1.650815645170993500e+15,2.108300396412114419e-01
1.650815645172910500e+15,2.096638127245441241e-01
1.650815645174827250e+15,2.087209501718111648e-01
1.650815645176744250e+15,2.096600021182830342e-01
1.650815645178661250e+15,2.105990540647549036e-01
1.650815645180578250e+15,2.115381060112268008e-01
1.650815645182495000e+15,2.124770354939601869e-01
1.650815645184412000e+15,2.134160874404320563e-01
1.650815645186329000e+15,2.143551393869039257e-01
1.650815645188245750e+15,2.147573103039897013e-01
1.650815645190162750e+15,2.147573103039897013e-01
1.650815645192079750e+15,2.147573103039897013e-01
1.650815645193996750e+15,2.147573103039897013e-01
1.650815645195913500e+15,2.147573103039896736e-01
1.650815645197830500e+15,2.147573103039897569e-01
1.650815645199747500e+15,2.147573103039898401e-01
1.650815645201664250e+15,2.147573103039899234e-01
1.650815645203581250e+15,2.147573103039899789e-01
1.650815645205498250e+15,2.147573103039900899e-01
1.650815645207415250e+15,2.147573103039901454e-01
1.650815645209332000e+15,2.147573103039902565e-01
1.650815645211249000e+15,2.147573103039903120e-01
1.650815645213166000e+15,2.147573103039903952e-01
1.650815645215082750e+15,2.147573103039904785e-01
1.650815645216999750e+15,2.147573103039905618e-01
1.650815645218916750e+15,2.143988994285939420e-01
1.650815645220833750e+15,2.139125616843821076e-01
1.650815645222750500e+15,2.134262873644978409e-01
1.650815645224667500e+15,2.129399496202859510e-01
1.650815645226584500e+15,2.124536118760741166e-01
1.650815645228501250e+15,2.119673375561898498e-01
1.650815645230418250e+15,2.114809998119779877e-01
1.650815645232335250e+15,2.109946620677661255e-01
1.650815645234252250e+15,2.105083243235542634e-01
1.650815645236169000e+15,2.100220500036699689e-01
1.650815645238086000e+15,2.095357122594581067e-01
1.650815645240003000e+15,2.090493745152462446e-01
1.650815645241920000e+15,2.086213871524473795e-01
1.650815645243836750e+15,2.086213871524473795e-01
1.650815645245753750e+15,2.086213871524473518e-01
1.650815645247670750e+15,2.086213871524473795e-01
1.650815645249587500e+15,2.086213871524473795e-01
1.650815645251504500e+15,2.086213871524473795e-01
1.650815645253421500e+15,2.086213871524473795e-01
1.650815645255338500e+15,2.086213871524473795e-01
1.650815645257255250e+15,2.086213871524473795e-01
1.650815645259172250e+15,2.086213871524473795e-01
1.650815645261089250e+15,2.086213871524473795e-01
1.650815645263006000e+15,2.091424236864443675e-01
1.650815645264923000e+15,2.099289016672886143e-01
1.650815645266840000e+15,2.107153796481328334e-01
1.650815645268757000e+15,2.115018576289771080e-01
1.650815645270673750e+15,2.122882330435745257e-01
1.650815645272590750e+15,2.130747110244187725e-01
1.650815645274507750e+15,2.138611890052629916e-01
1.650815645276424500e+15,2.146475644198604094e-01
1.650815645278341500e+15,2.142652731023140245e-01
1.650815645280258500e+15,2.136934420531401979e-01
1.650815645282175500e+15,2.131216110039663714e-01
1.650815645284092250e+15,2.125498545284817686e-01
1.650815645286009250e+15,2.119780234793079421e-01
1.650815645287926250e+15,2.114061924301340878e-01
1.650815645289843000e+15,2.108344359546495128e-01
1.650815645291760000e+15,2.102626049054756863e-01
1.650815645293677000e+15,2.096907738563018597e-01
1.650815645295594000e+15,2.091189428071280054e-01
1.650815645297510750e+15,2.085511376525653604e-01
1.650815645299427750e+15,2.080097575871394655e-01
1.650815645301344750e+15,2.074683775217135984e-01
1.650815645303261500e+15,2.069270680588001232e-01
1.650815645305178500e+15,2.063856879933742283e-01
1.650815645307095500e+15,2.058443079279483612e-01
1.650815645309012500e+15,2.053029278625224663e-01
1.650815645310929250e+15,2.047616183996089911e-01
1.650815645312846250e+15,2.042202383341831240e-01
1.650815645314763250e+15,2.036788582687572291e-01
1.650815645316680000e+15,2.031375488058437817e-01
1.650815645318597000e+15,2.025961687404179146e-01
1.650815645320514000e+15,2.032221419103757698e-01
1.650815645322431000e+15,2.041481822726421425e-01
1.650815645324347750e+15,2.050741018680380945e-01
1.650815645326264750e+15,2.060001422303044949e-01
1.650815645328181750e+15,2.069261825925708675e-01
1.650815645330098750e+15,2.078522229548372402e-01
1.650815645332015500e+15,2.085273871966983605e-01
1.650815645333932500e+15,2.079720777508713703e-01
1.650815645335849500e+15,2.074167683050443522e-01
1.650815645337766250e+15,2.068615312782895732e-01
1.650815645339683250e+15,2.063062218324625829e-01
1.650815645341600250e+15,2.057509123866355649e-01
1.650815645343517250e+15,2.051956029408086024e-01
1.650815645345434000e+15,2.046403659140538234e-01
1.650815645347351000e+15,2.040850564682268331e-01
1.650815645349268000e+15,2.035297470223998151e-01
1.650815645351184750e+15,2.029745099956450360e-01
1.650815645353101750e+15,2.023229923698228183e-01
1.650815645355018750e+15,2.009614268319703800e-01
1.650815645356935750e+15,1.995998612941179140e-01
1.650815645358852500e+15,1.982384733208895633e-01
1.650815645360769500e+15,1.968769077830370695e-01
1.650815645362686500e+15,1.966677289257222627e-01
1.650815645364603250e+15,1.971870026552784982e-01
1.650815645366520250e+15,1.977063441132460575e-01
1.650815645368437250e+15,1.982256855712136168e-01
1.650815645370354250e+15,1.987450270291812038e-01
1.650815645372271000e+15,1.992643007587374671e-01
1.650815645374188000e+15,1.997836422167050263e-01
1.650815645376105000e+15,2.003029836746726133e-01
1.650815645378021750e+15,2.008222574042288489e-01
1.650815645379938750e+15,2.013415988621964359e-01
1.650815645381855750e+15,2.018609403201639951e-01
1.650815645383772750e+15,2.023802817781315544e-01
1.650815645385689500e+15,2.024854640009045859e-01
1.650815645387606500e+15,2.024854640009046136e-01
1.650815645389523500e+15,2.024854640009046136e-01
1.650815645391440250e+15,2.024854640009046136e-01
1.650815645393357250e+15,2.024854640009046136e-01
1.650815645395274250e+15,2.024854640009046136e-01
1.650815645397191250e+15,2.024854640009046136e-01
1.650815645399108000e+15,2.024854640009045859e-01
1.650815645401025000e+15,2.021850051446845709e-01
1.650815645402942000e+15,2.009516440582310159e-01
1.650815645404859000e+15,1.997182829717775165e-01
1.650815645406775750e+15,1.984850827305360554e-01
1.650815645408692750e+15,1.972517216440825005e-01
1.650815645410609750e+15,1.960901611628826924e-01
1.650815645412526500e+15,1.951243214075473464e-01
1.650815645414443500e+15,1.941583556785905773e-01
1.650815645416360500e+15,1.931923899496337804e-01
1.650815645418277500e+15,1.922264242206770390e-01
1.650815645420194250e+15,1.912605844653416654e-01
1.650815645422111250e+15,1.902946187363848685e-01
1.650815645424028250e+15,1.902136176978195259e-01
1.650815645425945000e+15,1.902136176978195259e-01
1.650815645427862000e+15,1.902136176978195259e-01
1.650815645429779000e+15,1.902136176978195259e-01
1.650815645431696000e+15,1.902136176978195259e-01
1.650815645433612750e+15,1.902136176978195259e-01
1.650815645435529750e+15,1.902136176978195259e-01
1.650815645437446750e+15,1.902136176978195259e-01
1.650815645439363500e+15,1.902136176978195259e-01
1.650815645441280500e+15,1.902136176978195259e-01
1.650815645443197500e+15,1.901106572201279321e-01
1.650815645445114500e+15,1.891112889379268913e-01
1.650815645447031250e+15,1.881120509854444234e-01
1.650815645448948250e+15,1.871126827032433271e-01
1.650815645450865250e+15,1.861133144210422863e-01
1.650815645452782000e+15,1.851140764685597906e-01
1.650815645454699000e+15,1.841147081863586943e-01
1.650815645456616000e+15,1.840776945462772318e-01
1.650815645458533000e+15,1.840776945462772041e-01
1.650815645460449750e+15,1.840776945462772041e-01
1.650815645462366750e+15,1.840776945462772318e-01
1.650815645464283750e+15,1.840776945462772041e-01
1.650815645466200500e+15,1.840776945462772318e-01
1.650815645468117500e+15,1.835651075703351176e-01
1.650815645470034500e+15,1.829209717244609790e-01
1.650815645471951500e+15,1.822768358785868681e-01
1.650815645473868250e+15,1.816327840358225310e-01
1.650815645475785250e+15,1.809886481899483923e-01
1.650815645477702250e+15,1.803445123440742814e-01
1.650815645479619250e+15,1.797003764982001428e-01
1.650815645481536000e+15,1.790563246554358057e-01
1.650815645483453000e+15,1.784121888095616670e-01
1.650815645485370000e+15,1.779417713947344382e-01
1.650815645487286750e+15,1.779417713947344104e-01
1.650815645489203750e+15,1.779417713947344382e-01
1.650815645491120750e+15,1.779417713947344382e-01
1.650815645493037750e+15,1.779417713947344382e-01
1.650815645494954500e+15,1.779417713947344382e-01
1.650815645496871500e+15,1.779417713947344382e-01
1.650815645498788500e+15,1.779417713947344382e-01
1.650815645500705250e+15,1.779417713947344382e-01
1.650815645502622250e+15,1.779417713947344659e-01
1.650815645504539250e+15,1.779417713947344382e-01
1.650815645506456250e+15,1.779417713947344382e-01
1.650815645508373000e+15,1.779417713947344382e-01
1.650815645510290000e+15,1.777485139726385777e-01
1.650815645512207000e+15,1.772710984080023144e-01
1.650815645514123750e+15,1.767937451041334818e-01
1.650815645516040750e+15,1.763163295394972185e-01
1.650815645517957750e+15,1.758389139748609553e-01
1.650815645519874750e+15,1.753614984102246921e-01
1.650815645521791500e+15,1.748841451063558594e-01
1.650815645523708500e+15,1.744067295417195962e-01
1.650815645525625500e+15,1.739293139770833330e-01
1.650815645527542250e+15,1.734519606732144725e-01
1.650815645529459250e+15,1.729745451085782093e-01
1.650815645531376250e+15,1.724971295439419461e-01
1.650815645533293250e+15,1.720197139793056829e-01
1.650815645535210000e+15,1.718058482431913114e-01
1.650815645537127000e+15,1.718058482431914502e-01
1.650815645539044000e+15,1.718058482431916167e-01
1.650815645540960750e+15,1.718058482431917833e-01
1.650815645542877750e+15,1.718058482431919221e-01
1.650815645544794750e+15,1.718058482431920886e-01
1.650815645546711750e+15,1.718058482431921163e-01
1.650815645548628500e+15,1.718058482431921163e-01
1.650815645550545500e+15,1.718058482431921163e-01
1.650815645552462500e+15,1.718058482431921163e-01
1.650815645554379500e+15,1.718058482431921163e-01
1.650815645556296250e+15,1.718058482431921163e-01
1.650815645558213250e+15,1.718058482431921163e-01
1.650815645560130250e+15,1.718058482431920886e-01
1.650815645562047000e+15,1.718058482431921163e-01
1.650815645563964000e+15,1.718058482431920886e-01
1.650815645565881000e+15,1.729997676420235719e-01
1.650815645567798000e+15,1.753186566871703378e-01
1.650815645569714750e+15,1.776372433211219071e-01
1.650815645571631750e+15,1.799561323662686729e-01
1.650815645573548750e+15,1.822750214114154388e-01
1.650815645575465500e+15,1.838333461593366636e-01
1.650815645577382500e+15,1.827350674775898298e-01
1.650815645579299500e+15,1.816367887958430516e-01
1.650815645581216500e+15,1.805385101140962179e-01
1.650815645583133250e+15,1.794403746611811512e-01
1.650815645585050250e+15,1.783420959794343452e-01
1.650815645586967250e+15,1.766624476946883626e-01
1.650815645588884000e+15,1.746496065684314813e-01
1.650815645590801000e+15,1.726365029090943526e-01
1.650815645592718000e+15,1.706233992497572238e-01
1.650815645594635000e+15,1.686102955904200951e-01
1.650815645596551750e+15,1.665974544641632415e-01
1.650815645598468750e+15,1.645843508048260850e-01
1.650815645600385750e+15,1.625712471454889563e-01
1.650815645602302500e+15,1.605584060192320750e-01
1.650815645604219500e+15,1.585453023598949462e-01
1.650815645606136500e+15,1.565321987005578175e-01
1.650815645608053500e+15,1.545190950412206610e-01
1.650815645609970250e+15,1.541399013718723343e-01
1.650815645611887250e+15,1.558144069852977764e-01
1.650815645613804250e+15,1.574889125987232463e-01
1.650815645615721000e+15,1.591631998363514100e-01
1.650815645617638000e+15,1.608377054497768799e-01
1.650815645619555000e+15,1.625122110632022943e-01
1.650815645621472000e+15,1.641867166766277641e-01
1.650815645623388750e+15,1.653619086020754470e-01
1.650815645625305750e+15,1.626626280968723193e-01
1.650815645627222750e+15,1.599633475916691361e-01
1.650815645629139500e+15,1.572644191053112483e-01
1.650815645631056500e+15,1.545651386001080652e-01
1.650815645632973500e+15,1.518658580949049375e-01
1.650815645634890500e+15,1.491665775897017820e-01
1.650815645636807250e+15,1.478788079904385377e-01
1.650815645638724250e+15,1.499738413293834616e-01
1.650815645640641250e+15,1.520688746683283854e-01
1.650815645642558250e+15,1.541639080072732815e-01
1.650815645644475000e+15,1.562586681285161871e-01
1.650815645646392000e+15,1.583537014674611110e-01
1.650815645648309000e+15,1.589581141089959626e-01
1.650815645650225750e+15,1.576393172149929967e-01
1.650815645652142750e+15,1.563203483114825598e-01
1.650815645654059750e+15,1.550013794079720952e-01
1.650815645655976750e+15,1.536824105044616307e-01
1.650815645657893500e+15,1.523636136104586924e-01
1.650815645659810500e+15,1.510446447069482556e-01
1.650815645661727500e+15,1.497256758034377910e-01
1.650815645663644250e+15,1.484068789094348251e-01
1.650815645665561250e+15,1.467768278407422800e-01
1.650815645667478250e+15,1.431030928537014579e-01
1.650815645669395250e+15,1.394293578666606359e-01
1.650815645671312000e+15,1.357561019791225509e-01
1.650815645673229000e+15,1.320823669920817289e-01
1.650815645675146000e+15,1.284086320050409069e-01
1.650815645677062750e+15,1.247353761175028219e-01
1.650815645678979750e+15,1.210616411304619999e-01
1.650815645680896750e+15,1.173879061434211640e-01
1.650815645682813750e+15,1.180046431585082406e-01
1.650815645684730500e+15,1.198257999718745498e-01
1.650815645686647500e+15,1.216471943171064385e-01
1.650815645688564500e+15,1.234685886623382994e-01
1.650815645690481250e+15,1.252897454757046225e-01
1.650815645692398250e+15,1.271111398209364973e-01
1.650815645694315250e+15,1.289325341661683721e-01
1.650815645696232250e+15,1.307539285114002470e-01
1.650815645698149000e+15,1.325750853247665562e-01
1.650815645700066000e+15,1.343964796699984587e-01
1.650815645701983000e+15,1.353692945481922150e-01
1.650815645703899750e+15,1.359315390601302798e-01
1.650815645705816750e+15,1.364938569051206418e-01
1.650815645707733750e+15,1.370561747501110039e-01
1.650815645709650750e+15,1.376184925951013660e-01
1.650815645711567500e+15,1.381807371070394308e-01
1.650815645713484500e+15,1.387430549520297929e-01
1.650815645715401500e+15,1.393053727970201550e-01
1.650815645717318500e+15,1.398676906420104893e-01
1.650815645719235250e+15,1.404299351539485818e-01
1.650815645721152250e+15,1.409922529989389439e-01
1.650815645723069250e+15,1.411262324854798411e-01
1.650815645724986000e+15,1.411262324854795913e-01
1.650815645726903000e+15,1.411262324854793138e-01
1.650815645728820000e+15,1.411262324854790084e-01
1.650815645730737000e+15,1.411262324854787586e-01
1.650815645732653750e+15,1.411262324854784811e-01
1.650815645734570750e+15,1.411262324854782035e-01
1.650815645736487750e+15,1.411262324854779260e-01
1.650815645738404500e+15,1.399646115736408736e-01
1.650815645740321500e+15,1.384533612933616098e-01
1.650815645742238500e+15,1.369421110130823460e-01
1.650815645744155500e+15,1.354308607328030822e-01
1.650815645746072250e+15,1.339198075378498776e-01
1.650815645747989250e+15,1.324085572575706138e-01
1.650815645749906250e+15,1.308973069772913500e-01
1.650815645751823000e+15,1.293862537823381731e-01
1.650815645753740000e+15,1.278750035020589093e-01
1.650815645755657000e+15,1.263637532217796455e-01
1.650815645757574000e+15,1.248525029415003956e-01
1.650815645759490750e+15,1.233414497465472048e-01
1.650815645761407750e+15,1.227184630308504748e-01
1.650815645763324750e+15,1.227184630308505719e-01
1.650815645765241500e+15,1.227184630308506413e-01
1.650815645767158500e+15,1.227184630308507107e-01
1.650815645769075500e+15,1.227184630308507940e-01
1.650815645770992500e+15,1.227184630308508773e-01
1.650815645772909250e+15,1.227184630308509605e-01
1.650815645774826250e+15,1.227184630308510160e-01
1.650815645776743250e+15,1.227184630308510993e-01
1.650815645778660000e+15,1.227184630308511826e-01
1.650815645780577000e+15,1.227184630308512658e-01
1.650815645782494000e+15,1.224722519126079101e-01
1.650815645784411000e+15,1.216093877194220768e-01
1.650815645786327750e+15,1.207466360541696315e-01
1.650815645788244750e+15,1.198837718609837982e-01
1.650815645790161750e+15,1.190209076677979788e-01
1.650815645792078750e+15,1.181580434746121455e-01
1.650815645793995500e+15,1.172952918093597141e-01
1.650815645795912500e+15,1.165825398793077089e-01
1.650815645797829500e+15,1.165825398793078616e-01
1.650815645799746250e+15,1.165825398793080281e-01
1.650815645801663250e+15,1.165825398793081669e-01
1.650815645803580250e+15,1.165825398793083334e-01
1.650815645805497250e+15,1.165825398793084999e-01
1.650815645807414000e+15,1.162216840873784574e-01
1.650815645809331000e+15,1.155628645129689325e-01
1.650815645811248000e+15,1.149040449385594215e-01
1.650815645813164750e+15,1.142453112821956163e-01
1.650815645815081750e+15,1.135864917077860914e-01
1.650815645816998750e+15,1.129276721333765665e-01
1.650815645818915750e+15,1.122688525589670555e-01
1.650815645820832500e+15,1.116101189026032503e-01
1.650815645822749500e+15,1.109512993281937254e-01
1.650815645824666500e+15,1.106225620978486951e-01
1.650815645826583250e+15,1.113744980802487128e-01
1.650815645828500250e+15,1.121265321369910306e-01
1.650815645830417250e+15,1.128785661937333484e-01
1.650815645832334250e+15,1.136306002504756663e-01
1.650815645834251000e+15,1.143825362328756978e-01
1.650815645836168000e+15,1.151345702896180156e-01
1.650815645838085000e+15,1.158866043463603335e-01
1.650815645840001750e+15,1.166240027446280025e-01
1.650815645841918750e+15,1.171808105402023653e-01
1.650815645843835750e+15,1.177376183357767281e-01
1.650815645845752750e+15,1.182944261313510770e-01
1.650815645847669500e+15,1.188511613124502708e-01
1.650815645849586500e+15,1.194079691080246197e-01
1.650815645851503500e+15,1.199647769035989964e-01
1.650815645853420250e+15,1.205215120846981902e-01
1.650815645855337250e+15,1.210783198802725530e-01
1.650815645857254250e+15,1.216351276758469158e-01
1.650815645859171250e+15,1.221919354714212647e-01
1.650815645861088000e+15,1.226100379169679927e-01
1.650815645863005000e+15,1.206114711543299495e-01
1.650815645864922000e+15,1.186129043916919201e-01
1.650815645866839000e+15,1.166143376290538630e-01
1.650815645868755750e+15,1.146160315037088040e-01
1.650815645870672750e+15,1.126174647410707608e-01
1.650815645872589750e+15,1.106188979784327314e-01
1.650815645874506500e+15,1.104466167277670663e-01
1.650815645876423500e+15,1.104466167277669830e-01
1.650815645878340500e+15,1.104466167277668998e-01
1.650815645880257500e+15,1.104466167277668304e-01
1.650815645882174250e+15,1.104466167277667471e-01
1.650815645884091250e+15,1.104466167277666777e-01
1.650815645886008250e+15,1.104466167277665112e-01
1.650815645887925000e+15,1.104466167277663446e-01
1.650815645889842000e+15,1.104466167277661504e-01
1.650815645891759000e+15,1.104466167277660116e-01
1.650815645893676000e+15,1.104466167277658312e-01
1.650815645895592750e+15,1.098762304643308846e-01
1.650815645897509750e+15,1.091276900111358000e-01
1.650815645899426750e+15,1.083791495579407294e-01
1.650815645901343500e+15,1.076307067234797687e-01
1.650815645903260500e+15,1.068821662702846842e-01
1.650815645905177500e+15,1.061336258170895996e-01
1.650815645907094500e+15,1.053850853638945151e-01
1.650815645909011250e+15,1.046366425294335545e-01
1.650815645910928250e+15,1.043106935762230791e-01
1.650815645912845250e+15,1.043106935762231624e-01
1.650815645914762000e+15,1.043106935762232179e-01
1.650815645916679000e+15,1.043106935762233012e-01
1.650815645918596000e+15,1.043106935762233844e-01
1.650815645920513000e+15,1.043106935762234677e-01
1.650815645922429750e+15,1.043106935762235510e-01
1.650815645924346750e+15,1.043106935762236342e-01
1.650815645926263750e+15,1.043106935762237036e-01
1.650815645928180500e+15,1.043106935762237869e-01
1.650815645930097500e+15,1.043106935762238702e-01
1.650815645932014500e+15,1.025104512922719313e-01
1.650815645933931500e+15,9.906455567735836243e-02
1.650815645935848250e+15,9.561910944893603492e-02
1.650815645937765250e+15,9.217321383402246604e-02
1.650815645939682250e+15,8.872731821910889716e-02
1.650815645941599000e+15,8.528187199068656965e-02
1.650815645943516000e+15,8.183597637577300077e-02
1.650815645945433000e+15,8.021097368379977166e-02
1.650815645947350000e+15,8.132206466585308047e-02
1.650815645949266750e+15,8.243301074819565921e-02
1.650815645951183750e+15,8.354410173024898190e-02
1.650815645953100750e+15,8.465519271230229070e-02
1.650815645955017750e+15,8.576628369435562727e-02
1.650815645956934500e+15,8.687722977669817825e-02
1.650815645958851500e+15,8.798832075875150094e-02
1.650815645960768500e+15,8.909941174080482362e-02
1.650815645962685250e+15,9.021035782314740237e-02
1.650815645964602250e+15,9.132144880520071117e-02
1.650815645966519250e+15,9.203884727313839387e-02
1.650815645968436250e+15,9.203884727313837999e-02
1.650815645970353000e+15,9.203884727313837999e-02
1.650815645972270000e+15,9.203884727313837999e-02
1.650815645974187000e+15,9.203884727313839387e-02
1.650815645976103750e+15,9.203884727313839387e-02
1.650815645978020750e+15,9.203884727313839387e-02
1.650815645979937750e+15,9.203884727313837999e-02
1.650815645981854750e+15,9.044323227031689227e-02
1.650815645983771500e+15,8.862573409372614952e-02
1.650815645985688500e+15,8.680799886246257091e-02
1.650815645987605500e+15,8.499026363119899230e-02
1.650815645989522250e+15,8.317276545460823567e-02
1.650815645991439250e+15,8.135503022334465706e-02
1.650815645993356250e+15,7.991904959765820660e-02
1.650815645995273250e+15,8.112225793250961436e-02
1.650815645997190000e+15,8.232530935443266307e-02
1.650815645999107000e+15,8.352851768928408471e-02
1.650815646001024000e+15,8.473172602413550636e-02
1.650815646002940750e+15,8.587377791231713686e-02
1.650815646004857750e+15,8.477282651943915393e-02
1.650815646006774750e+15,8.367187512656118487e-02
1.650815646008691750e+15,8.257092373368318805e-02
1.650815646010608500e+15,8.147011591819082466e-02
1.650815646012525500e+15,8.036916452531285560e-02
1.650815646014442500e+15,8.060496767452922373e-02
1.650815646016359250e+15,8.245433172842012159e-02
1.650815646018276250e+15,8.430393699322191736e-02
1.650815646020193250e+15,8.615354225802372701e-02
1.650815646022110250e+15,8.800314752282552277e-02
1.650815646024027000e+15,8.985251157671642064e-02
1.650815646025944000e+15,9.170211684151821641e-02
1.650815646027861000e+15,9.203884727313837999e-02
1.650815646029778000e+15,9.203884727313837999e-02
1.650815646031694750e+15,9.203884727313837999e-02
1.650815646033611750e+15,9.203884727313837999e-02
1.650815646035528750e+15,9.203884727313837999e-02
1.650815646037445500e+15,9.174556867940902860e-02
1.650815646039362500e+15,9.052468906121322045e-02
1.650815646041279500e+15,8.930380944301741231e-02
1.650815646043196500e+15,8.808292982482161804e-02
1.650815646045113250e+15,8.686220942410341483e-02
1.650815646047030250e+15,8.564132980590760669e-02
1.650815646048947250e+15,8.442045018771179854e-02
1.650815646050864000e+15,8.319972978699358146e-02
1.650815646052781000e+15,8.197885016879778719e-02
1.650815646054698000e+15,8.075797055060196517e-02
1.650815646056615000e+15,7.998549261117608722e-02
1.650815646058531750e+15,8.114558638713989525e-02
1.650815646060448750e+15,8.230583147310449599e-02
1.650815646062365750e+15,8.346607655906912449e-02
1.650815646064282500e+15,8.462617033503294639e-02
1.650815646066199500e+15,8.578641542099754713e-02
1.650815646068116500e+15,8.506618527335710334e-02
1.650815646070033500e+15,8.413604414719012825e-02
1.650815646071950250e+15,8.320602432268281445e-02
1.650815646073867250e+15,8.227588319651585325e-02
1.650815646075784250e+15,8.134574207034886428e-02
1.650815646077701000e+15,8.041572224584156436e-02
1.650815646079618000e+15,7.913330520297842674e-02
1.650815646081535000e+15,7.703883143490362906e-02
1.650815646083452000e+15,7.494435766682883138e-02
1.650815646085368750e+15,7.285015704348123122e-02
1.650815646087285750e+15,7.075568327540643354e-02
1.650815646089202750e+15,6.866120950733162198e-02
1.650815646091119500e+15,6.656700888398402183e-02
1.650815646093036500e+15,6.447253511590923802e-02
1.650815646094953500e+15,6.237806134783444034e-02
1.650815646096870500e+15,6.002894824242436395e-02
1.650815646098787250e+15,5.743898332264466000e-02
1.650815646100704250e+15,5.484868059604094959e-02
1.650815646102621250e+15,5.225837786943723223e-02
1.650815646104538250e+15,4.966807514283350794e-02
1.650815646106455000e+15,4.954798987316719888e-02
1.650815646108372000e+15,5.014178888783272364e-02
1.650815646110289000e+15,5.073558790249823452e-02
1.650815646112205750e+15,5.132930947858593135e-02
1.650815646114122750e+15,5.192310849325144917e-02
1.650815646116039750e+15,5.251690750791696699e-02
1.650815646117956750e+15,5.311070652258247787e-02
1.650815646119873500e+15,5.370442809867018163e-02
1.650815646121790500e+15,5.429822711333569946e-02
1.650815646123707500e+15,5.489202612800121034e-02
1.650815646125624250e+15,5.453039994596761003e-02
1.650815646127541250e+15,5.296261542293051461e-02
1.650815646129458250e+15,5.139483089989341225e-02
1.650815646131375250e+15,4.982704637685630988e-02
1.650815646133292000e+15,4.825946631189471925e-02
1.650815646135209000e+15,4.669168178885761689e-02
1.650815646137126000e+15,4.512389726582052840e-02
1.650815646139042750e+15,4.355631720085893777e-02
1.650815646140959750e+15,4.198853267782183540e-02
1.650815646142876750e+15,4.042074815478473998e-02
1.650815646144793750e+15,3.885296363174763762e-02
1.650815646146710500e+15,3.728538356678605392e-02
1.650815646148627500e+15,3.735488788005073002e-02
1.650815646150544500e+15,3.812504205287248205e-02
1.650815646152461250e+15,3.889509578826950975e-02
1.650815646154378250e+15,3.966524996109126178e-02
1.650815646156295250e+15,4.043540413391301380e-02
1.650815646158212250e+15,4.120555830673476583e-02
1.650815646160129000e+15,4.197561204213179353e-02
1.650815646162046000e+15,4.274576621495354556e-02
1.650815646163963000e+15,4.295146206079847317e-02
1.650815646165879750e+15,4.295146206079847317e-02
1.650815646167796750e+15,4.295146206079847317e-02
1.650815646169713750e+15,4.295146206079847317e-02
1.650815646171630750e+15,4.295146206079847317e-02
1.650815646173547500e+15,4.295146206079847317e-02
1.650815646175464500e+15,4.295146206079847317e-02
1.650815646177381500e+15,4.295146206079847317e-02
1.650815646179298500e+15,4.295146206079847317e-02
1.650815646181215250e+15,4.295146206079847317e-02
1.650815646183132250e+15,4.295146206079847317e-02
1.650815646185049250e+15,4.295146206079847317e-02
1.650815646186966000e+15,4.295146206079847317e-02
1.650815646188883000e+15,4.295146206079847317e-02
1.650815646190800000e+15,4.295146206079847317e-02
1.650815646192717000e+15,4.295146206079847317e-02
1.650815646194633750e+15,4.295146206079846624e-02
1.650815646196550750e+15,4.295146206079846624e-02
1.650815646198467750e+15,4.295146206079846624e-02
1.650815646200384500e+15,4.173801457187388542e-02
1.650815646202301500e+15,4.046583582630733367e-02
1.650815646204218500e+15,3.919365708074078192e-02
1.650815646206135500e+15,3.792147833517423017e-02
1.650815646208052250e+15,3.664946549711231572e-02
1.650815646209969250e+15,3.537728675154576397e-02
1.650815646211886250e+15,3.410510800597921222e-02
1.650815646213803000e+15,3.283309516791730470e-02
1.650815646215720000e+15,3.156091642235075295e-02
1.650815646217637000e+15,3.095794142088174189e-02
1.650815646219554000e+15,3.186379930933046917e-02
1.650815646221470750e+15,3.276953906294761965e-02
1.650815646223387750e+15,3.367539695139633998e-02
1.650815646225304750e+15,3.458125483984506032e-02
1.650815646227221500e+15,3.548699459346221080e-02
1.650815646229138500e+15,3.639285248191093808e-02
1.650815646231055500e+15,3.649954891064188106e-02
1.650815646232972500e+15,3.590712560761971650e-02
1.650815646234889250e+15,3.531477956376592731e-02
1.650815646236806250e+15,3.472235626074376968e-02
1.650815646238723250e+15,3.412993295772161206e-02
1.650815646240640000e+15,3.353758691386782287e-02
1.650815646242557000e+15,3.294516361084566525e-02
1.650815646244474000e+15,3.235274030782350763e-02
1.650815646246391000e+15,3.176031700480135000e-02
1.650815646248307750e+15,3.116797096094755734e-02
1.650815646250224750e+15,3.067961575771294483e-02
1.650815646252141750e+15,3.067961575771294483e-02
1.650815646254058500e+15,3.067961575771294483e-02
1.650815646255975500e+15,3.067961575771294483e-02
1.650815646257892500e+15,3.067961575771294136e-02
1.650815646259809500e+15,3.067961575771294483e-02
1.650815646261726250e+15,3.067961575771295177e-02
1.650815646263643250e+15,3.067961575771300381e-02
1.650815646265560250e+15,3.067961575771305585e-02
1.650815646267477250e+15,3.067961575771310442e-02
1.650815646269394000e+15,3.067961575771315647e-02
1.650815646271311000e+15,3.067961575771320851e-02
1.650815646273228000e+15,3.067961575771325708e-02
1.650815646275144750e+15,3.067961575771331606e-02
1.650815646277061750e+15,3.067961575771336463e-02
1.650815646278978750e+15,3.032737443809274333e-02
1.650815646280895750e+15,2.969378625163929600e-02
1.650815646282812500e+15,2.906028069275318898e-02
1.650815646284729500e+15,2.842669250629974165e-02
1.650815646286646500e+15,2.779310431984629431e-02
1.650815646288563250e+15,2.715959876096019077e-02
1.650815646290480250e+15,2.652601057450673649e-02
1.650815646292397250e+15,2.589242238805328569e-02
1.650815646294314250e+15,2.525883420159983489e-02
1.650815646296231000e+15,2.462532864271373481e-02
1.650815646298148000e+15,2.543011057010405307e-02
1.650815646300065000e+15,2.644763346642816162e-02
1.650815646301981750e+15,2.746502366545227475e-02
1.650815646303898750e+15,2.848254656177637290e-02
1.650815646305815750e+15,2.950006945810047798e-02
1.650815646307732750e+15,3.051759235442457960e-02
1.650815646309649500e+15,2.770457609507757588e-02
1.650815646311566500e+15,2.416554349608834862e-02
1.650815646313483500e+15,2.062651089709911789e-02
1.650815646315400250e+15,1.708793983079102963e-02
1.650815646317317250e+15,1.354890723180180584e-02
1.650815646319234250e+15,1.227184630308484660e-02
1.650815646321151250e+15,1.227184630308516405e-02
1.650815646323068000e+15,1.227184630308548324e-02
1.650815646324985000e+15,1.227184630308580070e-02
1.650815646326902000e+15,1.227184630308611815e-02
1.650815646328818750e+15,1.227184630308641479e-02
1.650815646330735750e+15,1.227184630308629336e-02
1.650815646332652750e+15,1.227184630308617540e-02
1.650815646334569750e+15,1.227184630308605570e-02
1.650815646336486500e+15,1.227184630308593601e-02
1.650815646338403500e+15,1.227184630308581631e-02
1.650815646340320500e+15,1.227184630308569835e-02
1.650815646342237500e+15,1.227184630308557865e-02
1.650815646344154250e+15,1.227184630308548845e-02
1.650815646346071250e+15,1.227184630308541385e-02
1.650815646347988250e+15,1.227184630308534100e-02
1.650815646349905000e+15,1.227184630308526987e-02
1.650815646351822000e+15,1.227184630308519528e-02
1.650815646353739000e+15,1.227184630308512242e-02
1.650815646355656000e+15,1.227184630308504956e-02
1.650815646357572750e+15,1.227184630308497670e-02
1.650815646359489750e+15,1.227184630308490558e-02
1.650815646361406750e+15,1.227184630308483099e-02
1.650815646363323500e+15,1.227184630308475986e-02
1.650815646365240500e+15,1.227184630308468527e-02
1.650815646367157500e+15,1.180757457424888059e-02
1.650815646369074500e+15,1.072942932388163545e-02
1.650815646370991250e+15,9.651424676703015265e-03
1.650815646372908250e+15,8.573279426335771863e-03
1.650815646374825250e+15,7.495134175968528462e-03
1.650815646376742000e+15,6.417129528789907410e-03
1.650815646378659000e+15,6.762335479045058356e-03
1.650815646380576000e+15,7.609782502208606997e-03
1.650815646382493000e+15,8.457229525372153903e-03
1.650815646384409750e+15,9.304566031187870220e-03
1.650815646386326750e+15,1.015201305435141886e-02
1.650815646388243750e+15,1.099946007751496403e-02
1.650815646390160500e+15,1.184679658333068208e-02
1.650815646392077500e+15,1.227184630308632805e-02
1.650815646393994500e+15,1.227184630308614070e-02
1.650815646395911500e+15,1.227184630308595162e-02
1.650815646397828250e+15,1.227184630308576427e-02
1.650815646399745250e+15,1.227184630308557692e-02
1.650815646401662250e+15,1.227184630308559600e-02
1.650815646403579000e+15,1.227184630308568100e-02
1.650815646405496000e+15,1.227184630308576774e-02
1.650815646407413000e+15,1.227184630308585100e-02
1.650815646409330000e+15,1.227184630308593601e-02
1.650815646411246750e+15,1.227184630308602101e-02
1.650815646413163750e+15,1.227184630308610774e-02
1.650815646415080750e+15,1.227184630308619101e-02
1.650815646416997750e+15,1.227184630308627775e-02
1.650815646418914500e+15,1.227184630308636101e-02
1.650815646420831500e+15,1.201583107252701677e-02
1.650815646422748500e+15,1.120662876917602295e-02
1.650815646424665250e+15,1.039753199559854957e-02
1.650815646426582250e+15,9.588329692247557490e-03
1.650815646428499250e+15,8.779127388896563675e-03
1.650815646430416250e+15,7.969925085545569859e-03
1.650815646432333000e+15,7.160828311968096480e-03
1.650815646434250000e+15,6.351626008617103532e-03
1.650815646436167000e+15,7.108539606003539540e-03
1.650815646438083750e+15,8.434473168655417380e-03
1.650815646440000750e+15,9.760579671644146679e-03
1.650815646441917750e+15,1.108668617463287771e-02
1.650815646443834750e+15,1.247232647340818998e-02
1.650815646445751500e+15,1.435831600206711328e-02
1.650815646447668500e+15,1.624455151866507907e-02
1.650815646449585500e+15,1.813078703526305180e-02
1.650815646451502250e+15,2.001677656392197163e-02
1.650815646453419250e+15,2.190301208051994089e-02
1.650815646455336250e+15,2.378924759711790668e-02
1.650815646457253250e+15,2.395928873061570902e-02
1.650815646459170000e+15,2.298545162697101032e-02
1.650815646461087000e+15,2.201148750661786890e-02
1.650815646463004000e+15,2.103752338626472401e-02
1.650815646464920750e+15,2.006368628262002185e-02
1.650815646466837750e+15,1.908972216226687696e-02
1.650815646468754750e+15,1.868043234556247822e-02
1.650815646470671750e+15,1.958986211837096189e-02
1.650815646472588500e+15,2.049917329053093165e-02
1.650815646474505500e+15,2.140860306333941532e-02
1.650815646476422500e+15,2.231803283614789551e-02
1.650815646478339250e+15,2.322734400830786528e-02
1.650815646480256250e+15,2.413677378111634894e-02
1.650815646482173250e+15,2.517376158957020105e-02
1.650815646484090250e+15,2.631404220432550373e-02
1.650815646486007000e+15,2.745417411268869304e-02
1.650815646487924000e+15,2.859445472744399225e-02
1.650815646489841000e+15,2.973473534219929840e-02
1.650815646491757750e+15,3.087486725056248424e-02
1.650815646493674750e+15,3.201514786531778345e-02
1.650815646495591750e+15,3.315542848007309307e-02
1.650815646497508750e+15,3.429570909482839575e-02
1.650815646499425500e+15,3.543584100319158159e-02
1.650815646501342500e+15,3.657612161794688427e-02
1.650815646503259500e+15,3.603073563140651858e-02
1.650815646505176500e+15,3.503735967654558747e-02
1.650815646507093250e+15,3.404411326993124487e-02
1.650815646509010250e+15,3.305073731507030682e-02
1.650815646510927250e+15,3.205736136020936877e-02
1.650815646512844000e+15,3.106411495359502964e-02
1.650815646514761000e+15,3.097920893049717697e-02
1.650815646516678000e+15,3.146799200473396341e-02
1.650815646518595000e+15,3.195677507897075331e-02
1.650815646520511750e+15,3.244549440997929191e-02
1.650815646522428750e+15,3.293427748421608181e-02
1.650815646524345750e+15,3.342306055845287172e-02
1.650815646526262500e+15,3.391177988946141031e-02
1.650815646528179500e+15,3.440056296369820021e-02
1.650815646530096500e+15,3.488934603793499012e-02
1.650815646532013500e+15,3.537812911217178002e-02
1.650815646533930250e+15,3.586684844318031862e-02
1.650815646535847250e+15,3.635563151741710158e-02
1.650815646537764250e+15,3.696970840272829906e-02
1.650815646539681000e+15,3.957901857150174230e-02
1.650815646541598000e+15,4.218866907028286095e-02
1.650815646543515000e+15,4.479831956906396573e-02
1.650815646545432000e+15,4.740797006784508438e-02
1.650815646547348750e+15,5.001728023661852068e-02
1.650815646549265750e+15,5.262693073539963934e-02
1.650815646551182750e+15,5.522027555182016517e-02
1.650815646553099500e+15,5.462405580627019419e-02
1.650815646555016500e+15,5.402775829630838966e-02
1.650815646556933500e+15,5.343146078634657126e-02
1.650815646558850500e+15,5.283516327638476673e-02
1.650815646560767250e+15,5.223894353083479575e-02
1.650815646562684250e+15,5.164264602087298428e-02
1.650815646564601250e+15,5.104634851091117975e-02
1.650815646566518000e+15,5.045012876536120183e-02
1.650815646568435000e+15,4.985383125539940424e-02
1.650815646570352000e+15,4.925753374543758584e-02
1.650815646572269000e+15,4.908738521233957375e-02
1.650815646574185750e+15,4.908738521233971946e-02
1.650815646576102750e+15,4.908738521233986518e-02
1.650815646578019750e+15,4.908738521234000396e-02
1.650815646579936750e+15,4.908738521234015661e-02
1.650815646581853500e+15,4.908738521234030233e-02
1.650815646583770500e+15,4.802734883494948204e-02
1.650815646585687500e+15,4.641393896162015337e-02
1.650815646587604250e+15,4.480073949646418141e-02
1.650815646589521250e+15,4.318732962313485274e-02
1.650815646591438250e+15,4.157391974980552407e-02
1.650815646593355250e+15,3.996050987647619540e-02
1.650815646595272000e+15,3.834731041132022344e-02
1.650815646597189000e+15,3.700733284970422754e-02
1.650815646599106000e+15,4.079773474497772751e-02
1.650815646601022750e+15,4.458764232597171862e-02
1.650815646602939750e+15,4.837804422124521164e-02
1.650815646604856750e+15,5.216844611651871161e-02
1.650815646606773750e+15,5.595884801179221157e-02
1.650815646608690500e+15,5.974875559278619574e-02
1.650815646610607500e+15,6.135923151542579945e-02
1.650815646612524500e+15,6.135923151542566067e-02
1.650815646614441250e+15,6.135923151542552190e-02
1.650815646616358250e+15,6.135923151542538312e-02
1.650815646618275250e+15,6.135923151542524434e-02
1.650815646620192250e+15,6.135923151542510556e-02
1.650815646622109000e+15,6.118797108257305328e-02
1.650815646624026000e+15,6.014240977755025419e-02
1.650815646625943000e+15,5.909684847252744122e-02
1.650815646627859750e+15,5.805142352135243822e-02
1.650815646629776750e+15,5.700586221632962525e-02
1.650815646631693750e+15,5.596030091130681922e-02
1.650815646633610750e+15,5.539347495814664346e-02
1.650815646635527500e+15,5.596999607092697365e-02
1.650815646637444500e+15,5.654659237884396283e-02
1.650815646639361500e+15,5.712318868676095895e-02
1.650815646641278250e+15,5.769970979954129608e-02
1.650815646643195250e+15,5.827630610745828527e-02
1.650815646645112250e+15,5.885290241537527445e-02
1.650815646647029250e+15,5.942949872329225669e-02
1.650815646648946000e+15,6.000601983607259382e-02
1.650815646650863000e+15,6.058261614398958994e-02
1.650815646652780000e+15,6.115921245190657912e-02
1.650815646654697000e+15,6.274328264338310812e-02
1.650815646656613750e+15,6.486219638101388407e-02
1.650815646658530750e+15,6.698138648668139350e-02
1.650815646660447750e+15,6.910057659234888905e-02
1.650815646662364500e+15,7.121949032997965112e-02
1.650815646664281500e+15,7.333868043564716055e-02
1.650815646666198500e+15,7.285355975947170604e-02
1.650815646668115500e+15,7.195159175996949930e-02
1.650815646670032250e+15,7.104974138801026240e-02
1.650815646671949250e+15,7.014777338850805566e-02
1.650815646673866250e+15,6.924580538900583504e-02
1.650815646675783000e+15,6.834395501704659814e-02
1.650815646677700000e+15,6.752379759323345887e-02
1.650815646679617000e+15,6.800971343086341381e-02
1.650815646681534000e+15,6.849562926849336875e-02
1.650815646683450750e+15,6.898148173681742379e-02
1.650815646685367750e+15,6.946739757444737873e-02
1.650815646687284750e+15,6.995331341207733367e-02
1.650815646689201500e+15,7.043916588040138871e-02
1.650815646691118500e+15,7.092508171803134365e-02
1.650815646693035500e+15,7.141099755566129859e-02
1.650815646694952500e+15,7.189691339329126740e-02
1.650815646696869250e+15,7.238276586161532244e-02
1.650815646698786250e+15,7.286868169924526351e-02
1.650815646700703250e+15,7.335459753687521844e-02
1.650815646702620000e+15,7.465095356520012881e-02
1.650815646704537000e+15,7.701790490467223804e-02
1.650815646706454000e+15,7.938485624414434727e-02
1.650815646708371000e+15,8.175180758361644262e-02
1.650815646710287750e+15,8.411845024398846571e-02
1.650815646712204750e+15,8.532442400566547791e-02
1.650815646714121750e+15,8.297363498131522797e-02
1.650815646716038500e+15,8.062315252830357104e-02
1.650815646717955500e+15,7.827236350395332110e-02
1.650815646719872500e+15,7.592157447960307115e-02
1.650815646721789500e+15,7.357078545525282121e-02
1.650815646723706250e+15,7.122030300224116428e-02
1.650815646725623250e+15,6.886951397789091434e-02
1.650815646727540250e+15,6.874367986614343673e-02
1.650815646729457250e+15,7.174954838334360319e-02
1.650815646731374000e+15,7.475502489891135138e-02
1.650815646733291000e+15,7.776089341611151784e-02
1.650815646735208000e+15,8.076676193331167042e-02
1.650815646737124750e+15,8.377223844887943249e-02
1.650815646739041750e+15,8.677810696607959895e-02
1.650815646740958750e+15,8.978397548327973765e-02
1.650815646742875750e+15,9.278984400047990411e-02
1.650815646744792500e+15,9.579532051604766618e-02
1.650815646746709500e+15,9.731669698491915432e-02
1.650815646748626500e+15,9.319923319512044002e-02
1.650815646750543250e+15,8.908230637243046146e-02
1.650815646752460250e+15,8.496484258263173328e-02
1.650815646754377250e+15,8.084737879283303286e-02
1.650815646756294250e+15,7.672991500303431855e-02
1.650815646758211000e+15,7.500947951226938359e-02
1.650815646760128000e+15,8.058415471677515818e-02
1.650815646762045000e+15,8.615882992128093276e-02
1.650815646763961750e+15,9.173277812067398562e-02
1.650815646765878750e+15,9.730745332517976021e-02
1.650815646767795750e+15,1.028821285296855487e-01
1.650815646769712750e+15,1.084568037341913233e-01
1.650815646771629500e+15,1.107593503843817689e-01
1.650815646773546500e+15,1.112457685748337033e-01
1.650815646775463500e+15,1.117321867652856238e-01
1.650815646777380250e+15,1.122185415209187576e-01
1.650815646779297250e+15,1.127049597113706780e-01
1.650815646781214250e+15,1.131913779018225985e-01
1.650815646783131250e+15,1.136777960922745190e-01
1.650815646785048000e+15,1.141641508479076528e-01
1.650815646786965000e+15,1.146505690383595732e-01
1.650815646788882000e+15,1.151369872288114798e-01
1.650815646790798750e+15,1.156233419844446275e-01
1.650815646792715750e+15,1.161097601748965480e-01
1.650815646794632750e+15,1.165825398793094297e-01
1.650815646796549750e+15,1.165825398793091938e-01
1.650815646798466500e+15,1.165825398793089440e-01
1.650815646800383500e+15,1.165825398793086942e-01
1.650815646802300500e+15,1.165825398793084444e-01
1.650815646804217250e+15,1.165825398793081946e-01
1.650815646806134250e+15,1.165825398793079448e-01
1.650815646808051250e+15,1.165825398793076950e-01
1.650815646809968250e+15,1.155046813821438562e-01
1.650815646811885000e+15,1.142707048108798779e-01
1.650815646813802000e+15,1.130365672931477328e-01
1.650815646815719000e+15,1.118024297754156016e-01
1.650815646817636000e+15,1.105682922576834842e-01
1.650815646819552750e+15,1.129607687969545193e-01
1.650815646821469750e+15,1.157503098281418563e-01
1.650815646823386750e+15,1.185398508593291933e-01
1.650815646825303500e+15,1.213290281006063620e-01
1.650815646827220500e+15,1.241185691317937267e-01
1.650815646829137500e+15,1.269081101629810637e-01
1.650815646831054500e+15,1.284636639730290519e-01
1.650815646832971250e+15,1.271713140251450880e-01
1.650815646834888250e+15,1.258787955172053497e-01
1.650815646836805250e+15,1.245862770092655836e-01
1.650815646838722000e+15,1.232939270613816196e-01
1.650815646840639000e+15,1.220014085534418813e-01
1.650815646842556000e+15,1.207088900455021013e-01
1.650815646844473000e+15,1.194163715375623491e-01
1.650815646846389750e+15,1.181240215896783852e-01
1.650815646848306750e+15,1.168315030817386468e-01
1.650815646850223750e+15,1.165825398793094297e-01
1.650815646852140500e+15,1.165825398793094297e-01
1.650815646854057500e+15,1.165825398793094436e-01
1.650815646855974500e+15,1.165825398793094297e-01
1.650815646857891500e+15,1.165825398793094436e-01
1.650815646859808250e+15,1.165825398793094297e-01
1.650815646861725250e+15,1.159238353525350318e-01
1.650815646863642250e+15,1.150168598971020723e-01
1.650815646865559000e+15,1.141100027222449464e-01
1.650815646867476000e+15,1.132030272668119730e-01
1.650815646869393000e+15,1.122960518113790274e-01
1.650815646871310000e+15,1.113890763559460678e-01
1.650815646873226750e+15,1.104822191810889281e-01
1.650815646875143750e+15,1.110210213462647089e-01
1.650815646877060750e+15,1.116188949195853486e-01
1.650815646878977500e+15,1.122166905229563805e-01
1.650815646880894500e+15,1.128145640962770063e-01
1.650815646882811500e+15,1.134124376695976461e-01
1.650815646884728500e+15,1.140103112429182719e-01
1.650815646886645250e+15,1.146081068462893315e-01
1.650815646888562250e+15,1.152059804196099574e-01
1.650815646890479250e+15,1.158038539929305832e-01
1.650815646892396250e+15,1.164017275662512091e-01
1.650815646894313000e+15,1.181652020291334426e-01
1.650815646896230000e+15,1.204344341467195323e-01
1.650815646898147000e+15,1.227036662643056220e-01
1.650815646900063750e+15,1.249726024465607765e-01
1.650815646901980750e+15,1.272418345641468662e-01
1.650815646903897750e+15,1.301651930863991780e-01
1.650815646905814750e+15,1.346948313648598239e-01
1.650815646907731500e+15,1.392238789236701912e-01
1.650815646909648500e+15,1.437535172021308649e-01
1.650815646911565500e+15,1.482831554805915109e-01
1.650815646913482250e+15,1.528122030394018505e-01
1.650815646915399250e+15,1.573418413178625241e-01
1.650815646917316250e+15,1.604761037525641587e-01
1.650815646919233250e+15,1.623017385005865454e-01
1.650815646921150000e+15,1.641271351637435538e-01
1.650815646923067000e+15,1.659527699117659405e-01
1.650815646924984000e+15,1.677784046597883549e-01
1.650815646926900750e+15,1.696038013229453356e-01
1.650815646928817750e+15,1.714294360709677223e-01
1.650815646930734750e+15,1.695684662010539245e-01
1.650815646932651750e+15,1.667499602869546016e-01
1.650815646934568500e+15,1.639318219401367793e-01
1.650815646936485500e+15,1.611133160260374564e-01
1.650815646938402500e+15,1.582948101119381334e-01
1.650815646940319250e+15,1.554766717651202834e-01
1.650815646942236250e+15,1.533980787885642350e-01
1.650815646944153250e+15,1.533980787885641517e-01
1.650815646946070250e+15,1.533980787885640684e-01
1.650815646947987000e+15,1.533980787885639852e-01
1.650815646949904000e+15,1.533980787885639019e-01
1.650815646951821000e+15,1.533980787885638186e-01
1.650815646953737750e+15,1.533980787885637076e-01
1.650815646955654750e+15,1.533980787885636521e-01
1.650815646957571750e+15,1.533980787885635411e-01
1.650815646959488750e+15,1.533980787885634856e-01
1.650815646961405500e+15,1.533980787885634023e-01
1.650815646963322500e+15,1.528501567395303962e-01
1.650815646965239500e+15,1.518229033722969801e-01
1.650815646967156500e+15,1.507956500050635085e-01
1.650815646969073250e+15,1.497685306041011966e-01
1.650815646970990250e+15,1.487412772368677527e-01
1.650815646972907250e+15,1.477140238696343089e-01
1.650815646974824000e+15,1.466869044686719969e-01
1.650815646976741000e+15,1.456596511014385531e-01
1.650815646978658000e+15,1.446323977342051093e-01
1.650815646980575000e+15,1.436051443669716654e-01
1.650815646982491750e+15,1.425780249660093535e-01
1.650815646984408750e+15,1.415507715987759096e-01
1.650815646986325750e+15,1.431318644426707032e-01
1.650815646988242500e+15,1.465497751374452706e-01
1.650815646990159500e+15,1.499681316272759024e-01
1.650815646992076500e+15,1.533864881171065342e-01
1.650815646993993500e+15,1.568048446069371660e-01
1.650815646995910250e+15,1.593240444350318696e-01
1.650815646997827250e+15,1.582820029146997931e-01
1.650815646999744250e+15,1.572399613943677443e-01
1.650815647001661000e+15,1.561980557688609494e-01
1.650815647003578000e+15,1.551560142485289007e-01
1.650815647005495000e+15,1.541139727281968241e-01
1.650815647007412000e+15,1.546096856167946121e-01
1.650815647009328750e+15,1.584802645968150514e-01
1.650815647011245750e+15,1.623513484130139073e-01
1.650815647013162750e+15,1.662224322292127632e-01
1.650815647015079500e+15,1.700930112092332025e-01
1.650815647016996500e+15,1.739640950254320861e-01
1.650815647018913500e+15,1.778351788416309420e-01
1.650815647020830500e+15,1.817062626578297979e-01
1.650815647022747250e+15,1.855768416378502372e-01
1.650815647024664250e+15,1.894479254540490931e-01
1.650815647026581250e+15,1.933190092702479490e-01
1.650815647028498000e+15,1.959667932063801910e-01
1.650815647030415000e+15,1.942030258227384620e-01
1.650815647032332000e+15,1.924392584390967609e-01
1.650815647034249000e+15,1.906754910554550042e-01
1.650815647036165750e+15,1.889119536884256711e-01
1.650815647038082750e+15,1.871481863047839700e-01
1.650815647039999750e+15,1.853844189211422411e-01
1.650815647041916750e+15,1.836206515375005122e-01
1.650815647043833500e+15,1.818571141704711513e-01
1.650815647045750500e+15,1.800933467868294502e-01
1.650815647047667500e+15,1.783295794031877213e-01
1.650815647049584250e+15,1.765660420361583882e-01
1.650815647051501250e+15,1.748022746525166593e-01
1.650815647053418250e+15,1.730385072688749304e-01
1.650815647055335250e+15,1.723914416364677460e-01
1.650815647057252000e+15,1.743358957491764893e-01
1.650815647059169000e+15,1.762806034753080509e-01
1.650815647061086000e+15,1.782253112014395846e-01
1.650815647063002750e+15,1.801697653141483280e-01
1.650815647064919750e+15,1.821144730402798340e-01
1.650815647066836750e+15,1.840591807664113955e-01
1.650815647068753750e+15,1.885206668349568571e-01
1.650815647070670500e+15,1.930057581499417529e-01
1.650815647072587500e+15,1.974914344514031306e-01
1.650815647074504500e+15,2.019771107528645082e-01
1.650815647076421250e+15,2.064622020678494319e-01
1.650815647078338250e+15,2.075722656402506638e-01
1.650815647080255250e+15,2.055494686184952680e-01
1.650815647082172250e+15,2.035266715967399276e-01
1.650815647084089000e+15,2.015041383721965507e-01
1.650815647086006000e+15,1.994813413504411548e-01
1.650815647087923000e+15,1.974585443286858144e-01
1.650815647089839750e+15,1.948532938861331498e-01
1.650815647091756750e+15,1.915402064723202291e-01
1.650815647093673750e+15,1.882271190585072806e-01
1.650815647095590750e+15,1.849140316446943322e-01
1.650815647097507500e+15,1.816013762975759449e-01
1.650815647099424500e+15,1.782882888837629964e-01
1.650815647101341500e+15,1.817279214017876177e-01
1.650815647103258250e+15,1.859557705285110885e-01
1.650815647105175250e+15,1.901841710898409255e-01
1.650815647107092250e+15,1.944125716511707347e-01
1.650815647109009250e+15,1.986409722125005717e-01
1.650815647110926000e+15,2.028688213392240980e-01
1.650815647112843000e+15,2.070972219005539072e-01
1.650815647114760000e+15,2.090381771011306233e-01
1.650815647116676750e+15,2.096897938500209002e-01
1.650815647118593750e+15,2.103414955887049353e-01
1.650815647120510750e+15,2.109931973273889982e-01
1.650815647122427750e+15,2.116448990660730334e-01
1.650815647124344500e+15,2.122965158149632825e-01
1.650815647126261500e+15,2.129482175536473454e-01
1.650815647128178500e+15,2.135999192923313805e-01
1.650815647130095500e+15,2.142516210310154434e-01
1.650815647132012250e+15,2.150882993096828455e-01
1.650815647133929250e+15,2.165664726909591886e-01
1.650815647135846250e+15,2.180446460722355595e-01
1.650815647137763000e+15,2.195226266818137706e-01
1.650815647139680000e+15,2.210008000630901415e-01
1.650815647141597000e+15,2.224789734443664846e-01
1.650815647143514000e+15,2.239571468256428832e-01
1.650815647145430750e+15,2.254351274352210943e-01
1.650815647147347750e+15,2.269133008164974374e-01
1.650815647149264750e+15,2.264844828278460842e-01
1.650815647151181500e+15,2.258935653430085844e-01
1.650815647153098500e+15,2.253025707853283932e-01
1.650815647155015500e+15,2.247115762276482576e-01
1.650815647156932500e+15,2.241205816699680942e-01
1.650815647158849250e+15,2.235296641851305943e-01
1.650815647160766250e+15,2.229386696274504587e-01
1.650815647162683250e+15,2.223476750697702675e-01
1.650815647164600000e+15,2.217567575849327954e-01
1.650815647166517000e+15,2.211657630272526043e-01
1.650815647168434000e+15,2.200878448131498299e-01
1.650815647170351000e+15,2.185932368485363209e-01
1.650815647172267750e+15,2.170988237988895064e-01
1.650815647174184750e+15,2.156042158342760251e-01
1.650815647176101750e+15,2.141096078696625160e-01
1.650815647178018500e+15,2.126151948200156738e-01
1.650815647179935500e+15,2.111205868554021647e-01
1.650815647181852500e+15,2.096259788907886557e-01
1.650815647183769500e+15,2.096981805016227829e-01
1.650815647185686250e+15,2.129821003934863344e-01
1.650815647187603250e+15,2.162664486041045442e-01
1.650815647189520250e+15,2.195507968147227262e-01
1.650815647191437000e+15,2.228347167065862777e-01
1.650815647193354000e+15,2.261190649172044875e-01
1.650815647195271000e+15,2.294034131278226696e-01
1.650815647197188000e+15,2.326877613384408794e-01
1.650815647199104750e+15,2.359716812303044031e-01
1.650815647201021750e+15,2.392560294409225852e-01
1.650815647202938750e+15,2.342812451981333144e-01
1.650815647204855750e+15,2.291917962842336676e-01
1.650815647206772500e+15,2.241030110960660904e-01
1.650815647208689500e+15,2.190135621821664436e-01
1.650815647210606500e+15,2.139241132682667967e-01
1.650815647212523250e+15,2.088353280800992473e-01
1.650815647214440250e+15,2.037458791661996005e-01
1.650815647216357250e+15,2.064138766458676610e-01
1.650815647218274250e+15,2.116354173221703938e-01
1.650815647220191000e+15,2.168562770463765554e-01
1.650815647222108000e+15,2.220778177226793160e-01
1.650815647224025000e+15,2.272993583989820210e-01
1.650815647225941750e+15,2.325202181231881826e-01
1.650815647227858750e+15,2.377417587994909154e-01
1.650815647229775750e+15,2.429632994757936482e-01
1.650815647231692750e+15,2.481848401520963532e-01
1.650815647233609500e+15,2.534056998763025703e-01
1.650815647235526500e+15,2.586272405526052198e-01
1.650815647237443500e+15,2.638437664878914846e-01
1.650815647239360250e+15,2.626566229832262289e-01
1.650815647241277250e+15,2.614693246404881100e-01
1.650815647243194250e+15,2.602820262977499910e-01
1.650815647245111250e+15,2.590947279550118720e-01
1.650815647247028000e+15,2.579075844503466164e-01
1.650815647248945000e+15,2.567202861076084974e-01
1.650815647250862000e+15,2.555329877648703230e-01
1.650815647252778750e+15,2.543458442602050673e-01
1.650815647254695750e+15,2.531585459174669483e-01
1.650815647256612750e+15,2.519712475747288294e-01
1.650815647258529750e+15,2.544528610471556429e-01
1.650815647260446500e+15,2.587867277263706245e-01
1.650815647262363500e+15,2.631211596679671194e-01
1.650815647264280500e+15,2.674555916095636143e-01
1.650815647266197250e+15,2.717894582887785959e-01
1.650815647268114250e+15,2.761179961477583378e-01
1.650815647270031250e+15,2.769758261274481437e-01
1.650815647271948250e+15,2.778336561071379496e-01
1.650815647273865000e+15,2.786913742154167872e-01
1.650815647275782000e+15,2.795492041951065376e-01
1.650815647277699000e+15,2.804070341747963990e-01
1.650815647279616000e+15,2.812648641544861494e-01
1.650815647281532750e+15,2.821225822627649871e-01
1.650815647283449750e+15,2.844707655087985176e-01
1.650815647285366750e+15,2.870848624081632217e-01
1.650815647287283500e+15,2.896986183976557605e-01
1.650815647289200500e+15,2.923127152970204090e-01
1.650815647291117500e+15,2.949268121963850020e-01
1.650815647293034500e+15,2.975409090957496505e-01
1.650815647294951250e+15,3.001546650852421894e-01
1.650815647296868250e+15,2.968587033535345365e-01
1.650815647298785250e+15,2.921456653162681771e-01
1.650815647300702000e+15,2.874332419162002328e-01
1.650815647302619000e+15,2.827202038789338734e-01
1.650815647304536000e+15,2.780071658416675140e-01
1.650815647306453000e+15,2.755931327112289275e-01
1.650815647308369750e+15,2.747192264323823907e-01
1.650815647310286750e+15,2.738452061707160601e-01
1.650815647312203750e+15,2.729711859090497850e-01
1.650815647314120500e+15,2.720972796302032481e-01
1.650815647316037500e+15,2.712232593685369730e-01
1.650815647317954500e+15,2.703492391068706979e-01
1.650815647319871500e+15,2.721602920578702900e-01
1.650815647321788250e+15,2.759292491803565506e-01
1.650815647323705250e+15,2.796986978845725780e-01
1.650815647325622250e+15,2.834681465887886609e-01
1.650815647327539000e+15,2.872371037112748660e-01
1.650815647329456000e+15,2.910065524154910044e-01
1.650815647331373000e+15,2.944910260492837328e-01
1.650815647333290000e+15,2.939925278003643339e-01
1.650815647335206750e+15,2.934940945616494878e-01
1.650815647337123750e+15,2.929955963127300334e-01
1.650815647339040750e+15,2.924970980638105789e-01
1.650815647340957500e+15,2.919986648250957328e-01
1.650815647342874500e+15,2.915001665761762784e-01
1.650815647344791500e+15,2.910016683272568794e-01
1.650815647346708500e+15,2.905031700783374249e-01
1.650815647348625250e+15,2.900047368396225789e-01
1.650815647350542250e+15,2.895062385907031244e-01
1.650815647352459250e+15,2.890077403417836699e-01
1.650815647354376250e+15,2.885092420928642709e-01
1.650815647356293000e+15,2.874899954214791276e-01
1.650815647358210000e+15,2.863038943141375525e-01
1.650815647360127000e+15,2.851177932067959775e-01
1.650815647362043750e+15,2.839318467813932712e-01
1.650815647363960750e+15,2.827457456740516406e-01
1.650815647365877750e+15,2.832181290537335583e-01
1.650815647367794750e+15,2.848713356147324349e-01
1.650815647369711500e+15,2.865243265775881953e-01
1.650815647371628500e+15,2.881775331385870165e-01
1.650815647373545500e+15,2.898307396995858376e-01
1.650815647375462250e+15,2.914837306624415980e-01
1.650815647377379250e+15,2.931369372234404191e-01
1.650815647379296250e+15,2.946873628526182065e-01
1.650815647381213250e+15,2.957013770492998295e-01
1.650815647383130000e+15,2.967152590062583917e-01
1.650815647385047000e+15,2.977292732029400146e-01
1.650815647386964000e+15,2.987432873996215266e-01
1.650815647388880750e+15,2.997571693565800888e-01
1.650815647390797750e+15,3.007711835532617117e-01
1.650815647392714750e+15,3.017851977499432792e-01
1.650815647394631750e+15,3.027992119466249021e-01
1.650815647396548500e+15,3.038130939035834643e-01
1.650815647398465500e+15,3.048271081002650318e-01
1.650815647400382500e+15,3.058411222969466547e-01
1.650815647402299250e+15,3.068867630258422796e-01
1.650815647404216250e+15,3.084480272522171496e-01
1.650815647406133250e+15,3.100092914785920195e-01
1.650815647408050250e+15,3.115705557049668895e-01
1.650815647409967000e+15,3.126585045372016758e-01
1.650815647411884000e+15,3.105179104186380767e-01
1.650815647413801000e+15,3.083773163000744777e-01
1.650815647415717750e+15,3.062370013408899361e-01
1.650815647417634750e+15,3.040964072223263370e-01
1.650815647419551750e+15,3.019558131037626825e-01
1.650815647421468750e+15,2.998152189851990834e-01
1.650815647423385500e+15,2.976749040260144863e-01
1.650815647425302500e+15,2.955343099074508872e-01
1.650815647427219500e+15,2.933937157888872882e-01
1.650815647429136250e+15,2.912534008297026911e-01
1.650815647431053250e+15,2.891128067111390920e-01
1.650815647432970250e+15,2.900139488964285639e-01
1.650815647434887250e+15,2.924710354358475706e-01
1.650815647436804000e+15,2.949278015414456000e-01
1.650815647438721000e+15,2.973848880808645512e-01
1.650815647440638000e+15,2.998419746202835579e-01
1.650815647442555000e+15,3.022990611597025645e-01
1.650815647444471750e+15,3.047558272653005940e-01
1.650815647446388750e+15,3.072129138047196006e-01
1.650815647448305750e+15,3.096700003441386073e-01
1.650815647450222500e+15,3.121267664497365812e-01
1.650815647452139500e+15,3.145838529891555324e-01
1.650815647454056500e+15,3.170409395285745946e-01
1.650815647455973500e+15,3.195876779505621434e-01
1.650815647457890250e+15,3.225566355491953918e-01
1.650815647459807250e+15,3.255259803863311263e-01
1.650815647461724250e+15,3.284953252234668053e-01
1.650815647463641000e+15,3.314642828220999982e-01
1.650815647465558000e+15,3.344336276592357327e-01
1.650815647467475000e+15,3.374029724963714116e-01
1.650815647469392000e+15,3.403723173335071461e-01
1.650815647471308750e+15,3.433412749321403945e-01
1.650815647473225750e+15,3.463106197692760735e-01
1.650815647475142750e+15,3.492799646064118080e-01
1.650815647477059500e+15,3.522489222050450008e-01
1.650815647478976500e+15,3.552182670421806798e-01
1.650815647480893500e+15,3.534237164350900740e-01
1.650815647482810500e+15,3.502536410593976579e-01
1.650815647484727250e+15,3.470839790998992980e-01
1.650815647486644250e+15,3.439139037242068819e-01
1.650815647488561250e+15,3.407438283485144659e-01
1.650815647490478000e+15,3.375741663890161059e-01
1.650815647492395000e+15,3.344040910133237454e-01
1.650815647494312000e+15,3.315257579070001737e-01
1.650815647496229000e+15,3.370942751934954407e-01
1.650815647498145750e+15,3.426620662779450432e-01
1.650815647500062750e+15,3.482305835644403658e-01
1.650815647501979750e+15,3.537991008509356328e-01
1.650815647503896500e+15,3.593668919353852909e-01
1.650815647505813500e+15,3.649354092218805024e-01
1.650815647507730500e+15,3.705039265083758249e-01
1.650815647509647500e+15,3.760724437948711474e-01
1.650815647511564250e+15,3.816402348793207500e-01
1.650815647513481250e+15,3.872087521658160725e-01
1.650815647515398250e+15,3.927772694523113395e-01
1.650815647517315250e+15,3.983457867388066620e-01
1.650815647519232000e+15,4.039135778232562091e-01
1.650815647521149000e+15,4.024675551778635896e-01
1.650815647523066000e+15,3.993774291614425320e-01
1.650815647524982750e+15,3.962877061348514252e-01
1.650815647526899750e+15,3.931975801184303676e-01
1.650815647528816750e+15,3.901074541020092545e-01
1.650815647530733750e+15,3.870173280855881970e-01
1.650815647532650500e+15,3.839276050589970346e-01
1.650815647534567500e+15,3.808374790425759771e-01
1.650815647536484500e+15,3.777473530261548085e-01
1.650815647538401250e+15,3.746576299995637016e-01
1.650815647540318250e+15,3.715675039831426441e-01
1.650815647542235250e+15,3.684773779667215865e-01
1.650815647544152250e+15,3.650348814818958898e-01
1.650815647546069000e+15,3.615518516593727583e-01
1.650815647547986000e+15,3.580683675483635753e-01
1.650815647549903000e+15,3.545848834373543368e-01
1.650815647551819750e+15,3.511018536148311497e-01
1.650815647553736750e+15,3.503280950095395974e-01
1.650815647555653750e+15,3.512777611391624255e-01
1.650815647557570750e+15,3.522274272687852537e-01
1.650815647559487500e+15,3.531769695504516915e-01
1.650815647561404500e+15,3.541266356800745196e-01
1.650815647563321500e+15,3.550763018096972923e-01
1.650815647565238250e+15,3.560258440913637301e-01
1.650815647567155250e+15,3.569755102209866138e-01
1.650815647569072250e+15,3.579251763506093864e-01
1.650815647570989250e+15,3.588748424802322146e-01
1.650815647572906000e+15,3.598243847618986524e-01
1.650815647574823000e+15,3.607740508915215361e-01
1.650815647576740000e+15,3.617237170211443087e-01
1.650815647578656750e+15,3.642341205504050494e-01
1.650815647580573750e+15,3.674510122997575734e-01
1.650815647582490750e+15,3.706679040491100974e-01
1.650815647584407750e+15,3.738847957984626214e-01
1.650815647586324500e+15,3.771012680261994210e-01
1.650815647588241500e+15,3.803181597755519450e-01
1.650815647590158500e+15,3.835350515249044689e-01
1.650815647592075500e+15,3.866118151591896868e-01
1.650815647593992250e+15,3.874408157019905707e-01
1.650815647595909250e+15,3.882699243705959868e-01
1.650815647597826250e+15,3.890990330392014585e-01
1.650815647599743000e+15,3.899280335820023424e-01
1.650815647601660000e+15,3.907571422506077585e-01
1.650815647603577000e+15,3.915862509192131746e-01
1.650815647605494000e+15,3.924153595878186462e-01
1.650815647607410750e+15,3.897442057960088801e-01
1.650815647609327750e+15,3.852512475524997315e-01
1.650815647611244750e+15,3.807582893089905829e-01
1.650815647613161500e+15,3.762659170016111609e-01
1.650815647615078500e+15,3.717729587581019568e-01
1.650815647616995500e+15,3.683913132532597445e-01
1.650815647618912500e+15,3.696022011142343633e-01
1.650815647620829250e+15,3.708129310607772844e-01
1.650815647622746250e+15,3.720238189217518476e-01
1.650815647624663250e+15,3.732347067827264109e-01
1.650815647626580000e+15,3.744935772061299684e-01
1.650815647628497000e+15,3.760826834857174394e-01
1.650815647630414000e+15,3.776717897653049105e-01
1.650815647632331000e+15,3.792608960448924371e-01
1.650815647634247750e+15,3.808497950857893111e-01
1.650815647636164750e+15,3.824389013653768377e-01
1.650815647638081750e+15,3.840280076449643087e-01
1.650815647639998500e+15,3.856169066858611272e-01
1.650815647641915500e+15,3.872060129654487093e-01
1.650815647643832500e+15,3.887951192450361804e-01
1.650815647645749500e+15,3.903842255246236514e-01
1.650815647647666250e+15,3.919731245655205254e-01
1.650815647649583250e+15,3.933137069975726763e-01
1.650815647651500250e+15,3.944452668514937255e-01
1.650815647653417000e+15,3.955766791363154455e-01
1.650815647655334000e+15,3.967082389902364392e-01
1.650815647657251000e+15,3.978397988441574884e-01
1.650815647659168000e+15,3.989713586980785376e-01
1.650815647661084750e+15,4.001027709829001466e-01
1.650815647663001750e+15,4.012343308368212513e-01
1.650815647664918750e+15,4.023658906907422450e-01
1.650815647666835750e+15,4.034974505446632942e-01
1.650815647668752500e+15,4.046288628294849588e-01
1.650815647670669500e+15,4.032909285718841996e-01
1.650815647672586500e+15,4.008830340618519950e-01
1.650815647674503250e+15,3.984754535704048140e-01
1.650815647676420250e+15,3.960675590603727203e-01
1.650815647678337250e+15,3.936596645503405156e-01
1.650815647680254250e+15,3.912517700403083110e-01
1.650815647682171000e+15,3.888441895488611855e-01
1.650815647684088000e+15,3.867623000119334575e-01
1.650815647686005000e+15,3.905420444468651886e-01
1.650815647687921750e+15,3.943212959573791920e-01
1.650815647689838750e+15,3.981010403923108676e-01
1.650815647691755750e+15,4.018807848272425431e-01
1.650815647693672750e+15,4.056605292621743297e-01
1.650815647695589500e+15,4.094397807726883332e-01
1.650815647697506500e+15,4.116066718662070301e-01
1.650815647699423500e+15,4.125008914710045493e-01
1.650815647701340250e+15,4.133949944587436143e-01
1.650815647703257250e+15,4.142892140635411335e-01
1.650815647705174250e+15,4.151834336683386528e-01
1.650815647707091250e+15,4.160776532731361721e-01
1.650815647709008000e+15,4.169717562608751260e-01
1.650815647710925000e+15,4.184183935979489677e-01
1.650815647712842000e+15,4.201052664907507506e-01
1.650815647714758750e+15,4.217919193949122847e-01
1.650815647716675750e+15,4.234787922877140121e-01
1.650815647718592750e+15,4.251656651805158504e-01
1.650815647720509750e+15,4.268525380733175778e-01
1.650815647722426500e+15,4.285391909774791674e-01
1.650815647724343500e+15,4.302260638702808393e-01
1.650815647726260500e+15,4.319129367630826222e-01
1.650815647728177250e+15,4.335995896672442673e-01
1.650815647730094250e+15,4.352864625600459392e-01
1.650815647732011250e+15,4.348691946296999178e-01
1.650815647733928250e+15,4.338727893199575414e-01
1.650815647735845000e+15,4.328765139535263318e-01
1.650815647737762000e+15,4.318801086437839554e-01
1.650815647739679000e+15,4.308837033340416345e-01
1.650815647741595750e+15,4.298874279676104804e-01
1.650815647743512750e+15,4.300729924072105304e-01
1.650815647745429750e+15,4.309651772283200621e-01
1.650815647747346750e+15,4.318573620494295939e-01
1.650815647749263500e+15,4.327494305188410717e-01
1.650815647751180500e+15,4.336416153399506590e-01
1.650815647753097500e+15,4.345338001610602463e-01
1.650815647755014500e+15,4.354259849821697781e-01
1.650815647756931250e+15,4.372725966173420797e-01
1.650815647758848250e+15,4.394406114881386771e-01
1.650815647760765250e+15,4.416086263589351635e-01
1.650815647762682000e+15,4.437763584943547057e-01
1.650815647764599000e+15,4.459443733651512476e-01
1.650815647766516000e+15,4.478440233992760366e-01
1.650815647768433000e+15,4.469498037944785174e-01
1.650815647770349750e+15,4.460557008067395079e-01
1.650815647772266750e+15,4.451614812019419887e-01
1.650815647774183750e+15,4.442672615971444694e-01
1.650815647776100500e+15,4.433731586094055155e-01
1.650815647778017500e+15,4.424789390046079962e-01
1.650815647779934500e+15,4.417864669110649345e-01
1.650815647781851500e+15,4.417864669110649345e-01
1.650815647783768250e+15,4.417864669110648790e-01
1.650815647785685250e+15,4.417864669110649345e-01
1.650815647787602250e+15,4.417864669110649345e-01
1.650815647789519000e+15,4.417864669110649345e-01
1.650815647791436000e+15,4.417864669110649345e-01
1.650815647793353000e+15,4.417864669110648790e-01
1.650815647795270000e+15,4.417864669110649345e-01
1.650815647797186750e+15,4.417864669110649345e-01
1.650815647799103750e+15,4.417864669110649345e-01
1.650815647801020750e+15,4.417864669110649345e-01
1.650815647802937500e+15,4.408122922058420046e-01
1.650815647804854500e+15,4.395840824656825907e-01
1.650815647806771500e+15,4.383558727255232323e-01
1.650815647808688500e+15,4.371276629853637630e-01
1.650815647810605250e+15,4.358996134186186033e-01
1.650815647812522250e+15,4.363427942066174237e-01
1.650815647814439250e+15,4.372111364981801085e-01
1.650815647816356000e+15,4.380793655473991244e-01
1.650815647818273000e+15,4.389477078389618092e-01
1.650815647820190000e+15,4.398160501305244940e-01
1.650815647822107000e+15,4.406843924220872344e-01
1.650815647824023750e+15,4.415526214713062503e-01
1.650815647825940750e+15,4.417864669110658227e-01
1.650815647827857750e+15,4.417864669110658227e-01
1.650815647829774750e+15,4.417864669110658227e-01
1.650815647831691500e+15,4.417864669110658227e-01
1.650815647833608500e+15,4.417864669110658227e-01
1.650815647835525500e+15,4.417864669110658227e-01
1.650815647837442250e+15,4.417864669110658227e-01
1.650815647839359250e+15,4.417864669110658227e-01
1.650815647841276250e+15,4.417864669110658782e-01
1.650815647843193250e+15,4.417864669110654896e-01
1.650815647845110000e+15,4.417864669110651565e-01
1.650815647847027000e+15,4.417864669110647124e-01
1.650815647848944000e+15,4.417864669110644349e-01
1.650815647850860750e+15,4.417864669110640463e-01
1.650815647852777750e+15,4.417864669110642684e-01
1.650815647854694750e+15,4.417864669110644349e-01
1.650815647856611750e+15,4.417864669110646014e-01
1.650815647858528500e+15,4.417864669110647124e-01
1.650815647860445500e+15,4.417864669110649345e-01
1.650815647862362500e+15,4.417864669110650455e-01
1.650815647864279250e+15,4.417864669110651565e-01
1.650815647866196250e+15,4.417864669110653786e-01
1.650815647868113250e+15,4.417864669110654896e-01
1.650815647870030250e+15,4.417864669110657116e-01
1.650815647871947000e+15,4.417864669110658227e-01
1.650815647873864000e+15,4.442633362611237979e-01
1.650815647875781000e+15,4.469368489548518064e-01
1.650815647877697750e+15,4.496100129901691167e-01
1.650815647879614750e+15,4.522835256838971252e-01
1.650815647881531750e+15,4.549570383776251892e-01
1.650815647883448750e+15,4.576305510713532532e-01
1.650815647885365500e+15,4.600481281854899573e-01
1.650815647887282500e+15,4.564801105874598530e-01
1.650815647889199500e+15,4.529120929894296932e-01
1.650815647891116250e+15,4.493445407040753681e-01
1.650815647893033250e+15,4.457765231060452082e-01
1.650815647894950250e+15,4.422085055080150484e-01
1.650815647896867250e+15,4.473256750863692233e-01
1.650815647898784000e+15,4.536071584586599537e-01
1.650815647900701000e+15,4.598894611192476112e-01
1.650815647902618000e+15,4.661717637798352687e-01
1.650815647904535000e+15,4.724540664404228707e-01
1.650815647906451750e+15,4.786020058203197536e-01
1.650815647908368750e+15,4.786020058203197536e-01
1.650815647910285750e+15,4.786020058203197536e-01
1.650815647912202500e+15,4.786020058203197536e-01
1.650815647914119500e+15,4.786020058203197536e-01
1.650815647916036500e+15,4.786020058203197536e-01
1.650815647917953500e+15,4.786020058203197536e-01
1.650815647919870250e+15,4.783708442947116612e-01
1.650815647921787250e+15,4.777794039949577187e-01
1.650815647923704250e+15,4.771879636952037762e-01
1.650815647925621000e+15,4.765966005264226091e-01
1.650815647927538000e+15,4.760051602266687221e-01
1.650815647929455000e+15,4.754137199269147240e-01
1.650815647931372000e+15,4.748222796271607815e-01
1.650815647933288750e+15,4.742309164583796699e-01
1.650815647935205750e+15,4.736394761586257274e-01
1.650815647937122750e+15,4.730480358588717849e-01
1.650815647939039500e+15,4.725124326207600922e-01
1.650815647940956500e+15,4.754256410781630970e-01
1.650815647942873500e+15,4.783388495355661019e-01
1.650815647944790500e+15,4.812520579929691067e-01
1.650815647946707250e+15,4.841648865327329299e-01
1.650815647948624250e+15,4.870780949901358792e-01
1.650815647950541250e+15,4.899913034475388285e-01
1.650815647952458000e+15,4.929041319873026517e-01
1.650815647954375000e+15,4.958173404447056565e-01
1.650815647956292000e+15,4.987305489021086613e-01
1.650815647958209000e+15,5.016437573595116106e-01
1.650815647960125750e+15,5.045565858992754338e-01
1.650815647962042750e+15,5.074697943566783831e-01
1.650815647963959750e+15,5.092816215780340272e-01
1.650815647965876500e+15,5.092816215780338052e-01
1.650815647967793500e+15,5.092816215780336941e-01
1.650815647969710500e+15,5.092816215780335831e-01
1.650815647971627500e+15,5.092816215780333611e-01
1.650815647973544250e+15,5.092816215780333611e-01
1.650815647975461250e+15,5.092816215780332501e-01
1.650815647977378250e+15,5.094018823983561539e-01
1.650815647979295000e+15,5.098920683151118016e-01
1.650815647981212000e+15,5.103823181663811326e-01
1.650815647983129000e+15,5.108725680176504635e-01
1.650815647985046000e+15,5.113628178689197945e-01
1.650815647986962750e+15,5.118530037856754422e-01
1.650815647988879750e+15,5.123432536369447732e-01
1.650815647990796750e+15,5.128335034882139931e-01
1.650815647992713750e+15,5.133237533394834351e-01
1.650815647994630500e+15,5.138139392562388608e-01
1.650815647996547500e+15,5.143041891075083027e-01
1.650815647998464500e+15,5.147944389587776337e-01
1.650815648000381250e+15,5.152846248755331704e-01
1.650815648002298250e+15,5.146979359815898603e-01
1.650815648004215250e+15,5.137106466848377906e-01
1.650815648006132250e+15,5.127233573880858319e-01
1.650815648008049000e+15,5.117361968458065125e-01
1.650815648009966000e+15,5.107489075490545538e-01
1.650815648011883000e+15,5.097616182523025952e-01
1.650815648013799750e+15,5.092816215780340272e-01
1.650815648015716750e+15,5.092816215780340272e-01
1.650815648017633750e+15,5.092816215780340272e-01
1.650815648019550750e+15,5.092816215780340272e-01
1.650815648021467500e+15,5.092816215780340272e-01
1.650815648023384500e+15,5.092816215780340272e-01
1.650815648025301500e+15,5.092816215780340272e-01
1.650815648027218250e+15,5.092816215780340272e-01
1.650815648029135250e+15,5.092816215780340272e-01
1.650815648031052250e+15,5.092816215780340272e-01
1.650815648032969250e+15,5.092816215780340272e-01
1.650815648034886000e+15,5.092816215780340272e-01
1.650815648036803000e+15,5.092816215780340272e-01
1.650815648038720000e+15,5.092816215780340272e-01
1.650815648040636750e+15,5.092816215780340272e-01
1.650815648042553750e+15,5.092816215780340272e-01
1.650815648044470750e+15,5.092816215780340272e-01
1.650815648046387750e+15,5.092816215780340272e-01
1.650815648048304500e+15,5.092816215780340272e-01
1.650815648050221500e+15,5.092816215780340272e-01
1.650815648052138500e+15,5.092816215780340272e-01
1.650815648054055250e+15,5.092816215780340272e-01
1.650815648055972250e+15,5.092816215780340272e-01
1.650815648057889250e+15,5.092816215780340272e-01
1.650815648059806250e+15,5.092816215780340272e-01
1.650815648061723000e+15,5.092816215780340272e-01
1.650815648063640000e+15,5.092816215780340272e-01
1.650815648065557000e+15,5.092816215780340272e-01
1.650815648067474000e+15,5.092816215780340272e-01
1.650815648069390750e+15,5.092816215780340272e-01
1.650815648071307750e+15,5.092816215780340272e-01
1.650815648073224750e+15,5.102881253138916717e-01
1.650815648075141500e+15,5.113648469746731040e-01
1.650815648077058500e+15,5.124417090713043743e-01
1.650815648078975500e+15,5.135185711679355336e-01
1.650815648080892500e+15,5.145954332645668039e-01
1.650815648082809250e+15,5.150276243414306787e-01
1.650815648084726250e+15,5.133784740180508122e-01
1.650815648086643250e+15,5.117293236946710566e-01
1.650815648088560000e+15,5.100803884404516708e-01
1.650815648090477000e+15,5.084312381170719153e-01
1.650815648092394000e+15,5.067820877936921597e-01
1.650815648094311000e+15,5.051329374703122932e-01
1.650815648096227750e+15,5.034840022160930184e-01
1.650815648098144750e+15,5.040731473801813856e-01
1.650815648100061750e+15,5.052399527250388545e-01
1.650815648101978500e+15,5.064066059043584866e-01
1.650815648103895500e+15,5.075734112492159555e-01
1.650815648105812500e+15,5.087402165940734244e-01
1.650815648107729500e+15,5.099070219389310044e-01
1.650815648109646250e+15,5.110736751182505255e-01
1.650815648111563250e+15,5.122404804631079944e-01
1.650815648113480250e+15,5.134072858079654633e-01
1.650815648115397000e+15,5.145739389872849845e-01
1.650815648117314000e+15,5.154175447295763490e-01
1.650815648119231000e+15,5.154175447295765711e-01
1.650815648121148000e+15,5.154175447295765711e-01
1.650815648123064750e+15,5.154175447295767931e-01
1.650815648124981750e+15,5.154175447295767931e-01
1.650815648126898750e+15,5.154175447295770152e-01
1.650815648128815500e+15,5.154175447295771262e-01
1.650815648130732500e+15,5.154175447295772372e-01
1.650815648132649500e+15,5.154175447295770152e-01
1.650815648134566500e+15,5.154175447295769041e-01
1.650815648136483250e+15,5.154175447295766821e-01
1.650815648138400250e+15,5.154175447295765711e-01
1.650815648140317250e+15,5.154175447295763490e-01
1.650815648142234250e+15,5.154175447295763490e-01
1.650815648144151000e+15,5.154175447295763490e-01
1.650815648146068000e+15,5.154175447295763490e-01
1.650815648147985000e+15,5.154175447295763490e-01
1.650815648149901750e+15,5.154175447295763490e-01
1.650815648151818750e+15,5.154175447295763490e-01
1.650815648153735750e+15,5.154175447295763490e-01
1.650815648155652750e+15,5.155343291327155741e-01
1.650815648157569500e+15,5.160650855161588169e-01
1.650815648159486500e+15,5.165959111256858138e-01
1.650815648161403500e+15,5.171267367352126998e-01
1.650815648163320250e+15,5.176574931186559425e-01
1.650815648165237250e+15,5.181883187281828285e-01
1.650815648167154250e+15,5.187191443377097144e-01
1.650815648169071250e+15,5.192499699472366004e-01
1.650815648170988000e+15,5.197807263306798431e-01
1.650815648172905000e+15,5.203115519402067290e-01
1.650815648174822000e+15,5.208423775497336150e-01
1.650815648176738750e+15,5.213731339331769687e-01
1.650815648178655750e+15,5.203935030197840428e-01
1.650815648180572750e+15,5.186367164196036272e-01
1.650815648182489750e+15,5.168799298194231007e-01
1.650815648184406500e+15,5.151233723254763364e-01
1.650815648186323500e+15,5.133665857252959208e-01
1.650815648188240500e+15,5.116097991251153942e-01
1.650815648190157250e+15,5.098532416311686299e-01
1.650815648192074250e+15,5.096142402063482679e-01
1.650815648193991250e+15,5.101072847920677944e-01
1.650815648195908250e+15,5.106003293777874319e-01
1.650815648197825000e+15,5.110933096645260409e-01
1.650815648199742000e+15,5.115863542502456784e-01
1.650815648201659000e+15,5.120793988359650939e-01
1.650815648203575750e+15,5.125723791227039250e-01
1.650815648205492750e+15,5.130654237084234515e-01
1.650815648207409750e+15,5.135584682941429779e-01
1.650815648209326750e+15,5.140515128798625044e-01
1.650815648211243500e+15,5.145444931666012245e-01
1.650815648213160500e+15,5.150375377523207510e-01
1.650815648215077500e+15,5.150271280383644790e-01
1.650815648216994500e+15,5.133242183749863186e-01
1.650815648218911250e+15,5.116215307916371913e-01
1.650815648220828250e+15,5.099186211282590309e-01
1.650815648222745250e+15,5.082157114648807594e-01
1.650815648224662000e+15,5.065130238815317432e-01
1.650815648226579000e+15,5.048101142181535828e-01
1.650815648228496000e+15,5.031072045547753113e-01
1.650815648230413000e+15,5.014042948913970399e-01
1.650815648232329750e+15,4.997016073080479681e-01
1.650815648234246750e+15,4.979986976446697522e-01
1.650815648236163750e+15,4.978965145437022066e-01
1.650815648238080500e+15,5.000111739444907943e-01
1.650815648239997500e+15,5.021261091584265923e-01
1.650815648241914500e+15,5.042410443723625013e-01
1.650815648243831500e+15,5.063559795862984103e-01
1.650815648245748250e+15,5.084706389870868870e-01
1.650815648247665250e+15,5.105855742010227960e-01
1.650815648249582250e+15,5.127005094149585940e-01
1.650815648251499000e+15,5.148151688157470707e-01
1.650815648253416000e+15,5.189382405698552692e-01
1.650815648255333000e+15,5.238610516025440367e-01
1.650815648257250000e+15,5.287838626352328042e-01
1.650815648259166750e+15,5.337060316737859411e-01
1.650815648261083750e+15,5.386288427064747086e-01
1.650815648263000750e+15,5.435516537391634762e-01
1.650815648264917500e+15,5.455775523916925884e-01
1.650815648266834500e+15,5.445012814902830955e-01
1.650815648268751500e+15,5.434250105888734916e-01
1.650815648270668500e+15,5.423487396874639987e-01
1.650815648272585250e+15,5.412726091448052390e-01
1.650815648274502250e+15,5.401963382433957461e-01
1.650815648276419250e+15,5.430173245292010398e-01
1.650815648278336000e+15,5.469270559679165755e-01
1.650815648280253000e+15,5.508372973494308766e-01
1.650815648282170000e+15,5.547475387309452888e-01
1.650815648284087000e+15,5.586577801124597009e-01
1.650815648286003750e+15,5.625675115511752367e-01
1.650815648287920750e+15,5.664777529326895378e-01
1.650815648289837750e+15,5.703879943142039499e-01
1.650815648291754500e+15,5.742977257529194857e-01
1.650815648293671500e+15,5.782079671344337868e-01
1.650815648295588500e+15,5.821182085159481989e-01
1.650815648297505500e+15,5.802056093210193888e-01
1.650815648299422250e+15,5.768086764881160677e-01
1.650815648301339250e+15,5.734113005962807597e-01
1.650815648303256250e+15,5.700139247044453406e-01
1.650815648305173250e+15,5.666165488126099214e-01
1.650815648307090000e+15,5.632196159797067114e-01
1.650815648309007000e+15,5.598222400878714033e-01
1.650815648310924000e+15,5.583690067903726018e-01
1.650815648312840750e+15,5.583690067903726018e-01
1.650815648314757750e+15,5.583690067903726018e-01
1.650815648316674750e+15,5.583690067903726018e-01
1.650815648318591750e+15,5.583690067903726018e-01
1.650815648320508500e+15,5.583690067903726018e-01
1.650815648322425500e+15,5.584345118392682883e-01
1.650815648324342500e+15,5.595217255079539820e-01
1.650815648326259250e+15,5.606087973908194799e-01
1.650815648328176250e+15,5.616960110595052846e-01
1.650815648330093250e+15,5.627832247281907563e-01
1.650815648332010250e+15,5.638704383968764500e-01
1.650815648333927000e+15,5.659275632308414794e-01
1.650815648335844000e+15,5.693450920715291685e-01
1.650815648337761000e+15,5.727626209122169687e-01
1.650815648339677750e+15,5.761797040657840041e-01
1.650815648341594750e+15,5.795972329064716932e-01
1.650815648343511750e+15,5.830147617471592714e-01
1.650815648345428750e+15,5.864322905878470715e-01
1.650815648347345500e+15,5.898493737414141069e-01
1.650815648349262500e+15,5.932669025821019071e-01
1.650815648351179500e+15,5.966844314227895962e-01
1.650815648353096250e+15,6.001015145763566316e-01
1.650815648355013250e+15,5.968974652951862803e-01
1.650815648356930250e+15,5.900222187378589833e-01
1.650815648358847250e+15,5.831469721805316864e-01
1.650815648360764000e+15,5.762726222385613495e-01
1.650815648362681000e+15,5.693973756812340525e-01
1.650815648364598000e+15,5.625221291239068666e-01
1.650815648366514750e+15,5.590079023154491678e-01
1.650815648368431750e+15,5.606220871214745438e-01
1.650815648370348750e+15,5.622362719275000309e-01
1.650815648372265750e+15,5.638504567335254070e-01
1.650815648374182500e+15,5.654644310303170718e-01
1.650815648376099500e+15,5.670786158363424478e-01
1.650815648378016500e+15,5.686928006423679349e-01
1.650815648379933500e+15,5.703069854483933110e-01
1.650815648381850250e+15,5.733057813396631452e-01
1.650815648383767250e+15,5.766661940665009922e-01
1.650815648385684250e+15,5.800266067933386172e-01
1.650815648387601000e+15,5.833865812816882990e-01
1.650815648389518000e+15,5.867469940085260349e-01
1.650815648391435000e+15,5.894020049160040298e-01
1.650815648393352000e+15,5.905235843850393795e-01
1.650815648395268750e+15,5.916450175865380912e-01
1.650815648397185750e+15,5.927665970555732189e-01
1.650815648399102750e+15,5.938881765246084576e-01
1.650815648401019500e+15,5.950096097261072803e-01
1.650815648402936500e+15,5.961311891951424080e-01
1.650815648404853500e+15,5.972527686641776468e-01
1.650815648406770500e+15,5.983743481332128855e-01
1.650815648408687250e+15,5.994957813347117082e-01
1.650815648410604250e+15,6.006173608037469469e-01
1.650815648412521250e+15,6.005828070251120199e-01
1.650815648414438000e+15,5.986059970913832906e-01
1.650815648416355000e+15,5.966289293240909508e-01
1.650815648418272000e+15,5.946518615567983890e-01
1.650815648420189000e+15,5.926747937895059382e-01
1.650815648422105750e+15,5.906979838557772089e-01
1.650815648424022750e+15,5.893835056778365944e-01
1.650815648425939750e+15,5.914038706179789440e-01
1.650815648427856500e+15,5.934239720780820626e-01
1.650815648429773500e+15,5.954443370182243012e-01
1.650815648431690500e+15,5.974647019583665397e-01
1.650815648433607500e+15,5.994850668985088893e-01
1.650815648435524250e+15,6.013204688511734064e-01
1.650815648437441250e+15,6.013204688511734064e-01
1.650815648439358250e+15,6.013204688511732954e-01
1.650815648441275000e+15,6.013204688511732954e-01
1.650815648443192000e+15,6.013204688511732954e-01
1.650815648445109000e+15,6.013204688511732954e-01
1.650815648447026000e+15,6.013204688511732954e-01
1.650815648448942750e+15,6.013398322755655334e-01
1.650815648450859750e+15,6.019043902156424597e-01
1.650815648452776750e+15,6.024689481557194970e-01
1.650815648454693750e+15,6.030335060957964233e-01
1.650815648456610500e+15,6.035979904106856253e-01
1.650815648458527500e+15,6.041625483507624406e-01
1.650815648460444500e+15,6.047271062908394779e-01
1.650815648462361250e+15,6.052915906057285689e-01
1.650815648464278250e+15,6.058561485458056062e-01
1.650815648466195250e+15,6.064207064858825325e-01
1.650815648468112250e+15,6.069852644259594587e-01
1.650815648470029000e+15,6.074563920027138408e-01
1.650815648471946000e+15,6.074563920027139519e-01
1.650815648473863000e+15,6.074563920027138408e-01
1.650815648475779750e+15,6.074563920027138408e-01
1.650815648477696750e+15,6.074563920027139519e-01
1.650815648479613750e+15,6.074563920027138408e-01
1.650815648481530750e+15,6.074563920027138408e-01
1.650815648483447500e+15,6.074563920027139519e-01
1.650815648485364500e+15,6.066290246893825122e-01
1.650815648487281500e+15,6.055886421773090111e-01
1.650815648489198250e+15,6.045483953437060798e-01
1.650815648491115250e+15,6.035080128316324677e-01
1.650815648493032250e+15,6.024676303195589666e-01
1.650815648494949250e+15,6.014272478074854655e-01
1.650815648496866000e+15,6.037001278862693665e-01
1.650815648498783000e+15,6.063523408922457669e-01
1.650815648500700000e+15,6.090045538982220563e-01
1.650815648502616750e+15,6.116564210235245769e-01
1.650815648504533750e+15,6.134394411726522556e-01
1.650815648506450750e+15,6.128734162132418728e-01
1.650815648508367750e+15,6.123073912538314900e-01
1.650815648510284500e+15,6.117414401109260158e-01
1.650815648512201500e+15,6.111754151515156330e-01
1.650815648514118500e+15,6.106093901921052503e-01
1.650815648516035250e+15,6.100434390491997760e-01
1.650815648517952250e+15,6.094774140897895043e-01
1.650815648519869250e+15,6.089113891303791215e-01
1.650815648521786250e+15,6.083453641709687387e-01
1.650815648523703000e+15,6.077794130280633755e-01
1.650815648525620000e+15,6.074563920027138408e-01
1.650815648527537000e+15,6.074563920027138408e-01
1.650815648529454000e+15,6.074563920027138408e-01
1.650815648531370750e+15,6.074563920027138408e-01
1.650815648533287750e+15,6.074563920027138408e-01
1.650815648535204750e+15,6.074563920027138408e-01
1.650815648537121500e+15,6.074563920027138408e-01
1.650815648539038500e+15,6.074563920027138408e-01
1.650815648540955500e+15,6.074563920027138408e-01
1.650815648542872500e+15,6.074563920027138408e-01
1.650815648544789250e+15,6.074563920027138408e-01
1.650815648546706250e+15,6.074563920027138408e-01
1.650815648548623250e+15,6.074563920027138408e-01
1.650815648550540000e+15,6.074563920027138408e-01
1.650815648552457000e+15,6.074563920027138408e-01
1.650815648554374000e+15,6.074563920027138408e-01
1.650815648556291000e+15,6.074563920027138408e-01
1.650815648558207750e+15,6.074563920027138408e-01
1.650815648560124750e+15,6.074563920027138408e-01
1.650815648562041750e+15,6.075144932537244191e-01
1.650815648563958500e+15,6.082029975682498035e-01
1.650815648565875500e+15,6.088915916837812636e-01
1.650815648567792500e+15,6.095801857993128348e-01
1.650815648569709500e+15,6.102687799148442949e-01
1.650815648571626250e+15,6.109572842293697903e-01
1.650815648573543250e+15,6.116458783449012504e-01
1.650815648575460250e+15,6.123344724604329326e-01
1.650815648577377000e+15,6.130229767749582059e-01
1.650815648579294000e+15,6.135923151542578280e-01
1.650815648581211000e+15,6.135923151542574949e-01
1.650815648583128000e+15,6.135923151542569398e-01
1.650815648585044750e+15,6.135923151542563847e-01
1.650815648586961750e+15,6.135923151542561627e-01
1.650815648588878750e+15,6.135923151542561627e-01
1.650815648590795500e+15,6.135923151542561627e-01
1.650815648592712500e+15,6.135923151542561627e-01
1.650815648594629500e+15,6.135923151542561627e-01
1.650815648596546500e+15,6.135923151542561627e-01
1.650815648598463250e+15,6.135923151542561627e-01
1.650815648600380250e+15,6.135923151542561627e-01
1.650815648602297250e+15,6.135923151542561627e-01
1.650815648604214000e+15,6.135923151542561627e-01
1.650815648606131000e+15,6.135923151542561627e-01
1.650815648608048000e+15,6.135923151542561627e-01
1.650815648609965000e+15,6.135923151542561627e-01
1.650815648611881750e+15,6.135923151542561627e-01
1.650815648613798750e+15,6.135923151542561627e-01
1.650815648615715750e+15,6.135923151542561627e-01
1.650815648617632750e+15,6.135923151542561627e-01
1.650815648619549500e+15,6.135923151542561627e-01
1.650815648621466500e+15,6.135923151542561627e-01
1.650815648623383500e+15,6.135923151542561627e-01
1.650815648625300250e+15,6.135923151542563847e-01
1.650815648627217250e+15,6.135923151542567178e-01
1.650815648629134250e+15,6.135923151542570508e-01
1.650815648631051250e+15,6.135923151542572729e-01
1.650815648632968000e+15,6.135923151542574949e-01
1.650815648634885000e+15,6.135923151542577170e-01
1.650815648636802000e+15,6.136952455197980383e-01
1.650815648638718750e+15,6.141020326912395300e-01
1.650815648640635750e+15,6.145088729195704591e-01
1.650815648642552750e+15,6.149157131479012772e-01
1.650815648644469750e+15,6.153225533762322064e-01
1.650815648646386500e+15,6.157293405476736980e-01
1.650815648648303500e+15,6.161361807760046272e-01
1.650815648650220500e+15,6.165430210043354453e-01
1.650815648652137250e+15,6.169498081757770480e-01
1.650815648654054250e+15,6.173566484041078661e-01
1.650815648655971250e+15,6.177634886324387953e-01
1.650815648657888250e+15,6.181703288607697244e-01
1.650815648659805000e+15,6.185771160322112161e-01
1.650815648661722000e+15,6.189839562605420342e-01
1.650815648663639000e+15,6.193907964888729634e-01
1.650815648665555750e+15,6.198961398960980418e-01
1.650815648667472750e+15,6.208811968160801165e-01
1.650815648669389750e+15,6.218662537360623022e-01
1.650815648671306750e+15,6.228513106560443768e-01
1.650815648673223500e+15,6.238362391126827111e-01
1.650815648675140500e+15,6.248212960326648968e-01
1.650815648677057500e+15,6.258063529526470825e-01
1.650815648678974250e+15,6.268413650363122702e-01
1.650815648680891250e+15,6.278796353762809979e-01
1.650815648682808250e+15,6.289179057162496145e-01
1.650815648684725250e+15,6.299561760562183421e-01
1.650815648686642000e+15,6.309943109931691607e-01
1.650815648688559000e+15,6.320000846088822399e-01
1.650815648690476000e+15,6.320000846088826840e-01
1.650815648692393000e+15,6.320000846088831281e-01
1.650815648694309750e+15,6.320000846088834612e-01
1.650815648696226750e+15,6.320000846088839053e-01
1.650815648698143750e+15,6.320000846088839053e-01
1.650815648700060500e+15,6.320000846088835722e-01
1.650815648701977500e+15,6.320000846088833502e-01
1.650815648703894500e+15,6.320000846088831281e-01
1.650815648705811500e+15,6.320000846088829061e-01
1.650815648707728250e+15,6.320000846088825730e-01
1.650815648709645250e+15,6.320000846088823510e-01
1.650815648711562250e+15,6.320000846088824620e-01
1.650815648713479000e+15,6.320000846088826840e-01
1.650815648715396000e+15,6.320000846088829061e-01
1.650815648717313000e+15,6.320000846088831281e-01
1.650815648719230000e+15,6.320000846088833502e-01
1.650815648721146750e+15,6.320000846088834612e-01
1.650815648723063750e+15,6.320000846088836832e-01
1.650815648724980750e+15,6.320000846088839053e-01
1.650815648726897500e+15,6.320000846088840163e-01
1.650815648728814500e+15,6.320000846088840163e-01
1.650815648730731500e+15,6.320000846088840163e-01
1.650815648732648500e+15,6.320000846088840163e-01
1.650815648734565250e+15,6.320000846088840163e-01
1.650815648736482250e+15,6.320000846088840163e-01
1.650815648738399250e+15,6.320000846088840163e-01
1.650815648740316000e+15,6.320000846088840163e-01
1.650815648742233000e+15,6.320000846088840163e-01
1.650815648744150000e+15,6.320000846088840163e-01
1.650815648746067000e+15,6.320000846088840163e-01
1.650815648747983750e+15,6.320000846088840163e-01
1.650815648749900750e+15,6.320000846088840163e-01
1.650815648751817750e+15,6.320000846088840163e-01
1.650815648753734500e+15,6.320000846088839053e-01
1.650815648755651500e+15,6.320000846088840163e-01
1.650815648757568500e+15,6.320000846088840163e-01
1.650815648759485500e+15,6.320000846088840163e-01
1.650815648761402250e+15,6.320000846088840163e-01
1.650815648763319250e+15,6.320000846088840163e-01
1.650815648765236250e+15,6.320000846088840163e-01
1.650815648767153250e+15,6.320000846088840163e-01
1.650815648769070000e+15,6.320000846088840163e-01
1.650815648770987000e+15,6.320000846088840163e-01
1.650815648772904000e+15,6.320000846088840163e-01
1.650815648774820750e+15,6.320000846088841273e-01
1.650815648776737750e+15,6.320000846088840163e-01
1.650815648778654750e+15,6.320000846088841273e-01
1.650815648780571750e+15,6.320000846088840163e-01
1.650815648782488500e+15,6.320000846088840163e-01
1.650815648784405500e+15,6.320000846088840163e-01
1.650815648786322500e+15,6.320000846088840163e-01
1.650815648788239250e+15,6.320000846088840163e-01
1.650815648790156250e+15,6.320000846088840163e-01
1.650815648792073250e+15,6.320000846088840163e-01
1.650815648793990250e+15,6.320000846088840163e-01
1.650815648795907000e+15,6.320000846088840163e-01
1.650815648797824000e+15,6.320000846088840163e-01
1.650815648799741000e+15,6.320000846088840163e-01
1.650815648801657750e+15,6.320000846088840163e-01
1.650815648803574750e+15,6.320000846088840163e-01
1.650815648805491750e+15,6.320000846088840163e-01
1.650815648807408750e+15,6.320000846088841273e-01
1.650815648809325500e+15,6.320000846088841273e-01
1.650815648811242500e+15,6.320000846088840163e-01
1.650815648813159500e+15,6.320000846088840163e-01
1.650815648815076250e+15,6.320000846088840163e-01
1.650815648816993250e+15,6.320000846088841273e-01
1.650815648818910250e+15,6.320000846088840163e-01
1.650815648820827250e+15,6.320000846088840163e-01
1.650815648822744000e+15,6.320000846088840163e-01
1.650815648824661000e+15,6.320000846088840163e-01
1.650815648826578000e+15,6.320000846088840163e-01
1.650815648828494750e+15,6.320000846088840163e-01
1.650815648830411750e+15,6.320000846088840163e-01
1.650815648832328750e+15,6.320000846088840163e-01
1.650815648834245750e+15,6.320000846088840163e-01
1.650815648836162500e+15,6.320000846088840163e-01
1.650815648838079500e+15,6.320000846088840163e-01
1.650815648839996500e+15,6.320000846088840163e-01
1.650815648841913500e+15,6.320000846088840163e-01
1.650815648843830250e+15,6.320000846088841273e-01
1.650815648845747250e+15,6.320000846088840163e-01
1.650815648847664250e+15,6.320000846088840163e-01
1.650815648849581000e+15,6.320000846088840163e-01
1.650815648851498000e+15,6.320000846088840163e-01
1.650815648853415000e+15,6.320000846088841273e-01
1.650815648855332000e+15,6.320000846088840163e-01
1.650815648857248750e+15,6.320000846088840163e-01
1.650815648859165750e+15,6.320000846088840163e-01
1.650815648861082750e+15,6.320000846088840163e-01
1.650815648862999500e+15,6.320000846088840163e-01
1.650815648864916500e+15,6.320000846088840163e-01
1.650815648866833500e+15,6.320000846088840163e-01
1.650815648868750500e+15,6.320000846088840163e-01
1.650815648870667250e+15,6.320000846088840163e-01
1.650815648872584250e+15,6.320000846088840163e-01
1.650815648874501250e+15,6.320000846088841273e-01
1.650815648876418000e+15,6.320000846088840163e-01
1.650815648878335000e+15,6.320000846088840163e-01
1.650815648880252000e+15,6.320000846088840163e-01
1.650815648882169000e+15,6.320000846088840163e-01
1.650815648884085750e+15,6.320000846088840163e-01
1.650815648886002750e+15,6.320000846088840163e-01
1.650815648887919750e+15,6.320000846088841273e-01
1.650815648889836500e+15,6.320000846088840163e-01
1.650815648891753500e+15,6.320000846088840163e-01
1.650815648893670500e+15,6.320000846088840163e-01
1.650815648895587500e+15,6.320000846088840163e-01
1.650815648897504250e+15,6.320000846088840163e-01
1.650815648899421250e+15,6.320000846088841273e-01
1.650815648901338250e+15,6.320000846088841273e-01
1.650815648903255000e+15,6.320000846088840163e-01
1.650815648905172000e+15,6.320000846088840163e-01
1.650815648907089000e+15,6.320000846088840163e-01
1.650815648909006000e+15,6.320000846088840163e-01
1.650815648910922750e+15,6.320000846088841273e-01
1.650815648912839750e+15,6.320000846088840163e-01
1.650815648914756750e+15,6.320000846088840163e-01
1.650815648916673500e+15,6.320000846088840163e-01
1.650815648918590500e+15,6.320000846088840163e-01
1.650815648920507500e+15,6.320000846088840163e-01
1.650815648922424500e+15,6.320000846088840163e-01
1.650815648924341250e+15,6.320000846088840163e-01
1.650815648926258250e+15,6.320000846088840163e-01
1.650815648928175250e+15,6.320000846088841273e-01
1.650815648930092250e+15,6.320000846088840163e-01
1.650815648932009000e+15,6.320000846088840163e-01
1.650815648933926000e+15,6.320000846088840163e-01
1.650815648935843000e+15,6.320000846088840163e-01
1.650815648937759750e+15,6.320000846088840163e-01
1.650815648939676750e+15,6.320000846088840163e-01
1.650815648941593750e+15,6.320000846088840163e-01
1.650815648943510750e+15,6.320000846088840163e-01
1.650815648945427500e+15,6.314047523907293513e-01
1.650815648947344500e+15,6.305571832394462062e-01
1.650815648949261500e+15,6.297096140881630610e-01
1.650815648951178250e+15,6.288621554701548932e-01
1.650815648953095250e+15,6.280145863188717481e-01
1.650815648955012250e+15,6.271670171675887140e-01
1.650815648956929250e+15,6.263194480163055688e-01
1.650815648958846000e+15,6.265285369255323422e-01
1.650815648960763000e+15,6.279643968720053371e-01
1.650815648962680000e+15,6.294002568184783319e-01
1.650815648964596750e+15,6.308359295114371879e-01
1.650815648966513750e+15,6.320000846088841273e-01
1.650815648968430750e+15,6.320000846088840163e-01
1.650815648970347750e+15,6.320000846088841273e-01
1.650815648972264500e+15,6.320000846088840163e-01
1.650815648974181500e+15,6.320000846088840163e-01
1.650815648976098500e+15,6.320000846088840163e-01
1.650815648978015250e+15,6.320000846088840163e-01
1.650815648979932250e+15,6.320000846088840163e-01
1.650815648981849250e+15,6.320000846088840163e-01
1.650815648983766250e+15,6.320000846088840163e-01
1.650815648985683000e+15,6.320000846088840163e-01
1.650815648987600000e+15,6.320000846088841273e-01
1.650815648989517000e+15,6.320000846088840163e-01
1.650815648991433750e+15,6.320000846088840163e-01
1.650815648993350750e+15,6.320000846088840163e-01
1.650815648995267750e+15,6.320000846088840163e-01
1.650815648997184750e+15,6.320000846088840163e-01
1.650815648999101500e+15,6.320000846088840163e-01
1.650815649001018500e+15,6.320000846088840163e-01
1.650815649002935500e+15,6.320000846088840163e-01
1.650815649004852500e+15,6.320000846088840163e-01
1.650815649006769250e+15,6.320000846088840163e-01
1.650815649008686250e+15,6.320000846088840163e-01
1.650815649010603250e+15,6.320000846088840163e-01
1.650815649012520000e+15,6.320000846088840163e-01
1.650815649014437000e+15,6.320000846088840163e-01
1.650815649016354000e+15,6.320000846088840163e-01
1.650815649018271000e+15,6.320000846088840163e-01
1.650815649020187750e+15,6.320000846088840163e-01
1.650815649022104750e+15,6.320000846088840163e-01
1.650815649024021750e+15,6.320000846088840163e-01
1.650815649025938500e+15,6.320000846088841273e-01
1.650815649027855500e+15,6.320000846088841273e-01
1.650815649029772500e+15,6.320000846088842383e-01
1.650815649031689500e+15,6.320000846088843494e-01
1.650815649033606250e+15,6.320000846088843494e-01
1.650815649035523250e+15,6.320000846088844604e-01
1.650815649037440250e+15,6.320000846088844604e-01
1.650815649039357000e+15,6.320000846088846824e-01
1.650815649041274000e+15,6.320000846088846824e-01
1.650815649043191000e+15,6.320000846088846824e-01
1.650815649045108000e+15,6.320000846088849045e-01
1.650815649047024750e+15,6.320000846088849045e-01
1.650815649048941750e+15,6.320000846088849045e-01
1.650815649050858750e+15,6.320000846088849045e-01
1.650815649052775500e+15,6.320000846088849045e-01
1.650815649054692500e+15,6.320000846088849045e-01
1.650815649056609500e+15,6.320000846088849045e-01
1.650815649058526500e+15,6.320000846088849045e-01
1.650815649060443250e+15,6.321343918146398178e-01
1.650815649062360250e+15,6.328114908637708647e-01
1.650815649064277250e+15,6.334885899129021336e-01
1.650815649066194000e+15,6.341656006601228412e-01
1.650815649068111000e+15,6.348426997092539992e-01
1.650815649070028000e+15,6.355197987583851571e-01
1.650815649071945000e+15,6.361968978075163150e-01
1.650815649073861750e+15,6.368739085547370227e-01
1.650815649075778750e+15,6.375510076038681806e-01
1.650815649077695750e+15,6.381360077604272263e-01
1.650815649079612750e+15,6.381360077604271153e-01
1.650815649081529500e+15,6.381360077604271153e-01
1.650815649083446500e+15,6.381360077604270042e-01
1.650815649085363500e+15,6.381360077604268932e-01
1.650815649087280250e+15,6.381360077604267822e-01
1.650815649089197250e+15,6.381360077604267822e-01
1.650815649091114250e+15,6.381360077604266712e-01
1.650815649093031250e+15,6.381360077604265602e-01
1.650815649094948000e+15,6.381360077604265602e-01
1.650815649096865000e+15,6.381360077604265602e-01
1.650815649098782000e+15,6.381360077604264491e-01
1.650815649100698750e+15,6.381360077604262271e-01
1.650815649102615750e+15,6.381360077604261161e-01
1.650815649104532750e+15,6.381360077604258940e-01
1.650815649106449750e+15,6.381360077604256720e-01
1.650815649108366500e+15,6.381360077604255610e-01
1.650815649110283500e+15,6.381360077604255610e-01
1.650815649112200500e+15,6.381360077604258940e-01
1.650815649114117250e+15,6.381360077604260050e-01
1.650815649116034250e+15,6.381360077604262271e-01
1.650815649117951250e+15,6.381360077604264491e-01
1.650815649119868250e+15,6.381360077604266712e-01
1.650815649121785000e+15,6.381360077604270042e-01
1.650815649123702000e+15,6.381360077604272263e-01
1.650815649125619000e+15,6.381360077604268932e-01
1.650815649127535750e+15,6.381360077604266712e-01
1.650815649129452750e+15,6.381360077604263381e-01
1.650815649131369750e+15,6.381360077604260050e-01
1.650815649133286750e+15,6.381360077604256720e-01
1.650815649135203500e+15,6.381360077604254499e-01
1.650815649137120500e+15,6.381360077604254499e-01
1.650815649139037500e+15,6.381360077604254499e-01
1.650815649140954250e+15,6.381360077604254499e-01
1.650815649142871250e+15,6.381360077604254499e-01
1.650815649144788250e+15,6.381360077604254499e-01
1.650815649146705250e+15,6.381360077604254499e-01
1.650815649148622000e+15,6.376187043500989304e-01
1.650815649150539000e+15,6.370209523081483693e-01
1.650815649152456000e+15,6.364232002661978083e-01
1.650815649154372750e+15,6.358255261783476442e-01
1.650815649156289750e+15,6.352277741363969721e-01
1.650815649158206750e+15,6.346300220944465220e-01
1.650815649160123750e+15,6.340322700524958499e-01
1.650815649162040500e+15,6.334345959646456858e-01
1.650815649163957500e+15,6.328368439226952358e-01
1.650815649165874500e+15,6.322390918807445637e-01
1.650815649167791500e+15,6.320000846088849045e-01
1.650815649169708250e+15,6.320000846088849045e-01
1.650815649171625250e+15,6.320000846088849045e-01
1.650815649173542250e+15,6.320000846088849045e-01
1.650815649175459000e+15,6.320000846088849045e-01
1.650815649177376000e+15,6.320000846088849045e-01
1.650815649179293000e+15,6.329567778212811247e-01
1.650815649181210000e+15,6.339683502913106006e-01
1.650815649183126750e+15,6.349797908400477420e-01
1.650815649185043750e+15,6.359913633100772179e-01
1.650815649186960750e+15,6.370029357801068048e-01
1.650815649188877500e+15,6.380143763288439462e-01
1.650815649190794500e+15,6.381360077604254499e-01
1.650815649192711500e+15,6.381360077604254499e-01
1.650815649194628500e+15,6.381360077604254499e-01
1.650815649196545250e+15,6.381360077604254499e-01
1.650815649198462250e+15,6.381360077604254499e-01
1.650815649200379250e+15,6.381360077604254499e-01
1.650815649202296000e+15,6.381360077604254499e-01
1.650815649204213000e+15,6.381360077604254499e-01
1.650815649206130000e+15,6.380558218219036792e-01
1.650815649208047000e+15,6.367531400918516882e-01
1.650815649209963750e+15,6.354506282472626166e-01
1.650815649211880750e+15,6.341479465172106256e-01
1.650815649213797750e+15,6.328452647871585235e-01
1.650815649215714500e+15,6.315427529425694519e-01
1.650815649217631500e+15,6.302400712125174609e-01
1.650815649219548500e+15,6.289373894824653588e-01
1.650815649221465500e+15,6.276347077524133677e-01
1.650815649223382250e+15,6.263321959078242962e-01
1.650815649225299250e+15,6.261678178339444845e-01
1.650815649227216250e+15,6.266417517024124306e-01
1.650815649229133000e+15,6.271156237641682951e-01
1.650815649231050000e+15,6.275895576326362413e-01
1.650815649232967000e+15,6.280634915011041874e-01
1.650815649234884000e+15,6.285374253695721336e-01
1.650815649236800750e+15,6.290112974313279981e-01
1.650815649238717750e+15,6.294852312997960553e-01
1.650815649240634750e+15,6.299591651682640014e-01
1.650815649242551750e+15,6.304330990367319476e-01
1.650815649244468500e+15,6.309069710984878121e-01
1.650815649246385500e+15,6.313809049669557583e-01
1.650815649248302500e+15,6.318548388354238154e-01
1.650815649250219250e+15,6.320000846088849045e-01
1.650815649252136250e+15,6.320000846088849045e-01
1.650815649254053250e+15,6.320000846088849045e-01
1.650815649255970250e+15,6.320000846088849045e-01
1.650815649257887000e+15,6.320000846088849045e-01
1.650815649259804000e+15,6.320000846088849045e-01
1.650815649261721000e+15,6.320000846088849045e-01
1.650815649263637750e+15,6.320000846088847934e-01
1.650815649265554750e+15,6.320000846088846824e-01
1.650815649267471750e+15,6.320000846088844604e-01
1.650815649269388750e+15,6.320000846088844604e-01
1.650815649271305500e+15,6.320000846088842383e-01
1.650815649273222500e+15,6.320000846088840163e-01
1.650815649275139500e+15,6.320000846088840163e-01
1.650815649277056250e+15,6.320000846088841273e-01
1.650815649278973250e+15,6.320000846088841273e-01
1.650815649280890250e+15,6.320000846088843494e-01
1.650815649282807250e+15,6.320000846088843494e-01
1.650815649284724000e+15,6.320000846088844604e-01
1.650815649286641000e+15,6.320000846088844604e-01
1.650815649288558000e+15,6.320000846088846824e-01
1.650815649290474750e+15,6.320000846088845714e-01
1.650815649292391750e+15,6.320000846088846824e-01
1.650815649294308750e+15,6.320000846088847934e-01
1.650815649296225750e+15,6.320000846088849045e-01
1.650815649298142500e+15,6.320000846088849045e-01
1.650815649300059500e+15,6.320000846088847934e-01
1.650815649301976500e+15,6.320000846088846824e-01
1.650815649303893250e+15,6.320000846088844604e-01
1.650815649305810250e+15,6.320000846088843494e-01
1.650815649307727250e+15,6.320000846088842383e-01
1.650815649309644250e+15,6.320000846088841273e-01
1.650815649311561000e+15,6.324525525511462964e-01
1.650815649313478000e+15,6.337432981542965305e-01
1.650815649315395000e+15,6.350340437574465424e-01
1.650815649317312000e+15,6.363247893605965544e-01
1.650815649319228750e+15,6.376153666348991500e-01
1.650815649321145750e+15,6.385228641688149853e-01
1.650815649323062750e+15,6.391712608769075654e-01
1.650815649324979500e+15,6.398195730262223879e-01
1.650815649326896500e+15,6.404679697343149680e-01
1.650815649328813500e+15,6.411163664424076591e-01
1.650815649330730500e+15,6.417647631505003503e-01
1.650815649332647250e+15,6.424130752998150617e-01
1.650815649334564250e+15,6.430614720079077529e-01
1.650815649336481250e+15,6.437098687160003330e-01
1.650815649338398000e+15,6.442719309119695481e-01
1.650815649340315000e+15,6.442719309119695481e-01
1.650815649342232000e+15,6.442719309119696591e-01
1.650815649344149000e+15,6.442719309119695481e-01
1.650815649346065750e+15,6.442719309119695481e-01
1.650815649347982750e+15,6.442719309119695481e-01
1.650815649349899750e+15,6.442719309119695481e-01
1.650815649351816500e+15,6.442719309119695481e-01
1.650815649353733500e+15,6.442719309119695481e-01
1.650815649355650500e+15,6.442719309119696591e-01
1.650815649357567500e+15,6.442719309119695481e-01
1.650815649359484250e+15,6.442719309119696591e-01
1.650815649361401250e+15,6.423757922538613219e-01
1.650815649363318250e+15,6.373220587709367280e-01
1.650815649365235000e+15,6.322689843560197476e-01
1.650815649367152000e+15,6.272152508730951537e-01
1.650815649369069000e+15,6.221615173901704487e-01
1.650815649370986000e+15,6.197282383057993727e-01
1.650815649372902750e+15,6.197282383057993727e-01
1.650815649374819750e+15,6.197282383057993727e-01
1.650815649376736750e+15,6.197282383057993727e-01
1.650815649378653500e+15,6.197282383057993727e-01
1.650815649380570500e+15,6.197282383057993727e-01
1.650815649382487500e+15,6.197282383057993727e-01
1.650815649384404500e+15,6.197282383057993727e-01
1.650815649386321250e+15,6.197282383057992616e-01
1.650815649388238250e+15,6.197282383057993727e-01
1.650815649390155250e+15,6.197282383057993727e-01
1.650815649392072250e+15,6.197282383057993727e-01
1.650815649393989000e+15,6.197282383057993727e-01
1.650815649395906000e+15,6.197282383057993727e-01
1.650815649397823000e+15,6.197282383057993727e-01
1.650815649399739750e+15,6.197282383057994837e-01
1.650815649401656750e+15,6.197282383057993727e-01
1.650815649403573750e+15,6.197282383057993727e-01
1.650815649405490750e+15,6.197282383057993727e-01
1.650815649407407500e+15,6.197282383057993727e-01
1.650815649409324500e+15,6.197282383057994837e-01
1.650815649411241500e+15,6.197282383057993727e-01
1.650815649413158250e+15,6.197282383057993727e-01
1.650815649415075250e+15,6.197282383057993727e-01
1.650815649416992250e+15,6.197282383057993727e-01
1.650815649418909250e+15,6.197282383057993727e-01
1.650815649420826000e+15,6.197282383057993727e-01
1.650815649422743000e+15,6.197282383057993727e-01
1.650815649424660000e+15,6.197282383057993727e-01
1.650815649426576750e+15,6.197282383057993727e-01
1.650815649428493750e+15,6.197282383057993727e-01
1.650815649430410750e+15,6.197282383057994837e-01
1.650815649432327750e+15,6.195181660599706763e-01
1.650815649434244500e+15,6.186268412626444446e-01
1.650815649436161500e+15,6.177354002106165698e-01
1.650815649438078500e+15,6.168439591585885839e-01
1.650815649439995250e+15,6.159526343612622412e-01
1.650815649441912250e+15,6.150611933092343664e-01
1.650815649443829250e+15,6.141697522572064916e-01
1.650815649445746250e+15,6.132783112051785057e-01
1.650815649447663000e+15,6.123869864078522740e-01
1.650815649449580000e+15,6.114955453558243992e-01
1.650815649451497000e+15,6.106041043037964133e-01
1.650815649453413750e+15,6.097127795064700706e-01
1.650815649455330750e+15,6.088213384544421958e-01
1.650815649457247750e+15,6.079298974024143210e-01
1.650815649459164750e+15,6.069024887350905617e-01
1.650815649461081500e+15,6.057211879415269618e-01
1.650815649462998500e+15,6.045397330719501916e-01
1.650815649464915500e+15,6.033582782023734215e-01
1.650815649466832250e+15,6.021769774088098215e-01
1.650815649468749250e+15,6.019979431248655422e-01
1.650815649470666250e+15,6.044611355054687607e-01
1.650815649472583250e+15,6.069243278860719792e-01
1.650815649474500000e+15,6.093871990365785640e-01
1.650815649476417000e+15,6.118503914171817826e-01
1.650815649478334000e+15,6.143135837977850011e-01
1.650815649480251000e+15,6.167767761783882197e-01
1.650815649482167750e+15,6.192396473288948044e-01
1.650815649484084750e+15,6.166995295574690950e-01
1.650815649486001750e+15,6.129214038567711853e-01
1.650815649487918500e+15,6.091437708693884234e-01
1.650815649489835500e+15,6.053656451686906248e-01
1.650815649491752500e+15,6.015875194679926041e-01
1.650815649493669500e+15,6.022611062399056969e-01
1.650815649495586250e+15,6.032731560377471158e-01
1.650815649497503250e+15,6.042853378363448602e-01
1.650815649499420250e+15,6.052975196349423825e-01
1.650815649501337000e+15,6.063095694327838014e-01
1.650815649503254000e+15,6.073217512313814348e-01
1.650815649505171000e+15,6.074563920027129527e-01
1.650815649507088000e+15,6.074563920027128416e-01
1.650815649509004750e+15,6.074563920027128416e-01
1.650815649510921750e+15,6.074563920027128416e-01
1.650815649512838750e+15,6.074563920027128416e-01
1.650815649514755500e+15,6.074563920027128416e-01
1.650815649516672500e+15,6.074563920027129527e-01
1.650815649518589500e+15,6.074563920027129527e-01
1.650815649520506500e+15,6.074563920027129527e-01
1.650815649522423250e+15,6.074563920027129527e-01
1.650815649524340250e+15,6.074563920027129527e-01
1.650815649526257250e+15,6.074563920027129527e-01
1.650815649528174000e+15,6.074563920027129527e-01
1.650815649530091000e+15,6.074563920027129527e-01
1.650815649532008000e+15,6.074563920027129527e-01
1.650815649533925000e+15,6.074563920027129527e-01
1.650815649535841750e+15,6.074563920027129527e-01
1.650815649537758750e+15,6.074563920027129527e-01
1.650815649539675750e+15,6.064285296334923636e-01
1.650815649541592500e+15,6.052875681763019156e-01
1.650815649543509500e+15,6.041464579045220384e-01
1.650815649545426500e+15,6.030053476327422723e-01
1.650815649547343500e+15,6.018642373609623952e-01
1.650815649549260250e+15,6.013204688511707419e-01
1.650815649551177250e+15,6.013204688511711860e-01
1.650815649553094250e+15,6.013204688511715190e-01
1.650815649555011250e+15,6.013204688511718521e-01
1.650815649556928000e+15,6.013204688511721852e-01
1.650815649558845000e+15,6.013204688511724072e-01
1.650815649560762000e+15,6.013204688511721852e-01
1.650815649562678750e+15,6.013204688511720741e-01
1.650815649564595750e+15,6.013204688511719631e-01
1.650815649566512750e+15,6.013204688511717411e-01
1.650815649568429750e+15,6.013204688511717411e-01
1.650815649570346500e+15,6.013204688511715190e-01
1.650815649572263500e+15,6.013204688511712970e-01
1.650815649574180500e+15,6.013204688511711860e-01
1.650815649576097250e+15,6.013204688511710749e-01
1.650815649578014250e+15,6.013204688511708529e-01
1.650815649579931250e+15,6.013204688511707419e-01
1.650815649581848250e+15,6.028259694428318438e-01
1.650815649583765000e+15,6.060136725735323360e-01
1.650815649585682000e+15,6.092017914735208262e-01
1.650815649587599000e+15,6.123899103735093163e-01
1.650815649589515750e+15,6.155776135042098085e-01
1.650815649591432750e+15,6.187657324041982987e-01
1.650815649593349750e+15,6.219538513041867889e-01
1.650815649595266750e+15,6.251419702041751680e-01
1.650815649597183500e+15,6.235534095211119343e-01
1.650815649599100500e+15,6.205654085351071103e-01
1.650815649601017500e+15,6.175774075491021753e-01
1.650815649602934250e+15,6.145897962345873156e-01
1.650815649604851250e+15,6.116017952485823805e-01
1.650815649606768250e+15,6.086137942625774455e-01
1.650815649608685250e+15,6.056257932765725105e-01
1.650815649610602000e+15,6.026381819620576508e-01
1.650815649612519000e+15,5.996501809760528268e-01
1.650815649614436000e+15,5.966621799900478917e-01
1.650815649616352750e+15,5.955899593916941237e-01
1.650815649618269750e+15,5.963922076989857102e-01
1.650815649620186750e+15,5.971944560062771856e-01
1.650815649622103750e+15,5.979967043135687721e-01
1.650815649624020500e+15,5.987988479979720058e-01
1.650815649625937500e+15,5.996010963052634812e-01
1.650815649627854500e+15,6.004033446125550677e-01
1.650815649629771500e+15,6.012055929198466542e-01
1.650815649631688250e+15,6.028046311305184091e-01
1.650815649633605250e+15,6.045370951825851380e-01
1.650815649635522250e+15,6.062695592346517559e-01
1.650815649637439000e+15,6.080017973524394215e-01
1.650815649639356000e+15,6.097342614045060394e-01
1.650815649641273000e+15,6.114667254565726573e-01
1.650815649643190000e+15,6.131991895086393862e-01
1.650815649645106750e+15,6.071662924453933297e-01
1.650815649647023750e+15,5.988526865517593833e-01
1.650815649648940750e+15,5.905390806581255481e-01
1.650815649650857500e+15,5.822265589593134116e-01
1.650815649652774500e+15,5.739129530656796874e-01
1.650815649654691500e+15,5.706408530934590217e-01
1.650815649656608500e+15,5.706408530934590217e-01
1.650815649658525250e+15,5.706408530934590217e-01
1.650815649660442250e+15,5.706408530934590217e-01
1.650815649662359250e+15,5.706408530934590217e-01
1.650815649664276000e+15,5.706408530934590217e-01
1.650815649666193000e+15,5.706408530934590217e-01
1.650815649668110000e+15,5.706408530934590217e-01
1.650815649670027000e+15,5.706408530934589107e-01
1.650815649671943750e+15,5.703850150549195641e-01
1.650815649673860750e+15,5.697156987534796047e-01
1.650815649675777750e+15,5.690463824520395342e-01
1.650815649677694500e+15,5.683771534375454682e-01
1.650815649679611500e+15,5.677078371361055087e-01
1.650815649681528500e+15,5.670385208346654382e-01
1.650815649683445500e+15,5.663692045332254787e-01
1.650815649685362250e+15,5.656999755187314127e-01
1.650815649687279250e+15,5.650306592172913422e-01
1.650815649689196250e+15,5.648962758470146284e-01
1.650815649691113000e+15,5.667202570350914348e-01
1.650815649693030000e+15,5.685444761234144107e-01
1.650815649694947000e+15,5.703686952117374975e-01
1.650815649696864000e+15,5.721929143000603624e-01
1.650815649698780750e+15,5.740168954881371688e-01
1.650815649700697750e+15,5.758411145764601446e-01
1.650815649702614750e+15,5.758674891091890569e-01
1.650815649704531750e+15,5.740007116640999385e-01
1.650815649706448500e+15,5.721341776693819048e-01
1.650815649708365500e+15,5.702674002242927864e-01
1.650815649710282500e+15,5.684006227792035570e-01
1.650815649712199250e+15,5.665340887844855233e-01
1.650815649714116250e+15,5.646673113393964050e-01
1.650815649716033250e+15,5.645049299419166999e-01
1.650815649717950250e+15,5.645049299419165889e-01
1.650815649719867000e+15,5.645049299419166999e-01
1.650815649721784000e+15,5.645049299419166999e-01
1.650815649723701000e+15,5.645049299419166999e-01
1.650815649725617750e+15,5.645049299419166999e-01
1.650815649727534750e+15,5.651780276483104881e-01
1.650815649729451750e+15,5.670193809171749644e-01
1.650815649731368750e+15,5.688607341860394406e-01
1.650815649733285500e+15,5.707018473201532771e-01
1.650815649735202500e+15,5.725432005890178644e-01
1.650815649737119500e+15,5.743845538578822296e-01
1.650815649739036250e+15,5.762256669919961771e-01
1.650815649740953250e+15,5.760326376775303236e-01
1.650815649742870250e+15,5.749706509782248620e-01
1.650815649744787250e+15,5.739086642789195114e-01
1.650815649746704000e+15,5.728468160755321170e-01
1.650815649748621000e+15,5.717848293762267664e-01
1.650815649750538000e+15,5.707228426769213048e-01
1.650815649752454750e+15,5.701344411633442189e-01
1.650815649754371750e+15,5.695855836820551410e-01
1.650815649756288750e+15,5.690367262007660631e-01
1.650815649758205750e+15,5.684878687194769853e-01
1.650815649760122500e+15,5.679390828158458193e-01
1.650815649762039500e+15,5.673902253345566304e-01
1.650815649763956500e+15,5.668413678532676636e-01
1.650815649765873250e+15,5.662925819496364976e-01
1.650815649767790250e+15,5.657437244683474198e-01
1.650815649769707250e+15,5.651948669870582309e-01
1.650815649771624250e+15,5.646460095057692641e-01
1.650815649773541000e+15,5.660133554175827975e-01
1.650815649775458000e+15,5.680440096569453479e-01
1.650815649777375000e+15,5.700746638963076762e-01
1.650815649779291750e+15,5.721050533137816974e-01
1.650815649781208750e+15,5.741357075531441367e-01
1.650815649783125750e+15,5.761663617925064651e-01
1.650815649785042750e+15,5.744974276364454013e-01
1.650815649786959500e+15,5.712388474048961662e-01
1.650815649788876500e+15,5.679798421596216063e-01
1.650815649790793500e+15,5.647208369143470463e-01
1.650815649792710500e+15,5.614618316690724864e-01
1.650815649794627250e+15,5.582032514375233623e-01
1.650815649796544250e+15,5.549442461922488024e-01
1.650815649798461250e+15,5.526090679011594897e-01
1.650815649800378000e+15,5.548454304607181031e-01
1.650815649802295000e+15,5.570820847070589998e-01
1.650815649804212000e+15,5.593187389533997855e-01
1.650815649806129000e+15,5.615553931997406822e-01
1.650815649808045750e+15,5.637917557592994067e-01
1.650815649809962750e+15,5.637595599860941720e-01
1.650815649811879750e+15,5.626652661279207823e-01
1.650815649813796500e+15,5.615711149789097689e-01
1.650815649815713500e+15,5.604768211207363793e-01
1.650815649817630500e+15,5.593825272625628786e-01
1.650815649819547500e+15,5.582882334043893779e-01
1.650815649821464250e+15,5.571940822553783645e-01
1.650815649823381250e+15,5.560997883972049749e-01
1.650815649825298250e+15,5.550054945390314742e-01
1.650815649827215000e+15,5.539113433900205719e-01
1.650815649829132000e+15,5.528170495318470712e-01
1.650815649831049000e+15,5.519699262726772693e-01
1.650815649832966000e+15,5.514056391687429670e-01
1.650815649834882750e+15,5.508414256546763088e-01
1.650815649836799750e+15,5.502771385507420066e-01
1.650815649838716750e+15,5.497128514468079263e-01
1.650815649840633500e+15,5.491486379327411571e-01
1.650815649842550500e+15,5.485843508288070769e-01
1.650815649844467500e+15,5.480200637248727746e-01
1.650815649846384500e+15,5.474557766209384724e-01
1.650815649848301250e+15,5.468915631068718142e-01
1.650815649850218250e+15,5.463272760029376229e-01
1.650815649852135250e+15,5.460971604872879581e-01
1.650815649854052000e+15,5.460971604872879581e-01
1.650815649855969000e+15,5.460971604872879581e-01
1.650815649857886000e+15,5.460971604872879581e-01
1.650815649859803000e+15,5.460971604872879581e-01
1.650815649861719750e+15,5.460971604872879581e-01
1.650815649863636750e+15,5.460971604872879581e-01
1.650815649865553750e+15,5.460971604872879581e-01
1.650815649867470750e+15,5.460971604872879581e-01
1.650815649869387500e+15,5.460971604872879581e-01
1.650815649871304500e+15,5.460971604872878471e-01
1.650815649873221500e+15,5.460971604872878471e-01
1.650815649875138250e+15,5.460971604872878471e-01
1.650815649877055250e+15,5.464712003878160473e-01
1.650815649878972250e+15,5.469956359258029144e-01
1.650815649880889250e+15,5.475200714637897814e-01
1.650815649882806000e+15,5.480444386090357334e-01
1.650815649884723000e+15,5.485688741470226004e-01
1.650815649886640000e+15,5.490933096850095785e-01
1.650815649888556750e+15,5.496176768302555304e-01
1.650815649890473750e+15,5.501421123682423975e-01
1.650815649892390750e+15,5.506665479062292645e-01
1.650815649894307750e+15,5.511909834442162426e-01
1.650815649896224500e+15,5.517153505894620835e-01
1.650815649898141500e+15,5.522533902871105127e-01
1.650815649900058500e+15,5.538422819096292526e-01
1.650815649901975250e+15,5.554309663214512804e-01
1.650815649903892250e+15,5.570198579439702424e-01
1.650815649905809250e+15,5.586087495664889824e-01
1.650815649907726250e+15,5.601976411890077223e-01
1.650815649909643000e+15,5.617863256008298611e-01
1.650815649911560000e+15,5.633752172233486011e-01
1.650815649913477000e+15,5.633982835842894499e-01
1.650815649915393750e+15,5.595694669669964982e-01
1.650815649917310750e+15,5.557401509605528478e-01
1.650815649919227750e+15,5.519108349541093084e-01
1.650815649921144750e+15,5.480815189476657689e-01
1.650815649923061500e+15,5.442527023303727063e-01
1.650815649924978500e+15,5.404233863239290558e-01
1.650815649926895500e+15,5.365940703174855164e-01
1.650815649928812250e+15,5.327652537001924538e-01
1.650815649930729250e+15,5.289359376937489143e-01
1.650815649932646250e+15,5.251066216873052639e-01
1.650815649934563250e+15,5.216587737436589878e-01
1.650815649936480000e+15,5.231187738306454227e-01
1.650815649938397000e+15,5.245789643441463035e-01
1.650815649940314000e+15,5.260391548576472953e-01
1.650815649942231000e+15,5.274993453711481761e-01
1.650815649944147750e+15,5.289593454581345000e-01
1.650815649946064750e+15,5.304195359716354918e-01
1.650815649947981750e+15,5.318797264851363726e-01
1.650815649949898500e+15,5.333397265721228075e-01
1.650815649951815500e+15,5.345169027740896972e-01
1.650815649953732500e+15,5.355530695007908459e-01
1.650815649955649500e+15,5.365892362274917726e-01
1.650815649957566250e+15,5.376252678255116768e-01
1.650815649959483250e+15,5.386614345522127145e-01
1.650815649961400250e+15,5.396976012789137522e-01
1.650815649963317000e+15,5.364448009276636675e-01
1.650815649965234000e+15,5.317275100989058423e-01
1.650815649967151000e+15,5.270102192701480170e-01
1.650815649969068000e+15,5.222929284413903028e-01
1.650815649970984750e+15,5.175762528044464128e-01
1.650815649972901750e+15,5.169875125985319286e-01
1.650815649974818750e+15,5.198820818745978345e-01
1.650815649976735500e+15,5.227762736637994179e-01
1.650815649978652500e+15,5.256708429398653237e-01
1.650815649980569500e+15,5.285654122159313406e-01
1.650815649982486500e+15,5.314599814919972465e-01
1.650815649984403250e+15,5.334933032026131228e-01
1.650815649986320250e+15,5.316761296074475895e-01
1.650815649988237250e+15,5.298589560122819453e-01
1.650815649990154000e+15,5.280420193985451149e-01
1.650815649992071000e+15,5.262248458033795817e-01
1.650815649993988000e+15,5.244076722082140485e-01
1.650815649995905000e+15,5.225904986130484042e-01
1.650815649997821750e+15,5.210289114832653556e-01
1.650815649999738750e+15,5.198066998580047615e-01
1.650815650001655750e+15,5.185844882327442784e-01
1.650815650003572500e+15,5.173624359986711552e-01
1.650815650005489500e+15,5.161402243734105610e-01
1.650815650007406500e+15,5.149180127481500779e-01
1.650815650009323500e+15,5.136958011228895948e-01
1.650815650011240250e+15,5.124737488888164716e-01
1.650815650013157250e+15,5.112515372635558775e-01
1.650815650015074250e+15,5.100293256382953944e-01
1.650815650016991250e+15,5.095161701556150113e-01
1.650815650018908000e+15,5.101202292568333130e-01
1.650815650020825000e+15,5.107243671449436251e-01
1.650815650022742000e+15,5.113285050330540482e-01
1.650815650024658750e+15,5.119325641342722388e-01
1.650815650026575750e+15,5.125367020223825509e-01
1.650815650028492750e+15,5.131408399104928630e-01
1.650815650030409750e+15,5.137449777986032862e-01
1.650815650032326500e+15,5.143490368998215878e-01
1.650815650034243500e+15,5.149531747879318999e-01
1.650815650036160500e+15,5.156775563785060967e-01
1.650815650038077250e+15,5.168012933076785442e-01
1.650815650039994250e+15,5.179251768048606097e-01
1.650815650041911250e+15,5.190490603020425642e-01
1.650815650043828250e+15,5.201729437992245186e-01
1.650815650045745000e+15,5.212966807283969661e-01
1.650815650047662000e+15,5.211206640685877023e-01
1.650815650049579000e+15,5.205596871188783448e-01
1.650815650051495750e+15,5.199987833273522764e-01
1.650815650053412750e+15,5.194378063776428078e-01
1.650815650055329750e+15,5.188768294279335613e-01
1.650815650057246750e+15,5.183158524782240928e-01
1.650815650059163500e+15,5.177549486866979134e-01
1.650815650061080500e+15,5.171939717369885559e-01
1.650815650062997500e+15,5.166329947872790873e-01
1.650815650064914250e+15,5.160720909957531299e-01
1.650815650066831250e+15,5.155111140460436614e-01
1.650815650068748250e+15,5.154175447295754608e-01
1.650815650070665250e+15,5.154175447295754608e-01
1.650815650072582000e+15,5.154175447295753498e-01
1.650815650074499000e+15,5.154175447295754608e-01
1.650815650076416000e+15,5.154175447295753498e-01
1.650815650078332750e+15,5.154175447295754608e-01
1.650815650080249750e+15,5.154175447295754608e-01
1.650815650082166750e+15,5.154175447295754608e-01
1.650815650084083750e+15,5.154175447295754608e-01
1.650815650086000500e+15,5.154175447295754608e-01
1.650815650087917500e+15,5.147930580702168024e-01
1.650815650089834500e+15,5.140108686380111536e-01
1.650815650091751250e+15,5.132287812127737103e-01
1.650815650093668250e+15,5.124465917805680615e-01
1.650815650095585250e+15,5.116644023483624126e-01
1.650815650097502250e+15,5.108822129161567638e-01
1.650815650099419000e+15,5.101001254909193205e-01
1.650815650101336000e+15,5.093179360587136717e-01
1.650815650103253000e+15,5.092816215780323619e-01
1.650815650105170000e+15,5.092816215780322509e-01
1.650815650107086750e+15,5.092816215780322509e-01
1.650815650109003750e+15,5.092816215780322509e-01
1.650815650110920750e+15,5.092816215780322509e-01
1.650815650112837500e+15,5.092816215780322509e-01
1.650815650114754500e+15,5.092816215780322509e-01
1.650815650116671500e+15,5.086874063561765968e-01
1.650815650118588500e+15,5.077879901853931122e-01
1.650815650120505250e+15,5.068886913093633151e-01
1.650815650122422250e+15,5.059892751385797194e-01
1.650815650124339250e+15,5.050898589677962347e-01
1.650815650126256000e+15,5.041905600917663266e-01
1.650815650128173000e+15,5.032911439209828419e-01
1.650815650130090000e+15,5.023917277501994683e-01
1.650815650132007000e+15,5.014923115794158726e-01
1.650815650133923750e+15,5.005930127033859645e-01
1.650815650135840750e+15,4.996935965326024798e-01
1.650815650137757750e+15,4.987941803618189951e-01
1.650815650139674500e+15,4.978948814857890870e-01
1.650815650141591500e+15,4.970273196319478504e-01
1.650815650143508500e+15,4.981300256112773384e-01
1.650815650145425500e+15,4.992327315906067153e-01
1.650815650147342250e+15,5.003352937637310927e-01
1.650815650149259250e+15,5.014379997430605806e-01
1.650815650151176250e+15,5.025407057223899576e-01
1.650815650153093000e+15,5.036432678955143905e-01
1.650815650155010000e+15,5.047459738748438784e-01
1.650815650156927000e+15,5.058486798541731444e-01
1.650815650158844000e+15,5.069513858335025214e-01
1.650815650160760750e+15,5.080539480066270652e-01
1.650815650162677750e+15,5.091566539859564422e-01
1.650815650164594750e+15,5.085353220877399938e-01
1.650815650166511500e+15,5.076937456511948499e-01
1.650815650168428500e+15,5.068520594485825814e-01
1.650815650170345500e+15,5.060103732459702019e-01
1.650815650172262500e+15,5.051686870433580445e-01
1.650815650174179250e+15,5.043271106068127896e-01
1.650815650176096250e+15,5.034854244042005211e-01
1.650815650178013250e+15,5.025888282079458147e-01
1.650815650179930250e+15,5.016550690048413585e-01
1.650815650181847000e+15,5.007214315752376299e-01
1.650815650183764000e+15,4.997876723721331738e-01
1.650815650185681000e+15,4.988539131690287176e-01
1.650815650187597750e+15,4.979202757394249890e-01
1.650815650189514750e+15,4.970342850901130483e-01
1.650815650191431750e+15,4.980182707586345292e-01
1.650815650193348750e+15,4.990022564271560657e-01
1.650815650195265500e+15,4.999861137720379989e-01
1.650815650197182500e+15,5.009700994405594798e-01
1.650815650199099500e+15,5.019540851090811273e-01
1.650815650201016250e+15,5.029379424539630605e-01
1.650815650202933250e+15,5.031456984264899290e-01
1.650815650204850250e+15,5.031456984264900401e-01
1.650815650206767250e+15,5.031456984264899290e-01
1.650815650208684000e+15,5.031456984264899290e-01
1.650815650210601000e+15,5.031456984264899290e-01
1.650815650212518000e+15,5.031456984264899290e-01
1.650815650214434750e+15,5.031456984264899290e-01
1.650815650216351750e+15,5.031456984264899290e-01
1.650815650218268750e+15,5.031456984264899290e-01
1.650815650220185750e+15,5.031456984264899290e-01
1.650815650222102500e+15,5.031456984264899290e-01
1.650815650224019500e+15,5.015354546144210612e-01
1.650815650225936500e+15,4.991039166957633721e-01
1.650815650227853250e+15,4.966726958790773638e-01
1.650815650229770250e+15,4.942411579604196747e-01
1.650815650231687250e+15,4.918096200417619301e-01
1.650815650233604250e+15,4.908738521234052854e-01
1.650815650235521000e+15,4.908738521234052854e-01
1.650815650237438000e+15,4.908738521234052854e-01
1.650815650239355000e+15,4.908738521234052854e-01
1.650815650241271750e+15,4.908738521234052854e-01
1.650815650243188750e+15,4.908738521234053409e-01
1.650815650245105750e+15,4.908738521234052854e-01
1.650815650247022750e+15,4.908738521234052854e-01
1.650815650248939500e+15,4.908738521234052854e-01
1.650815650250856500e+15,4.908738521234053409e-01
1.650815650252773500e+15,4.908738521234052854e-01
1.650815650254690500e+15,4.908738521234052854e-01
1.650815650256607250e+15,4.908738521234053409e-01
1.650815650258524250e+15,4.908738521234052854e-01
1.650815650260441250e+15,4.908738521234052854e-01
1.650815650262358000e+15,4.908738521234052854e-01
1.650815650264275000e+15,4.908738521234052854e-01
1.650815650266192000e+15,4.912445483459412232e-01
1.650815650268109000e+15,4.921532755308536955e-01
1.650815650270025750e+15,4.930618842067435725e-01
1.650815650271942750e+15,4.939706113916559893e-01
1.650815650273859750e+15,4.948793385765684061e-01
1.650815650275776500e+15,4.957879472524583386e-01
1.650815650277693500e+15,4.966966744373706999e-01
1.650815650279610500e+15,4.970097752749476072e-01
1.650815650281527500e+15,4.970097752749475517e-01
1.650815650283444250e+15,4.970097752749476072e-01
1.650815650285361250e+15,4.970097752749475517e-01
1.650815650287278250e+15,4.970097752749475517e-01
1.650815650289195000e+15,4.970097752749476072e-01
1.650815650291112000e+15,4.970097752749476072e-01
1.650815650293029000e+15,4.970097752749476627e-01
1.650815650294946000e+15,4.965408096443805763e-01
1.650815650296862750e+15,4.954310690611838930e-01
1.650815650298779750e+15,4.943211837355085403e-01
1.650815650300696750e+15,4.932112984098332986e-01
1.650815650302613500e+15,4.921015578266366153e-01
1.650815650304530500e+15,4.909916725009613181e-01
1.650815650306447500e+15,4.898817871752860764e-01
1.650815650308364500e+15,4.887719018496108347e-01
1.650815650310281250e+15,4.876621612664141514e-01
1.650815650312198250e+15,4.865522759407387987e-01
1.650815650314115250e+15,4.854423906150635570e-01
1.650815650316032000e+15,4.851608460854982541e-01
1.650815650317949000e+15,4.863190348095534077e-01
1.650815650319866000e+15,4.874772235336085613e-01
1.650815650321783000e+15,4.886354122576638259e-01
1.650815650323699750e+15,4.897934499398927111e-01
1.650815650325616750e+15,4.908192488537223008e-01
1.650815650327533750e+15,4.900062432771736254e-01
1.650815650329450750e+15,4.891932377006250610e-01
1.650815650331367500e+15,4.883803381498428853e-01
1.650815650333284500e+15,4.875673325732943209e-01
1.650815650335201500e+15,4.867543269967457564e-01
1.650815650337118250e+15,4.859414274459635807e-01
1.650815650339035250e+15,4.851284218694149608e-01
1.650815650340952250e+15,4.840130489244628964e-01
1.650815650342869250e+15,4.826182232774204883e-01
1.650815650344786000e+15,4.812235795325229826e-01
1.650815650346703000e+15,4.798287538854805190e-01
1.650815650348620000e+15,4.786630242992902518e-01
1.650815650350536750e+15,4.791693323926528580e-01
1.650815650352453750e+15,4.796757065233303585e-01
1.650815650354370750e+15,4.801820806540079145e-01
1.650815650356287750e+15,4.806884547846854705e-01
1.650815650358204500e+15,4.811947628780481323e-01
1.650815650360121500e+15,4.817011370087256328e-01
1.650815650362038500e+15,4.822075111394031888e-01
1.650815650363955250e+15,4.827138192327658506e-01
1.650815650365872250e+15,4.832201933634433511e-01
1.650815650367789250e+15,4.837265674941208515e-01
1.650815650369706250e+15,4.842329416247983520e-01
1.650815650371623000e+15,4.847379289718629636e-01
1.650815650373540000e+15,4.847379289718629081e-01
1.650815650375457000e+15,4.847379289718629636e-01
1.650815650377373750e+15,4.847379289718629081e-01
1.650815650379290750e+15,4.847379289718629636e-01
1.650815650381207750e+15,4.847379289718629081e-01
1.650815650383124750e+15,4.846540430182934567e-01
1.650815650385041500e+15,4.841464237554543026e-01
1.650815650386958500e+15,4.836387382842855520e-01
1.650815650388875500e+15,4.831310528131168569e-01
1.650815650390792250e+15,4.826234335502776474e-01
1.650815650392709250e+15,4.821157480791088967e-01
1.650815650394626250e+15,4.816080626079402016e-01
1.650815650396543250e+15,4.811003771367714510e-01
1.650815650398460000e+15,4.805927578739322970e-01
1.650815650400377000e+15,4.800850724027635463e-01
1.650815650402294000e+15,4.795773869315947957e-01
1.650815650404210750e+15,4.790697676687556417e-01
1.650815650406127750e+15,4.785626880265980154e-01
1.650815650408044750e+15,4.780627065303170720e-01
1.650815650409961750e+15,4.775627250340360730e-01
1.650815650411878500e+15,4.770628087413931184e-01
1.650815650413795500e+15,4.765628272451121195e-01
1.650815650415712500e+15,4.760628457488311205e-01
1.650815650417629500e+15,4.755628642525501215e-01
1.650815650419546250e+15,4.750629479599071670e-01
1.650815650421463250e+15,4.745629664636261680e-01
1.650815650423380250e+15,4.740629849673452245e-01
1.650815650425297000e+15,4.735630686747022144e-01
1.650815650427214000e+15,4.730630871784212710e-01
1.650815650429131000e+15,4.725631056821402720e-01
1.650815650431048000e+15,4.724660826687774318e-01
1.650815650432964750e+15,4.724660826687773763e-01
1.650815650434881750e+15,4.724660826687774318e-01
1.650815650436798750e+15,4.724660826687774318e-01
1.650815650438715500e+15,4.724660826687773207e-01
1.650815650440632500e+15,4.724660826687773763e-01
1.650815650442549500e+15,4.724660826687773763e-01
1.650815650444466500e+15,4.724660826687774318e-01
1.650815650446383250e+15,4.724660826687774318e-01
1.650815650448300250e+15,4.724660826687773763e-01
1.650815650450217250e+15,4.724660826687774318e-01
1.650815650452134000e+15,4.724660826687773763e-01
1.650815650454051000e+15,4.724660826687773763e-01
1.650815650455968000e+15,4.724660826687773763e-01
1.650815650457885000e+15,4.724660826687774318e-01
1.650815650459801750e+15,4.724660826687774318e-01
1.650815650461718750e+15,4.724660826687774318e-01
1.650815650463635750e+15,4.724660826687774318e-01
1.650815650465552500e+15,4.724660826687774873e-01
1.650815650467469500e+15,4.724660826687774318e-01
1.650815650469386500e+15,4.724660826687774318e-01
1.650815650471303500e+15,4.724660826687774318e-01
1.650815650473220250e+15,4.724660826687774318e-01
1.650815650475137250e+15,4.724660826687774318e-01
1.650815650477054250e+15,4.724660826687774318e-01
1.650815650478971000e+15,4.724660826687774318e-01
1.650815650480888000e+15,4.724660826687774318e-01
1.650815650482805000e+15,4.724660826687774873e-01
1.650815650484722000e+15,4.724660826687775428e-01
1.650815650486638750e+15,4.724660826687775428e-01
1.650815650488555750e+15,4.724660826687776538e-01
1.650815650490472750e+15,4.724660826687775983e-01
1.650815650492389750e+15,4.724660826687776538e-01
1.650815650494306500e+15,4.734785068572505140e-01
1.650815650496223500e+15,4.746791360990089692e-01
1.650815650498140500e+15,4.758797653407673689e-01
1.650815650500057250e+15,4.770802380059424030e-01
1.650815650501974250e+15,4.782808672477008027e-01
1.650815650503891250e+15,4.794814964894592024e-01
1.650815650505808250e+15,4.806821257312177131e-01
1.650815650507725000e+15,4.818825983963926363e-01
1.650815650509642000e+15,4.830832276381510360e-01
1.650815650511559000e+15,4.842838568799094912e-01
1.650815650513475750e+15,4.827190205191156935e-01
1.650815650515392750e+15,4.794714874761816237e-01
1.650815650517309750e+15,4.762239544332476093e-01
1.650815650519226750e+15,4.729764213903135950e-01
1.650815650521143500e+15,4.697293118649907839e-01
1.650815650523060500e+15,4.664817788220567696e-01
1.650815650524977500e+15,4.632342457791227552e-01
1.650815650526894250e+15,4.601558888065047648e-01
1.650815650528811250e+15,4.595545614366612908e-01
1.650815650530728250e+15,4.589532340668178167e-01
1.650815650532645250e+15,4.583519066969743427e-01
1.650815650534562000e+15,4.577506577474972915e-01
1.650815650536479000e+15,4.571493303776538175e-01
1.650815650538396000e+15,4.565480030078102880e-01
1.650815650540312750e+15,4.559467540583332923e-01
1.650815650542229750e+15,4.553454266884898183e-01
1.650815650544146750e+15,4.547440993186462888e-01
1.650815650546063750e+15,4.541427719488028147e-01
1.650815650547980500e+15,4.544346976579713981e-01
1.650815650549897500e+15,4.548726515146065408e-01
1.650815650551814500e+15,4.553106053712416834e-01
1.650815650553731250e+15,4.557485021133936831e-01
1.650815650555648250e+15,4.561864559700288257e-01
1.650815650557565250e+15,4.566244098266639684e-01
1.650815650559482250e+15,4.570623636832991110e-01
1.650815650561399000e+15,4.575002604254511662e-01
1.650815650563316000e+15,4.579382142820862533e-01
1.650815650565233000e+15,4.583761681387213960e-01
1.650815650567150000e+15,4.588141219953565941e-01
1.650815650569066750e+15,4.592520187375085938e-01
1.650815650570983750e+15,4.596899725941437365e-01
1.650815650572900750e+15,4.601279264507788236e-01
1.650815650574817500e+15,4.601942363656919555e-01
1.650815650576734500e+15,4.601942363656920110e-01
1.650815650578651500e+15,4.601942363656921220e-01
1.650815650580568500e+15,4.601942363656921220e-01
1.650815650582485250e+15,4.601942363656921775e-01
1.650815650584402250e+15,4.601942363656922885e-01
1.650815650586319250e+15,4.601942363656923440e-01
1.650815650588236000e+15,4.601942363656923995e-01
1.650815650590153000e+15,4.601942363656924551e-01
1.650815650592070000e+15,4.601942363656925106e-01
1.650815650593987000e+15,4.599658818698708074e-01
1.650815650595903750e+15,4.587567700470354115e-01
1.650815650597820750e+15,4.575475005208189394e-01
1.650815650599737750e+15,4.563382309946025228e-01
1.650815650601654500e+15,4.551291191717671270e-01
1.650815650603571500e+15,4.540583132141498002e-01
1.650815650605488500e+15,4.540583132141498002e-01
1.650815650607405500e+15,4.540583132141498002e-01
1.650815650609322250e+15,4.540583132141497447e-01
1.650815650611239250e+15,4.540583132141496892e-01
1.650815650613156250e+15,4.540583132141496892e-01
1.650815650615073000e+15,4.540583132141496892e-01
1.650815650616990000e+15,4.540583132141496892e-01
1.650815650618907000e+15,4.540583132141496336e-01
1.650815650620824000e+15,4.540583132141495781e-01
1.650815650622740750e+15,4.540583132141495781e-01
1.650815650624657750e+15,4.540583132141495781e-01
1.650815650626574750e+15,4.540583132141495781e-01
1.650815650628491500e+15,4.546811554938177125e-01
1.650815650630408500e+15,4.553330739487037038e-01
1.650815650632325500e+15,4.559849924035896951e-01
1.650815650634242500e+15,4.566369108584757419e-01
1.650815650636159250e+15,4.572887442953056381e-01
1.650815650638076250e+15,4.579406627501916294e-01
1.650815650639993250e+15,4.585925812050776762e-01
1.650815650641910000e+15,4.592444146419074613e-01
1.650815650643827000e+15,4.598963330967934526e-01
1.650815650645744000e+15,4.596066102386683339e-01
1.650815650647661000e+15,4.585244975724762639e-01
1.650815650649577750e+15,4.574425260268717430e-01
1.650815650651494750e+15,4.563604133606796731e-01
1.650815650653411750e+15,4.552783006944876032e-01
1.650815650655328750e+15,4.541961880282954778e-01
1.650815650657245500e+15,4.548056429163748193e-01
1.650815650659162500e+15,4.556622235078042205e-01
1.650815650661079500e+15,4.565188040992335106e-01
1.650815650662996250e+15,4.573752729821871643e-01
1.650815650664913250e+15,4.582318535736165099e-01
1.650815650666830250e+15,4.590884341650458000e-01
1.650815650668747250e+15,4.599450147564751457e-01
1.650815650670664000e+15,4.594498407610730917e-01
1.650815650672581000e+15,4.583997992790602716e-01
1.650815650674498000e+15,4.573497577970473404e-01
1.650815650676414750e+15,4.562998532531516438e-01
1.650815650678331750e+15,4.552498117711387682e-01
1.650815650680248750e+15,4.541997702891259481e-01
1.650815650682165750e+15,4.531778666287152868e-01
1.650815650684082500e+15,4.521604764296911494e-01
1.650815650685999500e+15,4.511429535333669749e-01
1.650815650687916500e+15,4.501254306370429115e-01
1.650815650689833250e+15,4.491080404380187741e-01
1.650815650691750250e+15,4.480905175416947106e-01
1.650815650693667250e+15,4.479223900626072563e-01
1.650815650695584250e+15,4.479223900626072563e-01
1.650815650697501000e+15,4.479223900626072563e-01
1.650815650699418000e+15,4.479223900626072563e-01
1.650815650701335000e+15,4.479223900626072563e-01
1.650815650703251750e+15,4.479223900626072563e-01
1.650815650705168750e+15,4.479223900626072563e-01
1.650815650707085750e+15,4.479223900626072563e-01
1.650815650709002750e+15,4.479223900626072563e-01
1.650815650710919500e+15,4.479223900626072563e-01
1.650815650712836500e+15,4.479223900626072563e-01
1.650815650714753500e+15,4.480518160525189253e-01
1.650815650716670250e+15,4.493272775752082948e-01
1.650815650718587250e+15,4.506029054552111446e-01
1.650815650720504250e+15,4.518785333352141054e-01
1.650815650722421250e+15,4.531541612152168996e-01
1.650815650724338000e+15,4.538363603346888264e-01
1.650815650726255000e+15,4.530738447971868199e-01
1.650815650728172000e+15,4.523113292596847579e-01
1.650815650730089000e+15,4.515488137221826959e-01
1.650815650732005750e+15,4.507863976259348648e-01
1.650815650733922750e+15,4.500238820884328583e-01
1.650815650735839750e+15,4.492613665509307408e-01
1.650815650737756500e+15,4.484989504546829653e-01
1.650815650739673500e+15,4.473573545431615006e-01
1.650815650741590500e+15,4.450404067554022403e-01
1.650815650743507500e+15,4.427234589676429799e-01
1.650815650745424250e+15,4.404068133379154260e-01
1.650815650747341250e+15,4.380898655501561656e-01
1.650815650749258250e+15,4.357729177623968497e-01
1.650815650751175000e+15,4.334562721326693513e-01
1.650815650753092000e+15,4.311393243449100909e-01
1.650815650755009000e+15,4.288223765571507196e-01
1.650815650756926000e+15,4.265054287693914592e-01
1.650815650758842750e+15,4.241887831396639053e-01
1.650815650760759750e+15,4.251231930756074751e-01
1.650815650762676750e+15,4.278055256217871416e-01
1.650815650764593500e+15,4.304875083593405760e-01
1.650815650766510500e+15,4.331698409055201870e-01
1.650815650768427500e+15,4.358521734516997981e-01
1.650815650770344500e+15,4.385345059978795201e-01
1.650815650772261250e+15,4.412164887354328990e-01
1.650815650774178250e+15,4.438988212816125101e-01
1.650815650776095250e+15,4.465811538277921766e-01
1.650815650778012000e+15,4.492631365653456110e-01
1.650815650779929000e+15,4.519454691115252776e-01
1.650815650781846000e+15,4.526078282275297626e-01
1.650815650783763000e+15,4.457759370251941911e-01
1.650815650785679750e+15,4.389449367841525840e-01
1.650815650787596750e+15,4.321130455818169569e-01
1.650815650789513750e+15,4.252811543794814408e-01
1.650815650791430500e+15,4.184501541384397783e-01
1.650815650793347500e+15,4.116182629361042067e-01
1.650815650795264500e+15,4.145170860982789751e-01
1.650815650797181500e+15,4.182032549110357711e-01
1.650815650799098250e+15,4.218889430027684684e-01
1.650815650801015250e+15,4.255751118155252088e-01
1.650815650802932250e+15,4.292612806282820603e-01
1.650815650804849250e+15,4.329474494410389118e-01
1.650815650806766000e+15,4.355008799537735120e-01
1.650815650808683000e+15,4.349394210190953847e-01
1.650815650810600000e+15,4.343779620844172018e-01
1.650815650812516750e+15,4.338165763707790834e-01
1.650815650814433750e+15,4.332551174361008450e-01
1.650815650816350750e+15,4.326936585014226067e-01
1.650815650818267750e+15,4.321321995667444238e-01
1.650815650820184500e+15,4.315708138531062499e-01
1.650815650822101500e+15,4.310093549184281225e-01
1.650815650824018500e+15,4.304478959837498842e-01
1.650815650825935250e+15,4.298865102701117102e-01
1.650815650827852250e+15,4.293445359715838960e-01
1.650815650829769250e+15,4.288407858781574933e-01
1.650815650831686250e+15,4.283370357847310350e-01
1.650815650833603000e+15,4.278333513864133186e-01
1.650815650835520000e+15,4.273296012929869714e-01
1.650815650837437000e+15,4.268258511995605131e-01
1.650815650839353750e+15,4.263221668012427967e-01
1.650815650841270750e+15,4.258184167078163940e-01
1.650815650843187750e+15,4.253146666143900467e-01
1.650815650845104750e+15,4.248109165209635885e-01
1.650815650847021500e+15,4.243072321226458721e-01
1.650815650848938500e+15,4.238034820292194693e-01
1.650815650850855500e+15,4.229830225836820334e-01
1.650815650852772250e+15,4.204591962530557225e-01
1.650815650854689250e+15,4.179350407420027724e-01
1.650815650856606250e+15,4.154108852309498223e-01
1.650815650858523250e+15,4.128867297198969277e-01
1.650815650860440000e+15,4.114213283468050042e-01
1.650815650862357000e+15,4.124883244173336294e-01
1.650815650864274000e+15,4.135553204878621436e-01
1.650815650866190750e+15,4.146221774091900514e-01
1.650815650868107750e+15,4.156891734797185101e-01
1.650815650870024750e+15,4.167561695502471353e-01
1.650815650871941750e+15,4.168002961675315587e-01
1.650815650873858500e+15,4.159869468797917635e-01
1.650815650875775500e+15,4.151734915076266685e-01
1.650815650877692500e+15,4.143600361354616846e-01
1.650815650879609500e+15,4.135465807632965896e-01
1.650815650881526250e+15,4.127332314755567388e-01
1.650815650883443250e+15,4.119197761033916994e-01
1.650815650885360250e+15,4.111068511533524927e-01
1.650815650887277000e+15,4.111068511533524372e-01
1.650815650889194000e+15,4.111068511533524372e-01
1.650815650891111000e+15,4.111068511533523817e-01
1.650815650893028000e+15,4.111068511533523817e-01
1.650815650894944750e+15,4.111068511533523817e-01
1.650815650896861750e+15,4.111068511533523262e-01
1.650815650898778750e+15,4.103514807045845481e-01
1.650815650900695500e+15,4.092165747216915950e-01
1.650815650902612500e+15,4.080815207140194301e-01
1.650815650904529500e+15,4.069464667063471541e-01
1.650815650906446500e+15,4.058114126986749337e-01
1.650815650908363250e+15,4.046765067157819251e-01
1.650815650910280250e+15,4.035414527081098157e-01
1.650815650912197250e+15,4.024063987004374843e-01
1.650815650914114000e+15,4.012714927175445867e-01
1.650815650916031000e+15,4.001364387098723108e-01
1.650815650917948000e+15,3.990013847022000903e-01
1.650815650919865000e+15,4.012923782348258306e-01
1.650815650921781750e+15,4.041714555177435275e-01
1.650815650923698750e+15,4.070509083161539809e-01
1.650815650925615750e+15,4.099303611145643789e-01
1.650815650927532500e+15,4.128094383974820758e-01
1.650815650929449500e+15,4.156888911958924737e-01
1.650815650931366500e+15,4.164078421976953881e-01
1.650815650933283500e+15,4.145941709801320707e-01
1.650815650935200250e+15,4.127807362872449870e-01
1.650815650937117250e+15,4.109670650696817251e-01
1.650815650939034250e+15,4.091533938521185743e-01
1.650815650940951000e+15,4.073399591592314906e-01
1.650815650942868000e+15,4.055262879416681732e-01
1.650815650944785000e+15,4.037118725441257161e-01
1.650815650946702000e+15,4.018971287002315873e-01
1.650815650948618750e+15,4.000826215208972414e-01
1.650815650950535750e+15,3.982678776770030016e-01
1.650815650952452750e+15,3.964531338331088728e-01
1.650815650954369500e+15,3.946386266537744714e-01
1.650815650956286500e+15,3.928238828098803426e-01
1.650815650958203500e+15,3.910091389659861583e-01
1.650815650960120500e+15,3.891943951220920295e-01
1.650815650962037250e+15,3.873798879427575725e-01
1.650815650963954250e+15,3.865631585471814291e-01
1.650815650965871250e+15,3.865631585471814846e-01
1.650815650967788250e+15,3.865631585471814846e-01
1.650815650969705000e+15,3.865631585471815401e-01
1.650815650971622000e+15,3.865631585471815401e-01
1.650815650973539000e+15,3.865631585471815956e-01
1.650815650975455750e+15,3.865631585471815956e-01
1.650815650977372750e+15,3.865631585471815956e-01
1.650815650979289750e+15,3.865631585471816511e-01
1.650815650981206750e+15,3.865631585471817067e-01
1.650815650983123500e+15,3.865631585471817067e-01
1.650815650985040500e+15,3.865631585471817622e-01
1.650815650986957500e+15,3.877294664649772460e-01
1.650815650988874250e+15,3.889964093391254374e-01
1.650815650990791250e+15,3.902635174595074918e-01
1.650815650992708250e+15,3.915306255798894353e-01
1.650815650994625250e+15,3.926395299670051853e-01
1.650815650996542000e+15,3.918747341092396197e-01
1.650815650998459000e+15,3.911098384998296651e-01
1.650815651000376000e+15,3.903449428904196550e-01
1.650815651002292750e+15,3.895801470326541449e-01
1.650815651004209750e+15,3.888152514232441348e-01
1.650815651006126750e+15,3.880503558138341802e-01
1.650815651008043750e+15,3.872854602044241701e-01
1.650815651009960500e+15,3.865631585471813181e-01
1.650815651011877500e+15,3.865631585471813181e-01
1.650815651013794500e+15,3.865631585471813736e-01
1.650815651015711250e+15,3.865631585471813736e-01
1.650815651017628250e+15,3.865631585471813181e-01
1.650815651019545250e+15,3.865631585471813736e-01
1.650815651021462250e+15,3.865631585471813736e-01
1.650815651023379000e+15,3.865631585471813736e-01
1.650815651025296000e+15,3.865631585471813736e-01
1.650815651027213000e+15,3.865631585471813736e-01
1.650815651029129750e+15,3.865631585471813736e-01
1.650815651031046750e+15,3.865631585471813736e-01
1.650815651032963750e+15,3.865631585471813736e-01
1.650815651034880750e+15,3.865631585471813736e-01
1.650815651036797500e+15,3.865631585471813736e-01
1.650815651038714500e+15,3.865631585471813181e-01
1.650815651040631500e+15,3.865631585471813736e-01
1.650815651042548500e+15,3.865631585471813181e-01
1.650815651044465250e+15,3.865631585471813736e-01
1.650815651046382250e+15,3.865631585471813736e-01
1.650815651048299250e+15,3.865631585471813736e-01
1.650815651050216000e+15,3.865631585471813736e-01
1.650815651052133000e+15,3.865631585471813736e-01
1.650815651054050000e+15,3.865631585471813736e-01
1.650815651055967000e+15,3.865631585471813736e-01
1.650815651057883750e+15,3.865631585471813736e-01
1.650815651059800750e+15,3.865631585471813181e-01
1.650815651061717750e+15,3.865631585471813736e-01
1.650815651063634500e+15,3.865631585471813736e-01
1.650815651065551500e+15,3.875350417519010660e-01
1.650815651067468500e+15,3.885148472230804950e-01
1.650815651069385500e+15,3.894946526942598686e-01
1.650815651071302250e+15,3.904743303869480098e-01
1.650815651073219250e+15,3.914541358581273833e-01
1.650815651075136250e+15,3.924339413293068124e-01
1.650815651077053000e+15,3.926990816987246391e-01
1.650815651078970000e+15,3.926990816987243615e-01
1.650815651080887000e+15,3.926990816987241950e-01
1.650815651082804000e+15,3.926990816987239175e-01
1.650815651084720750e+15,3.926990816987237509e-01
1.650815651086637750e+15,3.909317120490231612e-01
1.650815651088554750e+15,3.887650948669441608e-01
1.650815651090471500e+15,3.865987602379667432e-01
1.650815651092388500e+15,3.844321430558877983e-01
1.650815651094305500e+15,3.822655258738087980e-01
1.650815651096222500e+15,3.805621699660798329e-01
1.650815651098139250e+15,3.814524826610623531e-01
1.650815651100056250e+15,3.823429114787388894e-01
1.650815651101973250e+15,3.832333402964154256e-01
1.650815651103890000e+15,3.841236529913978348e-01
1.650815651105807000e+15,3.850140818090743711e-01
1.650815651107724000e+15,3.859045106267509073e-01
1.650815651109641000e+15,3.862363197712826435e-01
1.650815651111557750e+15,3.849808724291905460e-01
1.650815651113474750e+15,3.837252613402167278e-01
1.650815651115391750e+15,3.824696502512429097e-01
1.650815651117308750e+15,3.812140391622690916e-01
1.650815651119225500e+15,3.808073438817800582e-01
1.650815651121142500e+15,3.818257477503087527e-01
1.650815651123059500e+15,3.828441516188375027e-01
1.650815651124976250e+15,3.838624226751767843e-01
1.650815651126893250e+15,3.848808265437054787e-01
1.650815651128810250e+15,3.858992304122341732e-01
1.650815651130727250e+15,3.862484141804173876e-01
1.650815651132644000e+15,3.853442759039168442e-01
1.650815651134561000e+15,3.844400197014640197e-01
1.650815651136478000e+15,3.835357634990110842e-01
1.650815651138394750e+15,3.826316252225105963e-01
1.650815651140311750e+15,3.817273690200577718e-01
1.650815651142228750e+15,3.808231128176049474e-01
1.650815651144145750e+15,3.804272353956390518e-01
1.650815651146062500e+15,3.804272353956390518e-01
1.650815651147979500e+15,3.804272353956390518e-01
1.650815651149896500e+15,3.804272353956390518e-01
1.650815651151813250e+15,3.804272353956390518e-01
1.650815651153730250e+15,3.804272353956390518e-01
1.650815651155647250e+15,3.804272353956390518e-01
1.650815651157564250e+15,3.804272353956390518e-01
1.650815651159481000e+15,3.804272353956390518e-01
1.650815651161398000e+15,3.804272353956390518e-01
1.650815651163315000e+15,3.804272353956390518e-01
1.650815651165231750e+15,3.804272353956390518e-01
1.650815651167148750e+15,3.804272353956390518e-01
1.650815651169065750e+15,3.804272353956390518e-01
1.650815651170982750e+15,3.804272353956390518e-01
1.650815651172899500e+15,3.804272353956390518e-01
1.650815651174816500e+15,3.804272353956390518e-01
1.650815651176733500e+15,3.804272353956390518e-01
1.650815651178650250e+15,3.804272353956390518e-01
1.650815651180567250e+15,3.804272353956390518e-01
1.650815651182484250e+15,3.804272353956390518e-01
1.650815651184401250e+15,3.804272353956390518e-01
1.650815651186318000e+15,3.804272353956390518e-01
1.650815651188235000e+15,3.804272353956390518e-01
1.650815651190152000e+15,3.804272353956390518e-01
1.650815651192069000e+15,3.804272353956390518e-01
1.650815651193985750e+15,3.804272353956390518e-01
1.650815651195902750e+15,3.804272353956390518e-01
1.650815651197819750e+15,3.804272353956390518e-01
1.650815651199736500e+15,3.804272353956390518e-01
1.650815651201653500e+15,3.804272353956390518e-01
1.650815651203570500e+15,3.804272353956390518e-01
1.650815651205487500e+15,3.804272353956391073e-01
1.650815651207404250e+15,3.804272353956391073e-01
1.650815651209321250e+15,3.804272353956390518e-01
1.650815651211238250e+15,3.804272353956390518e-01
1.650815651213155000e+15,3.804272353956390518e-01
1.650815651215072000e+15,3.804272353956390518e-01
1.650815651216989000e+15,3.804272353956391073e-01
1.650815651218906000e+15,3.804272353956390518e-01
1.650815651220822750e+15,3.804272353956390518e-01
1.650815651222739750e+15,3.804272353956390518e-01
1.650815651224656750e+15,3.804272353956390518e-01
1.650815651226573500e+15,3.804272353956391073e-01
1.650815651228490500e+15,3.804272353956390518e-01
1.650815651230407500e+15,3.804272353956391073e-01
1.650815651232324500e+15,3.804272353956390518e-01
1.650815651234241250e+15,3.804272353956390518e-01
1.650815651236158250e+15,3.804272353956390518e-01
1.650815651238075250e+15,3.804272353956390518e-01
1.650815651239992000e+15,3.804272353956390518e-01
1.650815651241909000e+15,3.804272353956390518e-01
1.650815651243826000e+15,3.804272353956389963e-01
1.650815651245743000e+15,3.804272353956389963e-01
1.650815651247659750e+15,3.804272353956390518e-01
1.650815651249576750e+15,3.804272353956389963e-01
1.650815651251493750e+15,3.804272353956390518e-01
1.650815651253410500e+15,3.804272353956389963e-01
1.650815651255327500e+15,3.804272353956389963e-01
1.650815651257244500e+15,3.804272353956390518e-01
1.650815651259161500e+15,3.804272353956390518e-01
1.650815651261078250e+15,3.804272353956390518e-01
1.650815651262995250e+15,3.804272353956390518e-01
1.650815651264912250e+15,3.804272353956390518e-01
1.650815651266829000e+15,3.804272353956389963e-01
1.650815651268746000e+15,3.804272353956389963e-01
1.650815651270663000e+15,3.804272353956390518e-01
1.650815651272580000e+15,3.804272353956390518e-01
1.650815651274496750e+15,3.804272353956390518e-01
1.650815651276413750e+15,3.804272353956391073e-01
1.650815651278330750e+15,3.804272353956391073e-01
1.650815651280247750e+15,3.804272353956390518e-01
1.650815651282164500e+15,3.804272353956390518e-01
1.650815651284081500e+15,3.804272353956391073e-01
1.650815651285998500e+15,3.804272353956390518e-01
1.650815651287915250e+15,3.804272353956390518e-01
1.650815651289832250e+15,3.804272353956391073e-01
1.650815651291749250e+15,3.804272353956390518e-01
1.650815651293666250e+15,3.804272353956391073e-01
1.650815651295583000e+15,3.804272353956391073e-01
1.650815651297500000e+15,3.804272353956390518e-01
1.650815651299417000e+15,3.803298559754525465e-01
1.650815651301333750e+15,3.798412381648700875e-01
1.650815651303250750e+15,3.793525566243005631e-01
1.650815651305167750e+15,3.788638750837312053e-01
1.650815651307084750e+15,3.783751935431616253e-01
1.650815651309001500e+15,3.778865757325792218e-01
1.650815651310918500e+15,3.773978941920097530e-01
1.650815651312835500e+15,3.769092126514403396e-01
1.650815651314752250e+15,3.764205948408578806e-01
1.650815651316669250e+15,3.759319133002884117e-01
1.650815651318586250e+15,3.754432317597189428e-01
1.650815651320503250e+15,3.749545502191494739e-01
1.650815651322420000e+15,3.744659324085670149e-01
1.650815651324337000e+15,3.742913122440965634e-01
1.650815651326254000e+15,3.742913122440966189e-01
1.650815651328170750e+15,3.742913122440965634e-01
1.650815651330087750e+15,3.742913122440966189e-01
1.650815651332004750e+15,3.742913122440966189e-01
1.650815651333921750e+15,3.742913122440966189e-01
1.650815651335838500e+15,3.742913122440966189e-01
1.650815651337755500e+15,3.742913122440966744e-01
1.650815651339672500e+15,3.742913122440966744e-01
1.650815651341589250e+15,3.742913122440967300e-01
1.650815651343506250e+15,3.742913122440966744e-01
1.650815651345423250e+15,3.742913122440967855e-01
1.650815651347340250e+15,3.760736909933449779e-01
1.650815651349257000e+15,3.781757518871285417e-01
1.650815651351174000e+15,3.802780869508474160e-01
1.650815651353091000e+15,3.823804220145662347e-01
1.650815651355008000e+15,3.844827570782851089e-01
1.650815651356924750e+15,3.865631585471815956e-01
1.650815651358841750e+15,3.865631585471815401e-01
1.650815651360758750e+15,3.865631585471814846e-01
1.650815651362675500e+15,3.865631585471814846e-01
1.650815651364592500e+15,3.865631585471814291e-01
1.650815651366509500e+15,3.862713602631436816e-01
1.650815651368426500e+15,3.854481412631431958e-01
1.650815651370343250e+15,3.846250296208630903e-01
1.650815651372260250e+15,3.838018106208626046e-01
1.650815651374177250e+15,3.829785916208621743e-01
1.650815651376094000e+15,3.821554799785821244e-01
1.650815651378011000e+15,3.813322609785816386e-01
1.650815651379928000e+15,3.805090419785812084e-01
1.650815651381845000e+15,3.796858229785806671e-01
1.650815651383761750e+15,3.788627113363006726e-01
1.650815651385678750e+15,3.780394923363001869e-01
1.650815651387595750e+15,3.772162733362997566e-01
1.650815651389512500e+15,3.763931616940196512e-01
1.650815651391429500e+15,3.755699426940191654e-01
1.650815651393346500e+15,3.747467236940187352e-01
1.650815651395263500e+15,3.742913122440967300e-01
1.650815651397180250e+15,3.742913122440967300e-01
1.650815651399097250e+15,3.742913122440967300e-01
1.650815651401014250e+15,3.742913122440967300e-01
1.650815651402931000e+15,3.742913122440967855e-01
1.650815651404848000e+15,3.742913122440966189e-01
1.650815651406765000e+15,3.742913122440965079e-01
1.650815651408682000e+15,3.742913122440963414e-01
1.650815651410598750e+15,3.742913122440961748e-01
1.650815651412515750e+15,3.742913122440960638e-01
1.650815651414432750e+15,3.742913122440959528e-01
1.650815651416349500e+15,3.742913122440958973e-01
1.650815651418266500e+15,3.742913122440960638e-01
1.650815651420183500e+15,3.742913122440961748e-01
1.650815651422100500e+15,3.742913122440962859e-01
1.650815651424017250e+15,3.742913122440964524e-01
1.650815651425934250e+15,3.742913122440965634e-01
1.650815651427851250e+15,3.742913122440966744e-01
1.650815651429768250e+15,3.742913122440967300e-01
1.650815651431685000e+15,3.742913122440967300e-01
1.650815651433602000e+15,3.742913122440967300e-01
1.650815651435519000e+15,3.742913122440967300e-01
1.650815651437435750e+15,3.742913122440967300e-01
1.650815651439352750e+15,3.742913122440967300e-01
1.650815651441269750e+15,3.742913122440967300e-01
1.650815651443186750e+15,3.742913122440967300e-01
1.650815651445103500e+15,3.742913122440967300e-01
1.650815651447020500e+15,3.742913122440967855e-01
1.650815651448937500e+15,3.742913122440967300e-01
1.650815651450854250e+15,3.742913122440967300e-01
1.650815651452771250e+15,3.742913122440967300e-01
1.650815651454688250e+15,3.742913122440966744e-01
1.650815651456605250e+15,3.742913122440963969e-01
1.650815651458522000e+15,3.742913122440962304e-01
1.650815651460439000e+15,3.742913122440959528e-01
1.650815651462356000e+15,3.742913122440958418e-01
1.650815651464272750e+15,3.742913122440958418e-01
1.650815651466189750e+15,3.742913122440958418e-01
1.650815651468106750e+15,3.742913122440958418e-01
1.650815651470023750e+15,3.742913122440958418e-01
1.650815651471940500e+15,3.742913122440958418e-01
1.650815651473857500e+15,3.742913122440957863e-01
1.650815651475774500e+15,3.742913122440958418e-01
1.650815651477691250e+15,3.742913122440958418e-01
1.650815651479608250e+15,3.742913122440958418e-01
1.650815651481525250e+15,3.742913122440958418e-01
1.650815651483442250e+15,3.742913122440958418e-01
1.650815651485359000e+15,3.742913122440958418e-01
1.650815651487276000e+15,3.742913122440958418e-01
1.650815651489193000e+15,3.742913122440958418e-01
1.650815651491109750e+15,3.742913122440958418e-01
1.650815651493026750e+15,3.742913122440958418e-01
1.650815651494943750e+15,3.742913122440958418e-01
1.650815651496860750e+15,3.742913122440958418e-01
1.650815651498777500e+15,3.742913122440957863e-01
1.650815651500694500e+15,3.742913122440957308e-01
1.650815651502611500e+15,3.742913122440957308e-01
1.650815651504528500e+15,3.742913122440957308e-01
1.650815651506445250e+15,3.742913122440956752e-01
1.650815651508362250e+15,3.742913122440956197e-01
1.650815651510279250e+15,3.742913122440955642e-01
1.650815651512196000e+15,3.742913122440956197e-01
1.650815651514113000e+15,3.742913122440956752e-01
1.650815651516030000e+15,3.742913122440957308e-01
1.650815651517947000e+15,3.742913122440957308e-01
1.650815651519863750e+15,3.742913122440957308e-01
1.650815651521780750e+15,3.742913122440957308e-01
1.650815651523697750e+15,3.742913122440957863e-01
1.650815651525614500e+15,3.742913122440958418e-01
1.650815651527531500e+15,3.742913122440958418e-01
1.650815651529448500e+15,3.742913122440958418e-01
1.650815651531365500e+15,3.742913122440957863e-01
1.650815651533282250e+15,3.742913122440957308e-01
1.650815651535199250e+15,3.742913122440957308e-01
1.650815651537116250e+15,3.742913122440957308e-01
1.650815651539033000e+15,3.742913122440956752e-01
1.650815651540950000e+15,3.742913122440956197e-01
1.650815651542867000e+15,3.742913122440956197e-01
1.650815651544784000e+15,3.742913122440956197e-01
1.650815651546700750e+15,3.742913122440956197e-01
1.650815651548617750e+15,3.742913122440956197e-01
1.650815651550534750e+15,3.742913122440956197e-01
1.650815651552451500e+15,3.742314740893386005e-01
1.650815651554368500e+15,3.724801803081272955e-01
1.650815651556285500e+15,3.707288865269159905e-01
1.650815651558202500e+15,3.689775927457047411e-01
1.650815651560119250e+15,3.672265273543970920e-01
1.650815651562036250e+15,3.654752335731857871e-01
1.650815651563953250e+15,3.637239397919745376e-01
1.650815651565870000e+15,3.620367206874131050e-01
1.650815651567787000e+15,3.626852961550743326e-01
1.650815651569704000e+15,3.633338716227356713e-01
1.650815651571621000e+15,3.639824470903969544e-01
1.650815651573537750e+15,3.646309379759680169e-01
1.650815651575454750e+15,3.652795134436293001e-01
1.650815651577371750e+15,3.659280889112905832e-01
1.650815651579288500e+15,3.665765797968616457e-01
1.650815651581205500e+15,3.672251552645229289e-01
1.650815651583122500e+15,3.678737307321842120e-01
1.650815651585039500e+15,3.681553890925535755e-01
1.650815651586956250e+15,3.681553890925536310e-01
1.650815651588873250e+15,3.681553890925536865e-01
1.650815651590790250e+15,3.681553890925537420e-01
1.650815651592707250e+15,3.681553890925538530e-01
1.650815651594624000e+15,3.681553890925539085e-01
1.650815651596541000e+15,3.681553890925539640e-01
1.650815651598458000e+15,3.681553890925540196e-01
1.650815651600374750e+15,3.681553890925541306e-01
1.650815651602291750e+15,3.681553890925541861e-01
1.650815651604208750e+15,3.681553890925542416e-01
1.650815651606125750e+15,3.681553890925543526e-01
1.650815651608042500e+15,3.677699681664733933e-01
1.650815651609959500e+15,3.667152188227228438e-01
1.650815651611876500e+15,3.656604694789722387e-01
1.650815651613793250e+15,3.646058576873009160e-01
1.650815651615710250e+15,3.635511083435503110e-01
1.650815651617627250e+15,3.624963589997997060e-01
1.650815651619544250e+15,3.620194659410120863e-01
1.650815651621461000e+15,3.620194659410120863e-01
1.650815651623378000e+15,3.620194659410120863e-01
1.650815651625295000e+15,3.620194659410120863e-01
1.650815651627211750e+15,3.620194659410121418e-01
1.650815651629128750e+15,3.620194659410120863e-01
1.650815651631045750e+15,3.620194659410120863e-01
1.650815651632962750e+15,3.620194659410120863e-01
1.650815651634879500e+15,3.620194659410120863e-01
1.650815651636796500e+15,3.620194659410120863e-01
1.650815651638713500e+15,3.620194659410120863e-01
1.650815651640630250e+15,3.620194659410120863e-01
1.650815651642547250e+15,3.620194659410120308e-01
1.650815651644464250e+15,3.620194659410120308e-01
1.650815651646381250e+15,3.620194659410118643e-01
1.650815651648298000e+15,3.620194659410118643e-01
1.650815651650215000e+15,3.620194659410117533e-01
1.650815651652132000e+15,3.620194659410116977e-01
1.650815651654048750e+15,3.620194659410116422e-01
1.650815651655965750e+15,3.620194659410115312e-01
1.650815651657882750e+15,3.620194659410114757e-01
1.650815651659799750e+15,3.620194659410114202e-01
1.650815651661716500e+15,3.620194659410113092e-01
1.650815651663633500e+15,3.620194659410113092e-01
1.650815651665550500e+15,3.621703086479156619e-01
1.650815651667467500e+15,3.626984647559263752e-01
1.650815651669384250e+15,3.632265519859887437e-01
1.650815651671301250e+15,3.637547080939994015e-01
1.650815651673218250e+15,3.642828642020101704e-01
1.650815651675135000e+15,3.648109514320724833e-01
1.650815651677052000e+15,3.653391075400831967e-01
1.650815651678969000e+15,3.658672636480939100e-01
1.650815651680886000e+15,3.663954197561046233e-01
1.650815651682802750e+15,3.669235069861669918e-01
1.650815651684719750e+15,3.674516630941777051e-01
1.650815651686636750e+15,3.679798192021884184e-01
1.650815651688553500e+15,3.664017787122992864e-01
1.650815651690470500e+15,3.637744468647436946e-01
1.650815651692387500e+15,3.611471150171881028e-01
1.650815651694304500e+15,3.585197831696324555e-01
1.650815651696221250e+15,3.558927939579463740e-01
1.650815651698138250e+15,3.564184862973068246e-01
1.650815651700055250e+15,3.569553200648896141e-01
1.650815651701972000e+15,3.574920838228521913e-01
1.650815651703889000e+15,3.580289175904349808e-01
1.650815651705806000e+15,3.585657513580177147e-01
1.650815651707723000e+15,3.591025851256005597e-01
1.650815651709639750e+15,3.596393488835630814e-01
1.650815651711556750e+15,3.601761826511459264e-01
1.650815651713473750e+15,3.607130164187286603e-01
1.650815651715390500e+15,3.612497801766912930e-01
1.650815651717307500e+15,3.617866139442740825e-01
1.650815651719224500e+15,3.620194659410112537e-01
1.650815651721141500e+15,3.620194659410114202e-01
1.650815651723058250e+15,3.620194659410115312e-01
1.650815651724975250e+15,3.620194659410117533e-01
1.650815651726892250e+15,3.620194659410118643e-01
1.650815651728809000e+15,3.620194659410119753e-01
1.650815651730726000e+15,3.620194659410121418e-01
1.650815651732643000e+15,3.620194659410120863e-01
1.650815651734560000e+15,3.620194659410120863e-01
1.650815651736476750e+15,3.620194659410121418e-01
1.650815651738393750e+15,3.620194659410120863e-01
1.650815651740310750e+15,3.620194659410121418e-01
1.650815651742227750e+15,3.612459087349095266e-01
1.650815651744144500e+15,3.602287824959816698e-01
1.650815651746061500e+15,3.592115235941820695e-01
1.650815651747978500e+15,3.581942646923823026e-01
1.650815651749895250e+15,3.571771384534545568e-01
1.650815651751812250e+15,3.561598795516548455e-01
1.650815651753729250e+15,3.571136788653300753e-01
1.650815651755646250e+15,3.588026105447768566e-01
1.650815651757563000e+15,3.604913219670927704e-01
1.650815651759480000e+15,3.621802536465396072e-01
1.650815651761397000e+15,3.638691853259864439e-01
1.650815651763313750e+15,3.655578967483023578e-01
1.650815651765230750e+15,3.672468284277491946e-01
1.650815651767147750e+15,3.683990079876843793e-01
1.650815651769064750e+15,3.689262644618206410e-01
1.650815651770981500e+15,3.694534521753317646e-01
1.650815651772898500e+15,3.699807086494680819e-01
1.650815651774815500e+15,3.705079651236043992e-01
1.650815651776732250e+15,3.710351528371154672e-01
1.650815651778649250e+15,3.715624093112518400e-01
1.650815651780566250e+15,3.720896657853881573e-01
1.650815651782483250e+15,3.726169222595244190e-01
1.650815651784400000e+15,3.731441099730354871e-01
1.650815651786317000e+15,3.736713664471719154e-01
1.650815651788234000e+15,3.741986229213081772e-01
1.650815651790150750e+15,3.733590921442065946e-01
1.650815651792067750e+15,3.722278587645656556e-01
1.650815651793984750e+15,3.710966253849247720e-01
1.650815651795901750e+15,3.699653920052837774e-01
1.650815651797818500e+15,3.688343061521660582e-01
1.650815651799735500e+15,3.679469053346009488e-01
1.650815651801652500e+15,3.674254919438696421e-01
1.650815651803569250e+15,3.669041465517547951e-01
1.650815651805486250e+15,3.663827331610235438e-01
1.650815651807403250e+15,3.658613197702922371e-01
1.650815651809320250e+15,3.653399063795609303e-01
1.650815651811237000e+15,3.648185609874460278e-01
1.650815651813154000e+15,3.642971475967147765e-01
1.650815651815071000e+15,3.637757342059835253e-01
1.650815651816987750e+15,3.632543888138686783e-01
1.650815651818904750e+15,3.627329754231373715e-01
1.650815651820821750e+15,3.622115620324061203e-01
1.650815651822738750e+15,3.620194659410113092e-01
1.650815651824655500e+15,3.620194659410114757e-01
1.650815651826572500e+15,3.620194659410116422e-01
1.650815651828489500e+15,3.620194659410118088e-01
1.650815651830406500e+15,3.620194659410119198e-01
1.650815651832323250e+15,3.621247344465523543e-01
1.650815651834240250e+15,3.630409647535710604e-01
1.650815651836157250e+15,3.639571950605897110e-01
1.650815651838074000e+15,3.648733058800878726e-01
1.650815651839991000e+15,3.657895361871065232e-01
1.650815651841908000e+15,3.667057664941251738e-01
1.650815651843825000e+15,3.676219968011437689e-01
1.650815651845741750e+15,3.681553890925537420e-01
1.650815651847658750e+15,3.681553890925537420e-01
1.650815651849575750e+15,3.681553890925537420e-01
1.650815651851492500e+15,3.681553890925537420e-01
1.650815651853409500e+15,3.681553890925537420e-01
1.650815651855326500e+15,3.681553890925536865e-01
1.650815651857243500e+15,3.681553890925537975e-01
1.650815651859160250e+15,3.681553890925537420e-01
1.650815651861077250e+15,3.681553890925537420e-01
1.650815651862994250e+15,3.681553890925537420e-01
1.650815651864911000e+15,3.681553890925537420e-01
1.650815651866828000e+15,3.681553890925537420e-01
1.650815651868745000e+15,3.681553890925537420e-01
1.650815651870662000e+15,3.681553890925536865e-01
1.650815651872578750e+15,3.681553890925536865e-01
1.650815651874495750e+15,3.681553890925536310e-01
1.650815651876412750e+15,3.681553890925535200e-01
1.650815651878329500e+15,3.681553890925535200e-01
1.650815651880246500e+15,3.681553890925534644e-01
1.650815651882163500e+15,3.681553890925534089e-01
1.650815651884080500e+15,3.681553890925533534e-01
1.650815651885997250e+15,3.681553890925533534e-01
1.650815651887914250e+15,3.681553890925532979e-01
1.650815651889831250e+15,3.681553890925533534e-01
1.650815651891748000e+15,3.681553890925533534e-01
1.650815651893665000e+15,3.681553890925534089e-01
1.650815651895582000e+15,3.681553890925534089e-01
1.650815651897499000e+15,3.681553890925534644e-01
1.650815651899415750e+15,3.681553890925535200e-01
1.650815651901332750e+15,3.681553890925535200e-01
1.650815651903249750e+15,3.681553890925536310e-01
1.650815651905166750e+15,3.681553890925536310e-01
1.650815651907083500e+15,3.681553890925536310e-01
1.650815651909000500e+15,3.681553890925536865e-01
1.650815651910917500e+15,3.681553890925536865e-01
1.650815651912834250e+15,3.681553890925537420e-01
1.650815651914751250e+15,3.681553890925537420e-01
1.650815651916668250e+15,3.681553890925537420e-01
1.650815651918585250e+15,3.681553890925538530e-01
1.650815651920502000e+15,3.681553890925539085e-01
1.650815651922419000e+15,3.681553890925539085e-01
1.650815651924336000e+15,3.681553890925539640e-01
1.650815651926252750e+15,3.681553890925540196e-01
1.650815651928169750e+15,3.681553890925540751e-01
1.650815651930086750e+15,3.681553890925540751e-01
1.650815651932003750e+15,3.681553890925540751e-01
1.650815651933920500e+15,3.681553890925541306e-01
1.650815651935837500e+15,3.681553890925541861e-01
1.650815651937754500e+15,3.681553890925540751e-01
1.650815651939671250e+15,3.681553890925540196e-01
1.650815651941588250e+15,3.681553890925539085e-01
1.650815651943505250e+15,3.681553890925538530e-01
1.650815651945422250e+15,3.681553890925537420e-01
1.650815651947339000e+15,3.681553890925537420e-01
1.650815651949256000e+15,3.681553890925537420e-01
1.650815651951173000e+15,3.681553890925537420e-01
1.650815651953089750e+15,3.681553890925537420e-01
1.650815651955006750e+15,3.681553890925537420e-01
1.650815651956923750e+15,3.681553890925537420e-01
1.650815651958840750e+15,3.681553890925537420e-01
1.650815651960757500e+15,3.681553890925537420e-01
1.650815651962674500e+15,3.681553890925537420e-01
1.650815651964591500e+15,3.681553890925537420e-01
1.650815651966508250e+15,3.681553890925537420e-01
1.650815651968425250e+15,3.681553890925536865e-01
1.650815651970342250e+15,3.681553890925537420e-01
1.650815651972259250e+15,3.681553890925537420e-01
1.650815651974176000e+15,3.681553890925537420e-01
1.650815651976093000e+15,3.681553890925537975e-01
1.650815651978010000e+15,3.681553890925537420e-01
1.650815651979927000e+15,3.681553890925537420e-01
1.650815651981843750e+15,3.681553890925537420e-01
1.650815651983760750e+15,3.681553890925537420e-01
1.650815651985677750e+15,3.681553890925537420e-01
1.650815651987594500e+15,3.681553890925537420e-01
1.650815651989511500e+15,3.681553890925537420e-01
1.650815651991428500e+15,3.681553890925537420e-01
1.650815651993345500e+15,3.681553890925537420e-01
1.650815651995262250e+15,3.681553890925537420e-01
1.650815651997179250e+15,3.677836679409965948e-01
1.650815651999096250e+15,3.672936631635957405e-01
1.650815652001013000e+15,3.668037222887480797e-01
1.650815652002930000e+15,3.663137175113472810e-01
1.650815652004847000e+15,3.658237127339464823e-01
1.650815652006764000e+15,3.653337079565457390e-01
1.650815652008680750e+15,3.648437670816980227e-01
1.650815652010597750e+15,3.643537623042971685e-01
1.650815652012514750e+15,3.638637575268963698e-01
1.650815652014431500e+15,3.633738166520487090e-01
1.650815652016348500e+15,3.628838118746479657e-01
1.650815652018265500e+15,3.623938070972471670e-01
1.650815652020182500e+15,3.621492941101911445e-01
1.650815652022099250e+15,3.626992347583122278e-01
1.650815652024016250e+15,3.632492471347035790e-01
1.650815652025933250e+15,3.637992595110948191e-01
1.650815652027850000e+15,3.643492001592159024e-01
1.650815652029767000e+15,3.648992125356073091e-01
1.650815652031684000e+15,3.654492249119986602e-01
1.650815652033601000e+15,3.659992372883900114e-01
1.650815652035517750e+15,3.665491779365110947e-01
1.650815652037434750e+15,3.670991903129024458e-01
1.650815652039351750e+15,3.676492026892937415e-01
1.650815652041268500e+15,3.681553890925533534e-01
1.650815652043185500e+15,3.681553890925532979e-01
1.650815652045102500e+15,3.681553890925532979e-01
1.650815652047019500e+15,3.681553890925532979e-01
1.650815652048936250e+15,3.681553890925532979e-01
1.650815652050853250e+15,3.678924860751574544e-01
1.650815652052770250e+15,3.668644695849017645e-01
1.650815652054687250e+15,3.658364530946460746e-01
1.650815652056604000e+15,3.648085706701820752e-01
1.650815652058521000e+15,3.637805541799263853e-01
1.650815652060438000e+15,3.627525376896707510e-01
1.650815652062354750e+15,3.617767879732015635e-01
1.650815652064271750e+15,3.609305602982729733e-01
1.650815652066188750e+15,3.600843326233443831e-01
1.650815652068105750e+15,3.592381049484157929e-01
1.650815652070022500e+15,3.583919876318173436e-01
1.650815652071939500e+15,3.575457599568887535e-01
1.650815652073856500e+15,3.566995322819602188e-01
1.650815652075773250e+15,3.558835427894690984e-01
1.650815652077690250e+15,3.558835427894691539e-01
1.650815652079607250e+15,3.558835427894691539e-01
1.650815652081524250e+15,3.558835427894692094e-01
1.650815652083441000e+15,3.558835427894692094e-01
1.650815652085358000e+15,3.558835427894692094e-01
1.650815652087275000e+15,3.558835427894693204e-01
1.650815652089191750e+15,3.558835427894693204e-01
1.650815652091108750e+15,3.558835427894693204e-01
1.650815652093025750e+15,3.558835427894693204e-01
1.650815652094942750e+15,3.558835427894693204e-01
1.650815652096859500e+15,3.558835427894693759e-01
1.650815652098776500e+15,3.558835427894693204e-01
1.650815652100693500e+15,3.558835427894693204e-01
1.650815652102610250e+15,3.558835427894693204e-01
1.650815652104527250e+15,3.558835427894693204e-01
1.650815652106444250e+15,3.558835427894693204e-01
1.650815652108361250e+15,3.558835427894693759e-01
1.650815652110278000e+15,3.558835427894693204e-01
1.650815652112195000e+15,3.558835427894693759e-01
1.650815652114112000e+15,3.558835427894693759e-01
1.650815652116028750e+15,3.558835427894693204e-01
1.650815652117945750e+15,3.557324982215056552e-01
1.650815652119862750e+15,3.548852343245447738e-01
1.650815652121779750e+15,3.540379704275839479e-01
1.650815652123696500e+15,3.531908170240890543e-01
1.650815652125613500e+15,3.523435531271282284e-01
1.650815652127530500e+15,3.514962892301674025e-01
1.650815652129447250e+15,3.506491358266725089e-01
1.650815652131364250e+15,3.498018719297116275e-01
1.650815652133281250e+15,3.507715575206140080e-01
1.650815652135198250e+15,3.518655460512601363e-01
1.650815652137115000e+15,3.529593919125622037e-01
1.650815652139032000e+15,3.540533804432083875e-01
1.650815652140949000e+15,3.551473689738545159e-01
1.650815652142866000e+15,3.558835427894692649e-01
1.650815652144782750e+15,3.558835427894690984e-01
1.650815652146699750e+15,3.558835427894688763e-01
1.650815652148616750e+15,3.558835427894687653e-01
1.650815652150533500e+15,3.558835427894685433e-01
1.650815652152450500e+15,3.558835427894684322e-01
1.650815652154367500e+15,3.558835427894682102e-01
1.650815652156284500e+15,3.558835427894682657e-01
1.650815652158201250e+15,3.558835427894683212e-01
1.650815652160118250e+15,3.558835427894683212e-01
1.650815652162035250e+15,3.558835427894684322e-01
1.650815652163952000e+15,3.558835427894685433e-01
1.650815652165869000e+15,3.558835427894685433e-01
1.650815652167786000e+15,3.558835427894686543e-01
1.650815652169703000e+15,3.558835427894687098e-01
1.650815652171619750e+15,3.558835427894687653e-01
1.650815652173536750e+15,3.558835427894688763e-01
1.650815652175453750e+15,3.558835427894688763e-01
1.650815652177370500e+15,3.558835427894689318e-01
1.650815652179287500e+15,3.558835427894689873e-01
1.650815652181204500e+15,3.558835427894690429e-01
1.650815652183121500e+15,3.558835427894690984e-01
1.650815652185038250e+15,3.561368313032142185e-01
1.650815652186955250e+15,3.570473874792094438e-01
1.650815652188872250e+15,3.579579436552046690e-01
1.650815652190789000e+15,3.588683810836547639e-01
1.650815652192706000e+15,3.597789372596499891e-01
1.650815652194623000e+15,3.606894934356452143e-01
1.650815652196540000e+15,3.616000496116404395e-01
1.650815652198456750e+15,3.620194659410111981e-01
1.650815652200373750e+15,3.620194659410111981e-01
1.650815652202290750e+15,3.620194659410111981e-01
1.650815652204207500e+15,3.620194659410113092e-01
1.650815652206124500e+15,3.620194659410113092e-01
1.650815652208041500e+15,3.620194659410113092e-01
1.650815652209958500e+15,3.620194659410113647e-01
1.650815652211875250e+15,3.620194659410113647e-01
1.650815652213792250e+15,3.620194659410114202e-01
1.650815652215709250e+15,3.620194659410114202e-01
1.650815652217626250e+15,3.620194659410114202e-01
1.650815652219543000e+15,3.614072268981318170e-01
1.650815652221460000e+15,3.605126672600219573e-01
1.650815652223377000e+15,3.596181076219120420e-01
1.650815652225293750e+15,3.587236646452052202e-01
1.650815652227210750e+15,3.578291050070953050e-01
1.650815652229127750e+15,3.569345453689854453e-01
1.650815652231044750e+15,3.560399857308755855e-01
1.650815652232961500e+15,3.562676603710771550e-01
1.650815652234878500e+15,3.567332647997477624e-01
1.650815652236795500e+15,3.571988692284184252e-01
1.650815652238712250e+15,3.576644129366367553e-01
1.650815652240629250e+15,3.581300173653073626e-01
1.650815652242546250e+15,3.585956217939780255e-01
1.650815652244463250e+15,3.590612262226486884e-01
1.650815652246380000e+15,3.595267699308669629e-01
1.650815652248297000e+15,3.599923743595375702e-01
1.650815652250214000e+15,3.604579787882082331e-01
1.650815652252130750e+15,3.609235224964265631e-01
1.650815652254047750e+15,3.613891269250971705e-01
1.650815652255964750e+15,3.618547313537678334e-01
1.650815652257881750e+15,3.624401242399750700e-01
1.650815652259798500e+15,3.630910197350617485e-01
1.650815652261715500e+15,3.637420001258696578e-01
1.650815652263632500e+15,3.643929805166776226e-01
1.650815652265549250e+15,3.650438760117642456e-01
1.650815652267466250e+15,3.656948564025722104e-01
1.650815652269383250e+15,3.663458367933801751e-01
1.650815652271300250e+15,3.669968171841881399e-01
1.650815652273217000e+15,3.676477126792747629e-01
1.650815652275134000e+15,3.679367301185681449e-01
1.650815652277051000e+15,3.669434380495333881e-01
1.650815652278967750e+15,3.659502755178055677e-01
1.650815652280884750e+15,3.649569834487708664e-01
1.650815652282801750e+15,3.639636913797362205e-01
1.650815652284718750e+15,3.629703993107015192e-01
1.650815652286635500e+15,3.620604424845095259e-01
1.650815652288552500e+15,3.630242711211457696e-01
1.650815652290469500e+15,3.639880997577820132e-01
1.650815652292386500e+15,3.649519283944182568e-01
1.650815652294303250e+15,3.659156313361358048e-01
1.650815652296220250e+15,3.668794599727720485e-01
1.650815652298137250e+15,3.678432886094082921e-01
1.650815652300054000e+15,3.678384943605710888e-01
1.650815652301971000e+15,3.673697542361784585e-01
1.650815652303888000e+15,3.669010141117857726e-01
1.650815652305805000e+15,3.664322739873931423e-01
1.650815652307721750e+15,3.659635949923855103e-01
1.650815652309638750e+15,3.654948548679928244e-01
1.650815652311555750e+15,3.650261147436002496e-01
1.650815652313472500e+15,3.645574357485925621e-01
1.650815652315389500e+15,3.640886956241999317e-01
1.650815652317306500e+15,3.636199554998072458e-01
1.650815652319223500e+15,3.631512153754146155e-01
1.650815652321140250e+15,3.626825363804069835e-01
1.650815652323057250e+15,3.622137962560144087e-01
1.650815652324974250e+15,3.622759674591822798e-01
1.650815652326891000e+15,3.627140599385356157e-01
1.650815652328808000e+15,3.631522095579020060e-01
1.650815652330725000e+15,3.635903591772682852e-01
1.650815652332642000e+15,3.640285087966346755e-01
1.650815652334558750e+15,3.644666012759880669e-01
1.650815652336475750e+15,3.649047508953544572e-01
1.650815652338392750e+15,3.653429005147207920e-01
1.650815652340309500e+15,3.657809929940741833e-01
1.650815652342226500e+15,3.662191426134405736e-01
1.650815652344143500e+15,3.666572922328069084e-01
1.650815652346060500e+15,3.670954418521732432e-01
1.650815652347977250e+15,3.675335343315266901e-01
1.650815652349894250e+15,3.679716839508930248e-01
1.650815652351811250e+15,3.674591485005198055e-01
1.650815652353728000e+15,3.662603888734969892e-01
1.650815652355645000e+15,3.650614728933208042e-01
1.650815652357562000e+15,3.638625569131445636e-01
1.650815652359479000e+15,3.626636409329683786e-01
1.650815652361395750e+15,3.615797156900916187e-01
1.650815652363312750e+15,3.606290517701443710e-01
1.650815652365229750e+15,3.596783878501970122e-01
1.650815652367146750e+15,3.587277239302497645e-01
1.650815652369063500e+15,3.577771839883827631e-01
1.650815652370980500e+15,3.568265200684354599e-01
1.650815652372897500e+15,3.558929388385544401e-01
1.650815652374814250e+15,3.570548663924687505e-01
1.650815652376731250e+15,3.582169454955617671e-01
1.650815652378648250e+15,3.593790245986548393e-01
1.650815652380565250e+15,3.605411037017478559e-01
1.650815652382482000e+15,3.617030312556621108e-01
1.650815652384399000e+15,3.623964085513867728e-01
1.650815652386316000e+15,3.629144006546767276e-01
1.650815652388232750e+15,3.634323252055275399e-01
1.650815652390149750e+15,3.639503173088175503e-01
1.650815652392066750e+15,3.644683094121075051e-01
1.650815652393983750e+15,3.649863015153975154e-01
1.650815652395900500e+15,3.655042260662483278e-01
1.650815652397817500e+15,3.660222181695382826e-01
1.650815652399734500e+15,3.665402102728282929e-01
1.650815652401651250e+15,3.670581348236791053e-01
1.650815652403568250e+15,3.675761269269690601e-01
1.650815652405485250e+15,3.680941190302590704e-01
1.650815652407402250e+15,3.677332962144913564e-01
1.650815652409319000e+15,3.672546412675734007e-01
1.650815652411236000e+15,3.667759238901158736e-01
1.650815652413153000e+15,3.662972065126583465e-01
1.650815652415069750e+15,3.658185515657403908e-01
1.650815652416986750e+15,3.653398341882828637e-01
1.650815652418903750e+15,3.648611168108253366e-01
1.650815652420820750e+15,3.643823994333677541e-01
1.650815652422737500e+15,3.639037444864497983e-01
1.650815652424654500e+15,3.634250271089922713e-01
1.650815652426571500e+15,3.629463097315346887e-01
1.650815652428488250e+15,3.624676547846167884e-01
1.650815652430405250e+15,3.620194659410111981e-01
1.650815652432322250e+15,3.620194659410112537e-01
1.650815652434239250e+15,3.620194659410111981e-01
1.650815652436156000e+15,3.620194659410112537e-01
1.650815652438073000e+15,3.620194659410111981e-01
1.650815652439990000e+15,3.620194659410111981e-01
1.650815652441906750e+15,3.620194659410111981e-01
1.650815652443823750e+15,3.620194659410112537e-01
1.650815652445740750e+15,3.620194659410111981e-01
1.650815652447657750e+15,3.620194659410112537e-01
1.650815652449574500e+15,3.620194659410111981e-01
1.650815652451491500e+15,3.620194659410112537e-01
1.650815652453408500e+15,3.611947356981435320e-01
1.650815652455325500e+15,3.595208258245834454e-01
1.650815652457242250e+15,3.578471342491288953e-01
1.650815652459159250e+15,3.561732243755688088e-01
1.650815652461076250e+15,3.566868936464214768e-01
1.650815652462993000e+15,3.576582374439700729e-01
1.650815652464910000e+15,3.586297079330274529e-01
1.650815652466827000e+15,3.596011784220848329e-01
1.650815652468744000e+15,3.605726489111421573e-01
1.650815652470660750e+15,3.615439927086908090e-01
1.650815652472577750e+15,3.620194659410111981e-01
1.650815652474494750e+15,3.620194659410111981e-01
1.650815652476411500e+15,3.620194659410111981e-01
1.650815652478328500e+15,3.620194659410111981e-01
1.650815652480245500e+15,3.620194659410111981e-01
1.650815652482162500e+15,3.620194659410111981e-01
1.650815652484079250e+15,3.620194659410111981e-01
1.650815652485996250e+15,3.620194659410111981e-01
1.650815652487913250e+15,3.620194659410112537e-01
1.650815652489830000e+15,3.620194659410111981e-01
1.650815652491747000e+15,3.620194659410111981e-01
1.650815652493664000e+15,3.620194659410112537e-01
1.650815652495581000e+15,3.620194659410112537e-01
1.650815652497497750e+15,3.620194659410111981e-01
1.650815652499414750e+15,3.620194659410111981e-01
1.650815652501331750e+15,3.620194659410112537e-01
1.650815652503248500e+15,3.620194659410111981e-01
1.650815652505165500e+15,3.620194659410112537e-01
1.650815652507082500e+15,3.620194659410111981e-01
1.650815652508999500e+15,3.620194659410111981e-01
1.650815652510916250e+15,3.620194659410112537e-01
1.650815652512833250e+15,3.620194659410111981e-01
1.650815652514750250e+15,3.620194659410111981e-01
1.650815652516667000e+15,3.620194659410111981e-01
1.650815652518584000e+15,3.620194659410111981e-01
1.650815652520501000e+15,3.620194659410111981e-01
1.650815652522418000e+15,3.620194659410111981e-01
1.650815652524334750e+15,3.620194659410111981e-01
1.650815652526251750e+15,3.620194659410111981e-01
1.650815652528168750e+15,3.620194659410111981e-01
1.650815652530085750e+15,3.620194659410111981e-01
1.650815652532002500e+15,3.620194659410111426e-01
1.650815652533919500e+15,3.620194659410111981e-01
1.650815652535836500e+15,3.620194659410111426e-01
1.650815652537753250e+15,3.620194659410111981e-01
1.650815652539670250e+15,3.620194659410111981e-01
1.650815652541587250e+15,3.620194659410111981e-01
1.650815652543504250e+15,3.620194659410111981e-01
1.650815652545421000e+15,3.620194659410111426e-01
1.650815652547338000e+15,3.620194659410111981e-01
1.650815652549255000e+15,3.620194659410111981e-01
1.650815652551171750e+15,3.620194659410111426e-01
1.650815652553088750e+15,3.620194659410111426e-01
1.650815652555005750e+15,3.620194659410111426e-01
1.650815652556922750e+15,3.620194659410112537e-01
1.650815652558839500e+15,3.620194659410113092e-01
1.650815652560756500e+15,3.620194659410114202e-01
1.650815652562673500e+15,3.620194659410115312e-01
1.650815652564590250e+15,3.620194659410116977e-01
1.650815652566507250e+15,3.620194659410117533e-01
1.650815652568424250e+15,3.620194659410118643e-01
1.650815652570341250e+15,3.620194659410117533e-01
1.650815652572258000e+15,3.620194659410116422e-01
1.650815652574175000e+15,3.620194659410115312e-01
1.650815652576092000e+15,3.620194659410114202e-01
1.650815652578008750e+15,3.620194659410113092e-01
1.650815652579925750e+15,3.620194659410112537e-01
1.650815652581842750e+15,3.620194659410111981e-01
1.650815652583759750e+15,3.620194659410111981e-01
1.650815652585676500e+15,3.620194659410111981e-01
1.650815652587593500e+15,3.620194659410111981e-01
1.650815652589510500e+15,3.620194659410111981e-01
1.650815652591427250e+15,3.620194659410111981e-01
1.650815652593344250e+15,3.620194659410112537e-01
1.650815652595261250e+15,3.620194659410112537e-01
1.650815652597178250e+15,3.620194659410112537e-01
1.650815652599095000e+15,3.620194659410111981e-01
1.650815652601012000e+15,3.620194659410112537e-01
1.650815652602929000e+15,3.620194659410112537e-01
1.650815652604846000e+15,3.620194659410111981e-01
1.650815652606762750e+15,3.620194659410111981e-01
1.650815652608679750e+15,3.620194659410111981e-01
1.650815652610596750e+15,3.620194659410111981e-01
1.650815652612513500e+15,3.620194659410111981e-01
1.650815652614430500e+15,3.620194659410111981e-01
1.650815652616347500e+15,3.620194659410111426e-01
1.650815652618264500e+15,3.620194659410111426e-01
1.650815652620181250e+15,3.620194659410111981e-01
1.650815652622098250e+15,3.620194659410111981e-01
1.650815652624015250e+15,3.620194659410111981e-01
1.650815652625932000e+15,3.620194659410111981e-01
1.650815652627849000e+15,3.620194659410111981e-01
1.650815652629766000e+15,3.620194659410111981e-01
1.650815652631683000e+15,3.620194659410112537e-01
1.650815652633599750e+15,3.620194659410111981e-01
1.650815652635516750e+15,3.620194659410111981e-01
1.650815652637433750e+15,3.620194659410111981e-01
1.650815652639350500e+15,3.620194659410111981e-01
1.650815652641267500e+15,3.620194659410111981e-01
1.650815652643184500e+15,3.620194659410111981e-01
1.650815652645101500e+15,3.620194659410111981e-01
1.650815652647018250e+15,3.620194659410111981e-01
1.650815652648935250e+15,3.620194659410111981e-01
1.650815652650852250e+15,3.620194659410111981e-01
1.650815652652769000e+15,3.620194659410111981e-01
1.650815652654686000e+15,3.620194659410111981e-01
1.650815652656603000e+15,3.620194659410111981e-01
1.650815652658520000e+15,3.620194659410111981e-01
1.650815652660436750e+15,3.620194659410111981e-01
1.650815652662353750e+15,3.620194659410111981e-01
1.650815652664270750e+15,3.620194659410111981e-01
1.650815652666187500e+15,3.620194659410111981e-01
1.650815652668104500e+15,3.620194659410111981e-01
1.650815652670021500e+15,3.620194659410111981e-01
1.650815652671938500e+15,3.620194659410111981e-01
1.650815652673855250e+15,3.620194659410111981e-01
1.650815652675772250e+15,3.620194659410111981e-01
1.650815652677689250e+15,3.620194659410111981e-01
1.650815652679606250e+15,3.620194659410111981e-01
1.650815652681523000e+15,3.620194659410111426e-01
1.650815652683440000e+15,3.620194659410111981e-01
1.650815652685357000e+15,3.620194659410111426e-01
1.650815652687273750e+15,3.620194659410111981e-01
1.650815652689190750e+15,3.620194659410111981e-01
1.650815652691107750e+15,3.620194659410111981e-01
1.650815652693024750e+15,3.620194659410111981e-01
1.650815652694941500e+15,3.620194659410111981e-01
1.650815652696858500e+15,3.620194659410111981e-01
1.650815652698775500e+15,3.620194659410111981e-01
1.650815652700692250e+15,3.620194659410111981e-01
1.650815652702609250e+15,3.620194659410111981e-01
1.650815652704526250e+15,3.620194659410111981e-01
1.650815652706443250e+15,3.620194659410111981e-01
1.650815652708360000e+15,3.620194659410111981e-01
1.650815652710277000e+15,3.620194659410111981e-01
1.650815652712194000e+15,3.620194659410111981e-01
1.650815652714110750e+15,3.620194659410111981e-01
1.650815652716027750e+15,3.620194659410111426e-01
1.650815652717944750e+15,3.620194659410111981e-01
1.650815652719861750e+15,3.620194659410111981e-01
1.650815652721778500e+15,3.620194659410111981e-01
1.650815652723695500e+15,3.620194659410111981e-01
1.650815652725612500e+15,3.620194659410111981e-01
1.650815652727529250e+15,3.620194659410111981e-01
1.650815652729446250e+15,3.626238318282767326e-01
1.650815652731363250e+15,3.635148677105209947e-01
1.650815652733280250e+15,3.644059035927652568e-01
1.650815652735197000e+15,3.652968232731469422e-01
1.650815652737114000e+15,3.661878591553912599e-01
1.650815652739031000e+15,3.670788950376355775e-01
1.650815652740947750e+15,3.679698147180172074e-01
1.650815652742864750e+15,3.676892131220247384e-01
1.650815652744781750e+15,3.671004077617851524e-01
1.650815652746698750e+15,3.665116024015454554e-01
1.650815652748615500e+15,3.659228738286507410e-01
1.650815652750532500e+15,3.653340684684111550e-01
1.650815652752449500e+15,3.647452631081715690e-01
1.650815652754366250e+15,3.641565345352767435e-01
1.650815652756283250e+15,3.635677291750372131e-01
1.650815652758200250e+15,3.629789238147975716e-01
1.650815652760117250e+15,3.623901184545579857e-01
1.650815652762034000e+15,3.620194659410112537e-01
1.650815652763951000e+15,3.620194659410112537e-01
1.650815652765868000e+15,3.620194659410111981e-01
1.650815652767785000e+15,3.620194659410111981e-01
1.650815652769701750e+15,3.620194659410111981e-01
1.650815652771618750e+15,3.620194659410111981e-01
1.650815652773535750e+15,3.620194659410111981e-01
1.650815652775452500e+15,3.620194659410112537e-01
1.650815652777369500e+15,3.620194659410111981e-01
1.650815652779286500e+15,3.620194659410111426e-01
1.650815652781203500e+15,3.620194659410111981e-01
1.650815652783120250e+15,3.620194659410111981e-01
1.650815652785037250e+15,3.620194659410111981e-01
1.650815652786954250e+15,3.620194659410111981e-01
1.650815652788871000e+15,3.620194659410111981e-01
1.650815652790788000e+15,3.620194659410111981e-01
1.650815652792705000e+15,3.620194659410111981e-01
1.650815652794622000e+15,3.620194659410111981e-01
1.650815652796538750e+15,3.620194659410111981e-01
1.650815652798455750e+15,3.620194659410112537e-01
1.650815652800372750e+15,3.620194659410111981e-01
1.650815652802289500e+15,3.620194659410111981e-01
1.650815652804206500e+15,3.620194659410111981e-01
1.650815652806123500e+15,3.620194659410111981e-01
1.650815652808040500e+15,3.620194659410111981e-01
1.650815652809957250e+15,3.620194659410111981e-01
1.650815652811874250e+15,3.620194659410112537e-01
1.650815652813791250e+15,3.620194659410111981e-01
1.650815652815708000e+15,3.620194659410111981e-01
1.650815652817625000e+15,3.620194659410112537e-01
1.650815652819542000e+15,3.620194659410111981e-01
1.650815652821459000e+15,3.620194659410112537e-01
1.650815652823375750e+15,3.620194659410111981e-01
1.650815652825292750e+15,3.620194659410111981e-01
1.650815652827209750e+15,3.620194659410111981e-01
1.650815652829126500e+15,3.620194659410111981e-01
1.650815652831043500e+15,3.620194659410111981e-01
1.650815652832960500e+15,3.620194659410111981e-01
1.650815652834877500e+15,3.620194659410111981e-01
1.650815652836794250e+15,3.620194659410111981e-01
1.650815652838711250e+15,3.620194659410111981e-01
1.650815652840628250e+15,3.620194659410111981e-01
1.650815652842545250e+15,3.620194659410112537e-01
1.650815652844462000e+15,3.620194659410112537e-01
1.650815652846379000e+15,3.620194659410111981e-01
1.650815652848296000e+15,3.620194659410111981e-01
1.650815652850212750e+15,3.620194659410111981e-01
1.650815652852129750e+15,3.620194659410112537e-01
1.650815652854046750e+15,3.620194659410111981e-01
1.650815652855963750e+15,3.610397673259610474e-01
1.650815652857880500e+15,3.596807390499361379e-01
1.650815652859797500e+15,3.583215335170603089e-01
1.650815652861714500e+15,3.569623279841844243e-01
1.650815652863631250e+15,3.563885346948608701e-01
1.650815652865548250e+15,3.588377933479598436e-01
1.650815652867465250e+15,3.612870520010588726e-01
1.650815652869382250e+15,3.637363106541578461e-01
1.650815652871299000e+15,3.661852498942870238e-01
1.650815652873216000e+15,3.679993593114579964e-01
1.650815652875133000e+15,3.672017350704931404e-01
1.650815652877049750e+15,3.664042148493824036e-01
1.650815652878966750e+15,3.656065906084176031e-01
1.650815652880883750e+15,3.648089663674527472e-01
1.650815652882800750e+15,3.640113421264878912e-01
1.650815652884717500e+15,3.632138219053771544e-01
1.650815652886634500e+15,3.624161976644123540e-01
1.650815652888551500e+15,3.620194659410111426e-01
1.650815652890468250e+15,3.620194659410111981e-01
1.650815652892385250e+15,3.620194659410111981e-01
1.650815652894302250e+15,3.620194659410111981e-01
1.650815652896219250e+15,3.620194659410111981e-01
1.650815652898136000e+15,3.620194659410111981e-01
1.650815652900053000e+15,3.620194659410111981e-01
1.650815652901970000e+15,3.620194659410111981e-01
1.650815652903886750e+15,3.620194659410111426e-01
1.650815652905803750e+15,3.620194659410111981e-01
1.650815652907720750e+15,3.620194659410111981e-01
1.650815652909637750e+15,3.620194659410111981e-01
1.650815652911554500e+15,3.620194659410111981e-01
1.650815652913471500e+15,3.620194659410111981e-01
1.650815652915388500e+15,3.620194659410111981e-01
1.650815652917305500e+15,3.620194659410111981e-01
1.650815652919222250e+15,3.620194659410111981e-01
1.650815652921139250e+15,3.620194659410111426e-01
1.650815652923056250e+15,3.620194659410111981e-01
1.650815652924973000e+15,3.620194659410112537e-01
1.650815652926890000e+15,3.620194659410113092e-01
1.650815652928807000e+15,3.620194659410113092e-01
1.650815652930724000e+15,3.620194659410113092e-01
1.650815652932640750e+15,3.620194659410113092e-01
1.650815652934557750e+15,3.620194659410113092e-01
1.650815652936474750e+15,3.620194659410113092e-01
1.650815652938391500e+15,3.620194659410113647e-01
1.650815652940308500e+15,3.620194659410114202e-01
1.650815652942225500e+15,3.620194659410114202e-01
1.650815652944142500e+15,3.620194659410114202e-01
1.650815652946059250e+15,3.620194659410114202e-01
1.650815652947976250e+15,3.620194659410114202e-01
1.650815652949893250e+15,3.620194659410114202e-01
1.650815652951810000e+15,3.620194659410114202e-01
1.650815652953727000e+15,3.620194659410114202e-01
1.650815652955644000e+15,3.620194659410114202e-01
1.650815652957561000e+15,3.620194659410114202e-01
1.650815652959477750e+15,3.620194659410114202e-01
1.650815652961394750e+15,3.620194659410114202e-01
1.650815652963311750e+15,3.620194659410113647e-01
1.650815652965228500e+15,3.620194659410114202e-01
1.650815652967145500e+15,3.620194659410114202e-01
1.650815652969062500e+15,3.620194659410114202e-01
1.650815652970979500e+15,3.620194659410113647e-01
1.650815652972896250e+15,3.620194659410113647e-01
1.650815652974813250e+15,3.620194659410113647e-01
1.650815652976730250e+15,3.620194659410113647e-01
1.650815652978647000e+15,3.620194659410113092e-01
1.650815652980564000e+15,3.620194659410113092e-01
1.650815652982481000e+15,3.620194659410111981e-01
1.650815652984398000e+15,3.620194659410111981e-01
1.650815652986314750e+15,3.620194659410111981e-01
1.650815652988231750e+15,3.620194659410111981e-01
1.650815652990148750e+15,3.620194659410113092e-01
1.650815652992065500e+15,3.620194659410113092e-01
1.650815652993982500e+15,3.620194659410113092e-01
1.650815652995899500e+15,3.620194659410114202e-01
1.650815652997816500e+15,3.620194659410114202e-01
1.650815652999733250e+15,3.620194659410114202e-01
1.650815653001650250e+15,3.620194659410113647e-01
1.650815653003567250e+15,3.620194659410113092e-01
1.650815653005484250e+15,3.620194659410113092e-01
1.650815653007401000e+15,3.620194659410113092e-01
1.650815653009318000e+15,3.620194659410112537e-01
1.650815653011235000e+15,3.620194659410111981e-01
1.650815653013151750e+15,3.620194659410111981e-01
1.650815653015068750e+15,3.620194659410111981e-01
1.650815653016985750e+15,3.620194659410111981e-01
1.650815653018902750e+15,3.620194659410111981e-01
1.650815653020819500e+15,3.620194659410111981e-01
1.650815653022736500e+15,3.620194659410111426e-01
1.650815653024653500e+15,3.620194659410111426e-01
1.650815653026570250e+15,3.620194659410111426e-01
1.650815653028487250e+15,3.620194659410111981e-01
1.650815653030404250e+15,3.620194659410111981e-01
1.650815653032321250e+15,3.620194659410111981e-01
1.650815653034238000e+15,3.620194659410111981e-01
1.650815653036155000e+15,3.620194659410111981e-01
1.650815653038072000e+15,3.620194659410112537e-01
1.650815653039988750e+15,3.620194659410113092e-01
1.650815653041905750e+15,3.620194659410113092e-01
1.650815653043822750e+15,3.620194659410113092e-01
1.650815653045739750e+15,3.620194659410114202e-01
1.650815653047656500e+15,3.620194659410114202e-01
1.650815653049573500e+15,3.620194659410114757e-01
1.650815653051490500e+15,3.620194659410115312e-01
1.650815653053407250e+15,3.620194659410115312e-01
1.650815653055324250e+15,3.620194659410115312e-01
1.650815653057241250e+15,3.620194659410115867e-01
1.650815653059158250e+15,3.620194659410115867e-01
1.650815653061075000e+15,3.620194659410114757e-01
1.650815653062992000e+15,3.620194659410114202e-01
1.650815653064909000e+15,3.620194659410113092e-01
1.650815653066825750e+15,3.620194659410112537e-01
1.650815653068742750e+15,3.620194659410111981e-01
1.650815653070659750e+15,3.620194659410111981e-01
1.650815653072576750e+15,3.620194659410111981e-01
1.650815653074493500e+15,3.620194659410111981e-01
1.650815653076410500e+15,3.620194659410111981e-01
1.650815653078327500e+15,3.620194659410111981e-01
1.650815653080244500e+15,3.620194659410111981e-01
1.650815653082161250e+15,3.620194659410111981e-01
1.650815653084078250e+15,3.620194659410111981e-01
1.650815653085995250e+15,3.620194659410111981e-01
1.650815653087912000e+15,3.620194659410111981e-01
1.650815653089829000e+15,3.620194659410111981e-01
1.650815653091746000e+15,3.620194659410111981e-01
1.650815653093663000e+15,3.620194659410111981e-01
1.650815653095579750e+15,3.620194659410111981e-01
1.650815653097496750e+15,3.620194659410111981e-01
1.650815653099413750e+15,3.620194659410112537e-01
1.650815653101330500e+15,3.620194659410111426e-01
1.650815653103247500e+15,3.620194659410109761e-01
1.650815653105164500e+15,3.620194659410107541e-01
1.650815653107081500e+15,3.620194659410106430e-01
1.650815653108998250e+15,3.620194659410104210e-01
1.650815653110915250e+15,3.620194659410101989e-01
1.650815653112832250e+15,3.617713029452494511e-01
1.650815653114749000e+15,3.605301642051991218e-01
1.650815653116666000e+15,3.592888635845254419e-01
1.650815653118583000e+15,3.580475629638517621e-01
1.650815653120500000e+15,3.568062623431780267e-01
1.650815653122416750e+15,3.558835427894691539e-01
1.650815653124333750e+15,3.558835427894690984e-01
1.650815653126250750e+15,3.558835427894692094e-01
1.650815653128167500e+15,3.558835427894692094e-01
1.650815653130084500e+15,3.558835427894692094e-01
1.650815653132001500e+15,3.558835427894693204e-01
1.650815653133918500e+15,3.558835427894693204e-01
1.650815653135835250e+15,3.558835427894692649e-01
1.650815653137752250e+15,3.558835427894689873e-01
1.650815653139669250e+15,3.558835427894688208e-01
1.650815653141586000e+15,3.558835427894686543e-01
1.650815653143503000e+15,3.558835427894684322e-01
1.650815653145420000e+15,3.558835427894682102e-01
1.650815653147337000e+15,3.567346125201403262e-01
1.650815653149253750e+15,3.576299406794519742e-01
1.650815653151170750e+15,3.585253856156201957e-01
1.650815653153087750e+15,3.594208305517884172e-01
1.650815653155004750e+15,3.603162754879566387e-01
1.650815653156921500e+15,3.612116036472683422e-01
1.650815653158838500e+15,3.620194659410100879e-01
1.650815653160755500e+15,3.620194659410100324e-01
1.650815653162672250e+15,3.620194659410100879e-01
1.650815653164589250e+15,3.620194659410100879e-01
1.650815653166506250e+15,3.620194659410100879e-01
1.650815653168423250e+15,3.620194659410100879e-01
1.650815653170340000e+15,3.620194659410100879e-01
1.650815653172257000e+15,3.620194659410103655e-01
1.650815653174174000e+15,3.620194659410105875e-01
1.650815653176090750e+15,3.620194659410108096e-01
1.650815653178007750e+15,3.620194659410110871e-01
1.650815653179924750e+15,3.620194659410113092e-01
1.650815653181841750e+15,3.620194659410115312e-01
1.650815653183758500e+15,3.620194659410116422e-01
1.650815653185675500e+15,3.620194659410115867e-01
1.650815653187592500e+15,3.620194659410115867e-01
1.650815653189509250e+15,3.620194659410116422e-01
1.650815653191426250e+15,3.620194659410116422e-01
1.650815653193343250e+15,3.620194659410116422e-01
1.650815653195260250e+15,3.620194659410116422e-01
1.650815653197177000e+15,3.620194659410116422e-01
1.650815653199094000e+15,3.620194659410116422e-01
1.650815653201011000e+15,3.620194659410115867e-01
1.650815653202927750e+15,3.620194659410115867e-01
1.650815653204844750e+15,3.620194659410114757e-01
1.650815653206761750e+15,3.620194659410114202e-01
1.650815653208678750e+15,3.620194659410112537e-01
1.650815653210595500e+15,3.620194659410111981e-01
1.650815653212512500e+15,3.620194659410110871e-01
1.650815653214429500e+15,3.620194659410109206e-01
1.650815653216346250e+15,3.620194659410108651e-01
1.650815653218263250e+15,3.620194659410107541e-01
1.650815653220180250e+15,3.620194659410106430e-01
1.650815653222097250e+15,3.620194659410105320e-01
1.650815653224014000e+15,3.620194659410104210e-01
1.650815653225931000e+15,3.620194659410103100e-01
1.650815653227848000e+15,3.620194659410101989e-01
1.650815653229765000e+15,3.620194659410100879e-01
1.650815653231681750e+15,3.620194659410100879e-01
1.650815653233598750e+15,3.620194659410100879e-01
1.650815653235515750e+15,3.620194659410100324e-01
1.650815653237432500e+15,3.620194659410100879e-01
1.650815653239349500e+15,3.620194659410100879e-01
1.650815653241266500e+15,3.620194659410100879e-01
1.650815653243183500e+15,3.620194659410100879e-01
1.650815653245100250e+15,3.620194659410100879e-01
1.650815653247017250e+15,3.620194659410100879e-01
1.650815653248934250e+15,3.620194659410100879e-01
1.650815653250851000e+15,3.620194659410100879e-01
1.650815653252768000e+15,3.620194659410100879e-01
1.650815653254685000e+15,3.620194659410100879e-01
1.650815653256602000e+15,3.620194659410100879e-01
1.650815653258518750e+15,3.620194659410100879e-01
1.650815653260435750e+15,3.620194659410101434e-01
1.650815653262352750e+15,3.620194659410103655e-01
1.650815653264269500e+15,3.620194659410106985e-01
1.650815653266186500e+15,3.620194659410109761e-01
1.650815653268103500e+15,3.620194659410111981e-01
1.650815653270020500e+15,3.620194659410114757e-01
1.650815653271937250e+15,3.620194659410115867e-01
1.650815653273854250e+15,3.620194659410114757e-01
1.650815653275771250e+15,3.620194659410113092e-01
1.650815653277688000e+15,3.620194659410111981e-01
1.650815653279605000e+15,3.620194659410110316e-01
1.650815653281522000e+15,3.620194659410108651e-01
1.650815653283439000e+15,3.620194659410107541e-01
1.650815653285355750e+15,3.620194659410106430e-01
1.650815653287272750e+15,3.620194659410104765e-01
1.650815653289189750e+15,3.620194659410103655e-01
1.650815653291106500e+15,3.620194659410102545e-01
1.650815653293023500e+15,3.620194659410101434e-01
1.650815653294940500e+15,3.620194659410102545e-01
1.650815653296857500e+15,3.620194659410103655e-01
1.650815653298774250e+15,3.620194659410105320e-01
1.650815653300691250e+15,3.620194659410107541e-01
1.650815653302608250e+15,3.620194659410108651e-01
1.650815653304525000e+15,3.620194659410109761e-01
1.650815653306442000e+15,3.620194659410111426e-01
1.650815653308359000e+15,3.620194659410111426e-01
1.650815653310276000e+15,3.620194659410111981e-01
1.650815653312192750e+15,3.620194659410111981e-01
1.650815653314109750e+15,3.620194659410111981e-01
1.650815653316026750e+15,3.620194659410111981e-01
1.650815653317943750e+15,3.620194659410111981e-01
1.650815653319860500e+15,3.620194659410111981e-01
1.650815653321777500e+15,3.620194659410111426e-01
1.650815653323694500e+15,3.620194659410111981e-01
1.650815653325611250e+15,3.620194659410111981e-01
1.650815653327528250e+15,3.620194659410111981e-01
1.650815653329445250e+15,3.620194659410111981e-01
1.650815653331362250e+15,3.620194659410111981e-01
1.650815653333279000e+15,3.620194659410111981e-01
1.650815653335196000e+15,3.620194659410111981e-01
1.650815653337113000e+15,3.620194659410111981e-01
1.650815653339029750e+15,3.620194659410111981e-01
1.650815653340946750e+15,3.620194659410111981e-01
1.650815653342863750e+15,3.620194659410111981e-01
1.650815653344780750e+15,3.620194659410111981e-01
1.650815653346697500e+15,3.620194659410111981e-01
1.650815653348614500e+15,3.620194659410111981e-01
1.650815653350531500e+15,3.620194659410111981e-01
1.650815653352448250e+15,3.620194659410111981e-01
1.650815653354365250e+15,3.620194659410112537e-01
1.650815653356282250e+15,3.620194659410111981e-01
1.650815653358199250e+15,3.620194659410111981e-01
1.650815653360116000e+15,3.620194659410111981e-01
1.650815653362033000e+15,3.620194659410111981e-01
1.650815653363950000e+15,3.620194659410111981e-01
1.650815653365866750e+15,3.620194659410111981e-01
1.650815653367783750e+15,3.620194659410111981e-01
1.650815653369700750e+15,3.620194659410111981e-01
1.650815653371617750e+15,3.620194659410111981e-01
1.650815653373534500e+15,3.620194659410111981e-01
1.650815653375451500e+15,3.620194659410111981e-01
1.650815653377368500e+15,3.620194659410111981e-01
1.650815653379285250e+15,3.620194659410111981e-01
1.650815653381202250e+15,3.620194659410111426e-01
1.650815653383119250e+15,3.620194659410111426e-01
1.650815653385036250e+15,3.620194659410111981e-01
1.650815653386953000e+15,3.620194659410111426e-01
1.650815653388870000e+15,3.620194659410111981e-01
1.650815653390787000e+15,3.620194659410113092e-01
1.650815653392704000e+15,3.620194659410113092e-01
1.650815653394620750e+15,3.620194659410113647e-01
1.650815653396537750e+15,3.620194659410114202e-01
1.650815653398454750e+15,3.620194659410114202e-01
1.650815653400371500e+15,3.620194659410114757e-01
1.650815653402288500e+15,3.620194659410115867e-01
1.650815653404205500e+15,3.620194659410115867e-01
1.650815653406122500e+15,3.620194659410116422e-01
1.650815653408039250e+15,3.620194659410115867e-01
1.650815653409956250e+15,3.620194659410115312e-01
1.650815653411873250e+15,3.620194659410115312e-01
1.650815653413790000e+15,3.620194659410114757e-01
1.650815653415707000e+15,3.620194659410114202e-01
1.650815653417624000e+15,3.620194659410113647e-01
1.650815653419541000e+15,3.620194659410113092e-01
1.650815653421457750e+15,3.620194659410112537e-01
1.650815653423374750e+15,3.620194659410111981e-01
1.650815653425291750e+15,3.620194659410111981e-01
1.650815653427208500e+15,3.620194659410111981e-01
1.650815653429125500e+15,3.620194659410111981e-01
1.650815653431042500e+15,3.620194659410111981e-01
1.650815653432959500e+15,3.620194659410111981e-01
1.650815653434876250e+15,3.620194659410112537e-01
1.650815653436793250e+15,3.620194659410113092e-01
1.650815653438710250e+15,3.620194659410113092e-01
1.650815653440627000e+15,3.620194659410113647e-01
1.650815653442544000e+15,3.620194659410114202e-01
1.650815653444461000e+15,3.620194659410114202e-01
1.650815653446378000e+15,3.620194659410115312e-01
1.650815653448294750e+15,3.620194659410115867e-01
1.650815653450211750e+15,3.620194659410116422e-01
1.650815653452128750e+15,3.618532605475506259e-01
1.650815653454045500e+15,3.613367235586305570e-01
1.650815653455962500e+15,3.608201191982498557e-01
1.650815653457879500e+15,3.603035148378692099e-01
1.650815653459796500e+15,3.597869104774884530e-01
1.650815653461713250e+15,3.592703734885683842e-01
1.650815653463630250e+15,3.587537691281876828e-01
1.650815653465547250e+15,3.582371647678069815e-01
1.650815653467464250e+15,3.577205604074262801e-01
1.650815653469381000e+15,3.572040234185062668e-01
1.650815653471298000e+15,3.566874190581255100e-01
1.650815653473215000e+15,3.561708146977448641e-01
1.650815653475131750e+15,3.567514680735610622e-01
1.650815653477048750e+15,3.587071692426536673e-01
1.650815653478965750e+15,3.606628704117462725e-01
1.650815653480882750e+15,3.626185715808388776e-01
1.650815653482799500e+15,3.645740177028306550e-01
1.650815653484716500e+15,3.665297188719232602e-01
1.650815653486633500e+15,3.684415935680097620e-01
1.650815653488550250e+15,3.701373661439911755e-01
1.650815653490467250e+15,3.718333598980835264e-01
1.650815653492384250e+15,3.735293536521757662e-01
1.650815653494301250e+15,3.752253474062681171e-01
1.650815653496218000e+15,3.769211199822495306e-01
1.650815653498135000e+15,3.786171137363417705e-01
1.650815653500052000e+15,3.803131074904340658e-01
1.650815653501968750e+15,3.781428754176777707e-01
1.650815653503885750e+15,3.756933617397295588e-01
1.650815653505802750e+15,3.732438480617814580e-01
1.650815653507719750e+15,3.707943343838333017e-01
1.650815653509636500e+15,3.683451401521133373e-01
1.650815653511553500e+15,3.703457065156761097e-01
1.650815653513470500e+15,3.727199437224191225e-01
1.650815653515387250e+15,3.750938712998967972e-01
1.650815653517304250e+15,3.774681085066398101e-01
1.650815653519221250e+15,3.798423457133828229e-01
1.650815653521138250e+15,3.822165829201258358e-01
1.650815653523055000e+15,3.845905104976035105e-01
1.650815653524972000e+15,3.869647477043465233e-01
1.650815653526889000e+15,3.893389849110895362e-01
1.650815653528805750e+15,3.917129124885672664e-01
1.650815653530722750e+15,3.918307943411359906e-01
1.650815653532639750e+15,3.903456220328648252e-01
1.650815653534556750e+15,3.888604497245937708e-01
1.650815653536473500e+15,3.873754711007655338e-01
1.650815653538390500e+15,3.858902987924944794e-01
1.650815653540307500e+15,3.844051264842234250e-01
1.650815653542224500e+15,3.829199541759523706e-01
1.650815653544141250e+15,3.814349755521241891e-01
1.650815653546058250e+15,3.804272353956382191e-01
1.650815653547975250e+15,3.804272353956382746e-01
1.650815653549892000e+15,3.804272353956383856e-01
1.650815653551809000e+15,3.804272353956383856e-01
1.650815653553726000e+15,3.804272353956384967e-01
1.650815653555643000e+15,3.804272353956386077e-01
1.650815653557559750e+15,3.804272353956386077e-01
1.650815653559476750e+15,3.809773403545866355e-01
1.650815653561393750e+15,3.816279966595709228e-01
1.650815653563310500e+15,3.822785681110987266e-01
1.650815653565227500e+15,3.829292244160830139e-01
1.650815653567144500e+15,3.835798807210673567e-01
1.650815653569061500e+15,3.842305370260516995e-01
1.650815653570978250e+15,3.848811084775795033e-01
1.650815653572895250e+15,3.855317647825637351e-01
1.650815653574812250e+15,3.861824210875481334e-01
1.650815653576729000e+15,3.863652496334566977e-01
1.650815653578646000e+15,3.858880277622498967e-01
1.650815653580563000e+15,3.854108058910430956e-01
1.650815653582480000e+15,3.849335840198362391e-01
1.650815653584396750e+15,3.844564243841369633e-01
1.650815653586313750e+15,3.839792025129301622e-01
1.650815653588230750e+15,3.835019806417234167e-01
1.650815653590147500e+15,3.830248210060240854e-01
1.650815653592064500e+15,3.825475991348172844e-01
1.650815653593981500e+15,3.820703772636104834e-01
1.650815653595898500e+15,3.815931553924036823e-01
1.650815653597815250e+15,3.811159957567044065e-01
1.650815653599732250e+15,3.806387738854976055e-01
1.650815653601649250e+15,3.804272353956394404e-01
1.650815653603566000e+15,3.804272353956393848e-01
1.650815653605483000e+15,3.804272353956392183e-01
1.650815653607400000e+15,3.804272353956391628e-01
1.650815653609317000e+15,3.804272353956390518e-01
1.650815653611233750e+15,3.804272353956390518e-01
1.650815653613150750e+15,3.804272353956390518e-01
1.650815653615067750e+15,3.804272353956390518e-01
1.650815653616984500e+15,3.804272353956390518e-01
1.650815653618901500e+15,3.804272353956390518e-01
1.650815653620818500e+15,3.804272353956390518e-01
1.650815653622735500e+15,3.804272353956391073e-01
1.650815653624652250e+15,3.804272353956389963e-01
1.650815653626569250e+15,3.804272353956390518e-01
1.650815653628486250e+15,3.804272353956389408e-01
1.650815653630403250e+15,3.804272353956389408e-01
1.650815653632320000e+15,3.804272353956389408e-01
1.650815653634237000e+15,3.804272353956388297e-01
1.650815653636154000e+15,3.804272353956388297e-01
1.650815653638070750e+15,3.804272353956387742e-01
1.650815653639987750e+15,3.804272353956387742e-01
1.650815653641904750e+15,3.804272353956387187e-01
1.650815653643821750e+15,3.804272353956387187e-01
1.650815653645738500e+15,3.804272353956386632e-01
1.650815653647655500e+15,3.804272353956386077e-01
1.650815653649572500e+15,3.804272353956386077e-01
1.650815653651489250e+15,3.804272353956386077e-01
1.650815653653406250e+15,3.804272353956385522e-01
1.650815653655323250e+15,3.804272353956386077e-01
1.650815653657240250e+15,3.804272353956386077e-01
1.650815653659157000e+15,3.804272353956386077e-01
1.650815653661074000e+15,3.804272353956386077e-01
1.650815653662991000e+15,3.804272353956386077e-01
1.650815653664907750e+15,3.804272353956386077e-01
1.650815653666824750e+15,3.804272353956386077e-01
1.650815653668741750e+15,3.804272353956386077e-01
1.650815653670658750e+15,3.804272353956386077e-01
1.650815653672575500e+15,3.804272353956386077e-01
1.650815653674492500e+15,3.804272353956386077e-01
1.650815653676409500e+15,3.804272353956386077e-01
1.650815653678326250e+15,3.804272353956386077e-01
1.650815653680243250e+15,3.804272353956386077e-01
1.650815653682160250e+15,3.804272353956385522e-01
1.650815653684077250e+15,3.804272353956385522e-01
1.650815653685994000e+15,3.804272353956386077e-01
1.650815653687911000e+15,3.804272353956386077e-01
1.650815653689828000e+15,3.804272353956385522e-01
1.650815653691744750e+15,3.804272353956386077e-01
1.650815653693661750e+15,3.804272353956386077e-01
1.650815653695578750e+15,3.804272353956386077e-01
1.650815653697495750e+15,3.804272353956386077e-01
1.650815653699412500e+15,3.804272353956386077e-01
1.650815653701329500e+15,3.804272353956385522e-01
1.650815653703246500e+15,3.804272353956386632e-01
1.650815653705163500e+15,3.804272353956387187e-01
1.650815653707080250e+15,3.804272353956387187e-01
1.650815653708997250e+15,3.804272353956387187e-01
1.650815653710914250e+15,3.804272353956388297e-01
1.650815653712831000e+15,3.804272353956388297e-01
1.650815653714748000e+15,3.804272353956389408e-01
1.650815653716665000e+15,3.804272353956389408e-01
1.650815653718582000e+15,3.804272353956389963e-01
1.650815653720498750e+15,3.804272353956389963e-01
1.650815653722415750e+15,3.804272353956390518e-01
1.650815653724332750e+15,3.804272353956389963e-01
1.650815653726249500e+15,3.804272353956389408e-01
1.650815653728166500e+15,3.804272353956388297e-01
1.650815653730083500e+15,3.804272353956387187e-01
1.650815653732000500e+15,3.804272353956387187e-01
1.650815653733917250e+15,3.804272353956386077e-01
1.650815653735834250e+15,3.804272353956386077e-01
1.650815653737751250e+15,3.804272353956386077e-01
1.650815653739668000e+15,3.804272353956387187e-01
1.650815653741585000e+15,3.804272353956387187e-01
1.650815653743502000e+15,3.804272353956387187e-01
1.650815653745419000e+15,3.804272353956387742e-01
1.650815653747335750e+15,3.804272353956388297e-01
1.650815653749252750e+15,3.804272353956388297e-01
1.650815653751169750e+15,3.804272353956388852e-01
1.650815653753086500e+15,3.804272353956388852e-01
1.650815653755003500e+15,3.804272353956389963e-01
1.650815653756920500e+15,3.804272353956389963e-01
1.650815653758837500e+15,3.804272353956389963e-01
1.650815653760754250e+15,3.804272353956389963e-01
1.650815653762671250e+15,3.804272353956389408e-01
1.650815653764588250e+15,3.804272353956389408e-01
1.650815653766505000e+15,3.804272353956388297e-01
1.650815653768422000e+15,3.804272353956388852e-01
1.650815653770339000e+15,3.804272353956388297e-01
1.650815653772256000e+15,3.804272353956388297e-01
1.650815653774172750e+15,3.804272353956387742e-01
1.650815653776089750e+15,3.804272353956387187e-01
1.650815653778006750e+15,3.804272353956386632e-01
1.650815653779923750e+15,3.804272353956386077e-01
1.650815653781840500e+15,3.804272353956386077e-01
1.650815653783757500e+15,3.804272353956386077e-01
1.650815653785674500e+15,3.804272353956386077e-01
1.650815653787591250e+15,3.804272353956386077e-01
1.650815653789508250e+15,3.804272353956386632e-01
1.650815653791425250e+15,3.804272353956385522e-01
1.650815653793342250e+15,3.804272353956386077e-01
1.650815653795259000e+15,3.804272353956386077e-01
1.650815653797176000e+15,3.804272353956386077e-01
1.650815653799093000e+15,3.804272353956386077e-01
1.650815653801009750e+15,3.804272353956385522e-01
1.650815653802926750e+15,3.804272353956385522e-01
1.650815653804843750e+15,3.804272353956386077e-01
1.650815653806760750e+15,3.804272353956386077e-01
1.650815653808677500e+15,3.804272353956386077e-01
1.650815653810594500e+15,3.804272353956386077e-01
1.650815653812511500e+15,3.804272353956386077e-01
1.650815653814428250e+15,3.804272353956386077e-01
1.650815653816345250e+15,3.804272353956386077e-01
1.650815653818262250e+15,3.804272353956386077e-01
1.650815653820179250e+15,3.804272353956386077e-01
1.650815653822096000e+15,3.804272353956386077e-01
1.650815653824013000e+15,3.804272353956386077e-01
1.650815653825930000e+15,3.804272353956386632e-01
1.650815653827846750e+15,3.804272353956387187e-01
1.650815653829763750e+15,3.804272353956387187e-01
1.650815653831680750e+15,3.804272353956388297e-01
1.650815653833597750e+15,3.804272353956389408e-01
1.650815653835514500e+15,3.804272353956389963e-01
1.650815653837431500e+15,3.804272353956389963e-01
1.650815653839348500e+15,3.804272353956390518e-01
1.650815653841265250e+15,3.804272353956390518e-01
1.650815653843182250e+15,3.804272353956390518e-01
1.650815653845099250e+15,3.804272353956390518e-01
1.650815653847016250e+15,3.804272353956390518e-01
1.650815653848933000e+15,3.804272353956389963e-01
1.650815653850850000e+15,3.804272353956389408e-01
1.650815653852767000e+15,3.804272353956388852e-01
1.650815653854684000e+15,3.804272353956388297e-01
1.650815653856600750e+15,3.804272353956387187e-01
1.650815653858517750e+15,3.804272353956386632e-01
1.650815653860434750e+15,3.804272353956387187e-01
1.650815653862351500e+15,3.804272353956387187e-01
1.650815653864268500e+15,3.804272353956387187e-01
1.650815653866185500e+15,3.804272353956387742e-01
1.650815653868102500e+15,3.804272353956388297e-01
1.650815653870019250e+15,3.804272353956388297e-01
1.650815653871936250e+15,3.804272353956389408e-01
1.650815653873853250e+15,3.804272353956389408e-01
1.650815653875770000e+15,3.804272353956389408e-01
1.650815653877687000e+15,3.804272353956389963e-01
1.650815653879604000e+15,3.804272353956390518e-01
1.650815653881521000e+15,3.804272353956391073e-01
1.650815653883437750e+15,3.799120224935077506e-01
1.650815653885354750e+15,3.792689079674549379e-01
1.650815653887271750e+15,3.786257934414020698e-01
1.650815653889188500e+15,3.779827627852665461e-01
1.650815653891105500e+15,3.773396482592136780e-01
1.650815653893022500e+15,3.766965337331608654e-01
1.650815653894939500e+15,3.760534192071079973e-01
1.650815653896856250e+15,3.754103885509725291e-01
1.650815653898773250e+15,3.747672740249196055e-01
1.650815653900690250e+15,3.745243856381849645e-01
1.650815653902607000e+15,3.754210106820760617e-01
1.650815653904524000e+15,3.763177526719751476e-01
1.650815653906441000e+15,3.772144946618742889e-01
1.650815653908358000e+15,3.781112366517733747e-01
1.650815653910274750e+15,3.790078616956644719e-01
1.650815653912191750e+15,3.799046036855635577e-01
1.650815653914108750e+15,3.804272353956390518e-01
1.650815653916025500e+15,3.804272353956390518e-01
1.650815653917942500e+15,3.804272353956390518e-01
1.650815653919859500e+15,3.804272353956390518e-01
1.650815653921776500e+15,3.804272353956390518e-01
1.650815653923693250e+15,3.804272353956390518e-01
1.650815653925610250e+15,3.804272353956390518e-01
1.650815653927527250e+15,3.804272353956390518e-01
1.650815653929444000e+15,3.804272353956390518e-01
1.650815653931361000e+15,3.804272353956390518e-01
1.650815653933278000e+15,3.804272353956390518e-01
1.650815653935195000e+15,3.804272353956390518e-01
1.650815653937111750e+15,3.804272353956390518e-01
1.650815653939028750e+15,3.804272353956390518e-01
1.650815653940945750e+15,3.804272353956390518e-01
1.650815653942862750e+15,3.804272353956390518e-01
1.650815653944779500e+15,3.804272353956390518e-01
1.650815653946696500e+15,3.804272353956390518e-01
1.650815653948613500e+15,3.804272353956390518e-01
1.650815653950530250e+15,3.804272353956390518e-01
1.650815653952447250e+15,3.804272353956390518e-01
1.650815653954364250e+15,3.804272353956390518e-01
1.650815653956281250e+15,3.804272353956390518e-01
1.650815653958198000e+15,3.804272353956390518e-01
1.650815653960115000e+15,3.797723291724868222e-01
1.650815653962032000e+15,3.786662012167310021e-01
1.650815653963948750e+15,3.775602175134472049e-01
1.650815653965865750e+15,3.764540895576914403e-01
1.650815653967782750e+15,3.753479616019355647e-01
1.650815653969699750e+15,3.743406331486937022e-01
1.650815653971616500e+15,3.754430919695335156e-01
1.650815653973533500e+15,3.765456945830981672e-01
1.650815653975450500e+15,3.776482971966628188e-01
1.650815653977367250e+15,3.787507560175026877e-01
1.650815653979284250e+15,3.798533586310672838e-01
1.650815653981201250e+15,3.798304889549857788e-01
1.650815653983118250e+15,3.785860364918555154e-01
1.650815653985035000e+15,3.773417463203871947e-01
1.650815653986952000e+15,3.760972938572569868e-01
1.650815653988869000e+15,3.748528413941267790e-01
1.650815653990785750e+15,3.742913122440967300e-01
1.650815653992702750e+15,3.742913122440966189e-01
1.650815653994619750e+15,3.742913122440966189e-01
1.650815653996536750e+15,3.742913122440965634e-01
1.650815653998453500e+15,3.742913122440965634e-01
1.650815654000370500e+15,3.742913122440965634e-01
1.650815654002287500e+15,3.742913122440965079e-01
1.650815654004204250e+15,3.742913122440964524e-01
1.650815654006121250e+15,3.742913122440964524e-01
1.650815654008038250e+15,3.742913122440963969e-01
1.650815654009955250e+15,3.742913122440963969e-01
1.650815654011872000e+15,3.742913122440963414e-01
1.650815654013789000e+15,3.742913122440962859e-01
1.650815654015706000e+15,3.742913122440962859e-01
1.650815654017623000e+15,3.742913122440963969e-01
1.650815654019539750e+15,3.742913122440964524e-01
1.650815654021456750e+15,3.742913122440965079e-01
1.650815654023373750e+15,3.742913122440965634e-01
1.650815654025290500e+15,3.742913122440966189e-01
1.650815654027207500e+15,3.742913122440966744e-01
1.650815654029124500e+15,3.743993616056560114e-01
1.650815654031041500e+15,3.750130819793128789e-01
1.650815654032958250e+15,3.756267223164055924e-01
1.650815654034875250e+15,3.762404426900625154e-01
1.650815654036792250e+15,3.768541630637193274e-01
1.650815654038709000e+15,3.774678034008120964e-01
1.650815654040626000e+15,3.780815237744689639e-01
1.650815654042543000e+15,3.786952441481258869e-01
1.650815654044460000e+15,3.793089645217827544e-01
1.650815654046376750e+15,3.799226048588754678e-01
1.650815654048293750e+15,3.802811777069291521e-01
1.650815654050210750e+15,3.794594826540820254e-01
1.650815654052127500e+15,3.786378947602140332e-01
1.650815654054044500e+15,3.778161997073667955e-01
1.650815654055961500e+15,3.769945046545196687e-01
1.650815654057878500e+15,3.761728096016724865e-01
1.650815654059795250e+15,3.753512217078044944e-01
1.650815654061712250e+15,3.745295266549573676e-01
1.650815654063629250e+15,3.742913122440966744e-01
1.650815654065546000e+15,3.742913122440967300e-01
1.650815654067463000e+15,3.742913122440967300e-01
1.650815654069380000e+15,3.742913122440967300e-01
1.650815654071297000e+15,3.742913122440967300e-01
1.650815654073213750e+15,3.742913122440967300e-01
1.650815654075130750e+15,3.742913122440967300e-01
1.650815654077047750e+15,3.742913122440966744e-01
1.650815654078964500e+15,3.742913122440967300e-01
1.650815654080881500e+15,3.742913122440967300e-01
1.650815654082798500e+15,3.742913122440967855e-01
1.650815654084715500e+15,3.742913122440967300e-01
1.650815654086632250e+15,3.742913122440967300e-01
1.650815654088549250e+15,3.742913122440967300e-01
1.650815654090466250e+15,3.742913122440967300e-01
1.650815654092383250e+15,3.742913122440967300e-01
1.650815654094300000e+15,3.742913122440967300e-01
1.650815654096217000e+15,3.742913122440967300e-01
1.650815654098134000e+15,3.742913122440967300e-01
1.650815654100050750e+15,3.742913122440967300e-01
1.650815654101967750e+15,3.742913122440967300e-01
1.650815654103884750e+15,3.742913122440967300e-01
1.650815654105801750e+15,3.742913122440967300e-01
1.650815654107718500e+15,3.742913122440967300e-01
1.650815654109635500e+15,3.742913122440967300e-01
1.650815654111552500e+15,3.742913122440967300e-01
1.650815654113469250e+15,3.742913122440967300e-01
1.650815654115386250e+15,3.742913122440967300e-01
1.650815654117303250e+15,3.742913122440967300e-01
1.650815654119220250e+15,3.742913122440967300e-01
1.650815654121137000e+15,3.742913122440967300e-01
1.650815654123054000e+15,3.742913122440967300e-01
1.650815654124971000e+15,3.742913122440967855e-01
1.650815654126887750e+15,3.742913122440967300e-01
1.650815654128804750e+15,3.742913122440966744e-01
1.650815654130721750e+15,3.742913122440967300e-01
1.650815654132638750e+15,3.742913122440967300e-01
1.650815654134555500e+15,3.742913122440967300e-01
1.650815654136472500e+15,3.742913122440967300e-01
1.650815654138389500e+15,3.742913122440967300e-01
1.650815654140306250e+15,3.742913122440967300e-01
1.650815654142223250e+15,3.742913122440966744e-01
1.650815654144140250e+15,3.742913122440967300e-01
1.650815654146057250e+15,3.742913122440967300e-01
1.650815654147974000e+15,3.742913122440967300e-01
1.650815654149891000e+15,3.742913122440967300e-01
1.650815654151808000e+15,3.742913122440967300e-01
1.650815654153724750e+15,3.742913122440967300e-01
1.650815654155641750e+15,3.742913122440967300e-01
1.650815654157558750e+15,3.742913122440967855e-01
1.650815654159475750e+15,3.742913122440966744e-01
1.650815654161392500e+15,3.742913122440967300e-01
1.650815654163309500e+15,3.742913122440967300e-01
1.650815654165226500e+15,3.742913122440967300e-01
1.650815654167143500e+15,3.742913122440967300e-01
1.650815654169060250e+15,3.742913122440967300e-01
1.650815654170977250e+15,3.742913122440967300e-01
1.650815654172894250e+15,3.742913122440966744e-01
1.650815654174811000e+15,3.742913122440967300e-01
1.650815654176728000e+15,3.742913122440967300e-01
1.650815654178645000e+15,3.742913122440966744e-01
1.650815654180562000e+15,3.742913122440967300e-01
1.650815654182478750e+15,3.742913122440967300e-01
1.650815654184395750e+15,3.742913122440967855e-01
1.650815654186312750e+15,3.742913122440967300e-01
1.650815654188229500e+15,3.742913122440967300e-01
1.650815654190146500e+15,3.742913122440967300e-01
1.650815654192063500e+15,3.742913122440967300e-01
1.650815654193980500e+15,3.742913122440967300e-01
1.650815654195897250e+15,3.742913122440967300e-01
1.650815654197814250e+15,3.742913122440966744e-01
1.650815654199731250e+15,3.742913122440966744e-01
1.650815654201648000e+15,3.742913122440967300e-01
1.650815654203565000e+15,3.742913122440966744e-01
1.650815654205482000e+15,3.742913122440966744e-01
1.650815654207399000e+15,3.742913122440967300e-01
1.650815654209315750e+15,3.742913122440967300e-01
1.650815654211232750e+15,3.742913122440967300e-01
1.650815654213149750e+15,3.742913122440967300e-01
1.650815654215066500e+15,3.742913122440966744e-01
1.650815654216983500e+15,3.742913122440967300e-01
1.650815654218900500e+15,3.742913122440967300e-01
1.650815654220817500e+15,3.742913122440967855e-01
1.650815654222734250e+15,3.742913122440967300e-01
1.650815654224651250e+15,3.742913122440967300e-01
1.650815654226568250e+15,3.742913122440967855e-01
1.650815654228485000e+15,3.742913122440967300e-01
1.650815654230402000e+15,3.742913122440967300e-01
1.650815654232319000e+15,3.742913122440967300e-01
1.650815654234236000e+15,3.742913122440967300e-01
1.650815654236152750e+15,3.742913122440967300e-01
1.650815654238069750e+15,3.742913122440967300e-01
1.650815654239986750e+15,3.742913122440967300e-01
1.650815654241903500e+15,3.742913122440967300e-01
1.650815654243820500e+15,3.742913122440967300e-01
1.650815654245737500e+15,3.742913122440967300e-01
1.650815654247654500e+15,3.742913122440967300e-01
1.650815654249571250e+15,3.742913122440967300e-01
1.650815654251488250e+15,3.742913122440967855e-01
1.650815654253405250e+15,3.742913122440967855e-01
1.650815654255322250e+15,3.742913122440967300e-01
1.650815654257239000e+15,3.742913122440967300e-01
1.650815654259156000e+15,3.742913122440967300e-01
1.650815654261073000e+15,3.742913122440967855e-01
1.650815654262989750e+15,3.742913122440967300e-01
1.650815654264906750e+15,3.742913122440967855e-01
1.650815654266823750e+15,3.742913122440967300e-01
1.650815654268740750e+15,3.742913122440967300e-01
1.650815654270657500e+15,3.742913122440967300e-01
1.650815654272574500e+15,3.742913122440967300e-01
1.650815654274491500e+15,3.742913122440967300e-01
1.650815654276408250e+15,3.742913122440966744e-01
1.650815654278325250e+15,3.742913122440967300e-01
1.650815654280242250e+15,3.742913122440967300e-01
1.650815654282159250e+15,3.742913122440967300e-01
1.650815654284076000e+15,3.742913122440967855e-01
1.650815654285993000e+15,3.742913122440966744e-01
1.650815654287910000e+15,3.742913122440965079e-01
1.650815654289826750e+15,3.742913122440963969e-01
1.650815654291743750e+15,3.742913122440962304e-01
1.650815654293660750e+15,3.742913122440960638e-01
1.650815654295577750e+15,3.742913122440959528e-01
1.650815654297494500e+15,3.742913122440959528e-01
1.650815654299411500e+15,3.742913122440960638e-01
1.650815654301328500e+15,3.742913122440961748e-01
1.650815654303245250e+15,3.742913122440962859e-01
1.650815654305162250e+15,3.742913122440964524e-01
1.650815654307079250e+15,3.742913122440965634e-01
1.650815654308996250e+15,3.742913122440967300e-01
1.650815654310913000e+15,3.742913122440967300e-01
1.650815654312830000e+15,3.742913122440967300e-01
1.650815654314747000e+15,3.742913122440967300e-01
1.650815654316663750e+15,3.742913122440967300e-01
1.650815654318580750e+15,3.742913122440967300e-01
1.650815654320497750e+15,3.742913122440967300e-01
1.650815654322414750e+15,3.742913122440967300e-01
1.650815654324331500e+15,3.742913122440967300e-01
1.650815654326248500e+15,3.742913122440966744e-01
1.650815654328165500e+15,3.742913122440966744e-01
1.650815654330082500e+15,3.742913122440967300e-01
1.650815654331999250e+15,3.742913122440967300e-01
1.650815654333916250e+15,3.742913122440967300e-01
1.650815654335833250e+15,3.742913122440966744e-01
1.650815654337750000e+15,3.742913122440967300e-01
1.650815654339667000e+15,3.742913122440967300e-01
1.650815654341584000e+15,3.742913122440966189e-01
1.650815654343501000e+15,3.742913122440965079e-01
1.650815654345417750e+15,3.742913122440963414e-01
1.650815654347334750e+15,3.742913122440962859e-01
1.650815654349251750e+15,3.742913122440961193e-01
1.650815654351168500e+15,3.742913122440960638e-01
1.650815654353085500e+15,3.742913122440959528e-01
1.650815654355002500e+15,3.742913122440958973e-01
1.650815654356919500e+15,3.742913122440960638e-01
1.650815654358836250e+15,3.742913122440962304e-01
1.650815654360753250e+15,3.742913122440963969e-01
1.650815654362670250e+15,3.742913122440965634e-01
1.650815654364587000e+15,3.742913122440966744e-01
1.650815654366504000e+15,3.742913122440966189e-01
1.650815654368421000e+15,3.742913122440963969e-01
1.650815654370338000e+15,3.742913122440962859e-01
1.650815654372254750e+15,3.742913122440961748e-01
1.650815654374171750e+15,3.742913122440960638e-01
1.650815654376088750e+15,3.742913122440958418e-01
1.650815654378005500e+15,3.742913122440958418e-01
1.650815654379922500e+15,3.742913122440958418e-01
1.650815654381839500e+15,3.742913122440958418e-01
1.650815654383756500e+15,3.742913122440958418e-01
1.650815654385673250e+15,3.742913122440958418e-01
1.650815654387590250e+15,3.742913122440958418e-01
1.650815654389507250e+15,3.742913122440958418e-01
1.650815654391424000e+15,3.742913122440958418e-01
1.650815654393341000e+15,3.742913122440958418e-01
1.650815654395258000e+15,3.742913122440958418e-01
1.650815654397175000e+15,3.742913122440958418e-01
1.650815654399091750e+15,3.742913122440958418e-01
1.650815654401008750e+15,3.742913122440958418e-01
1.650815654402925750e+15,3.742913122440958418e-01
1.650815654404842750e+15,3.742913122440958418e-01
1.650815654406759500e+15,3.742913122440958418e-01
1.650815654408676500e+15,3.742913122440958418e-01
1.650815654410593500e+15,3.742913122440958418e-01
1.650815654412510250e+15,3.742913122440957863e-01
1.650815654414427250e+15,3.742913122440958418e-01
1.650815654416344250e+15,3.742913122440958418e-01
1.650815654418261250e+15,3.742913122440958418e-01
1.650815654420178000e+15,3.742913122440958418e-01
1.650815654422095000e+15,3.742913122440957308e-01
1.650815654424012000e+15,3.742913122440957863e-01
1.650815654425928750e+15,3.742913122440957863e-01
1.650815654427845750e+15,3.742913122440957308e-01
1.650815654429762750e+15,3.742913122440957863e-01
1.650815654431679750e+15,3.742913122440958418e-01
1.650815654433596500e+15,3.742913122440958418e-01
1.650815654435513500e+15,3.742913122440958418e-01
1.650815654437430500e+15,3.742913122440958418e-01
1.650815654439347250e+15,3.742913122440958418e-01
1.650815654441264250e+15,3.742913122440958418e-01
1.650815654443181250e+15,3.742913122440958418e-01
1.650815654445098250e+15,3.742913122440957863e-01
1.650815654447015000e+15,3.742913122440958418e-01
1.650815654448932000e+15,3.742913122440957863e-01
1.650815654450849000e+15,3.742913122440958418e-01
1.650815654452765750e+15,3.742913122440958418e-01
1.650815654454682750e+15,3.742913122440958418e-01
1.650815654456599750e+15,3.742913122440958418e-01
1.650815654458516750e+15,3.742913122440957863e-01
1.650815654460433500e+15,3.739411792066958395e-01
1.650815654462350500e+15,3.727849259203981358e-01
1.650815654464267500e+15,3.716286726341003765e-01
1.650815654466184250e+15,3.704725701372244551e-01
1.650815654468101250e+15,3.693163168509267513e-01
1.650815654470018250e+15,3.681600635646290476e-01
1.650815654471935250e+15,3.692243745179647485e-01
1.650815654473852000e+15,3.702975591790395593e-01
1.650815654475769000e+15,3.713708838146365099e-01
1.650815654477686000e+15,3.724442084502334049e-01
1.650815654479602750e+15,3.735173931113082157e-01
1.650815654481519750e+15,3.742913122440957863e-01
1.650815654483436750e+15,3.742913122440957863e-01
1.650815654485353750e+15,3.742913122440957863e-01
1.650815654487270500e+15,3.742913122440958418e-01
1.650815654489187500e+15,3.742913122440958418e-01
1.650815654491104500e+15,3.742913122440958418e-01
1.650815654493021500e+15,3.742913122440958418e-01
1.650815654494938250e+15,3.742913122440958418e-01
1.650815654496855250e+15,3.742913122440958418e-01
1.650815654498772250e+15,3.742913122440958418e-01
1.650815654500689000e+15,3.742913122440958418e-01
1.650815654502606000e+15,3.742913122440958418e-01
1.650815654504523000e+15,3.742913122440958973e-01
1.650815654506440000e+15,3.742913122440959528e-01
1.650815654508356750e+15,3.742913122440960083e-01
1.650815654510273750e+15,3.742913122440960638e-01
1.650815654512190750e+15,3.742913122440961748e-01
1.650815654514107500e+15,3.742913122440962859e-01
1.650815654516024500e+15,3.740369098463287578e-01
1.650815654517941500e+15,3.729422086195713915e-01
1.650815654519858500e+15,3.718475073928141361e-01
1.650815654521775250e+15,3.707529489283450941e-01
1.650815654523692250e+15,3.696582477015877832e-01
1.650815654525609250e+15,3.685635464748303614e-01
1.650815654527526000e+15,3.681553890925535200e-01
1.650815654529443000e+15,3.681553890925536310e-01
1.650815654531360000e+15,3.681553890925537420e-01
1.650815654533277000e+15,3.681553890925537975e-01
1.650815654535193750e+15,3.681553890925537975e-01
1.650815654537110750e+15,3.681553890925539085e-01
1.650815654539027750e+15,3.681553890925539085e-01
1.650815654540944500e+15,3.681553890925538530e-01
1.650815654542861500e+15,3.681553890925537420e-01
1.650815654544778500e+15,3.681553890925537420e-01
1.650815654546695500e+15,3.681553890925536310e-01
1.650815654548612250e+15,3.681553890925536310e-01
1.650815654550529250e+15,3.681553890925535755e-01
1.650815654552446250e+15,3.681553890925535200e-01
1.650815654554363000e+15,3.681553890925535200e-01
1.650815654556280000e+15,3.681553890925535200e-01
1.650815654558197000e+15,3.681553890925535200e-01
1.650815654560114000e+15,3.683975743011294046e-01
1.650815654562030750e+15,3.692091276202516537e-01
1.650815654563947750e+15,3.700207867895524139e-01
1.650815654565864750e+15,3.708324459588531741e-01
1.650815654567781750e+15,3.716441051281539343e-01
1.650815654569698500e+15,3.724556584472760723e-01
1.650815654571615500e+15,3.732673176165768880e-01
1.650815654573532500e+15,3.740789767858776482e-01
1.650815654575449250e+15,3.742913122440958973e-01
1.650815654577366250e+15,3.742913122440959528e-01
1.650815654579283250e+15,3.742913122440959528e-01
1.650815654581200250e+15,3.742913122440960638e-01
1.650815654583117000e+15,3.742913122440960638e-01
1.650815654585034000e+15,3.742913122440961193e-01
1.650815654586951000e+15,3.742913122440961193e-01
1.650815654588867750e+15,3.742913122440961748e-01
1.650815654590784750e+15,3.742913122440962304e-01
1.650815654592701750e+15,3.742913122440962859e-01
1.650815654594618750e+15,3.728435845766409074e-01
1.650815654596535500e+15,3.706355622917034687e-01
1.650815654598452500e+15,3.684272520163806575e-01
1.650815654600369500e+15,3.662189417410578463e-01
1.650815654602286250e+15,3.640109194561204076e-01
1.650815654604203250e+15,3.620194659410111981e-01
1.650815654606120250e+15,3.620194659410113092e-01
1.650815654608037250e+15,3.620194659410114202e-01
1.650815654609954000e+15,3.620194659410114202e-01
1.650815654611871000e+15,3.620194659410115867e-01
1.650815654613788000e+15,3.620194659410115867e-01
1.650815654615704750e+15,3.614050802496956982e-01
1.650815654617621750e+15,3.604833213999575348e-01
1.650815654619538750e+15,3.595615625502195378e-01
1.650815654621455750e+15,3.586398037004814299e-01
1.650815654623372500e+15,3.577181650592526907e-01
1.650815654625289500e+15,3.567964062095146383e-01
1.650815654627206500e+15,3.558835427894688763e-01
1.650815654629123250e+15,3.558835427894689318e-01
1.650815654631040250e+15,3.558835427894690429e-01
1.650815654632957250e+15,3.558835427894690984e-01
1.650815654634874250e+15,3.558835427894691539e-01
1.650815654636791000e+15,3.558835427894692094e-01
1.650815654638708000e+15,3.558835427894693204e-01
1.650815654640625000e+15,3.565239463865146896e-01
1.650815654642542000e+15,3.575376984059498442e-01
1.650815654644458750e+15,3.585513182198529214e-01
1.650815654646375750e+15,3.595650702392880760e-01
1.650815654648292750e+15,3.605788222587232306e-01
1.650815654650209500e+15,3.615924420726263078e-01
1.650815654652126500e+15,3.620194659410111981e-01
1.650815654654043500e+15,3.620194659410111981e-01
1.650815654655960500e+15,3.620194659410111426e-01
1.650815654657877250e+15,3.620194659410111426e-01
1.650815654659794250e+15,3.620194659410111981e-01
1.650815654661711250e+15,3.620194659410111981e-01
1.650815654663628000e+15,3.620194659410111981e-01
1.650815654665545000e+15,3.620194659410111981e-01
1.650815654667462000e+15,3.620194659410111981e-01
1.650815654669379000e+15,3.620194659410111981e-01
1.650815654671295750e+15,3.620194659410111426e-01
1.650815654673212750e+15,3.620194659410111981e-01
1.650815654675129750e+15,3.620194659410111981e-01
1.650815654677046500e+15,3.620194659410111981e-01
1.650815654678963500e+15,3.620194659410111981e-01
1.650815654680880500e+15,3.620194659410111981e-01
1.650815654682797500e+15,3.620194659410111981e-01
1.650815654684714250e+15,3.620194659410111981e-01
1.650815654686631250e+15,3.620194659410111981e-01
1.650815654688548250e+15,3.620194659410111981e-01
1.650815654690465000e+15,3.620194659410111981e-01
1.650815654692382000e+15,3.620194659410111981e-01
1.650815654694299000e+15,3.620194659410111981e-01
1.650815654696216000e+15,3.620194659410111426e-01
1.650815654698132750e+15,3.613122299027977102e-01
1.650815654700049750e+15,3.601174544145797074e-01
1.650815654701966750e+15,3.589226789263617601e-01
1.650815654703883500e+15,3.577280592513269464e-01
1.650815654705800500e+15,3.565332837631089991e-01
1.650815654707717500e+15,3.558835427894692649e-01
1.650815654709634500e+15,3.558835427894692094e-01
1.650815654711551250e+15,3.558835427894691539e-01
1.650815654713468250e+15,3.558835427894690984e-01
1.650815654715385250e+15,3.558835427894690984e-01
1.650815654717302250e+15,3.558835427894689873e-01
1.650815654719219000e+15,3.558835427894689873e-01
1.650815654721136000e+15,3.558835427894688763e-01
1.650815654723053000e+15,3.558835427894688763e-01
1.650815654724969750e+15,3.558835427894688763e-01
1.650815654726886750e+15,3.558835427894688763e-01
1.650815654728803750e+15,3.558835427894688763e-01
1.650815654730720750e+15,3.558835427894688763e-01
1.650815654732637500e+15,3.558835427894688763e-01
1.650815654734554500e+15,3.558835427894688763e-01
1.650815654736471500e+15,3.558835427894688763e-01
1.650815654738388250e+15,3.558835427894688763e-01
1.650815654740305250e+15,3.558835427894688208e-01
1.650815654742222250e+15,3.558835427894688763e-01
1.650815654744139250e+15,3.558835427894688763e-01
1.650815654746056000e+15,3.558835427894688763e-01
1.650815654747973000e+15,3.558835427894688763e-01
1.650815654749890000e+15,3.558835427894688763e-01
1.650815654751806750e+15,3.558835427894688763e-01
1.650815654753723750e+15,3.558835427894688763e-01
1.650815654755640750e+15,3.558835427894688763e-01
1.650815654757557750e+15,3.558835427894688763e-01
1.650815654759474500e+15,3.558835427894688763e-01
1.650815654761391500e+15,3.558835427894688763e-01
1.650815654763308500e+15,3.558835427894688208e-01
1.650815654765225250e+15,3.558835427894688763e-01
1.650815654767142250e+15,3.558835427894689318e-01
1.650815654769059250e+15,3.558835427894688763e-01
1.650815654770976250e+15,3.558835427894688763e-01
1.650815654772893000e+15,3.558835427894688763e-01
1.650815654774810000e+15,3.558835427894688763e-01
1.650815654776727000e+15,3.558835427894688763e-01
1.650815654778643750e+15,3.558835427894688763e-01
1.650815654780560750e+15,3.558835427894688763e-01
1.650815654782477750e+15,3.558835427894688763e-01
1.650815654784394750e+15,3.558835427894688763e-01
1.650815654786311500e+15,3.558835427894688763e-01
1.650815654788228500e+15,3.558835427894689318e-01
1.650815654790145500e+15,3.558835427894689318e-01
1.650815654792062250e+15,3.558835427894689318e-01
1.650815654793979250e+15,3.558835427894688763e-01
1.650815654795896250e+15,3.558835427894688763e-01
1.650815654797813250e+15,3.558835427894689318e-01
1.650815654799730000e+15,3.558835427894689318e-01
1.650815654801647000e+15,3.558835427894688763e-01
1.650815654803564000e+15,3.558835427894688763e-01
1.650815654805481000e+15,3.558835427894688763e-01
1.650815654807397750e+15,3.558835427894688763e-01
1.650815654809314750e+15,3.558835427894688763e-01
1.650815654811231750e+15,3.558835427894688763e-01
1.650815654813148500e+15,3.558835427894688763e-01
1.650815654815065500e+15,3.558835427894688763e-01
1.650815654816982500e+15,3.558835427894688763e-01
1.650815654818899500e+15,3.558835427894688763e-01
1.650815654820816250e+15,3.558835427894688763e-01
1.650815654822733250e+15,3.558835427894688763e-01
1.650815654824650250e+15,3.558835427894688763e-01
1.650815654826567000e+15,3.558835427894688763e-01
1.650815654828484000e+15,3.558835427894688763e-01
1.650815654830401000e+15,3.558835427894688763e-01
1.650815654832318000e+15,3.558835427894688208e-01
1.650815654834234750e+15,3.558835427894688208e-01
1.650815654836151750e+15,3.558835427894688763e-01
1.650815654838068750e+15,3.558835427894688763e-01
1.650815654839985500e+15,3.558835427894688763e-01
1.650815654841902500e+15,3.558835427894688763e-01
1.650815654843819500e+15,3.558835427894688763e-01
1.650815654845736500e+15,3.558835427894688763e-01
1.650815654847653250e+15,3.558835427894689318e-01
1.650815654849570250e+15,3.558835427894688763e-01
1.650815654851487250e+15,3.558835427894688763e-01
1.650815654853404000e+15,3.558835427894688763e-01
1.650815654855321000e+15,3.558835427894688763e-01
1.650815654857238000e+15,3.558835427894688763e-01
1.650815654859155000e+15,3.558835427894688763e-01
1.650815654861071750e+15,3.558835427894689318e-01
1.650815654862988750e+15,3.558835427894688763e-01
1.650815654864905750e+15,3.558835427894688763e-01
1.650815654866822500e+15,3.558835427894688208e-01
1.650815654868739500e+15,3.558835427894688763e-01
1.650815654870656500e+15,3.558835427894688763e-01
1.650815654872573500e+15,3.558835427894688763e-01
1.650815654874490250e+15,3.558835427894688763e-01
1.650815654876407250e+15,3.558835427894688763e-01
1.650815654878324250e+15,3.558835427894688763e-01
1.650815654880241250e+15,3.558835427894688763e-01
1.650815654882158000e+15,3.558835427894688763e-01
1.650815654884075000e+15,3.558835427894688763e-01
1.650815654885992000e+15,3.558835427894688763e-01
1.650815654887908750e+15,3.558835427894688208e-01
1.650815654889825750e+15,3.558835427894688763e-01
1.650815654891742750e+15,3.558835427894689318e-01
1.650815654893659750e+15,3.558835427894688763e-01
1.650815654895576500e+15,3.558835427894688763e-01
1.650815654897493500e+15,3.558835427894688763e-01
1.650815654899410500e+15,3.558835427894688763e-01
1.650815654901327250e+15,3.558835427894688763e-01
1.650815654903244250e+15,3.558835427894688763e-01
1.650815654905161250e+15,3.558835427894688763e-01
1.650815654907078250e+15,3.558835427894688763e-01
1.650815654908995000e+15,3.558835427894688208e-01
1.650815654910912000e+15,3.558835427894688763e-01
