1.644931678781221000e+15,4.601942363656927881e-01
1.644931678792472000e+15,4.601942363656927881e-01
1.644931678803394000e+15,4.417864669110649345e-01
1.644931678816313000e+15,4.847379289718634077e-01
1.644931678823137000e+15,4.847379289718634077e-01
1.644931678838070000e+15,4.540583132141500222e-01
1.644931678850459000e+15,4.417864669110649345e-01
1.644931678860073000e+15,4.786020058203201977e-01
1.644931678872073000e+15,4.724660826687778759e-01
1.644931678880563000e+15,4.601942363656927881e-01
1.644931678895748000e+15,4.356505437595226127e-01
1.644931678903713000e+15,4.479223900626077004e-01
1.644931678914041000e+15,4.601942363656927881e-01
1.644931678928062000e+15,4.663301595172351099e-01
1.644931678939743000e+15,4.540583132141500222e-01
1.644931678951298000e+15,4.663301595172346659e-01
1.644931678957119000e+15,4.601942363656927881e-01
1.644931678972842000e+15,4.663301595172351099e-01
1.644931678982319000e+15,4.540583132141495781e-01
1.644931678992868000e+15,4.663301595172351099e-01
1.644931679006729000e+15,4.479223900626072563e-01
1.644931679017230000e+15,4.601942363656927881e-01
1.644931679029546000e+15,4.663301595172351099e-01
1.644931679038957000e+15,4.786020058203201977e-01
1.644931679053123000e+15,4.847379289718625195e-01
1.644931679061956000e+15,4.601942363656927881e-01
1.644931679070733000e+15,4.540583132141500222e-01
1.644931679086169000e+15,4.601942363656927881e-01
1.644931679095723000e+15,4.540583132141495781e-01
1.644931679107422000e+15,4.479223900626072563e-01
1.644931679117376000e+15,4.663301595172351099e-01
1.644931679127203000e+15,4.786020058203206418e-01
1.644931679139664000e+15,4.356505437595221686e-01
1.644931679150313000e+15,4.417864669110649345e-01
1.644931679165448000e+15,4.663301595172355540e-01
1.644931679176620000e+15,4.663301595172355540e-01
1.644931679186730000e+15,4.479223900626072563e-01
1.644931679194362000e+15,4.295146206079798468e-01
1.644931679207661000e+15,4.786020058203201977e-01
1.644931679217931000e+15,4.233786974564370809e-01
1.644931679233066000e+15,4.540583132141495781e-01
1.644931679239360000e+15,4.417864669110649345e-01
1.644931679252522000e+15,4.540583132141495781e-01
1.644931679265289000e+15,4.724660826687774318e-01
1.644931679281235000e+15,4.601942363656923440e-01
1.644931679292373000e+15,4.601942363656923440e-01
1.644931679300692000e+15,4.356505437595221686e-01
1.644931679310320000e+15,4.479223900626072563e-01
1.644931679324471000e+15,4.724660826687778759e-01
1.644931679335543000e+15,4.663301595172355540e-01
1.644931679347322000e+15,4.601942363656923440e-01
1.644931679360864000e+15,4.663301595172351099e-01
1.644931679372374000e+15,4.540583132141504663e-01
1.644931679381255000e+15,4.724660826687778759e-01
1.644931679394117000e+15,4.601942363656923440e-01
1.644931679404211000e+15,4.540583132141500222e-01
1.644931679415318000e+15,4.786020058203201977e-01
1.644931679428975000e+15,4.540583132141500222e-01
1.644931679437168000e+15,4.601942363656923440e-01
1.644931679450618000e+15,4.479223900626072563e-01
1.644931679463951000e+15,4.663301595172355540e-01
1.644931679475456000e+15,4.724660826687778759e-01
1.644931679483865000e+15,4.724660826687778759e-01
1.644931679494949000e+15,4.786020058203206418e-01
1.644931679509259000e+15,4.663301595172351099e-01
1.644931679516264000e+15,4.417864669110644904e-01
1.644931679531565000e+15,4.601942363656927881e-01
1.644931679539186000e+15,4.601942363656923440e-01
1.644931679550531000e+15,4.601942363656932322e-01
1.644931679564279000e+15,4.908738521234048413e-01
1.644931679572959000e+15,4.417864669110644904e-01
1.644931679583194000e+15,4.663301595172355540e-01
1.644931679595221000e+15,4.601942363656927881e-01
1.644931679607938000e+15,4.601942363656918999e-01
1.644931679616199000e+15,4.540583132141504663e-01
1.644931679629082000e+15,4.847379289718625195e-01
1.644931679642981000e+15,4.601942363656918999e-01
1.644931679653804000e+15,4.786020058203197536e-01
1.644931679664669000e+15,4.724660826687774318e-01
1.644931679675937000e+15,4.663301595172346659e-01
1.644931679686372000e+15,4.601942363656932322e-01
1.644931679698405000e+15,4.601942363656918999e-01
1.644931679709581000e+15,4.786020058203201977e-01
1.644931679723301000e+15,4.724660826687778759e-01
1.644931679733462000e+15,4.847379289718629636e-01
1.644931679743734000e+15,4.663301595172346659e-01
1.644931679754405000e+15,4.724660826687778759e-01
1.644931679765375000e+15,4.417864669110653786e-01
1.644931679779368000e+15,4.724660826687774318e-01
1.644931679790637000e+15,4.724660826687769877e-01
1.644931679801101000e+15,4.417864669110640463e-01
1.644931679811576000e+15,4.356505437595226127e-01
1.644931679825528000e+15,4.601942363656923440e-01
1.644931679840032000e+15,4.479223900626077004e-01
1.644931679845771000e+15,4.663301595172342218e-01
1.644931679857165000e+15,4.601942363656923440e-01
1.644931679870751000e+15,4.417864669110640463e-01
1.644931679881357000e+15,4.540583132141500222e-01
1.644931679894595000e+15,4.540583132141500222e-01
1.644931679905117000e+15,4.540583132141500222e-01
1.644931679913259000e+15,4.417864669110640463e-01
1.644931679926046000e+15,4.908738521234052854e-01
1.644931679935524000e+15,4.847379289718620754e-01
1.644931679949350000e+15,4.663301595172351099e-01
1.644931679957479000e+15,4.417864669110653786e-01
1.644931679971801000e+15,4.479223900626068122e-01
1.644931679984323000e+15,4.847379289718629636e-01
1.644931679994394000e+15,4.540583132141491340e-01
1.644931680004646000e+15,4.663301595172346659e-01
1.644931680018468000e+15,4.601942363656918999e-01
1.644931680025674000e+15,4.663301595172351099e-01
1.644931680040407000e+15,4.663301595172351099e-01
1.644931680051218000e+15,4.233786974564370809e-01
1.644931680062479000e+15,4.663301595172351099e-01
1.644931680072598000e+15,4.847379289718625195e-01
1.644931680084031000e+15,4.540583132141491340e-01
1.644931680095556000e+15,4.601942363656918999e-01
1.644931680105707000e+15,4.663301595172351099e-01
1.644931680115156000e+15,4.601942363656923440e-01
1.644931680130381000e+15,4.786020058203197536e-01
1.644931680142279000e+15,4.601942363656923440e-01
1.644931680154083000e+15,4.601942363656923440e-01
1.644931680162888000e+15,4.663301595172342218e-01
1.644931680175312000e+15,4.540583132141495781e-01
1.644931680184359000e+15,4.417864669110649345e-01
1.644931680199248000e+15,4.540583132141500222e-01
1.644931680206536000e+15,4.417864669110649345e-01
1.644931680220306000e+15,4.540583132141495781e-01
1.644931680227746000e+15,4.601942363656923440e-01
1.644931680243085000e+15,4.724660826687778759e-01
1.644931680253701000e+15,4.724660826687774318e-01
1.644931680264556000e+15,4.540583132141495781e-01
1.644931680276285000e+15,4.601942363656923440e-01
1.644931680288742000e+15,4.601942363656923440e-01
1.644931680298516000e+15,4.356505437595221686e-01
1.644931680308631000e+15,4.601942363656923440e-01
1.644931680322260000e+15,4.479223900626068122e-01
1.644931680327445000e+15,4.663301595172346659e-01
1.644931680341885000e+15,4.663301595172346659e-01
1.644931680355277000e+15,4.663301595172351099e-01
1.644931680366859000e+15,4.479223900626072563e-01
1.644931680378101000e+15,4.417864669110644904e-01
1.644931680389654000e+15,4.601942363656923440e-01
1.644931680398727000e+15,4.540583132141495781e-01
1.644931680408021000e+15,4.663301595172346659e-01
1.644931680421202000e+15,4.356505437595212804e-01
1.644931680431423000e+15,4.479223900626068122e-01
1.644931680442845000e+15,4.356505437595221686e-01
1.644931680456342000e+15,4.663301595172346659e-01
1.644931680465102000e+15,4.601942363656914559e-01
1.644931680476002000e+15,4.663301595172342218e-01
1.644931680486246000e+15,4.663301595172342218e-01
1.644931680499514000e+15,4.479223900626072563e-01
1.644931680511773000e+15,4.601942363656923440e-01
1.644931680523197000e+15,4.724660826687774318e-01
1.644931680532928000e+15,4.601942363656918999e-01
1.644931680545881000e+15,4.601942363656923440e-01
1.644931680556219000e+15,4.417864669110640463e-01
1.644931680564138000e+15,4.417864669110640463e-01
1.644931680577294000e+15,4.479223900626072563e-01
1.644931680589859000e+15,4.540583132141491340e-01
1.644931680601548000e+15,4.601942363656923440e-01
1.644931680608850000e+15,4.233786974564370809e-01
1.644931680624370000e+15,4.479223900626072563e-01
1.644931680635010000e+15,4.724660826687774318e-01
1.644931680642915000e+15,4.233786974564366368e-01
1.644931680655728000e+15,4.540583132141495781e-01
1.644931693969479000e+15,3.620194659410125304e-01
1.644931693977533000e+15,3.804272353956390518e-01
1.644931693993620000e+15,3.681553890925539640e-01
1.644931694002640000e+15,3.681553890925539640e-01
1.644931694015704000e+15,3.620194659410111981e-01
1.644931694027015000e+15,3.742913122440971740e-01
1.644931694037082000e+15,3.742913122440971740e-01
1.644931694047573000e+15,3.558835427894693204e-01
1.644931694060176000e+15,3.620194659410111981e-01
1.644931694071211000e+15,3.558835427894688763e-01
1.644931694082660000e+15,3.620194659410125304e-01
1.644931694093202000e+15,3.804272353956390518e-01
1.644931694103557000e+15,3.681553890925544081e-01
1.644931694117136000e+15,3.558835427894688763e-01
1.644931694123961000e+15,3.558835427894688763e-01
1.644931694135692000e+15,3.681553890925544081e-01
1.644931694145987000e+15,3.804272353956394959e-01
1.644931694157448000e+15,3.558835427894679881e-01
1.644931694173308000e+15,3.681553890925544081e-01
1.644931694180376000e+15,3.681553890925544081e-01
1.644931694193611000e+15,3.804272353956390518e-01
1.644931694205808000e+15,3.558835427894688763e-01
1.644931694216901000e+15,3.497476196379261104e-01
1.644931694226400000e+15,3.620194659410111981e-01
1.644931694239120000e+15,3.497476196379274427e-01
1.644931694250329000e+15,3.620194659410111981e-01
1.644931694262256000e+15,3.681553890925539640e-01
1.644931694275063000e+15,3.681553890925544081e-01
1.644931694286948000e+15,3.681553890925539640e-01
1.644931694297319000e+15,3.865631585471813736e-01
1.644931694308264000e+15,3.742913122440971740e-01
1.644931694314856000e+15,3.804272353956390518e-01
1.644931694328028000e+15,3.620194659410111981e-01
1.644931694339827000e+15,3.681553890925544081e-01
1.644931694352977000e+15,3.620194659410120863e-01
1.644931694364949000e+15,3.558835427894693204e-01
1.644931694374375000e+15,3.620194659410111981e-01
1.644931694384493000e+15,3.497476196379274427e-01
1.644931694397689000e+15,3.742913122440967300e-01
1.644931694407095000e+15,3.681553890925539640e-01
1.644931694418592000e+15,3.804272353956390518e-01
1.644931694431400000e+15,3.620194659410111981e-01
1.644931694445091000e+15,3.681553890925544081e-01
1.644931694456989000e+15,3.742913122440971740e-01
1.644931694467287000e+15,3.497476196379265545e-01
1.644931694481034000e+15,3.681553890925535200e-01
1.644931694493204000e+15,3.374757733348414668e-01
1.644931694502509000e+15,3.558835427894688763e-01
1.644931694514629000e+15,3.558835427894688763e-01
1.644931694523809000e+15,3.497476196379265545e-01
1.644931694537878000e+15,3.681553890925539640e-01
1.644931694545799000e+15,3.804272353956390518e-01
1.644931694558050000e+15,3.558835427894688763e-01
1.644931694567940000e+15,3.681553890925535200e-01
1.644931694578707000e+15,3.620194659410111981e-01
1.644931694591072000e+15,3.497476196379265545e-01
1.644931694605306000e+15,3.681553890925535200e-01
1.644931694615476000e+15,3.620194659410111981e-01
1.644931694624126000e+15,3.804272353956386077e-01
1.644931694639068000e+15,3.865631585471818177e-01
1.644931694647233000e+15,3.620194659410111981e-01
1.644931694658892000e+15,3.620194659410111981e-01
1.644931694670112000e+15,3.374757733348410227e-01
1.644931694682740000e+15,3.620194659410111981e-01
1.644931694697560000e+15,3.681553890925535200e-01
1.644931694708703000e+15,3.681553890925535200e-01
1.644931694716548000e+15,3.865631585471822618e-01
1.644931694729877000e+15,3.497476196379256663e-01
1.644931694738716000e+15,3.804272353956386077e-01
1.644931694749093000e+15,3.681553890925535200e-01
1.644931694765063000e+15,3.804272353956390518e-01
1.644931694773865000e+15,3.620194659410107541e-01
1.644931694785194000e+15,3.804272353956399400e-01
1.644931694796703000e+15,3.620194659410111981e-01
1.644931694807688000e+15,3.681553890925552963e-01
1.644931694818762000e+15,3.558835427894684322e-01
1.644931694832584000e+15,3.681553890925535200e-01
1.644931694843645000e+15,3.681553890925539640e-01
1.644931694855202000e+15,3.497476196379265545e-01
1.644931694864023000e+15,3.681553890925535200e-01
1.644931694873276000e+15,3.558835427894688763e-01
1.644931694886764000e+15,3.497476196379265545e-01
1.644931694898010000e+15,3.681553890925539640e-01
1.644931694909909000e+15,3.252039270317568231e-01
1.644931694922200000e+15,3.620194659410120863e-01
1.644931694931477000e+15,3.804272353956399400e-01
1.644931694945259000e+15,3.742913122440967300e-01
1.644931694954524000e+15,3.497476196379256663e-01
1.644931694966168000e+15,3.497476196379265545e-01
1.644931694976345000e+15,3.374757733348419109e-01
1.644931694984826000e+15,3.620194659410120863e-01
1.644931694999313000e+15,3.742913122440967300e-01
1.644931695010865000e+15,3.681553890925535200e-01
1.644931695018323000e+15,3.620194659410120863e-01
1.644931695031749000e+15,3.620194659410107541e-01
1.644931695041697000e+15,3.558835427894702086e-01
1.644931695056899000e+15,3.620194659410120863e-01
1.644931695066945000e+15,3.374757733348414668e-01
1.644931695077308000e+15,3.313398501832978127e-01
1.644931695089488000e+15,3.681553890925552963e-01
1.644931695101208000e+15,3.558835427894702086e-01
1.644931695113716000e+15,3.497476196379269986e-01
1.644931695122791000e+15,3.374757733348419109e-01
1.644931695132534000e+15,3.620194659410116422e-01
1.644931695143268000e+15,3.497476196379269986e-01
1.644931695152785000e+15,3.620194659410120863e-01
1.644931695167863000e+15,3.436116964863837886e-01
1.644931695179441000e+15,3.620194659410120863e-01
1.644931695187056000e+15,3.558835427894706527e-01
1.644931695199667000e+15,3.620194659410116422e-01
1.644931695210857000e+15,3.558835427894679881e-01
1.644931695223064000e+15,3.558835427894706527e-01
1.644931695235686000e+15,3.497476196379269986e-01
1.644931695246696000e+15,3.497476196379265545e-01
1.644931695257889000e+15,3.436116964863851209e-01
1.644931695269882000e+15,3.436116964863842327e-01
1.644931695280242000e+15,3.742913122440971740e-01
1.644931695291243000e+15,3.497476196379265545e-01
1.644931695299118000e+15,3.742913122440976181e-01
1.644931695311797000e+15,3.620194659410120863e-01
1.644931695324711000e+15,3.436116964863851209e-01
1.644931695337912000e+15,3.558835427894679881e-01
1.644931695348028000e+15,3.436116964863851209e-01
1.644931695358475000e+15,3.436116964863833445e-01
1.644931695366090000e+15,3.497476196379265545e-01
1.644931695378820000e+15,3.497476196379265545e-01
1.644931695390727000e+15,3.374757733348401345e-01
1.644931695399884000e+15,3.497476196379274427e-01
1.644931695412432000e+15,3.558835427894679881e-01
1.644931695424543000e+15,3.620194659410120863e-01
1.644931695434250000e+15,3.620194659410120863e-01
1.644931695447874000e+15,3.558835427894706527e-01
1.644931695458010000e+15,3.558835427894688763e-01
1.644931695468220000e+15,3.681553890925535200e-01
1.644931695481788000e+15,3.497476196379256663e-01
1.644931695490872000e+15,3.436116964863842327e-01
1.644931695504078000e+15,3.558835427894688763e-01
1.644931695513587000e+15,3.620194659410120863e-01
1.644931695523278000e+15,3.374757733348401345e-01
1.644931695534472000e+15,3.497476196379256663e-01
1.644931695546397000e+15,3.804272353956381636e-01
1.644931695555586000e+15,3.681553890925535200e-01
1.644931695566853000e+15,3.436116964863842327e-01
1.644931695579178000e+15,3.620194659410120863e-01
1.644931695594768000e+15,3.620194659410103100e-01
1.644931695604941000e+15,3.497476196379256663e-01
1.644931695612448000e+15,3.681553890925535200e-01
1.644931695622963000e+15,3.558835427894688763e-01
1.644931695636878000e+15,3.620194659410111981e-01
1.644931695646107000e+15,3.558835427894684322e-01
1.644931695658448000e+15,3.313398501832987009e-01
1.644931695669936000e+15,3.681553890925535200e-01
1.644931695682436000e+15,3.497476196379261104e-01
1.644931695692222000e+15,3.252039270317554909e-01
1.644931695703877000e+15,3.374757733348405786e-01
1.644931695711824000e+15,3.742913122440967300e-01
1.644931695723604000e+15,3.558835427894688763e-01
1.644931695736966000e+15,3.620194659410103100e-01
1.644931695745980000e+15,3.558835427894679881e-01
1.644931695756767000e+15,3.558835427894684322e-01
1.644931695771426000e+15,3.374757733348405786e-01
1.644931695777720000e+15,3.497476196379261104e-01
1.644931695789256000e+15,3.620194659410103100e-01
1.644931695803833000e+15,3.497476196379261104e-01
1.644931695812876000e+15,3.313398501832978127e-01
1.644931695824533000e+15,3.313398501832978127e-01
1.644931695836748000e+15,3.313398501832978127e-01
1.644931695848474000e+15,3.742913122440967300e-01
1.644931695858135000e+15,1.963495408493622918e-01
1.644931709166806000e+15,3.067961575771276372e-01
1.644931709177461000e+15,2.945243112740429936e-01
1.644931709193503000e+15,2.945243112740421054e-01
1.644931709203375000e+15,2.945243112740429936e-01
1.644931709213284000e+15,2.822524649709583500e-01
1.644931709226482000e+15,2.883883881224997836e-01
1.644931709238040000e+15,2.945243112740429936e-01
1.644931709247557000e+15,2.822524649709574618e-01
1.644931709259426000e+15,2.945243112740429936e-01
1.644931709268922000e+15,3.129320807286699591e-01
1.644931709280058000e+15,2.883883881224997836e-01
1.644931709292132000e+15,2.945243112740429936e-01
1.644931709301061000e+15,2.761165418194151400e-01
1.644931709317027000e+15,3.129320807286699591e-01
1.644931709323454000e+15,2.883883881225006718e-01
1.644931709339018000e+15,3.006602344255844272e-01
1.644931709347119000e+15,2.822524649709574618e-01
1.644931709359800000e+15,2.822524649709574618e-01
1.644931709370103000e+15,2.883883881224997836e-01
1.644931709379666000e+15,2.945243112740429936e-01
1.644931709392699000e+15,3.006602344255853154e-01
1.644931709400740000e+15,2.822524649709574618e-01
1.644931709416429000e+15,3.067961575771276372e-01
1.644931709423425000e+15,2.822524649709574618e-01
1.644931709437077000e+15,2.945243112740429936e-01
1.644931709446994000e+15,3.067961575771276372e-01
1.644931709460470000e+15,3.006602344255853154e-01
1.644931709470028000e+15,2.699806186678737063e-01
1.644931709482940000e+15,3.067961575771285254e-01
1.644931709494246000e+15,3.006602344255853154e-01
1.644931709500923000e+15,2.945243112740429936e-01
1.644931709512867000e+15,2.945243112740421054e-01
1.644931709526109000e+15,2.883883881225006718e-01
1.644931709537107000e+15,2.822524649709583500e-01
1.644931709547022000e+15,2.699806186678737063e-01
1.644931709558945000e+15,2.883883881225006718e-01
1.644931709574164000e+15,3.129320807286699591e-01
1.644931709584004000e+15,2.883883881225006718e-01
1.644931709592356000e+15,2.822524649709583500e-01
1.644931709606212000e+15,2.822524649709583500e-01
1.644931709618553000e+15,2.883883881225006718e-01
1.644931709629296000e+15,3.067961575771294136e-01
1.644931709636597000e+15,2.945243112740438818e-01
1.644931709649447000e+15,2.883883881225006718e-01
1.644931709669322000e+15,2.945243112740438818e-01
1.644931709676210000e+15,2.761165418194151400e-01
1.644931709687234000e+15,2.761165418194151400e-01
1.644931709702455000e+15,2.945243112740438818e-01
1.644931709710533000e+15,2.945243112740438818e-01
1.644931709720763000e+15,2.945243112740438818e-01
1.644931709732377000e+15,2.822524649709583500e-01
1.644931709744995000e+15,2.822524649709583500e-01
1.644931709757954000e+15,2.822524649709583500e-01
1.644931709767005000e+15,3.067961575771285254e-01
1.644931709776251000e+15,3.006602344255862036e-01
1.644931709787956000e+15,3.067961575771276372e-01
1.644931709802579000e+15,2.699806186678728182e-01
1.644931709809147000e+15,2.883883881225006718e-01
1.644931709823524000e+15,2.822524649709583500e-01
1.644931709834928000e+15,2.822524649709583500e-01
1.644931709846320000e+15,2.945243112740438818e-01
1.644931709855123000e+15,2.883883881225015600e-01
1.644931709870254000e+15,2.883883881225015600e-01
1.644931709881778000e+15,2.945243112740421054e-01
1.644931709890264000e+15,3.067961575771276372e-01
1.644931709899231000e+15,2.945243112740438818e-01
1.644931709912639000e+15,2.945243112740438818e-01
1.644931709923895000e+15,3.006602344255844272e-01
1.644931709935258000e+15,2.883883881225015600e-01
1.644931709947522000e+15,2.945243112740421054e-01
1.644931709958877000e+15,2.945243112740438818e-01
1.644931709969907000e+15,2.699806186678737063e-01
1.644931709982549000e+15,2.822524649709574618e-01
1.644931709992671000e+15,2.883883881225015600e-01
1.644931710004363000e+15,2.822524649709583500e-01
1.644931710016023000e+15,2.761165418194169163e-01
1.644931710024686000e+15,2.822524649709574618e-01
1.644931710037847000e+15,2.945243112740421054e-01
1.644931710048846000e+15,3.006602344255844272e-01
1.644931710060968000e+15,2.945243112740438818e-01
1.644931710066406000e+15,2.883883881225024481e-01
1.644931710083098000e+15,2.883883881225024481e-01
1.644931710091214000e+15,3.006602344255844272e-01
1.644931710099525000e+15,2.699806186678737063e-01
1.644931710110703000e+15,2.761165418194151400e-01
1.644931710126051000e+15,2.822524649709583500e-01
1.644931710135496000e+15,2.638446955163322727e-01
1.644931710144925000e+15,2.761165418194169163e-01
1.644931710160314000e+15,2.761165418194142518e-01
1.644931710167590000e+15,2.945243112740429936e-01
1.644931710181596000e+15,2.822524649709574618e-01
1.644931710189541000e+15,2.883883881224997836e-01
1.644931710202679000e+15,2.699806186678737063e-01
1.644931710211298000e+15,2.822524649709583500e-01
1.644931710225868000e+15,2.945243112740438818e-01
1.644931710233211000e+15,2.761165418194178045e-01
1.644931710249152000e+15,2.883883881225024481e-01
1.644931710261052000e+15,2.822524649709592381e-01
1.644931710271634000e+15,3.006602344255844272e-01
1.644931710282251000e+15,2.822524649709574618e-01
1.644931710288999000e+15,2.761165418194142518e-01
1.644931710302109000e+15,3.006602344255844272e-01
1.644931710311970000e+15,2.822524649709592381e-01
1.644931710327850000e+15,2.883883881225024481e-01
1.644931710337680000e+15,3.006602344255844272e-01
1.644931710346642000e+15,2.883883881225024481e-01
1.644931710360926000e+15,2.883883881224997836e-01
1.644931710371518000e+15,2.945243112740438818e-01
1.644931710385786000e+15,2.761165418194169163e-01
1.644931710397043000e+15,2.883883881224997836e-01
1.644931710407137000e+15,3.006602344255844272e-01
1.644931710418219000e+15,3.006602344255844272e-01
1.644931710431042000e+15,2.945243112740429936e-01
1.644931710438122000e+15,2.883883881225024481e-01
1.644931710452559000e+15,3.006602344255870918e-01
1.644931710462266000e+15,2.761165418194151400e-01
1.644931710475870000e+15,2.945243112740438818e-01
1.644931710486543000e+15,2.822524649709592381e-01
1.644931710494905000e+15,2.945243112740429936e-01
1.644931710508773000e+15,2.883883881224997836e-01
1.644931710520586000e+15,2.822524649709592381e-01
1.644931710531494000e+15,2.945243112740429936e-01
1.644931710543762000e+15,2.822524649709583500e-01
1.644931710552680000e+15,2.822524649709592381e-01
1.644931710565671000e+15,2.883883881224997836e-01
1.644931710575600000e+15,2.883883881225024481e-01
1.644931710588630000e+15,2.945243112740429936e-01
1.644931710598312000e+15,2.945243112740438818e-01
1.644931710612669000e+15,2.699806186678719300e-01
1.644931710621967000e+15,2.822524649709583500e-01
1.644931710633563000e+15,3.067961575771276372e-01
1.644931710643143000e+15,3.006602344255844272e-01
1.644931710651960000e+15,2.822524649709583500e-01
1.644931710666157000e+15,2.945243112740429936e-01
1.644931710679847000e+15,2.822524649709592381e-01
1.644931710691039000e+15,2.822524649709592381e-01
1.644931710698036000e+15,3.006602344255853154e-01
1.644931710710086000e+15,2.883883881225024481e-01
1.644931710719904000e+15,3.006602344255853154e-01
1.644931710731172000e+15,2.883883881224997836e-01
1.644931710745244000e+15,2.883883881225024481e-01
1.644931710757787000e+15,2.822524649709592381e-01
1.644931710769792000e+15,2.822524649709592381e-01
1.644931710776001000e+15,2.822524649709565736e-01
1.644931710788578000e+15,2.822524649709565736e-01
1.644931710802021000e+15,2.945243112740421054e-01
1.644931710812579000e+15,3.006602344255853154e-01
1.644931710824485000e+15,3.006602344255862036e-01
1.644931710832646000e+15,3.006602344255862036e-01
1.644931710842696000e+15,3.006602344255862036e-01
1.644931710855346000e+15,2.883883881224997836e-01
1.644931710871402000e+15,2.945243112740429936e-01
1.644931710878712000e+15,2.945243112740421054e-01
1.644931710888800000e+15,3.067961575771267491e-01
1.644931710903111000e+15,2.883883881224997836e-01
1.644931710915837000e+15,2.945243112740421054e-01
1.644931710927358000e+15,3.006602344255853154e-01
1.644931710938110000e+15,2.822524649709565736e-01
1.644931710948034000e+15,2.761165418194160281e-01
1.644931710958151000e+15,3.067961575771294136e-01
1.644931710969992000e+15,2.945243112740429936e-01
1.644931710982566000e+15,2.883883881224997836e-01
1.644931710992680000e+15,3.006602344255853154e-01
1.644931711003310000e+15,2.883883881224997836e-01
1.644931711011309000e+15,2.883883881224988954e-01
1.644931711023674000e+15,3.006602344255862036e-01
1.644931711037948000e+15,2.822524649709565736e-01
1.644931711046455000e+15,1.718058482431921163e-01
1.644931724368477000e+15,2.270291566070756772e-01
1.644931724381340000e+15,2.331650797586171109e-01
1.644931724391816000e+15,2.208932334555315791e-01
1.644931724405156000e+15,2.147573103039883691e-01
1.644931724413788000e+15,2.147573103039901454e-01
1.644931724425403000e+15,2.024854640009046136e-01
1.644931724435515000e+15,2.270291566070765654e-01
1.644931724446274000e+15,2.270291566070756772e-01
1.644931724461754000e+15,2.086213871524460473e-01
1.644931724468379000e+15,2.208932334555324672e-01
1.644931724483994000e+15,2.208932334555324672e-01
1.644931724490594000e+15,2.208932334555315791e-01
1.644931724505371000e+15,2.331650797586188872e-01
1.644931724516567000e+15,2.024854640009046136e-01
1.644931724523097000e+15,2.086213871524478236e-01
1.644931724535711000e+15,2.270291566070756772e-01
1.644931724550029000e+15,2.086213871524478236e-01
1.644931724557018000e+15,2.270291566070739009e-01
1.644931724569621000e+15,2.086213871524478236e-01
1.644931724583532000e+15,2.270291566070765654e-01
1.644931724594153000e+15,2.270291566070765654e-01
1.644931724605180000e+15,1.902136176978199700e-01
1.644931724614969000e+15,1.963495408493622918e-01
1.644931724627441000e+15,2.208932334555324672e-01
1.644931724635088000e+15,2.147573103039901454e-01
1.644931724648312000e+15,2.393010029101620972e-01
1.644931724661060000e+15,2.270291566070739009e-01
1.644931724669871000e+15,1.963495408493622918e-01
1.644931724684410000e+15,1.963495408493622918e-01
1.644931724691467000e+15,2.147573103039910336e-01
1.644931724704859000e+15,2.024854640009046136e-01
1.644931724715826000e+15,2.270291566070739009e-01
1.644931724728933000e+15,2.208932334555333554e-01
1.644931724738170000e+15,2.147573103039883691e-01
1.644931724750173000e+15,2.086213871524469354e-01
1.644931724759872000e+15,2.147573103039901454e-01
1.644931724770651000e+15,2.147573103039910336e-01
1.644931724782990000e+15,2.208932334555315791e-01
1.644931724795980000e+15,1.963495408493614036e-01
1.644931724806984000e+15,2.393010029101603209e-01
1.644931724815168000e+15,1.963495408493640682e-01
1.644931724825874000e+15,2.331650797586179991e-01
1.644931724838680000e+15,1.840776945462776482e-01
1.644931724854748000e+15,2.147573103039901454e-01
1.644931724862313000e+15,2.147573103039883691e-01
1.644931724871188000e+15,2.270291566070765654e-01
1.644931724884639000e+15,2.208932334555324672e-01
1.644931724899169000e+15,2.270291566070765654e-01
1.644931724909285000e+15,2.147573103039901454e-01
1.644931724917626000e+15,2.208932334555324672e-01
1.644931724932364000e+15,2.208932334555324672e-01
1.644931724942547000e+15,2.331650797586179991e-01
1.644931724950779000e+15,2.208932334555333554e-01
1.644931724960955000e+15,2.147573103039910336e-01
1.644931724976331000e+15,2.270291566070765654e-01
1.644931724988711000e+15,2.024854640009063900e-01
1.644931724998920000e+15,2.454369260617044191e-01
1.644931725007961000e+15,2.331650797586188872e-01
1.644931725019934000e+15,1.840776945462776482e-01
1.644931725030558000e+15,2.208932334555324672e-01
1.644931725042069000e+15,2.331650797586179991e-01
1.644931725055398000e+15,2.024854640009046136e-01
1.644931725061726000e+15,2.086213871524478236e-01
1.644931725077328000e+15,2.208932334555324672e-01
1.644931725088163000e+15,2.147573103039901454e-01
1.644931725099658000e+15,2.024854640009046136e-01
1.644931725110276000e+15,2.147573103039901454e-01
1.644931725117691000e+15,2.086213871524478236e-01
1.644931725133340000e+15,2.331650797586171109e-01
1.644931725142084000e+15,2.270291566070747891e-01
1.644931725151781000e+15,2.024854640009037254e-01
1.644931725165779000e+15,2.208932334555324672e-01
1.644931725176566000e+15,2.147573103039901454e-01
1.644931725185591000e+15,2.024854640009037254e-01
1.644931725199062000e+15,1.902136176978190818e-01
1.644931725212025000e+15,2.147573103039901454e-01
1.644931725218852000e+15,2.208932334555324672e-01
1.644931725233650000e+15,2.024854640009063900e-01
1.644931725245646000e+15,2.270291566070765654e-01
1.644931725256016000e+15,2.086213871524478236e-01
1.644931725266964000e+15,1.840776945462776482e-01
1.644931725278792000e+15,2.393010029101603209e-01
1.644931725286932000e+15,2.086213871524478236e-01
1.644931725299440000e+15,2.208932334555324672e-01
1.644931725310449000e+15,1.963495408493622918e-01
1.644931725322137000e+15,2.270291566070756772e-01
1.644931725334268000e+15,2.270291566070765654e-01
1.644931725345277000e+15,2.086213871524478236e-01
1.644931725356660000e+15,2.331650797586188872e-01
1.644931725365705000e+15,2.086213871524478236e-01
1.644931725376480000e+15,1.840776945462776482e-01
1.644931725390824000e+15,2.147573103039901454e-01
1.644931725399500000e+15,2.270291566070765654e-01
1.644931725412070000e+15,2.147573103039919218e-01
1.644931725423077000e+15,2.086213871524478236e-01
1.644931725434892000e+15,2.024854640009055018e-01
1.644931725446410000e+15,2.086213871524478236e-01
1.644931725457388000e+15,2.147573103039901454e-01
1.644931725467040000e+15,2.024854640009063900e-01
1.644931725478813000e+15,1.902136176978199700e-01
1.644931725491273000e+15,2.147573103039901454e-01
1.644931725499411000e+15,2.086213871524487118e-01
1.644931725512279000e+15,2.147573103039901454e-01
1.644931725521360000e+15,2.024854640009046136e-01
1.644931725535246000e+15,2.331650797586179991e-01
1.644931725546593000e+15,1.902136176978208582e-01
1.644931725554298000e+15,1.963495408493622918e-01
1.644931725566358000e+15,1.902136176978190818e-01
1.644931725578118000e+15,2.024854640009046136e-01
1.644931725587490000e+15,2.147573103039901454e-01
1.644931725602890000e+15,2.331650797586179991e-01
1.644931725610378000e+15,2.147573103039901454e-01
1.644931725622002000e+15,2.086213871524478236e-01
1.644931725631096000e+15,2.393010029101603209e-01
1.644931725642837000e+15,2.208932334555333554e-01
1.644931725654335000e+15,2.086213871524469354e-01
1.644931725670021000e+15,1.902136176978199700e-01
1.644931725677397000e+15,2.086213871524487118e-01
1.644931725691294000e+15,2.086213871524478236e-01
1.644931725702777000e+15,1.963495408493622918e-01
1.644931725715152000e+15,2.208932334555324672e-01
1.644931725721455000e+15,2.147573103039892572e-01
1.644931725734752000e+15,2.147573103039901454e-01
1.644931725747287000e+15,2.147573103039919218e-01
1.644931725758147000e+15,1.902136176978199700e-01
1.644931725770565000e+15,1.963495408493622918e-01
1.644931725784294000e+15,1.963495408493614036e-01
1.644931725790778000e+15,2.208932334555324672e-01
1.644931725803206000e+15,1.963495408493622918e-01
1.644931725814697000e+15,1.840776945462785363e-01
1.644931725827567000e+15,1.963495408493640682e-01
1.644931725834509000e+15,2.086213871524469354e-01
1.644931725851080000e+15,1.840776945462785363e-01
1.644931725859628000e+15,1.902136176978208582e-01
1.644931725871742000e+15,2.086213871524478236e-01
1.644931725879823000e+15,1.840776945462785363e-01
1.644931725897872000e+15,2.147573103039901454e-01
1.644931725908297000e+15,2.147573103039919218e-01
1.644931725918686000e+15,1.902136176978199700e-01
1.644931725930675000e+15,2.393010029101603209e-01
1.644931725940338000e+15,2.147573103039892572e-01
1.644931725953528000e+15,2.024854640009037254e-01
1.644931725961042000e+15,1.902136176978199700e-01
1.644931725975799000e+15,1.963495408493622918e-01
1.644931725987599000e+15,1.902136176978208582e-01
1.644931725995938000e+15,1.902136176978199700e-01
1.644931726006736000e+15,2.086213871524460473e-01
1.644931726022394000e+15,1.779417713947371027e-01
1.644931726030851000e+15,2.147573103039892572e-01
1.644931726042233000e+15,2.147573103039892572e-01
1.644931726052104000e+15,2.208932334555324672e-01
1.644931726064947000e+15,1.840776945462785363e-01
1.644931726074638000e+15,2.024854640009037254e-01
1.644931726085232000e+15,2.024854640009055018e-01
1.644931726098771000e+15,2.147573103039892572e-01
1.644931726108646000e+15,1.902136176978208582e-01
1.644931726120165000e+15,2.147573103039901454e-01
1.644931726134002000e+15,1.779417713947344382e-01
1.644931726143708000e+15,2.393010029101594327e-01
1.644931726156285000e+15,2.147573103039901454e-01
1.644931726166360000e+15,2.024854640009037254e-01
1.644931726178738000e+15,2.086213871524487118e-01
1.644931726187983000e+15,2.086213871524460473e-01
1.644931726199149000e+15,1.779417713947344382e-01
1.644931726210351000e+15,1.718058482431912282e-01
1.644931726223207000e+15,2.086213871524469354e-01
1.644931726233210000e+15,1.902136176978199700e-01
1.644931726245200000e+15,2.515728492132467409e-01
1.644931726255443000e+15,2.393010029101603209e-01
1.644931739559244000e+15,7.976700097005196000e-02
1.644931739570238000e+15,6.749515466696909272e-02
1.644931739580454000e+15,7.363107781851052636e-02
1.644931739592568000e+15,7.976700097005373635e-02
1.644931739606221000e+15,5.522330836388089637e-02
1.644931739614983000e+15,7.363107781851052636e-02
1.644931739626894000e+15,7.363107781851052636e-02
1.644931739637190000e+15,7.363107781851230271e-02
1.644931739646215000e+15,7.976700097005373635e-02
1.644931739659424000e+15,6.749515466696731636e-02
1.644931739670663000e+15,5.522330836388089637e-02
1.644931739679862000e+15,6.749515466696909272e-02
1.644931739692383000e+15,7.363107781850875000e-02
1.644931739704436000e+15,7.363107781850875000e-02
1.644931739716111000e+15,6.135923151542410636e-02
1.644931739725917000e+15,4.908738521233946273e-02
1.644931739733628000e+15,4.908738521233946273e-02
1.644931739746215000e+15,4.908738521234035090e-02
1.644931739758496000e+15,7.363107781851230271e-02
1.644931739770437000e+15,4.908738521233946273e-02
1.644931739783216000e+15,7.363107781851230271e-02
1.644931739792063000e+15,7.976700097005196000e-02
1.644931739805765000e+15,1.043106935762230236e-01
1.644931739814429000e+15,6.749515466696731636e-02
1.644931739828179000e+15,6.135923151542588272e-02
1.644931739843349000e+15,6.749515466696909272e-02
1.644931739851995000e+15,7.363107781850875000e-02
1.644931739864107000e+15,9.203884727313837999e-02
1.644931739873092000e+15,7.976700097005373635e-02
1.644931739885737000e+15,9.203884727313837999e-02
1.644931739896113000e+15,8.590292412159516999e-02
1.644931739909293000e+15,7.976700097005373635e-02
1.644931739920167000e+15,7.363107781851141453e-02
1.644931739929651000e+15,9.817477042468070181e-02
1.644931739940522000e+15,7.976700097005284817e-02
1.644931739954858000e+15,9.817477042468070181e-02
1.644931739962448000e+15,6.749515466696909272e-02
1.644931739975670000e+15,8.590292412159605817e-02
1.644931739985128000e+15,7.363107781851052636e-02
1.644931739995817000e+15,1.043106935762221354e-01
1.644931740007289000e+15,9.817477042468070181e-02
1.644931740020915000e+15,7.976700097005462453e-02
1.644931740029056000e+15,7.976700097005284817e-02
1.644931740042216000e+15,7.976700097005373635e-02
1.644931740054201000e+15,7.976700097005373635e-02
1.644931740061224000e+15,7.976700097005284817e-02
1.644931740074658000e+15,6.749515466696820454e-02
1.644931740084380000e+15,7.363107781851052636e-02
1.644931740096967000e+15,8.590292412159605817e-02
1.644931740110364000e+15,8.590292412159605817e-02
1.644931740122637000e+15,9.203884727313837999e-02
1.644931740133011000e+15,6.749515466696820454e-02
1.644931740140774000e+15,7.363107781851141453e-02
1.644931740154221000e+15,6.749515466696731636e-02
1.644931740167434000e+15,8.590292412159605817e-02
1.644931740174428000e+15,7.976700097005373635e-02
1.644931740188563000e+15,5.522330836388444908e-02
1.644931740202864000e+15,6.135923151542588272e-02
1.644931740208575000e+15,4.908738521234035090e-02
1.644931740223462000e+15,6.135923151542588272e-02
1.644931740230500000e+15,7.363107781851052636e-02
1.644931740246532000e+15,4.295146206079891726e-02
1.644931740255474000e+15,6.749515466696731636e-02
1.644931740267741000e+15,4.908738521233857455e-02
1.644931740279847000e+15,9.203884727313749181e-02
1.644931740291405000e+15,5.522330836388089637e-02
1.644931740297082000e+15,7.363107781851052636e-02
1.644931740307971000e+15,4.295146206079625273e-02
1.644931740324425000e+15,4.908738521234035090e-02
1.644931740330783000e+15,6.749515466696731636e-02
1.644931740345476000e+15,6.135923151542588272e-02
1.644931740355384000e+15,4.295146206079625273e-02
1.644931740363771000e+15,6.749515466696909272e-02
1.644931740378023000e+15,6.135923151542410636e-02
1.644931740390267000e+15,4.295146206079714091e-02
1.644931740397083000e+15,7.976700097005196000e-02
1.644931740408610000e+15,7.363107781851052636e-02
1.644931740423828000e+15,6.135923151542588272e-02
1.644931740429773000e+15,4.908738521234035090e-02
1.644931740441776000e+15,7.363107781851052636e-02
1.644931740451863000e+15,4.908738521233946273e-02
1.644931740467158000e+15,4.908738521234035090e-02
1.644931740479447000e+15,4.908738521234123908e-02
1.644931740487108000e+15,4.908738521233946273e-02
1.644931740499474000e+15,6.135923151542410636e-02
1.644931740514007000e+15,4.908738521233857455e-02
1.644931740520821000e+15,4.295146206079625273e-02
1.644931740534346000e+15,5.522330836388267272e-02
1.644931740543649000e+15,6.749515466696731636e-02
1.644931740556428000e+15,4.908738521234123908e-02
1.644931740569462000e+15,7.363107781850875000e-02
1.644931740580145000e+15,7.976700097005196000e-02
1.644931740592120000e+15,5.522330836388267272e-02
1.644931740603090000e+15,4.908738521234035090e-02
1.644931740611304000e+15,4.908738521234035090e-02
1.644931740626444000e+15,7.363107781850963818e-02
1.644931740632652000e+15,4.908738521234035090e-02
1.644931740645250000e+15,7.976700097005462453e-02
1.644931740657637000e+15,5.522330836388178454e-02
1.644931740666795000e+15,7.363107781851141453e-02
1.644931740679316000e+15,9.203884727313837999e-02
1.644931740688807000e+15,4.295146206079714091e-02
1.644931740698278000e+15,6.749515466696731636e-02
1.644931740711027000e+15,7.363107781851141453e-02
1.644931740725417000e+15,6.749515466696820454e-02
1.644931740731979000e+15,6.135923151542677090e-02
1.644931740745638000e+15,4.908738521234212726e-02
1.644931740756030000e+15,4.295146206079714091e-02
1.644931740768595000e+15,6.135923151542588272e-02
1.644931740779443000e+15,6.749515466696731636e-02
1.644931740791846000e+15,5.522330836388444908e-02
1.644931740804338000e+15,5.522330836388356090e-02
1.644931740814506000e+15,6.749515466696820454e-02
1.644931740824588000e+15,6.135923151542588272e-02
1.644931740837790000e+15,4.295146206079891726e-02
1.644931740845388000e+15,7.363107781850963818e-02
1.644931740860119000e+15,7.363107781850963818e-02
1.644931740872244000e+15,7.363107781851052636e-02
1.644931740882441000e+15,7.976700097005373635e-02
1.644931740892531000e+15,8.590292412159516999e-02
1.644931740905317000e+15,7.976700097005373635e-02
1.644931740916204000e+15,7.976700097005373635e-02
1.644931740926859000e+15,6.135923151542677090e-02
1.644931740933983000e+15,6.135923151542588272e-02
1.644931740948989000e+15,6.749515466696820454e-02
1.644931740957440000e+15,5.522330836388267272e-02
1.644931740971002000e+15,4.908738521234123908e-02
1.644931740983501000e+15,5.522330836388356090e-02
1.644931740994807000e+15,3.681553890925659545e-02
1.644931741004384000e+15,6.135923151542588272e-02
1.644931741016935000e+15,5.522330836388356090e-02
1.644931741025861000e+15,7.363107781850963818e-02
1.644931741035214000e+15,6.135923151542588272e-02
1.644931741046914000e+15,4.295146206079980544e-02
1.644931741057023000e+15,6.749515466696820454e-02
1.644931741072075000e+15,6.749515466696820454e-02
1.644931741084129000e+15,5.522330836388444908e-02
1.644931741094909000e+15,6.135923151542588272e-02
1.644931741104440000e+15,4.908738521234123908e-02
1.644931741117160000e+15,6.749515466696998089e-02
1.644931741124523000e+15,3.681553890925393091e-02
1.644931741138366000e+15,4.295146206079802909e-02
1.644931741146964000e+15,5.522330836388444908e-02
1.644931741161528000e+15,7.976700097005462453e-02
1.644931741170095000e+15,7.976700097005196000e-02
1.644931741183286000e+15,6.749515466696909272e-02
1.644931741190989000e+15,9.203884727313837999e-02
1.644931741202460000e+15,5.522330836388356090e-02
1.644931741213228000e+15,6.749515466696642818e-02
1.644931741229112000e+15,9.817477042468070181e-02
1.644931741239303000e+15,9.817477042468070181e-02
1.644931741252789000e+15,7.363107781851141453e-02
1.644931741260939000e+15,9.817477042468070181e-02
1.644931741275019000e+15,1.104466167277653454e-01
1.644931741281331000e+15,7.976700097005284817e-02
1.644931741296331000e+15,1.104466167277662336e-01
1.644931741307860000e+15,1.104466167277662336e-01
1.644931741317566000e+15,1.104466167277662336e-01
1.644931741332627000e+15,1.288543861823940873e-01
1.644931741341027000e+15,1.411262324854778427e-01
1.644931741352091000e+15,1.595340019401056963e-01
1.644931741364786000e+15,1.288543861823931991e-01
1.644931741377403000e+15,1.288543861823940873e-01
1.644931741386839000e+15,1.104466167277662336e-01
1.644931741400705000e+15,9.817477042468247816e-02
1.644931741411929000e+15,8.590292412159694635e-02
1.644931741420316000e+15,7.976700097005373635e-02
1.644931741432842000e+15,4.908738521234052854e-01
1.644931741443092000e+15,4.908738521234052854e-01
1.644931754764405000e+15,3.067961575771338545e-02
1.644931754782769000e+15,2.454369260617017545e-02
1.644931754793106000e+15,1.227184630308375546e-02
1.644931754800378000e+15,2.454369260616928727e-02
1.644931754813138000e+15,4.295146206079714091e-02
1.644931754822206000e+15,3.681553890925570727e-02
1.644931754838012000e+15,3.067961575771338545e-02
1.644931754843504000e+15,3.681553890925481909e-02
1.644931754855708000e+15,4.908738521234035090e-02
1.644931754866163000e+15,2.454369260617017545e-02
1.644931754879928000e+15,1.227184630308464364e-02
1.644931754892249000e+15,1.840776945462607728e-02
1.644931754903785000e+15,0.000000000000000000e+00
1.644931754911201000e+15,1.227184630308375546e-02
1.644931754921985000e+15,6.135923151543209997e-03
1.644931754934298000e+15,2.454369260616928727e-02
1.644931754949167000e+15,3.681553890925570727e-02
1.644931754959116000e+15,2.454369260617106363e-02
1.644931754968762000e+15,1.227184630308553182e-02
1.644931754984028000e+15,1.227184630308553182e-02
1.644931754994384000e+15,6.135923151540545462e-03
1.644931755006819000e+15,1.227184630308641999e-02
1.644931755013575000e+15,2.454369260617017545e-02
1.644931755029290000e+15,6.135923151540545462e-03
1.644931755037016000e+15,3.067961575771338545e-02
1.644931755049332000e+15,1.840776945462696546e-02
1.644931755059525000e+15,3.681553890925570727e-02
1.644931755073681000e+15,1.840776945462785363e-02
1.644931755084223000e+15,3.681553890925393091e-02
1.644931755096909000e+15,3.067961575771249727e-02
1.644931755105885000e+15,1.227184630308464364e-02
1.644931755115649000e+15,2.454369260617017545e-02
1.644931755129413000e+15,2.454369260617017545e-02
1.644931755139515000e+15,1.227184630308641999e-02
1.644931755149595000e+15,4.295146206079625273e-02
1.644931755159776000e+15,3.681553890925570727e-02
1.644931755171242000e+15,3.681553890925570727e-02
1.644931755183633000e+15,1.227184630308464364e-02
1.644931755197050000e+15,2.454369260617017545e-02
1.644931755208322000e+15,4.908738521234035090e-02
1.644931755219708000e+15,2.454369260617017545e-02
1.644931755226197000e+15,3.067961575771072091e-02
1.644931755239594000e+15,1.227184630308464364e-02
1.644931755247987000e+15,0.000000000000000000e+00
1.644931755264593000e+15,1.227184630308641999e-02
1.644931755275655000e+15,1.840776945462785363e-02
1.644931755285794000e+15,3.681553890925393091e-02
1.644931755297567000e+15,1.840776945462785363e-02
1.644931755309607000e+15,2.454369260617017545e-02
1.644931755320802000e+15,1.840776945462607728e-02
1.644931755329619000e+15,3.681553890925570727e-02
1.644931755343980000e+15,1.227184630308464364e-02
1.644931755350560000e+15,6.135923151543209997e-03
1.644931755364215000e+15,6.135923151543209997e-03
1.644931755376282000e+15,6.135923151543209997e-03
1.644931755386200000e+15,1.840776945462696546e-02
1.644931755398776000e+15,2.454369260617017545e-02
1.644931755408429000e+15,2.454369260617017545e-02
1.644931755418383000e+15,3.681553890925748362e-02
1.644931755431462000e+15,3.067961575771338545e-02
1.644931755441585000e+15,6.135923151542321818e-03
1.644931755451933000e+15,1.840776945462607728e-02
1.644931755467750000e+15,2.454369260617017545e-02
1.644931755473913000e+15,1.227184630308375546e-02
1.644931755486447000e+15,3.067961575771072091e-02
1.644931755500722000e+15,4.295146206079625273e-02
1.644931755510855000e+15,6.135923151542499454e-02
1.644931755523149000e+15,2.454369260617017545e-02
1.644931755532405000e+15,2.454369260617017545e-02
1.644931755545414000e+15,3.681553890925748362e-02
1.644931755557303000e+15,1.840776945462785363e-02
1.644931755562969000e+15,1.227184630308375546e-02
1.644931755573948000e+15,6.135923151544098175e-03
1.644931755587071000e+15,6.135923151540545462e-03
1.644931755597594000e+15,3.681553890925393091e-02
1.644931755612809000e+15,1.227184630308553182e-02
1.644931755620279000e+15,2.454369260617017545e-02
1.644931755630086000e+15,1.227184630308375546e-02
1.644931755646728000e+15,1.227184630308375546e-02
1.644931755656871000e+15,6.135923151543209997e-03
1.644931755665629000e+15,6.135923151540545462e-03
1.644931755679499000e+15,6.135923151544098175e-03
1.644931755687808000e+15,6.135923151540545462e-03
1.644931755699554000e+15,1.227184630308464364e-02
1.644931755714348000e+15,6.135923151540545462e-03
1.644931755726365000e+15,3.067961575771338545e-02
1.644931755736860000e+15,1.840776945462607728e-02
1.644931755746425000e+15,2.454369260617106363e-02
1.644931755759353000e+15,1.840776945462785363e-02
1.644931755771665000e+15,3.681553890925570727e-02
1.644931755784925000e+15,1.840776945462607728e-02
1.644931755792549000e+15,6.135923151542588272e-02
1.644931755806582000e+15,1.840776945462962999e-02
1.644931755815770000e+15,4.295146206079980544e-02
1.644931755828967000e+15,3.067961575771338545e-02
1.644931755841762000e+15,3.681553890925570727e-02
1.644931755852472000e+15,1.840776945462785363e-02
1.644931755860616000e+15,3.067961575771338545e-02
1.644931755874544000e+15,4.295146206079625273e-02
1.644931755886166000e+15,2.454369260617017545e-02
1.644931755894548000e+15,3.681553890925570727e-02
1.644931755904908000e+15,4.295146206079625273e-02
1.644931755918524000e+15,2.454369260617106363e-02
1.644931755926347000e+15,1.840776945462962999e-02
1.644931755940039000e+15,3.681553890925570727e-02
1.644931755952139000e+15,3.067961575771338545e-02
1.644931755960590000e+15,6.135923151540545462e-03
1.644931755973354000e+15,6.135923151544098175e-03
1.644931755988830000e+15,4.908738521234035090e-02
1.644931755998618000e+15,6.135923151543209997e-03
1.644931756008276000e+15,0.000000000000000000e+00
1.644931756018843000e+15,2.454369260617017545e-02
1.644931756033164000e+15,1.840776945462607728e-02
1.644931756040460000e+15,6.135923151542321818e-03
1.644931756054903000e+15,3.681553890925570727e-02
1.644931756066916000e+15,1.840776945462785363e-02
1.644931756076146000e+15,1.840776945462785363e-02
1.644931756089455000e+15,3.067961575771338545e-02
1.644931756101840000e+15,6.135923151543209997e-03
1.644931756112945000e+15,2.454369260617017545e-02
1.644931756121048000e+15,2.454369260617017545e-02
1.644931756135248000e+15,2.454369260617017545e-02
1.644931756144245000e+15,1.840776945462785363e-02
1.644931756152285000e+15,1.227184630308730817e-02
1.644931756164023000e+15,4.295146206079980544e-02
1.644931756181549000e+15,3.681553890925748362e-02
1.644931756190558000e+15,3.681553890925748362e-02
1.644931756203245000e+15,4.295146206079980544e-02
1.644931756213768000e+15,3.681553890925748362e-02
1.644931756226396000e+15,3.681553890925748362e-02
1.644931756237682000e+15,1.840776945462785363e-02
1.644931756248180000e+15,6.135923151543209997e-03
1.644931756255062000e+15,1.227184630308286728e-02
1.644931756269450000e+15,1.227184630308730817e-02
1.644931756282086000e+15,2.454369260617017545e-02
1.644931756293483000e+15,1.840776945462962999e-02
1.644931756299993000e+15,0.000000000000000000e+00
1.644931756314663000e+15,1.227184630308553182e-02
1.644931756324505000e+15,6.135923151540545462e-03
1.644931756332805000e+15,0.000000000000000000e+00
1.644931756344556000e+15,0.000000000000000000e+00
1.644931756360362000e+15,1.227184630308730817e-02
1.644931756372033000e+15,1.840776945462785363e-02
1.644931756381534000e+15,1.840776945462785363e-02
1.644931756389537000e+15,0.000000000000000000e+00
1.644931756402391000e+15,2.454369260617017545e-02
1.644931756413160000e+15,3.067961575771160909e-02
1.644931756422865000e+15,3.067961575771160909e-02
1.644931756437910000e+15,4.295146206079625273e-02
1.644931756450179000e+15,1.227184630308464364e-02
1.644931756457454000e+15,1.227184630308464364e-02
1.644931756471800000e+15,2.454369260617017545e-02
1.644931756483578000e+15,6.135923151544986354e-03
1.644931756495101000e+15,3.681553890925393091e-02
1.644931756507659000e+15,5.522330836388267272e-02
1.644931756515913000e+15,2.454369260617017545e-02
1.644931756524793000e+15,6.135923151540545462e-03
1.644931756535610000e+15,2.454369260617017545e-02
1.644931756551659000e+15,4.295146206079714091e-02
1.644931756557566000e+15,6.135923151544986354e-03
1.644931756572085000e+15,3.067961575771338545e-02
1.644931756581550000e+15,1.227184630308464364e-02
1.644931756592124000e+15,2.454369260617017545e-02
1.644931756606280000e+15,1.227184630308286728e-02
1.644931756614903000e+15,2.454369260617017545e-02
1.644931756628327000e+15,6.135923151542321818e-03
1.644931756637315000e+15,5.890486225480850990e-01
1.644931756647460000e+15,5.890486225480850990e-01
1.644931769962675000e+15,6.135923151542499454e-02
1.644931769970072000e+15,7.976700097005373635e-02
1.644931769983101000e+15,1.227184630308547630e-02
1.644931769994237000e+15,3.681553890925570727e-02
1.644931770005743000e+15,1.227184630308458813e-02
1.644931770020802000e+15,3.681553890925481909e-02
1.644931770029655000e+15,3.681553890925570727e-02
1.644931770043371000e+15,4.295146206079808460e-02
1.644931770051200000e+15,5.522330836388256170e-02
1.644931770062976000e+15,6.135923151542588272e-02
1.644931770076897000e+15,4.295146206079797357e-02
1.644931770088213000e+15,4.908738521234035090e-02
1.644931770098529000e+15,5.522330836388267272e-02
1.644931770110878000e+15,3.681553890925476358e-02
1.644931770120123000e+15,5.522330836388272823e-02
1.644931770134014000e+15,6.135923151542593823e-02
1.644931770142961000e+15,6.135923151542499454e-02
1.644931770155277000e+15,4.295146206079802909e-02
1.644931770166296000e+15,4.295146206079797357e-02
1.644931770175149000e+15,1.227184630308469915e-02
1.644931770185678000e+15,4.295146206079808460e-02
1.644931770202213000e+15,4.908738521234029539e-02
1.644931770213235000e+15,4.908738521234029539e-02
1.644931770224582000e+15,3.681553890925570727e-02
1.644931770233962000e+15,1.840776945462790914e-02
1.644931770244432000e+15,5.522330836388256170e-02
1.644931770256823000e+15,4.295146206079797357e-02
1.644931770269517000e+15,4.908738521234118357e-02
1.644931770280028000e+15,3.681553890925476358e-02
1.644931770287931000e+15,2.454369260617006443e-02
1.644931770302762000e+15,3.067961575771327443e-02
1.644931770314348000e+15,3.681553890925570727e-02
1.644931770323113000e+15,3.681553890925565176e-02
1.644931770334521000e+15,2.454369260617106363e-02
1.644931770347921000e+15,6.749515466696820454e-02
1.644931770360263000e+15,3.067961575771338545e-02
1.644931770369000000e+15,3.681553890925476358e-02
1.644931770379842000e+15,4.295146206079797357e-02
1.644931770390647000e+15,6.135923151542577170e-02
1.644931770401682000e+15,4.295146206079797357e-02
1.644931770414424000e+15,4.295146206079802909e-02
1.644931770427131000e+15,4.295146206079808460e-02
1.644931770437265000e+15,3.681553890925476358e-02
1.644931770446756000e+15,6.749515466696814903e-02
1.644931770458411000e+15,6.135923151542499454e-02
1.644931770469277000e+15,5.522330836388272823e-02
1.644931770479106000e+15,4.295146206079797357e-02
1.644931770489282000e+15,4.295146206079808460e-02
1.644931770501830000e+15,4.295146206079797357e-02
1.644931770511580000e+15,1.840776945462785363e-02
1.644931770527389000e+15,6.135923151542577170e-02
1.644931770536996000e+15,3.681553890925570727e-02
1.644931770551623000e+15,4.295146206079802909e-02
1.644931770560266000e+15,1.840776945462785363e-02
1.644931770571258000e+15,3.681553890925570727e-02
1.644931770580653000e+15,4.295146206079797357e-02
1.644931770593911000e+15,3.067961575771338545e-02
1.644931770607503000e+15,5.522330836388272823e-02
1.644931770613854000e+15,4.295146206079808460e-02
1.644931770627944000e+15,3.681553890925493011e-02
1.644931770639537000e+15,4.295146206079808460e-02
1.644931770652264000e+15,6.749515466696820454e-02
1.644931770659239000e+15,1.227184630308553182e-02
1.644931770674270000e+15,5.522330836388272823e-02
1.644931770681337000e+15,5.522330836388356090e-02
1.644931770694337000e+15,3.681553890925570727e-02
1.644931770705141000e+15,5.522330836388272823e-02
1.644931770717499000e+15,4.295146206079808460e-02
1.644931770729610000e+15,9.203884727313832448e-02
1.644931770741544000e+15,6.749515466696820454e-02
1.644931770750010000e+15,2.454369260617023096e-02
1.644931770762615000e+15,4.295146206079808460e-02
1.644931770776277000e+15,4.295146206079814011e-02
1.644931770785149000e+15,4.908738521234029539e-02
1.644931770796164000e+15,3.067961575771249727e-02
1.644931770808946000e+15,4.295146206079797357e-02
1.644931770819428000e+15,1.840776945462779812e-02
1.644931770828414000e+15,5.522330836388361641e-02
1.644931770842699000e+15,3.681553890925570727e-02
1.644931770851096000e+15,3.067961575771344096e-02
1.644931770864910000e+15,3.681553890925493011e-02
1.644931770871736000e+15,6.135923151542593823e-02
1.644931770886944000e+15,2.454369260617006443e-02
1.644931770899014000e+15,3.681553890925570727e-02
1.644931770908698000e+15,4.908738521234029539e-02
1.644931770921432000e+15,1.840776945462779812e-02
1.644931770927563000e+15,6.135923151542582721e-02
1.644931770940858000e+15,6.749515466696820454e-02
1.644931770952879000e+15,4.908738521234029539e-02
1.644931770959555000e+15,4.908738521234035090e-02
1.644931770970821000e+15,5.522330836388261721e-02
1.644931770983896000e+15,7.363107781851052636e-02
1.644931770998341000e+15,4.295146206079797357e-02
1.644931771006514000e+15,3.681553890925570727e-02
1.644931771015466000e+15,8.590292412159605817e-02
1.644931771026537000e+15,9.817477042468153448e-02
1.644931771041523000e+15,3.681553890925481909e-02
1.644931771052772000e+15,5.522330836388356090e-02
1.644931771060391000e+15,4.295146206079714091e-02
1.644931771073914000e+15,1.840776945462779812e-02
1.644931771085877000e+15,4.295146206079797357e-02
1.644931771096956000e+15,4.908738521234040642e-02
1.644931771104733000e+15,3.067961575771249727e-02
1.644931771119917000e+15,5.522330836388272823e-02
1.644931771130735000e+15,5.522330836388356090e-02
1.644931771141134000e+15,7.976700097005290369e-02
1.644931771152280000e+15,3.681553890925565176e-02
1.644931771160637000e+15,1.840776945462702097e-02
1.644931771172262000e+15,6.135923151542266307e-03
1.644931771186228000e+15,1.227184630308469915e-02
1.644931771196442000e+15,4.295146206079814011e-02
1.644931771209672000e+15,3.067961575771344096e-02
1.644931771219999000e+15,4.908738521234035090e-02
1.644931771232151000e+15,6.749515466696820454e-02
1.644931771242670000e+15,5.522330836388272823e-02
1.644931771252668000e+15,4.908738521234029539e-02
1.644931771261375000e+15,2.454369260617023096e-02
1.644931771275770000e+15,5.522330836388356090e-02
1.644931771284123000e+15,6.749515466696820454e-02
1.644931771294395000e+15,6.135923151542582721e-02
1.644931771309775000e+15,5.522330836388261721e-02
1.644931771319172000e+15,9.203884727313832448e-02
1.644931771328841000e+15,3.681553890925576278e-02
1.644931771343703000e+15,4.908738521234035090e-02
1.644931771350490000e+15,3.067961575771255278e-02
1.644931771363093000e+15,0.000000000000000000e+00
1.644931771377170000e+15,3.681553890925481909e-02
1.644931771383337000e+15,4.908738521234035090e-02
1.644931771400065000e+15,4.908738521234118357e-02
1.644931771409975000e+15,4.295146206079808460e-02
1.644931771421030000e+15,4.908738521234040642e-02
1.644931771433782000e+15,5.522330836388356090e-02
1.644931771444267000e+15,3.681553890925570727e-02
1.644931771457580000e+15,0.000000000000000000e+00
1.644931771468754000e+15,2.454369260617023096e-02
1.644931771476031000e+15,6.135923151542432841e-03
1.644931771487835000e+15,1.840776945462702097e-02
1.644931771501506000e+15,3.681553890925481909e-02
1.644931771511419000e+15,6.749515466696820454e-02
1.644931771521585000e+15,6.135923151542588272e-02
1.644931771533883000e+15,6.749515466696820454e-02
1.644931771542650000e+15,6.749515466696820454e-02
1.644931771556572000e+15,3.681553890925576278e-02
1.644931771564807000e+15,8.590292412159605817e-02
1.644931771575733000e+15,4.295146206079797357e-02
1.644931771591770000e+15,4.908738521234035090e-02
1.644931771598740000e+15,7.363107781851141453e-02
1.644931771614190000e+15,5.522330836388267272e-02
1.644931771622972000e+15,7.363107781851141453e-02
1.644931771634992000e+15,4.295146206079808460e-02
1.644931771646865000e+15,6.135923151542588272e-02
1.644931771652935000e+15,4.295146206079802909e-02
1.644931771667742000e+15,5.522330836388350539e-02
1.644931771678439000e+15,4.295146206079797357e-02
1.644931771687395000e+15,4.295146206079808460e-02
1.644931771704072000e+15,3.681553890925570727e-02
1.644931771710757000e+15,3.681553890925476358e-02
1.644931771721527000e+15,4.295146206079797357e-02
1.644931771735558000e+15,8.590292412159605817e-02
1.644931771746297000e+15,3.067961575771255278e-02
1.644931771757288000e+15,3.681553890925576278e-02
1.644931771767630000e+15,4.295146206079802909e-02
1.644931771778282000e+15,3.067961575771249727e-02
1.644931771788589000e+15,5.522330836388267272e-02
1.644931771802246000e+15,4.295146206079797357e-02
1.644931771815725000e+15,1.227184630308458813e-02
1.644931771822517000e+15,6.135923151542582721e-02
1.644931771836409000e+15,6.074563920027138408e-01
1.644931771844362000e+15,6.197282383057993727e-01
1.644931785156272000e+15,1.533980787885643737e-01
1.644931785170076000e+15,1.349903093339364091e-01
1.644931785181363000e+15,1.349903093339362981e-01
1.644931785193239000e+15,1.104466167277662336e-01
1.644931785200754000e+15,1.288543861823939762e-01
1.644931785213139000e+15,1.288543861823940873e-01
1.644931785224592000e+15,1.227184630308507662e-01
1.644931785238555000e+15,1.349903093339364091e-01
1.644931785250346000e+15,1.227184630308517654e-01
1.644931785262452000e+15,1.227184630308517654e-01
1.644931785276153000e+15,1.227184630308507662e-01
1.644931785286332000e+15,1.349903093339362981e-01
1.644931785297833000e+15,1.165825398793085554e-01
1.644931785307465000e+15,1.043106935762240228e-01
1.644931785323402000e+15,1.349903093339362981e-01
1.644931785334197000e+15,1.472621556370219409e-01
1.644931785342927000e+15,1.349903093339362981e-01
1.644931785358595000e+15,1.165825398793085554e-01
1.644931785368748000e+15,1.227184630308517654e-01
1.644931785382219000e+15,1.472621556370210527e-01
1.644931785391098000e+15,1.349903093339364091e-01
1.644931785403246000e+15,1.104466167277662336e-01
1.644931785417413000e+15,1.043106935762239118e-01
1.644931785428321000e+15,1.349903093339364091e-01
1.644931785438505000e+15,1.349903093339364091e-01
1.644931785447658000e+15,1.288543861823939762e-01
1.644931785458955000e+15,1.288543861823940873e-01
1.644931785471497000e+15,1.411262324854786199e-01
1.644931785485763000e+15,1.104466167277663446e-01
1.644931785495723000e+15,1.472621556370219409e-01
1.644931785507776000e+15,1.104466167277662336e-01
1.644931785515040000e+15,1.043106935762239118e-01
1.644931785527473000e+15,1.472621556370219409e-01
1.644931785539335000e+15,9.817477042468070181e-02
1.644931785552950000e+15,1.288543861823931991e-01
1.644931785567721000e+15,1.165825398793085554e-01
1.644931785580309000e+15,1.288543861823940873e-01
1.644931785587708000e+15,1.288543861823940873e-01
1.644931785602498000e+15,1.288543861823940873e-01
1.644931785615754000e+15,1.165825398793085554e-01
1.644931785628860000e+15,1.043106935762230236e-01
1.644931785639299000e+15,1.104466167277663446e-01
1.644931785652942000e+15,1.411262324854786199e-01
1.644931785662937000e+15,1.349903093339364091e-01
1.644931785674105000e+15,1.411262324854787309e-01
1.644931785684432000e+15,1.411262324854798411e-01
1.644931785698067000e+15,1.472621556370209417e-01
1.644931785708444000e+15,1.227184630308508773e-01
1.644931785720318000e+15,1.288543861823940873e-01
1.644931785732765000e+15,1.411262324854798411e-01
1.644931785742599000e+15,1.656699250916497945e-01
1.644931785757433000e+15,1.411262324854788419e-01
1.644931785765596000e+15,1.411262324854787309e-01
1.644931785779146000e+15,1.165825398793085554e-01
1.644931785789637000e+15,1.043106935762230236e-01
1.644931785798864000e+15,1.411262324854798411e-01
1.644931785811210000e+15,9.203884727313837999e-02
1.644931785820719000e+15,1.227184630308509883e-01
1.644931785836808000e+15,1.227184630308517654e-01
1.644931785848631000e+15,1.227184630308508773e-01
1.644931785857905000e+15,1.288543861823940873e-01
1.644931785871524000e+15,1.411262324854788419e-01
1.644931785881026000e+15,1.288543861823940873e-01
1.644931785890180000e+15,1.165825398793086665e-01
1.644931785902330000e+15,1.288543861823931991e-01
1.644931785913253000e+15,1.288543861823944203e-01
1.644931785924771000e+15,1.288543861823931991e-01
1.644931785937675000e+15,1.349903093339366311e-01
1.644931785947865000e+15,1.472621556370220519e-01
1.644931785959796000e+15,1.595340019401074727e-01
1.644931785971916000e+15,1.411262324854788419e-01
1.644931785982179000e+15,1.288543861823944203e-01
1.644931785991087000e+15,1.595340019401065845e-01
1.644931786004981000e+15,1.595340019401064735e-01
1.644931786013621000e+15,1.472621556370210527e-01
1.644931786025225000e+15,1.288543861823931991e-01
1.644931786036727000e+15,1.533980787885633745e-01
1.644931786050164000e+15,1.349903093339364091e-01
1.644931786061269000e+15,1.349903093339364091e-01
1.644931786072402000e+15,1.349903093339364091e-01
1.644931786082670000e+15,1.043106935762243559e-01
1.644931786095096000e+15,1.165825398793085554e-01
1.644931786109187000e+15,1.411262324854789529e-01
1.644931786117691000e+15,1.288543861823931991e-01
1.644931786134099000e+15,1.349903093339364091e-01
1.644931786144928000e+15,1.288543861823943093e-01
1.644931786155745000e+15,1.533980787885642627e-01
1.644931786169696000e+15,1.165825398793087775e-01
1.644931786176558000e+15,1.104466167277662336e-01
1.644931786190721000e+15,1.227184630308519875e-01
1.644931786203297000e+15,1.104466167277664557e-01
1.644931786210114000e+15,1.533980787885644848e-01
1.644931786225377000e+15,1.533980787885644848e-01
1.644931786232428000e+15,1.533980787885643737e-01
1.644931786247471000e+15,1.288543861823931991e-01
1.644931786259111000e+15,1.288543861823940873e-01
1.644931786268990000e+15,1.411262324854787309e-01
1.644931786279327000e+15,1.165825398793085554e-01
1.644931786292516000e+15,1.227184630308519875e-01
1.644931786300190000e+15,1.227184630308519875e-01
1.644931786313286000e+15,1.104466167277664557e-01
1.644931786324641000e+15,1.411262324854789529e-01
1.644931786340017000e+15,1.411262324854789529e-01
1.644931786346207000e+15,1.227184630308517654e-01
1.644931786359420000e+15,1.411262324854789529e-01
1.644931786372035000e+15,1.288543861823943093e-01
1.644931786382010000e+15,1.411262324854789529e-01
1.644931786397067000e+15,1.411262324854789529e-01
1.644931786407255000e+15,1.227184630308517654e-01
1.644931786424967000e+15,1.349903093339364091e-01
1.644931786436069000e+15,1.411262324854789529e-01
1.644931786448597000e+15,1.288543861823931991e-01
1.644931786460208000e+15,1.227184630308510993e-01
1.644931786471098000e+15,1.165825398793094436e-01
1.644931786483599000e+15,1.043106935762239118e-01
1.644931786489522000e+15,1.349903093339368532e-01
1.644931786504470000e+15,1.349903093339368532e-01
1.644931786515072000e+15,1.165825398793087775e-01
1.644931786526604000e+15,1.349903093339364091e-01
1.644931786540701000e+15,1.349903093339368532e-01
1.644931786551392000e+15,1.411262324854789529e-01
1.644931786562734000e+15,1.349903093339364091e-01
1.644931786572636000e+15,1.349903093339368532e-01
1.644931786583053000e+15,1.165825398793087775e-01
1.644931786594978000e+15,1.349903093339364091e-01
1.644931786604700000e+15,1.227184630308517654e-01
1.644931786617657000e+15,1.595340019401068066e-01
1.644931786627029000e+15,1.472621556370210527e-01
1.644931786641706000e+15,1.288543861823931991e-01
1.644931786649728000e+15,1.411262324854787309e-01
1.644931786663797000e+15,1.533980787885642627e-01
1.644931786674532000e+15,1.656699250916489063e-01
1.644931786685158000e+15,1.288543861823943093e-01
1.644931786696678000e+15,1.472621556370212748e-01
1.644931786708468000e+15,1.104466167277664557e-01
1.644931786717023000e+15,1.104466167277664557e-01
1.644931786729948000e+15,1.165825398793085554e-01
1.644931786740729000e+15,1.227184630308517654e-01
1.644931786754494000e+15,1.165825398793087775e-01
1.644931786762974000e+15,1.349903093339364091e-01
1.644931786773884000e+15,1.104466167277662336e-01
1.644931786784354000e+15,1.288543861823940873e-01
1.644931786799871000e+15,1.472621556370217188e-01
1.644931786809510000e+15,1.104466167277662336e-01
1.644931786823207000e+15,1.349903093339364091e-01
1.644931786829562000e+15,1.104466167277662336e-01
1.644931786844487000e+15,1.595340019401068066e-01
1.644931786856736000e+15,1.411262324854789529e-01
1.644931786868193000e+15,1.227184630308515434e-01
1.644931786877660000e+15,1.227184630308517654e-01
1.644931786889771000e+15,1.533980787885642627e-01
1.644931786898800000e+15,1.165825398793094436e-01
1.644931786912017000e+15,1.472621556370217188e-01
1.644931786922443000e+15,1.595340019401065845e-01
1.644931786935491000e+15,1.718058482431921163e-01
1.644931786949127000e+15,1.595340019401065845e-01
1.644931786958258000e+15,1.656699250916497945e-01
1.644931786967266000e+15,1.411262324854796191e-01
1.644931786983670000e+15,1.411262324854789529e-01
1.644931786995550000e+15,1.043106935762239118e-01
1.644931787005829000e+15,1.411262324854789529e-01
1.644931787018838000e+15,1.227184630308508773e-01
1.644931787029958000e+15,1.024699166307608822e+00
1.644931787044151000e+15,1.030835089459150922e+00
1.644931800361963000e+15,2.822524649709583500e-01
1.644931800378520000e+15,2.761165418194160281e-01
1.644931800387287000e+15,2.822524649709583500e-01
1.644931800397225000e+15,3.006602344255853154e-01
1.644931800407200000e+15,3.006602344255853154e-01
1.644931800417741000e+15,2.883883881225006718e-01
1.644931800433249000e+15,2.883883881225006718e-01
1.644931800445176000e+15,3.006602344255853154e-01
1.644931800452901000e+15,2.699806186678728182e-01
1.644931800466600000e+15,2.822524649709574618e-01
1.644931800475169000e+15,3.067961575771285254e-01
1.644931800487392000e+15,2.761165418194151400e-01
1.644931800497055000e+15,2.945243112740429936e-01
1.644931800512189000e+15,2.393010029101603209e-01
1.644931800523719000e+15,2.699806186678728182e-01
1.644931800535229000e+15,3.252039270317554909e-01
1.644931800541565000e+15,2.945243112740429936e-01
1.644931800557010000e+15,3.067961575771285254e-01
1.644931800565150000e+15,3.006602344255853154e-01
1.644931800575209000e+15,3.006602344255864256e-01
1.644931800589998000e+15,2.822524649709583500e-01
1.644931800596949000e+15,2.883883881225008938e-01
1.644931800611076000e+15,3.006602344255853154e-01
1.644931800624867000e+15,2.945243112740432156e-01
1.644931800635088000e+15,3.374757733348405786e-01
1.644931800644041000e+15,3.067961575771276372e-01
1.644931800655771000e+15,3.129320807286706252e-01
1.644931800668266000e+15,3.374757733348410227e-01
1.644931800677474000e+15,2.638446955163296082e-01
1.644931800688800000e+15,3.190680038802140572e-01
1.644931800702068000e+15,3.129320807286708472e-01
1.644931800710665000e+15,3.129320807286712913e-01
1.644931800723482000e+15,2.883883881225008938e-01
1.644931800736171000e+15,3.006602344255853154e-01
1.644931800747573000e+15,3.006602344255864256e-01
1.644931800758167000e+15,3.129320807286712913e-01
1.644931800768939000e+15,2.945243112740429936e-01
1.644931800781674000e+15,3.129320807286708472e-01
1.644931800792514000e+15,2.945243112740434377e-01
1.644931800806081000e+15,2.945243112740434377e-01
1.644931800812464000e+15,2.945243112740432156e-01
1.644931800828073000e+15,3.129320807286706252e-01
1.644931800838689000e+15,2.883883881225006718e-01
1.644931800848715000e+15,3.067961575771285254e-01
1.644931800857459000e+15,2.883883881225008938e-01
1.644931800871697000e+15,3.067961575771276372e-01
1.644931800882498000e+15,2.945243112740434377e-01
1.644931800895519000e+15,2.883883881225006718e-01
1.644931800904378000e+15,3.006602344255866477e-01
1.644931800916929000e+15,3.252039270317550468e-01
1.644931800927432000e+15,3.190680038802131691e-01
1.644931800938052000e+15,3.129320807286712913e-01
1.644931800950422000e+15,3.067961575771280813e-01
1.644931800960611000e+15,2.945243112740438818e-01
1.644931800973675000e+15,3.190680038802145013e-01
1.644931800984516000e+15,3.129320807286708472e-01
1.644931800994392000e+15,2.699806186678728182e-01
1.644931801009954000e+15,2.883883881225006718e-01
1.644931801020124000e+15,3.067961575771276372e-01
1.644931801030505000e+15,3.252039270317570452e-01
1.644931801039395000e+15,3.129320807286708472e-01
1.644931801054262000e+15,3.190680038802131691e-01
1.644931801066075000e+15,3.190680038802133911e-01
1.644931801074403000e+15,3.006602344255866477e-01
1.644931801084389000e+15,2.822524649709585720e-01
1.644931801099917000e+15,3.252039270317563791e-01
1.644931801106322000e+15,3.067961575771276372e-01
1.644931801118277000e+15,3.252039270317570452e-01
1.644931801132997000e+15,3.313398501832989229e-01
1.644931801145039000e+15,2.761165418194162502e-01
1.644931801154571000e+15,3.190680038802145013e-01
1.644931801166104000e+15,2.945243112740425495e-01
1.644931801174028000e+15,3.252039270317554909e-01
1.644931801184751000e+15,3.006602344255853154e-01
1.644931801201564000e+15,2.822524649709590161e-01
1.644931801209752000e+15,3.497476196379272206e-01
1.644931801222695000e+15,3.374757733348405786e-01
1.644931801232166000e+15,3.129320807286706252e-01
1.644931801243006000e+15,3.067961575771291916e-01
1.644931801252402000e+15,3.129320807286708472e-01
1.644931801266698000e+15,3.190680038802133911e-01
1.644931801277011000e+15,3.374757733348410227e-01
1.644931801285152000e+15,3.252039270317557129e-01
1.644931801301293000e+15,3.067961575771287475e-01
1.644931801311224000e+15,2.822524649709581279e-01
1.644931801322396000e+15,3.190680038802129470e-01
1.644931801334020000e+15,3.252039270317557129e-01
1.644931801345600000e+15,3.129320807286710693e-01
1.644931801351904000e+15,3.067961575771278593e-01
1.644931801362863000e+15,3.006602344255859816e-01
1.644931801377420000e+15,2.822524649709590161e-01
1.644931801386012000e+15,2.883883881225013379e-01
1.644931801397598000e+15,3.190680038802131691e-01
1.644931801412809000e+15,3.129320807286710693e-01
1.644931801420980000e+15,3.252039270317554909e-01
1.644931801434365000e+15,3.313398501832984788e-01
1.644931801443920000e+15,3.129320807286715134e-01
1.644931801453462000e+15,3.252039270317557129e-01
1.644931801466350000e+15,2.945243112740434377e-01
1.644931801478707000e+15,3.067961575771283034e-01
1.644931801486032000e+15,3.252039270317570452e-01
1.644931801498476000e+15,3.252039270317570452e-01
1.644931801512521000e+15,3.252039270317566011e-01
1.644931801519031000e+15,3.252039270317557129e-01
1.644931801534871000e+15,2.883883881224997836e-01
1.644931801544798000e+15,3.006602344255864256e-01
1.644931801556256000e+15,3.006602344255864256e-01
1.644931801566085000e+15,3.313398501832989229e-01
1.644931801577753000e+15,3.006602344255855375e-01
1.644931801588811000e+15,3.190680038802129470e-01
1.644931801599837000e+15,3.006602344255864256e-01
1.644931801609797000e+15,3.129320807286706252e-01
1.644931801625003000e+15,3.313398501832989229e-01
1.644931801632253000e+15,3.190680038802138352e-01
1.644931801642227000e+15,3.190680038802138352e-01
1.644931801653392000e+15,3.067961575771289695e-01
1.644931801664674000e+15,2.883883881225015600e-01
1.644931801677219000e+15,2.761165418194146959e-01
1.644931801685921000e+15,3.067961575771291916e-01
1.644931801697127000e+15,3.006602344255857595e-01
1.644931801713041000e+15,3.129320807286706252e-01
1.644931801720899000e+15,3.067961575771276372e-01
1.644931801733248000e+15,3.129320807286706252e-01
1.644931801746261000e+15,3.313398501832978127e-01
1.644931801758470000e+15,3.006602344255864256e-01
1.644931801768146000e+15,3.313398501832984788e-01
1.644931801778096000e+15,3.006602344255864256e-01
1.644931801788193000e+15,2.945243112740425495e-01
1.644931801798579000e+15,2.945243112740425495e-01
1.644931801814735000e+15,3.129320807286712913e-01
1.644931801824436000e+15,3.067961575771276372e-01
1.644931801835041000e+15,3.252039270317554909e-01
1.644931801846112000e+15,3.190680038802136131e-01
1.644931801856622000e+15,2.822524649709581279e-01
1.644931801870265000e+15,3.067961575771283034e-01
1.644931801878610000e+15,3.190680038802142793e-01
1.644931801890975000e+15,3.129320807286712913e-01
1.644931801902395000e+15,3.006602344255850934e-01
1.644931801910472000e+15,3.313398501832978127e-01
1.644931801926397000e+15,3.497476196379261104e-01
1.644931801935189000e+15,3.006602344255855375e-01
1.644931801946131000e+15,2.945243112740429936e-01
1.644931801955334000e+15,2.761165418194149179e-01
1.644931801967043000e+15,3.067961575771280813e-01
1.644931801977719000e+15,3.374757733348414668e-01
1.644931801992590000e+15,3.252039270317554909e-01
1.644931802002728000e+15,3.006602344255864256e-01
1.644931802010360000e+15,3.313398501832978127e-01
1.644931802021862000e+15,3.129320807286712913e-01
1.644931802033581000e+15,3.129320807286706252e-01
1.644931802046470000e+15,3.374757733348408006e-01
1.644931802057968000e+15,3.313398501832991450e-01
1.644931802070213000e+15,3.006602344255850934e-01
1.644931802079394000e+15,3.252039270317566011e-01
1.644931802093829000e+15,3.190680038802127250e-01
1.644931802104204000e+15,3.006602344255855375e-01
1.644931802116819000e+15,3.497476196379261104e-01
1.644931802128940000e+15,3.436116964863833445e-01
1.644931802137765000e+15,3.129320807286710693e-01
1.644931802145904000e+15,3.313398501832984788e-01
1.644931802157157000e+15,3.374757733348416888e-01
1.644931802171080000e+15,3.313398501832984788e-01
1.644931802183091000e+15,3.129320807286710693e-01
1.644931802193017000e+15,3.190680038802138352e-01
1.644931802205571000e+15,3.374757733348408006e-01
1.644931802214265000e+15,3.252039270317561570e-01
1.644931802226605000e+15,3.067961575771287475e-01
1.644931802234398000e+15,1.245592399763141511e+00
1.644931815562443000e+15,4.233786974564370809e-01
1.644931815576130000e+15,4.417864669110640463e-01
1.644931815589411000e+15,4.417864669110653786e-01
1.644931815598351000e+15,4.172427743048943150e-01
1.644931815611126000e+15,4.417864669110640463e-01
1.644931815622338000e+15,4.417864669110644904e-01
1.644931815632349000e+15,4.601942363656914559e-01
1.644931815645425000e+15,4.540583132141495781e-01
1.644931815655203000e+15,4.417864669110644904e-01
1.644931815668317000e+15,4.417864669110644904e-01
1.644931815681578000e+15,4.417864669110640463e-01
1.644931815693594000e+15,4.417864669110640463e-01
1.644931815700150000e+15,4.295146206079794027e-01
1.644931815715389000e+15,4.295146206079789586e-01
1.644931815725755000e+15,4.417864669110640463e-01
1.644931815739543000e+15,4.356505437595226127e-01
1.644931815749439000e+15,4.601942363656918999e-01
1.644931815756742000e+15,4.479223900626068122e-01
1.644931815772824000e+15,4.601942363656932322e-01
1.644931815780331000e+15,4.295146206079789586e-01
1.644931815794468000e+15,4.295146206079789586e-01
1.644931815804571000e+15,4.172427743048938709e-01
1.644931815813648000e+15,4.295146206079794027e-01
1.644931815827081000e+15,4.479223900626068122e-01
1.644931815837906000e+15,4.479223900626068122e-01
1.644931815849373000e+15,4.295146206079794027e-01
1.644931815857892000e+15,4.356505437595230568e-01
1.644931815876126000e+15,4.233786974564366368e-01
1.644931815888323000e+15,4.417864669110658227e-01
1.644931815897162000e+15,4.540583132141509104e-01
1.644931815908416000e+15,4.295146206079789586e-01
1.644931815917702000e+15,4.601942363656932322e-01
1.644931815932679000e+15,4.601942363656918999e-01
1.644931815943091000e+15,4.417864669110644904e-01
1.644931815950281000e+15,4.356505437595217245e-01
1.644931815965782000e+15,4.295146206079807349e-01
1.644931815972804000e+15,4.356505437595217245e-01
1.644931815986636000e+15,4.356505437595217245e-01
1.644931815997722000e+15,4.417864669110658227e-01
1.644931816008781000e+15,4.356505437595217245e-01
1.644931816021051000e+15,4.111068511533515490e-01
1.644931816030208000e+15,4.356505437595230568e-01
1.644931816045522000e+15,4.479223900626068122e-01
1.644931816055800000e+15,4.417864669110658227e-01
1.644931816070786000e+15,4.540583132141491340e-01
1.644931816078415000e+15,4.663301595172346659e-01
1.644931816092051000e+15,4.540583132141500222e-01
1.644931816104032000e+15,4.724660826687774318e-01
1.644931816115639000e+15,4.417864669110658227e-01
1.644931816126522000e+15,4.479223900626081445e-01
1.644931816135615000e+15,4.417864669110658227e-01
1.644931816149672000e+15,4.479223900626081445e-01
1.644931816160046000e+15,4.601942363656923440e-01
1.644931816173860000e+15,4.417864669110649345e-01
1.644931816183935000e+15,4.417864669110640463e-01
1.644931816194539000e+15,4.356505437595217245e-01
1.644931816208107000e+15,4.479223900626081445e-01
1.644931816218735000e+15,4.356505437595217245e-01
1.644931816228666000e+15,4.601942363656923440e-01
1.644931816244367000e+15,4.295146206079789586e-01
1.644931816255721000e+15,4.417864669110649345e-01
1.644931816264089000e+15,4.540583132141500222e-01
1.644931816278258000e+15,4.479223900626072563e-01
1.644931816284564000e+15,4.601942363656923440e-01
1.644931816299864000e+15,4.172427743048938709e-01
1.644931816312592000e+15,4.663301595172351099e-01
1.644931816323675000e+15,4.540583132141500222e-01
1.644931816334083000e+15,4.663301595172342218e-01
1.644931816343841000e+15,4.601942363656918999e-01
1.644931816356206000e+15,4.540583132141495781e-01
1.644931816365623000e+15,4.479223900626072563e-01
1.644931816379763000e+15,4.540583132141500222e-01
1.644931816389039000e+15,4.479223900626072563e-01
1.644931816403119000e+15,4.601942363656918999e-01
1.644931816413889000e+15,4.417864669110644904e-01
1.644931816425548000e+15,4.786020058203201977e-01
1.644931816433461000e+15,4.479223900626072563e-01
1.644931816446483000e+15,4.601942363656918999e-01
1.644931816459946000e+15,4.601942363656923440e-01
1.644931816471413000e+15,4.479223900626077004e-01
1.644931816484948000e+15,3.988350048502669054e-01
1.644931816491734000e+15,4.724660826687774318e-01
1.644931816505833000e+15,4.540583132141491340e-01
1.644931816517352000e+15,4.601942363656927881e-01
1.644931816531148000e+15,4.479223900626072563e-01
1.644931816542734000e+15,4.540583132141491340e-01
1.644931816551644000e+15,4.786020058203201977e-01
1.644931816562326000e+15,4.356505437595226127e-01
1.644931816576609000e+15,4.663301595172346659e-01
1.644931816584338000e+15,4.479223900626072563e-01
1.644931816598435000e+15,4.663301595172355540e-01
1.644931816608508000e+15,4.786020058203206418e-01
1.644931816617282000e+15,4.847379289718625195e-01
1.644931816632466000e+15,4.663301595172346659e-01
1.644931816641020000e+15,4.479223900626068122e-01
1.644931816652484000e+15,4.540583132141500222e-01
1.644931816668850000e+15,4.417864669110636022e-01
1.644931816681980000e+15,4.295146206079794027e-01
1.644931816690835000e+15,4.663301595172351099e-01
1.644931816705886000e+15,4.233786974564366368e-01
1.644931816718815000e+15,4.233786974564366368e-01
1.644931816728836000e+15,4.295146206079789586e-01
1.644931816738220000e+15,4.417864669110636022e-01
1.644931816748668000e+15,4.172427743048938709e-01
1.644931816763999000e+15,4.540583132141500222e-01
1.644931816776638000e+15,4.295146206079789586e-01
1.644931816784640000e+15,4.479223900626068122e-01
1.644931816794193000e+15,4.356505437595208363e-01
1.644931816806533000e+15,4.233786974564370809e-01
1.644931816817235000e+15,4.847379289718629636e-01
1.644931816831634000e+15,4.233786974564370809e-01
1.644931816843302000e+15,4.601942363656918999e-01
1.644931816855346000e+15,4.479223900626068122e-01
1.644931816861156000e+15,4.479223900626072563e-01
1.644931816875381000e+15,4.417864669110636022e-01
1.644931816887158000e+15,4.233786974564361927e-01
1.644931816900194000e+15,4.233786974564366368e-01
1.644931816907795000e+15,4.540583132141495781e-01
1.644931816921256000e+15,4.479223900626068122e-01
1.644931816931732000e+15,4.233786974564366368e-01
1.644931816941675000e+15,4.295146206079789586e-01
1.644931816956181000e+15,4.172427743048947590e-01
1.644931816968416000e+15,4.479223900626072563e-01
1.644931816978193000e+15,4.479223900626072563e-01
1.644931816985682000e+15,4.601942363656918999e-01
1.644931817000682000e+15,4.479223900626072563e-01
1.644931817012389000e+15,4.356505437595221686e-01
1.644931817019126000e+15,4.417864669110644904e-01
1.644931817032533000e+15,4.172427743048938709e-01
1.644931817044607000e+15,4.111068511533519931e-01
1.644931817056347000e+15,4.295146206079798468e-01
1.644931817067107000e+15,4.356505437595226127e-01
1.644931817077147000e+15,4.601942363656918999e-01
1.644931817090803000e+15,4.172427743048943150e-01
1.644931817101053000e+15,4.295146206079794027e-01
1.644931817115043000e+15,4.479223900626072563e-01
1.644931817125321000e+15,4.295146206079798468e-01
1.644931817137663000e+15,4.356505437595221686e-01
1.644931817147605000e+15,4.601942363656914559e-01
1.644931817158118000e+15,4.233786974564370809e-01
1.644931817173143000e+15,4.479223900626068122e-01
1.644931817181753000e+15,4.111068511533519931e-01
1.644931817192391000e+15,4.172427743048938709e-01
1.644931817207053000e+15,4.479223900626072563e-01
1.644931817217518000e+15,4.295146206079794027e-01
1.644931817229542000e+15,4.540583132141504663e-01
1.644931817240180000e+15,4.295146206079789586e-01
1.644931817250031000e+15,4.172427743048947590e-01
1.644931817263078000e+15,4.356505437595226127e-01
1.644931817270761000e+15,4.172427743048943150e-01
1.644931817284286000e+15,4.233786974564375249e-01
1.644931817297163000e+15,4.295146206079802909e-01
1.644931817306176000e+15,4.172427743048947590e-01
1.644931817319425000e+15,4.295146206079798468e-01
1.644931817329348000e+15,4.172427743048947590e-01
1.644931817342443000e+15,4.540583132141500222e-01
1.644931817352534000e+15,4.417864669110649345e-01
1.644931817360587000e+15,4.417864669110644904e-01
1.644931817372968000e+15,4.172427743048947590e-01
1.644931817383384000e+15,4.172427743048947590e-01
1.644931817397417000e+15,4.295146206079789586e-01
1.644931817410978000e+15,4.233786974564370809e-01
1.644931817423100000e+15,4.111068511533519931e-01
1.644931817435223000e+15,4.172427743048947590e-01
1.644931817442495000e+15,1.079922474671491717e+00
1.644931830749853000e+15,3.620194659410116422e-01
1.644931830760172000e+15,3.681553890925544081e-01
1.644931830771684000e+15,3.742913122440967300e-01
1.644931830781732000e+15,3.742913122440971740e-01
1.644931830795467000e+15,3.742913122440967300e-01
1.644931830806083000e+15,3.681553890925539640e-01
1.644931830816186000e+15,3.804272353956394959e-01
1.644931830828056000e+15,3.620194659410116422e-01
1.644931830838369000e+15,3.497476196379261104e-01
1.644931830851768000e+15,3.681553890925544081e-01
1.644931830863055000e+15,3.681553890925539640e-01
1.644931830874229000e+15,3.558835427894688763e-01
1.644931830886249000e+15,3.988350048502669054e-01
1.644931830896249000e+15,3.804272353956394959e-01
1.644931830907462000e+15,3.742913122440967300e-01
1.644931830917136000e+15,3.804272353956394959e-01
1.644931830928160000e+15,3.742913122440971740e-01
1.644931830941802000e+15,3.620194659410116422e-01
1.644931830953039000e+15,3.742913122440967300e-01
1.644931830964620000e+15,3.681553890925544081e-01
1.644931830972534000e+15,3.558835427894688763e-01
1.644931830987074000e+15,3.681553890925539640e-01
1.644931830995031000e+15,3.865631585471818177e-01
1.644931831005391000e+15,3.681553890925539640e-01
1.644931831018940000e+15,3.558835427894688763e-01
1.644931831030646000e+15,3.865631585471818177e-01
1.644931831038579000e+15,3.681553890925544081e-01
1.644931831052850000e+15,3.620194659410116422e-01
1.644931831062045000e+15,3.865631585471813736e-01
1.644931831072806000e+15,3.558835427894688763e-01
1.644931831084274000e+15,3.681553890925544081e-01
1.644931831094230000e+15,3.742913122440967300e-01
1.644931831104736000e+15,3.620194659410111981e-01
1.644931831116603000e+15,3.620194659410116422e-01
1.644931831130087000e+15,3.497476196379261104e-01
1.644931831141895000e+15,3.742913122440967300e-01
1.644931831152430000e+15,3.742913122440971740e-01
1.644931831161852000e+15,3.620194659410111981e-01
1.644931831171979000e+15,3.620194659410111981e-01
1.644931831187192000e+15,3.742913122440958418e-01
1.644931831197500000e+15,3.681553890925535200e-01
1.644931831209915000e+15,3.681553890925535200e-01
1.644931831216971000e+15,3.742913122440962859e-01
1.644931831227336000e+15,3.620194659410111981e-01
1.644931831242527000e+15,3.620194659410111981e-01
1.644931831249646000e+15,3.620194659410111981e-01
1.644931831262925000e+15,3.681553890925535200e-01
1.644931831272150000e+15,3.497476196379261104e-01
1.644931831285031000e+15,3.497476196379265545e-01
1.644931831295890000e+15,3.620194659410111981e-01
1.644931831311430000e+15,3.681553890925535200e-01
1.644931831318195000e+15,3.374757733348410227e-01
1.644931831329663000e+15,3.620194659410116422e-01
1.644931831343985000e+15,3.558835427894684322e-01
1.644931831354152000e+15,3.804272353956386077e-01
1.644931831361739000e+15,3.681553890925539640e-01
1.644931831373836000e+15,3.436116964863837886e-01
1.644931831389259000e+15,3.865631585471813736e-01
1.644931831400057000e+15,3.742913122440958418e-01
1.644931831409548000e+15,3.804272353956390518e-01
1.644931831423182000e+15,3.497476196379261104e-01
1.644931831431939000e+15,3.742913122440962859e-01
1.644931831442734000e+15,3.681553890925535200e-01
1.644931831453788000e+15,3.620194659410107541e-01
1.644931831466797000e+15,3.681553890925530759e-01
1.644931831473339000e+15,3.558835427894684322e-01
1.644931831488722000e+15,3.558835427894688763e-01
1.644931831496878000e+15,3.620194659410107541e-01
1.644931831505821000e+15,3.804272353956390518e-01
1.644931831519911000e+15,3.436116964863837886e-01
1.644931831533725000e+15,3.497476196379256663e-01
1.644931831542364000e+15,3.620194659410111981e-01
1.644931831553838000e+15,3.681553890925535200e-01
1.644931831563945000e+15,3.558835427894684322e-01
1.644931831576081000e+15,3.497476196379261104e-01
1.644931831584659000e+15,3.558835427894684322e-01
1.644931831598521000e+15,3.681553890925539640e-01
1.644931831609482000e+15,3.681553890925535200e-01
1.644931831619065000e+15,3.681553890925535200e-01
1.644931831630630000e+15,3.681553890925530759e-01
1.644931831642838000e+15,3.804272353956381636e-01
1.644931831651295000e+15,3.742913122440958418e-01
1.644931831665131000e+15,3.558835427894684322e-01
1.644931831678704000e+15,3.865631585471813736e-01
1.644931831686857000e+15,3.742913122440958418e-01
1.644931831698089000e+15,3.436116964863833445e-01
1.644931831710782000e+15,3.681553890925535200e-01
1.644931831717978000e+15,3.742913122440958418e-01
1.644931831731179000e+15,3.620194659410107541e-01
1.644931831744383000e+15,3.681553890925530759e-01
1.644931831756038000e+15,3.681553890925530759e-01
1.644931831763290000e+15,3.558835427894688763e-01
1.644931831775612000e+15,3.620194659410111981e-01
1.644931831786650000e+15,3.865631585471809295e-01
1.644931831797596000e+15,3.620194659410111981e-01
1.644931831811837000e+15,3.436116964863824563e-01
1.644931831821921000e+15,3.742913122440962859e-01
1.644931831830686000e+15,3.497476196379261104e-01
1.644931831843200000e+15,3.558835427894679881e-01
1.644931831854779000e+15,3.497476196379256663e-01
1.644931831864824000e+15,3.497476196379256663e-01
1.644931831875061000e+15,3.558835427894684322e-01
1.644931831889295000e+15,3.558835427894679881e-01
1.644931831899614000e+15,3.804272353956381636e-01
1.644931831909315000e+15,3.620194659410111981e-01
1.644931831917600000e+15,3.804272353956399400e-01
1.644931831932373000e+15,3.497476196379256663e-01
1.644931831943441000e+15,3.681553890925539640e-01
1.644931831958263000e+15,3.620194659410111981e-01
1.644931831965080000e+15,3.620194659410111981e-01
1.644931831980401000e+15,3.681553890925539640e-01
1.644931831990989000e+15,3.742913122440971740e-01
1.644931832001748000e+15,3.742913122440958418e-01
1.644931832008980000e+15,3.374757733348410227e-01
1.644931832020211000e+15,3.558835427894675441e-01
1.644931832035740000e+15,3.374757733348401345e-01
1.644931832043041000e+15,3.620194659410111981e-01
1.644931832058253000e+15,3.742913122440958418e-01
1.644931832067765000e+15,3.436116964863837886e-01
1.644931832077617000e+15,3.497476196379256663e-01
1.644931832089917000e+15,3.497476196379256663e-01
1.644931832101837000e+15,3.497476196379256663e-01
1.644931832113492000e+15,3.497476196379256663e-01
1.644931832125345000e+15,3.681553890925539640e-01
1.644931832132629000e+15,3.497476196379256663e-01
1.644931832144317000e+15,3.436116964863824563e-01
1.644931832156922000e+15,3.436116964863824563e-01
1.644931832166864000e+15,3.681553890925530759e-01
1.644931832177472000e+15,3.252039270317554909e-01
1.644931832190946000e+15,3.620194659410107541e-01
1.644931832202580000e+15,3.374757733348401345e-01
1.644931832215009000e+15,3.681553890925539640e-01
1.644931832222766000e+15,3.558835427894684322e-01
1.644931832233800000e+15,3.620194659410111981e-01
1.644931832250386000e+15,3.497476196379256663e-01
1.644931832260800000e+15,3.313398501832987009e-01
1.644931832270500000e+15,3.497476196379256663e-01
1.644931832279023000e+15,3.436116964863829004e-01
1.644931832294285000e+15,3.436116964863837886e-01
1.644931832301050000e+15,3.742913122440962859e-01
1.644931832313974000e+15,3.436116964863829004e-01
1.644931832327544000e+15,3.252039270317563791e-01
1.644931832338609000e+15,3.620194659410111981e-01
1.644931832347051000e+15,3.374757733348410227e-01
1.644931832361035000e+15,3.313398501832978127e-01
1.644931832368970000e+15,3.374757733348405786e-01
1.644931832383033000e+15,3.374757733348401345e-01
1.644931832396509000e+15,3.620194659410107541e-01
1.644931832405563000e+15,3.497476196379261104e-01
1.644931832416819000e+15,3.558835427894697645e-01
1.644931832427425000e+15,3.313398501832987009e-01
1.644931832440137000e+15,3.436116964863829004e-01
1.644931832447430000e+15,3.436116964863837886e-01
1.644931832462239000e+15,3.313398501832982568e-01
1.644931832470861000e+15,3.436116964863829004e-01
1.644931832484766000e+15,3.436116964863829004e-01
1.644931832494036000e+15,3.436116964863837886e-01
1.644931832503254000e+15,3.497476196379256663e-01
1.644931832518589000e+15,3.436116964863837886e-01
1.644931832529808000e+15,3.436116964863837886e-01
1.644931832541698000e+15,3.313398501832987009e-01
1.644931832549767000e+15,3.681553890925530759e-01
1.644931832559318000e+15,3.436116964863829004e-01
1.644931832575352000e+15,3.252039270317563791e-01
1.644931832582397000e+15,3.374757733348410227e-01
1.644931832597064000e+15,3.313398501832982568e-01
1.644931832606997000e+15,3.374757733348410227e-01
1.644931832618944000e+15,3.436116964863829004e-01
1.644931832627780000e+15,8.467573949128732735e-01
1.644931832638361000e+15,8.651651643675011272e-01
1.644931845952255000e+15,2.761165418194142518e-01
1.644931845966816000e+15,2.577087723647881745e-01
1.644931845971994000e+15,2.945243112740421054e-01
1.644931845988184000e+15,2.761165418194142518e-01
1.644931845995404000e+15,2.883883881224997836e-01
1.644931846010701000e+15,2.822524649709574618e-01
1.644931846021693000e+15,2.822524649709574618e-01
1.644931846032111000e+15,2.638446955163304963e-01
1.644931846044249000e+15,2.761165418194169163e-01
1.644931846051999000e+15,2.699806186678719300e-01
1.644931846063901000e+15,3.067961575771285254e-01
1.644931846076678000e+15,2.761165418194151400e-01
1.644931846090505000e+15,2.822524649709574618e-01
1.644931846096947000e+15,2.883883881225015600e-01
1.644931846109631000e+15,2.822524649709574618e-01
1.644931846120895000e+15,2.761165418194142518e-01
1.644931846131658000e+15,2.822524649709574618e-01
1.644931846146221000e+15,2.577087723647881745e-01
1.644931846155257000e+15,2.699806186678728182e-01
1.644931846166691000e+15,2.945243112740421054e-01
1.644931846174410000e+15,2.761165418194169163e-01
1.644931846186115000e+15,2.883883881225015600e-01
1.644931846201705000e+15,2.699806186678719300e-01
1.644931846212914000e+15,2.761165418194151400e-01
1.644931846222686000e+15,2.883883881225015600e-01
1.644931846233486000e+15,2.761165418194142518e-01
1.644931846240452000e+15,2.761165418194169163e-01
1.644931846252177000e+15,2.638446955163296082e-01
1.644931846262422000e+15,2.699806186678728182e-01
1.644931846276612000e+15,2.822524649709592381e-01
1.644931846286982000e+15,2.761165418194169163e-01
1.644931846296313000e+15,2.761165418194169163e-01
1.644931846311401000e+15,2.883883881225006718e-01
1.644931846324612000e+15,2.822524649709592381e-01
1.644931846330022000e+15,2.699806186678719300e-01
1.644931846346765000e+15,2.822524649709583500e-01
1.644931846352189000e+15,2.761165418194169163e-01
1.644931846365935000e+15,2.638446955163296082e-01
1.644931846379785000e+15,2.699806186678737063e-01
1.644931846389497000e+15,2.761165418194142518e-01
1.644931846402344000e+15,2.761165418194151400e-01
1.644931846410684000e+15,2.945243112740421054e-01
1.644931846421049000e+15,2.699806186678719300e-01
1.644931846435156000e+15,2.761165418194169163e-01
1.644931846447603000e+15,2.822524649709583500e-01
1.644931846460068000e+15,2.761165418194142518e-01
1.644931846468622000e+15,2.699806186678728182e-01
1.644931846476502000e+15,2.883883881225006718e-01
1.644931846488716000e+15,2.761165418194151400e-01
1.644931846500838000e+15,2.515728492132440763e-01
1.644931846511119000e+15,2.699806186678728182e-01
1.644931846525002000e+15,2.638446955163313845e-01
1.644931846535843000e+15,2.945243112740447700e-01
1.644931846547651000e+15,2.761165418194142518e-01
1.644931846560177000e+15,2.761165418194142518e-01
1.644931846569258000e+15,2.822524649709592381e-01
1.644931846580847000e+15,2.761165418194142518e-01
1.644931846592908000e+15,2.945243112740447700e-01
1.644931846606734000e+15,2.822524649709565736e-01
1.644931846617824000e+15,2.699806186678728182e-01
1.644931846626637000e+15,2.761165418194151400e-01
1.644931846640831000e+15,2.761165418194151400e-01
1.644931846651520000e+15,2.638446955163313845e-01
1.644931846662490000e+15,2.515728492132440763e-01
1.644931846672788000e+15,2.822524649709565736e-01
1.644931846683651000e+15,2.577087723647863982e-01
1.644931846692612000e+15,2.699806186678728182e-01
1.644931846705318000e+15,2.699806186678728182e-01
1.644931846717864000e+15,2.822524649709592381e-01
1.644931846729754000e+15,2.761165418194142518e-01
1.644931846738149000e+15,2.761165418194169163e-01
1.644931846747799000e+15,2.761165418194169163e-01
1.644931846763671000e+15,2.822524649709565736e-01
1.644931846772732000e+15,2.638446955163304963e-01
1.644931846781061000e+15,2.761165418194169163e-01
1.644931846795139000e+15,2.761165418194151400e-01
1.644931846807676000e+15,2.761165418194169163e-01
1.644931846814470000e+15,2.883883881225015600e-01
1.644931846829359000e+15,2.699806186678719300e-01
1.644931846836895000e+15,2.822524649709592381e-01
1.644931846847082000e+15,2.761165418194142518e-01
1.644931846862759000e+15,2.945243112740429936e-01
1.644931846872888000e+15,2.638446955163278318e-01
1.644931846882737000e+15,2.638446955163304963e-01
1.644931846894329000e+15,2.761165418194142518e-01
1.644931846909158000e+15,2.822524649709592381e-01
1.644931846923390000e+15,2.699806186678728182e-01
1.644931846932734000e+15,2.761165418194151400e-01
1.644931846944217000e+15,2.761165418194169163e-01
1.644931846953933000e+15,2.822524649709565736e-01
1.644931846962855000e+15,2.699806186678728182e-01
1.644931846977222000e+15,2.761165418194151400e-01
1.644931846985626000e+15,2.577087723647863982e-01
1.644931846999794000e+15,2.761165418194142518e-01
1.644931847009868000e+15,2.638446955163278318e-01
1.644931847019207000e+15,2.699806186678728182e-01
1.644931847034175000e+15,2.822524649709574618e-01
1.644931847044331000e+15,2.515728492132449645e-01
1.644931847055768000e+15,2.699806186678737063e-01
1.644931847067455000e+15,2.822524649709574618e-01
1.644931847073978000e+15,2.761165418194151400e-01
1.644931847089680000e+15,2.822524649709565736e-01
1.644931847099795000e+15,2.761165418194160281e-01
1.644931847112361000e+15,2.699806186678737063e-01
1.644931847123425000e+15,2.699806186678737063e-01
1.644931847131574000e+15,2.822524649709574618e-01
1.644931847141147000e+15,2.822524649709574618e-01
1.644931847155274000e+15,3.067961575771285254e-01
1.644931847165614000e+15,2.761165418194151400e-01
1.644931847178281000e+15,2.577087723647899509e-01
1.644931847187417000e+15,2.822524649709565736e-01
1.644931847198148000e+15,2.761165418194151400e-01
1.644931847219384000e+15,2.822524649709574618e-01
1.644931847228113000e+15,2.761165418194151400e-01
1.644931847241903000e+15,2.638446955163322727e-01
1.644931847251991000e+15,2.883883881225006718e-01
1.644931847264432000e+15,2.638446955163296082e-01
1.644931847274632000e+15,2.699806186678737063e-01
1.644931847286662000e+15,2.883883881225006718e-01
1.644931847296861000e+15,2.761165418194151400e-01
1.644931847304963000e+15,2.638446955163296082e-01
1.644931847314791000e+15,2.699806186678737063e-01
1.644931847331157000e+15,2.761165418194151400e-01
1.644931847338243000e+15,2.822524649709592381e-01
1.644931847350815000e+15,2.699806186678719300e-01
1.644931847365764000e+15,2.761165418194160281e-01
1.644931847374342000e+15,2.577087723647863982e-01
1.644931847385218000e+15,2.699806186678737063e-01
1.644931847395021000e+15,2.699806186678737063e-01
1.644931847403933000e+15,2.761165418194160281e-01
1.644931847418670000e+15,2.761165418194160281e-01
1.644931847431454000e+15,2.822524649709583500e-01
1.644931847439838000e+15,2.945243112740421054e-01
1.644931847450101000e+15,2.822524649709592381e-01
1.644931847463794000e+15,2.761165418194151400e-01
1.644931847475518000e+15,2.761165418194160281e-01
1.644931847484695000e+15,2.699806186678719300e-01
1.644931847494457000e+15,2.699806186678719300e-01
1.644931847508117000e+15,2.577087723647881745e-01
1.644931847518240000e+15,2.761165418194151400e-01
1.644931847531232000e+15,2.822524649709592381e-01
1.644931847539028000e+15,2.699806186678719300e-01
1.644931847551919000e+15,2.822524649709592381e-01
1.644931847563997000e+15,2.883883881225015600e-01
1.644931847575779000e+15,2.638446955163304963e-01
1.644931847587519000e+15,2.515728492132449645e-01
1.644931847596521000e+15,2.761165418194160281e-01
1.644931847606551000e+15,2.761165418194151400e-01
1.644931847616992000e+15,2.883883881224997836e-01
1.644931847629566000e+15,2.699806186678719300e-01
1.644931847643079000e+15,2.822524649709583500e-01
1.644931847651045000e+15,2.761165418194151400e-01
1.644931847666014000e+15,2.761165418194151400e-01
1.644931847675052000e+15,2.822524649709574618e-01
1.644931847687570000e+15,2.577087723647881745e-01
1.644931847698991000e+15,2.699806186678719300e-01
1.644931847709945000e+15,2.638446955163304963e-01
1.644931847722545000e+15,2.761165418194160281e-01
1.644931847729779000e+15,2.699806186678728182e-01
1.644931847745189000e+15,2.699806186678737063e-01
1.644931847751686000e+15,2.638446955163304963e-01
1.644931847767617000e+15,2.699806186678728182e-01
1.644931847777730000e+15,2.761165418194151400e-01
1.644931847788530000e+15,2.699806186678728182e-01
1.644931847796429000e+15,2.822524649709574618e-01
1.644931847809701000e+15,2.699806186678728182e-01
1.644931847817815000e+15,6.810874698212243672e-01
1.644931847833235000e+15,6.872233929727666890e-01
1.644931861154569000e+15,2.331650797586162227e-01
1.644931861167591000e+15,2.454369260617026427e-01
1.644931861179199000e+15,2.331650797586162227e-01
1.644931861189850000e+15,2.699806186678719300e-01
1.644931861201732000e+15,2.270291566070756772e-01
1.644931861209621000e+15,2.331650797586179991e-01
1.644931861223254000e+15,2.331650797586179991e-01
1.644931861230817000e+15,2.454369260617026427e-01
1.644931861245602000e+15,2.086213871524469354e-01
1.644931861257240000e+15,2.208932334555315791e-01
1.644931861265104000e+15,2.331650797586162227e-01
1.644931861281286000e+15,2.515728492132458527e-01
1.644931861291391000e+15,2.331650797586179991e-01
1.644931861301577000e+15,2.331650797586179991e-01
1.644931861308916000e+15,2.577087723647872863e-01
1.644931861320145000e+15,2.331650797586162227e-01
1.644931861333547000e+15,2.270291566070739009e-01
1.644931861346798000e+15,2.270291566070739009e-01
1.644931861354994000e+15,2.331650797586179991e-01
1.644931861368829000e+15,2.208932334555333554e-01
1.644931861380010000e+15,2.331650797586179991e-01
1.644931861388790000e+15,2.638446955163287200e-01
1.644931861402367000e+15,2.270291566070756772e-01
1.644931861410321000e+15,2.270291566070756772e-01
1.644931861422428000e+15,2.270291566070756772e-01
1.644931861436742000e+15,2.208932334555333554e-01
1.644931861446826000e+15,2.208932334555333554e-01
1.644931861456541000e+15,2.393010029101585445e-01
1.644931861468336000e+15,2.147573103039883691e-01
1.644931861481824000e+15,2.208932334555333554e-01
1.644931861491823000e+15,2.393010029101603209e-01
1.644931861503932000e+15,2.270291566070756772e-01
1.644931861512549000e+15,2.208932334555333554e-01
1.644931861525065000e+15,2.331650797586179991e-01
1.644931861538015000e+15,2.270291566070756772e-01
1.644931861547104000e+15,2.208932334555333554e-01
1.644931861559442000e+15,2.331650797586162227e-01
1.644931861569371000e+15,2.331650797586162227e-01
1.644931861581016000e+15,2.331650797586179991e-01
1.644931861593337000e+15,2.270291566070739009e-01
1.644931861602317000e+15,2.208932334555333554e-01
1.644931861615785000e+15,1.902136176978199700e-01
1.644931861623412000e+15,2.147573103039910336e-01
1.644931861636444000e+15,2.393010029101612091e-01
1.644931861647049000e+15,2.208932334555324672e-01
1.644931861660944000e+15,2.331650797586171109e-01
1.644931861671016000e+15,2.208932334555333554e-01
1.644931861680400000e+15,2.208932334555306909e-01
1.644931861692549000e+15,2.331650797586171109e-01
1.644931861702377000e+15,2.393010029101585445e-01
1.644931861715276000e+15,1.902136176978199700e-01
1.644931861728435000e+15,2.270291566070756772e-01
1.644931861736473000e+15,2.331650797586179991e-01
1.644931861750284000e+15,2.393010029101612091e-01
1.644931861756805000e+15,2.270291566070756772e-01
1.644931861770571000e+15,2.147573103039892572e-01
1.644931861781094000e+15,2.024854640009037254e-01
1.644931861794640000e+15,2.024854640009037254e-01
1.644931861805413000e+15,2.086213871524460473e-01
1.644931861816968000e+15,2.147573103039892572e-01
1.644931861824233000e+15,2.147573103039892572e-01
1.644931861837480000e+15,2.331650797586171109e-01
1.644931861848757000e+15,2.208932334555306909e-01
1.644931861858913000e+15,2.147573103039892572e-01
1.644931861873933000e+15,2.147573103039892572e-01
1.644931861884438000e+15,2.270291566070739009e-01
1.644931861892542000e+15,2.086213871524460473e-01
1.644931861908458000e+15,2.331650797586171109e-01
1.644931861919619000e+15,1.840776945462758718e-01
1.644931861926936000e+15,2.208932334555306909e-01
1.644931861940545000e+15,2.577087723647881745e-01
1.644931861948171000e+15,2.147573103039883691e-01
1.644931861964041000e+15,2.331650797586171109e-01
1.644931861972670000e+15,2.393010029101603209e-01
1.644931861983920000e+15,2.147573103039892572e-01
1.644931861997214000e+15,2.024854640009037254e-01
1.644931862005825000e+15,1.963495408493614036e-01
1.644931862019094000e+15,2.208932334555324672e-01
1.644931862028738000e+15,1.963495408493605154e-01
1.644931862039094000e+15,1.902136176978181936e-01
1.644931862053983000e+15,2.024854640009037254e-01
1.644931862061410000e+15,2.147573103039892572e-01
1.644931862076654000e+15,1.963495408493605154e-01
1.644931862087620000e+15,2.147573103039883691e-01
1.644931862096855000e+15,1.963495408493605154e-01
1.644931862107505000e+15,2.147573103039883691e-01
1.644931862116029000e+15,1.902136176978181936e-01
1.644931862130165000e+15,2.086213871524460473e-01
1.644931862143967000e+15,2.208932334555306909e-01
1.644931862153780000e+15,2.147573103039892572e-01
1.644931862163334000e+15,2.086213871524460473e-01
1.644931862172576000e+15,2.270291566070739009e-01
1.644931862184841000e+15,2.024854640009037254e-01
1.644931862197223000e+15,2.454369260617017545e-01
1.644931862208569000e+15,2.208932334555324672e-01
1.644931862217810000e+15,1.963495408493614036e-01
1.644931862231650000e+15,2.270291566070739009e-01
1.644931862241996000e+15,2.147573103039892572e-01
1.644931862253562000e+15,2.208932334555315791e-01
1.644931862261331000e+15,2.024854640009037254e-01
1.644931862275686000e+15,2.024854640009046136e-01
1.644931862286731000e+15,2.208932334555315791e-01
1.644931862297620000e+15,2.086213871524469354e-01
1.644931862304576000e+15,2.147573103039883691e-01
1.644931862318116000e+15,2.086213871524460473e-01
1.644931862332853000e+15,2.208932334555315791e-01
1.644931862338264000e+15,2.147573103039892572e-01
1.644931862351945000e+15,1.840776945462758718e-01
1.644931862361396000e+15,2.024854640009028373e-01
1.644931862374423000e+15,2.024854640009028373e-01
1.644931862386022000e+15,2.208932334555306909e-01
1.644931862396994000e+15,2.208932334555306909e-01
1.644931862409718000e+15,2.147573103039892572e-01
1.644931862419465000e+15,2.024854640009028373e-01
1.644931862432864000e+15,2.024854640009037254e-01
1.644931862444335000e+15,2.086213871524460473e-01
1.644931862454265000e+15,2.086213871524460473e-01
1.644931862467436000e+15,2.147573103039892572e-01
1.644931862477750000e+15,1.963495408493622918e-01
1.644931862485989000e+15,2.086213871524469354e-01
1.644931862496755000e+15,1.963495408493614036e-01
1.644931862508283000e+15,1.963495408493614036e-01
1.644931862521535000e+15,1.963495408493622918e-01
1.644931862534509000e+15,2.147573103039883691e-01
1.644931862546166000e+15,2.331650797586171109e-01
1.644931862553007000e+15,2.024854640009028373e-01
1.644931862569151000e+15,2.147573103039883691e-01
1.644931862580774000e+15,2.024854640009046136e-01
1.644931862590072000e+15,2.393010029101576563e-01
1.644931862599343000e+15,2.024854640009028373e-01
1.644931862612125000e+15,2.331650797586162227e-01
1.644931862621804000e+15,2.086213871524460473e-01
1.644931862636791000e+15,2.331650797586162227e-01
1.644931862648697000e+15,1.902136176978190818e-01
1.644931862654368000e+15,2.208932334555315791e-01
1.644931862671024000e+15,1.718058482431912282e-01
1.644931862681385000e+15,2.208932334555324672e-01
1.644931862690409000e+15,2.086213871524460473e-01
1.644931862701786000e+15,1.963495408493614036e-01
1.644931862711237000e+15,2.270291566070739009e-01
1.644931862727902000e+15,2.086213871524460473e-01
1.644931862735687000e+15,2.454369260617008663e-01
1.644931862747230000e+15,2.393010029101576563e-01
1.644931862760094000e+15,2.086213871524460473e-01
1.644931862766645000e+15,2.270291566070739009e-01
1.644931862781524000e+15,2.270291566070739009e-01
1.644931862790982000e+15,2.208932334555315791e-01
1.644931862804515000e+15,2.393010029101594327e-01
1.644931862814235000e+15,2.270291566070739009e-01
1.644931862828279000e+15,2.393010029101594327e-01
1.644931862836157000e+15,2.331650797586153345e-01
1.644931862849787000e+15,2.086213871524460473e-01
1.644931862858504000e+15,2.270291566070739009e-01
1.644931862868437000e+15,2.208932334555306909e-01
1.644931862879688000e+15,2.208932334555315791e-01
1.644931862894575000e+15,2.393010029101603209e-01
1.644931862906130000e+15,2.393010029101603209e-01
1.644931862918484000e+15,2.024854640009046136e-01
1.644931862927805000e+15,2.270291566070739009e-01
1.644931862939010000e+15,2.331650797586171109e-01
1.644931862947804000e+15,2.270291566070739009e-01
1.644931862962387000e+15,2.147573103039883691e-01
1.644931862972925000e+15,2.270291566070730127e-01
1.644931862985236000e+15,2.393010029101594327e-01
1.644931862991417000e+15,2.086213871524469354e-01
1.644931863006369000e+15,2.393010029101603209e-01
1.644931863016977000e+15,5.215534678811177827e-01
1.644931863028855000e+15,5.522330836388302799e-01
1.644931876346058000e+15,8.590292412159605817e-02
1.644931876353051000e+15,1.104466167277671218e-01
1.644931876366445000e+15,1.104466167277662336e-01
1.644931876377031000e+15,1.288543861823949754e-01
1.644931876388253000e+15,1.104466167277680100e-01
1.644931876400188000e+15,1.165825398793094436e-01
1.644931876411714000e+15,9.817477042468158999e-02
1.644931876421107000e+15,1.043106935762248000e-01
1.644931876434131000e+15,1.227184630308526536e-01
1.644931876443572000e+15,8.590292412159605817e-02
1.644931876455924000e+15,7.363107781851052636e-02
1.644931876466968000e+15,1.043106935762230236e-01
1.644931876480159000e+15,1.043106935762230236e-01
1.644931876487915000e+15,9.203884727313926817e-02
1.644931876501024000e+15,1.288543861823949754e-01
1.644931876514895000e+15,7.976700097005373635e-02
1.644931876526505000e+15,1.227184630308508773e-01
1.644931876534625000e+15,1.043106935762230236e-01
1.644931876547621000e+15,9.203884727314015635e-02
1.644931876554417000e+15,1.104466167277662336e-01
1.644931876570982000e+15,9.817477042468158999e-02
1.644931876581667000e+15,1.288543861823949754e-01
1.644931876587619000e+15,9.817477042468070181e-02
1.644931876602120000e+15,9.203884727313837999e-02
1.644931876613136000e+15,8.590292412159694635e-02
1.644931876623936000e+15,1.043106935762239118e-01
1.644931876634320000e+15,1.104466167277662336e-01
1.644931876647073000e+15,9.203884727313837999e-02
1.644931876657657000e+15,1.043106935762239118e-01
1.644931876668599000e+15,7.363107781851052636e-02
1.644931876676325000e+15,9.817477042468070181e-02
1.644931876691101000e+15,1.288543861823949754e-01
1.644931876698086000e+15,9.817477042468070181e-02
1.644931876711129000e+15,1.043106935762239118e-01
1.644931876724633000e+15,9.203884727313926817e-02
1.644931876735659000e+15,1.104466167277662336e-01
1.644931876747833000e+15,9.817477042468158999e-02
1.644931876756181000e+15,8.590292412159516999e-02
1.644931876765672000e+15,6.135923151542588272e-02
1.644931876781993000e+15,1.165825398793085554e-01
1.644931876789509000e+15,8.590292412159694635e-02
1.644931876802840000e+15,9.817477042468158999e-02
1.644931876811479000e+15,1.043106935762248000e-01
1.644931876823939000e+15,9.203884727313837999e-02
1.644931876836078000e+15,8.590292412159694635e-02
1.644931876845205000e+15,8.590292412159516999e-02
1.644931876858603000e+15,1.104466167277671218e-01
1.644931876869252000e+15,1.104466167277653454e-01
1.644931876879333000e+15,9.203884727314015635e-02
1.644931876892281000e+15,1.043106935762239118e-01
1.644931876900217000e+15,1.165825398793085554e-01
1.644931876911624000e+15,9.817477042468247816e-02
1.644931876922015000e+15,1.227184630308508773e-01
1.644931876935051000e+15,9.203884727313837999e-02
1.644931876949476000e+15,8.590292412159605817e-02
1.644931876957583000e+15,7.363107781851230271e-02
1.644931876967402000e+15,9.203884727313837999e-02
1.644931876980027000e+15,8.590292412159694635e-02
1.644931876992577000e+15,1.165825398793094436e-01
1.644931877002521000e+15,9.203884727314015635e-02
1.644931877014401000e+15,9.817477042468158999e-02
1.644931877026881000e+15,1.227184630308517654e-01
1.644931877037507000e+15,9.817477042467981363e-02
1.644931877047600000e+15,1.227184630308508773e-01
1.644931877061584000e+15,1.227184630308517654e-01
1.644931877068484000e+15,9.203884727314015635e-02
1.644931877080217000e+15,9.203884727313837999e-02
1.644931877092750000e+15,8.590292412159605817e-02
1.644931877108298000e+15,8.590292412159605817e-02
1.644931877116897000e+15,1.043106935762239118e-01
1.644931877129000000e+15,7.976700097005284817e-02
1.644931877138815000e+15,7.976700097005284817e-02
1.644931877149446000e+15,1.165825398793085554e-01
1.644931877162280000e+15,9.203884727313837999e-02
1.644931877171910000e+15,1.043106935762221354e-01
1.644931877185234000e+15,9.817477042467981363e-02
1.644931877196404000e+15,9.203884727313660363e-02
1.644931877206117000e+15,1.043106935762239118e-01
1.644931877217652000e+15,9.203884727313660363e-02
1.644931877229449000e+15,1.104466167277671218e-01
1.644931877242275000e+15,9.203884727313837999e-02
1.644931877253070000e+15,8.590292412159605817e-02
1.644931877265242000e+15,8.590292412159605817e-02
1.644931877273057000e+15,1.165825398793094436e-01
1.644931877282277000e+15,7.363107781850963818e-02
1.644931877297610000e+15,8.590292412159694635e-02
1.644931877306830000e+15,9.817477042468158999e-02
1.644931877317290000e+15,1.104466167277671218e-01
1.644931877326006000e+15,9.203884727313837999e-02
1.644931877339989000e+15,1.227184630308517654e-01
1.644931877351962000e+15,7.363107781851141453e-02
1.644931877362854000e+15,9.203884727313660363e-02
1.644931877370359000e+15,8.590292412159516999e-02
1.644931877381328000e+15,8.590292412159694635e-02
1.644931877396607000e+15,1.043106935762230236e-01
1.644931877408081000e+15,8.590292412159516999e-02
1.644931877417057000e+15,1.043106935762239118e-01
1.644931877426186000e+15,9.817477042467981363e-02
1.644931877441284000e+15,8.590292412159516999e-02
1.644931877452074000e+15,8.590292412159694635e-02
1.644931877460881000e+15,9.817477042468247816e-02
1.644931877475801000e+15,7.976700097005373635e-02
1.644931877486639000e+15,9.203884727313660363e-02
1.644931877499070000e+15,9.203884727313660363e-02
1.644931877510832000e+15,1.165825398793085554e-01
1.644931877516269000e+15,1.043106935762230236e-01
1.644931877531690000e+15,6.749515466696820454e-02
1.644931877543262000e+15,9.817477042467981363e-02
1.644931877551678000e+15,6.749515466696820454e-02
1.644931877563970000e+15,8.590292412159694635e-02
1.644931877574767000e+15,7.976700097005284817e-02
1.644931877585024000e+15,8.590292412159694635e-02
1.644931877598221000e+15,1.165825398793085554e-01
1.644931877608785000e+15,8.590292412159516999e-02
1.644931877618948000e+15,1.165825398793094436e-01
1.644931877631187000e+15,9.203884727314015635e-02
1.644931877643558000e+15,9.203884727313660363e-02
1.644931877654306000e+15,9.817477042468070181e-02
1.644931877664431000e+15,6.749515466696998089e-02
1.644931877673502000e+15,7.976700097005373635e-02
1.644931877689431000e+15,9.203884727313837999e-02
1.644931877697287000e+15,9.203884727313837999e-02
1.644931877706744000e+15,8.590292412159516999e-02
1.644931877719967000e+15,1.043106935762230236e-01
1.644931877729985000e+15,9.203884727313837999e-02
1.644931877743177000e+15,1.043106935762230236e-01
1.644931877752520000e+15,1.104466167277671218e-01
1.644931877766763000e+15,9.203884727313837999e-02
1.644931877773402000e+15,1.104466167277653454e-01
1.644931877784373000e+15,1.043106935762221354e-01
1.644931877796077000e+15,8.590292412159516999e-02
1.644931877810155000e+15,9.817477042468070181e-02
1.644931877821587000e+15,9.817477042468158999e-02
1.644931877831144000e+15,1.043106935762230236e-01
1.644931877839749000e+15,1.043106935762221354e-01
1.644931877854644000e+15,9.203884727313837999e-02
1.644931877866094000e+15,9.203884727313926817e-02
1.644931877873433000e+15,9.817477042468070181e-02
1.644931877887737000e+15,9.817477042468158999e-02
1.644931877900100000e+15,6.749515466696820454e-02
1.644931877908537000e+15,1.104466167277662336e-01
1.644931877917904000e+15,7.363107781850963818e-02
1.644931877933586000e+15,1.165825398793085554e-01
1.644931877943705000e+15,1.227184630308499891e-01
1.644931877953460000e+15,9.203884727313837999e-02
1.644931877961673000e+15,7.976700097005373635e-02
1.644931877973110000e+15,8.590292412159605817e-02
1.644931877987431000e+15,1.104466167277662336e-01
1.644931877999293000e+15,9.203884727313926817e-02
1.644931878010533000e+15,6.749515466696820454e-02
1.644931878018265000e+15,1.104466167277653454e-01
1.644931878031673000e+15,8.590292412159516999e-02
1.644931878044088000e+15,1.104466167277671218e-01
1.644931878055910000e+15,9.203884727313837999e-02
1.644931878067144000e+15,6.749515466696820454e-02
1.644931878076105000e+15,1.043106935762248000e-01
1.644931878090916000e+15,8.590292412159605817e-02
1.644931878097658000e+15,1.043106935762248000e-01
1.644931878111350000e+15,7.976700097005373635e-02
1.644931878122695000e+15,1.043106935762248000e-01
1.644931878134881000e+15,1.043106935762230236e-01
1.644931878144058000e+15,1.104466167277671218e-01
1.644931878153788000e+15,9.203884727313837999e-02
1.644931878166774000e+15,7.363107781851141453e-02
1.644931878178566000e+15,9.817477042468070181e-02
1.644931878185170000e+15,7.363107781851052636e-02
1.644931878196401000e+15,8.590292412159605817e-02
1.644931878209666000e+15,9.817477042468158999e-02
1.644931878221735000e+15,5.583690067903734899e-01
1.644931891547761000e+15,2.454369260617017545e-02
1.644931891557672000e+15,4.908738521233946273e-02
1.644931891568892000e+15,6.135923151542499454e-02
1.644931891582142000e+15,3.067961575771160909e-02
1.644931891593437000e+15,3.681553890925393091e-02
1.644931891600194000e+15,4.295146206079891726e-02
1.644931891611565000e+15,3.681553890925481909e-02
1.644931891626102000e+15,2.454369260616928727e-02
1.644931891636762000e+15,4.908738521234035090e-02
1.644931891648038000e+15,5.522330836388178454e-02
1.644931891659707000e+15,3.681553890925570727e-02
1.644931891670084000e+15,4.908738521234035090e-02
1.644931891679761000e+15,4.908738521234035090e-02
1.644931891693965000e+15,2.454369260617017545e-02
1.644931891701511000e+15,2.454369260616928727e-02
1.644931891714249000e+15,3.681553890925393091e-02
1.644931891723472000e+15,3.681553890925393091e-02
1.644931891737522000e+15,2.454369260616928727e-02
1.644931891745700000e+15,2.454369260616928727e-02
1.644931891756652000e+15,6.135923151542410636e-02
1.644931891766568000e+15,4.295146206079891726e-02
1.644931891779844000e+15,4.295146206079625273e-02
1.644931891788642000e+15,3.681553890925570727e-02
1.644931891799813000e+15,3.681553890925570727e-02
1.644931891812683000e+15,2.454369260617106363e-02
1.644931891823107000e+15,3.681553890925481909e-02
1.644931891834371000e+15,3.067961575771160909e-02
1.644931891845529000e+15,3.067961575771160909e-02
1.644931891854975000e+15,3.067961575771427363e-02
1.644931891865916000e+15,4.295146206079625273e-02
1.644931891880538000e+15,3.681553890925570727e-02
1.644931891887950000e+15,2.454369260617106363e-02
1.644931891903711000e+15,3.067961575771427363e-02
1.644931891910031000e+15,2.454369260617106363e-02
1.644931891921845000e+15,1.227184630308553182e-02
1.644931891934215000e+15,4.295146206079625273e-02
1.644931891946061000e+15,3.067961575771160909e-02
1.644931891959313000e+15,2.454369260616928727e-02
1.644931891969659000e+15,4.908738521234035090e-02
1.644931891980242000e+15,3.067961575771427363e-02
1.644931891993197000e+15,3.067961575771160909e-02
1.644931892001283000e+15,1.840776945462785363e-02
1.644931892013881000e+15,3.067961575771160909e-02
1.644931892027164000e+15,6.749515466696731636e-02
1.644931892036140000e+15,5.522330836388267272e-02
1.644931892046061000e+15,4.295146206079625273e-02
1.644931892059593000e+15,6.135923151542588272e-02
1.644931892072275000e+15,4.908738521234123908e-02
1.644931892083683000e+15,4.295146206079802909e-02
1.644931892095525000e+15,3.681553890925570727e-02
1.644931892101714000e+15,3.681553890925481909e-02
1.644931892116003000e+15,3.681553890925481909e-02
1.644931892125927000e+15,4.295146206079802909e-02
1.644931892138573000e+15,4.908738521234123908e-02
1.644931892146479000e+15,3.067961575771249727e-02
1.644931892156251000e+15,4.295146206079802909e-02
1.644931892169505000e+15,2.454369260617017545e-02
1.644931892179097000e+15,3.681553890925481909e-02
1.644931892194082000e+15,1.840776945462696546e-02
1.644931892206452000e+15,2.454369260616928727e-02
1.644931892215993000e+15,3.681553890925570727e-02
1.644931892228470000e+15,3.681553890925481909e-02
1.644931892239079000e+15,3.681553890925481909e-02
1.644931892249763000e+15,4.908738521234123908e-02
1.644931892261154000e+15,2.454369260617017545e-02
1.644931892270805000e+15,4.908738521234123908e-02
1.644931892282526000e+15,2.454369260616928727e-02
1.644931892290913000e+15,2.454369260617017545e-02
1.644931892301022000e+15,3.067961575771338545e-02
1.644931892314745000e+15,3.067961575771338545e-02
1.644931892323654000e+15,3.681553890925481909e-02
1.644931892340197000e+15,3.681553890925570727e-02
1.644931892347222000e+15,5.522330836388356090e-02
1.644931892357343000e+15,1.840776945462785363e-02
1.644931892371442000e+15,4.295146206079714091e-02
1.644931892383729000e+15,1.840776945462696546e-02
1.644931892391636000e+15,3.067961575771072091e-02
1.644931892403225000e+15,3.681553890925659545e-02
1.644931892417277000e+15,3.681553890925481909e-02
1.644931892426259000e+15,3.681553890925570727e-02
1.644931892437103000e+15,3.067961575771072091e-02
1.644931892447995000e+15,4.295146206079714091e-02
1.644931892459018000e+15,4.295146206079891726e-02
1.644931892469893000e+15,2.454369260617106363e-02
1.644931892482428000e+15,3.067961575771427363e-02
1.644931892492769000e+15,4.295146206079802909e-02
1.644931892506712000e+15,5.522330836388356090e-02
1.644931892515758000e+15,3.681553890925659545e-02
1.644931892526003000e+15,4.295146206079891726e-02
1.644931892538827000e+15,4.295146206079891726e-02
1.644931892546827000e+15,4.295146206079714091e-02
1.644931892559353000e+15,4.908738521233946273e-02
1.644931892568072000e+15,2.454369260617017545e-02
1.644931892580585000e+15,2.454369260617017545e-02
1.644931892594541000e+15,3.681553890925659545e-02
1.644931892602729000e+15,1.227184630308641999e-02
1.644931892615432000e+15,5.522330836388178454e-02
1.644931892628530000e+15,3.067961575771427363e-02
1.644931892638651000e+15,3.067961575771072091e-02
1.644931892651561000e+15,2.454369260617017545e-02
1.644931892662554000e+15,3.067961575771427363e-02
1.644931892671785000e+15,1.840776945462785363e-02
1.644931892686045000e+15,3.067961575771072091e-02
1.644931892694132000e+15,2.454369260617017545e-02
1.644931892707790000e+15,2.454369260617017545e-02
1.644931892717940000e+15,4.908738521234212726e-02
1.644931892725438000e+15,3.067961575771427363e-02
1.644931892739581000e+15,3.681553890925481909e-02
1.644931892752373000e+15,6.749515466696731636e-02
1.644931892760505000e+15,3.681553890925748362e-02
1.644931892775267000e+15,3.067961575771427363e-02
1.644931892782613000e+15,3.067961575771427363e-02
1.644931892795878000e+15,3.681553890925481909e-02
1.644931892804657000e+15,3.681553890925481909e-02
1.644931892818959000e+15,6.135923151542677090e-02
1.644931892829214000e+15,3.067961575771072091e-02
1.644931892842024000e+15,2.454369260617017545e-02
1.644931892853536000e+15,4.908738521234035090e-02
1.644931892862823000e+15,3.067961575771427363e-02
1.644931892873755000e+15,3.067961575771072091e-02
1.644931892883855000e+15,4.295146206079980544e-02
1.644931892894242000e+15,4.295146206079980544e-02
1.644931892904798000e+15,4.295146206079714091e-02
1.644931892918043000e+15,6.135923151542499454e-02
1.644931892929169000e+15,3.681553890925659545e-02
1.644931892942052000e+15,3.681553890925481909e-02
1.644931892953581000e+15,3.681553890925659545e-02
1.644931892965002000e+15,3.067961575771072091e-02
1.644931892973129000e+15,2.454369260617017545e-02
1.644931892984898000e+15,3.681553890925659545e-02
1.644931892995536000e+15,2.454369260617106363e-02
1.644931893004673000e+15,5.522330836388444908e-02
1.644931893021007000e+15,3.067961575771338545e-02
1.644931893028760000e+15,1.840776945462962999e-02
1.644931893040660000e+15,3.681553890925748362e-02
1.644931893050550000e+15,3.681553890925659545e-02
1.644931893064996000e+15,3.067961575771338545e-02
1.644931893071244000e+15,3.681553890925748362e-02
1.644931893086718000e+15,2.454369260617106363e-02
1.644931893098612000e+15,4.295146206079980544e-02
1.644931893107691000e+15,6.135923151542499454e-02
1.644931893117823000e+15,3.681553890925659545e-02
1.644931893131566000e+15,5.522330836388089637e-02
1.644931893137856000e+15,3.681553890925659545e-02
1.644931893154532000e+15,3.681553890925748362e-02
1.644931893161568000e+15,3.067961575771338545e-02
1.644931893175817000e+15,4.295146206079714091e-02
1.644931893182953000e+15,1.840776945462962999e-02
1.644931893199197000e+15,1.840776945462785363e-02
1.644931893207763000e+15,2.454369260617106363e-02
1.644931893220296000e+15,3.681553890925393091e-02
1.644931893229750000e+15,4.908738521234035090e-02
1.644931893244684000e+15,4.295146206079802909e-02
1.644931893255374000e+15,2.454369260617017545e-02
1.644931893265070000e+15,4.908738521234035090e-02
1.644931893276465000e+15,4.295146206079714091e-02
1.644931893289169000e+15,3.067961575771072091e-02
1.644931893298669000e+15,7.976700097005196000e-02
1.644931893311198000e+15,3.681553890925659545e-02
1.644931893318696000e+15,3.681553890925659545e-02
1.644931893330984000e+15,3.681553890925393091e-02
1.644931893342792000e+15,1.840776945462962999e-02
1.644931893354432000e+15,4.295146206079714091e-02
1.644931893365636000e+15,3.681553890925481909e-02
1.644931893378633000e+15,4.295146206079714091e-02
1.644931893389196000e+15,4.908738521233946273e-02
1.644931893400755000e+15,3.681553890925481909e-02
1.644931893411785000e+15,4.908738521234123908e-02
1.644931893419686000e+15,6.074563920027138408e-01
1.644931906741758000e+15,6.135923151542321818e-03
1.644931906757609000e+15,1.227184630308467139e-02
1.644931906765977000e+15,3.681553890925570727e-02
1.644931906777875000e+15,1.840776945462782588e-02
1.644931906787692000e+15,1.227184630308467139e-02
1.644931906800033000e+15,1.227184630308464364e-02
1.644931906810595000e+15,3.681553890925481909e-02
1.644931906825753000e+15,6.135923151542349574e-03
1.644931906836125000e+15,1.840776945462785363e-02
1.644931906847313000e+15,1.227184630308464364e-02
1.644931906859751000e+15,1.840776945462696546e-02
1.644931906866085000e+15,6.135923151542349574e-03
1.644931906882428000e+15,1.227184630308464364e-02
1.644931906890921000e+15,1.840776945462785363e-02
1.644931906902706000e+15,2.454369260617017545e-02
1.644931906919482000e+15,1.227184630308467139e-02
1.644931906926528000e+15,6.135923151543209997e-03
1.644931906939781000e+15,4.295146206079802909e-02
1.644931906955410000e+15,0.000000000000000000e+00
1.644931906962555000e+15,1.840776945462785363e-02
1.644931906974529000e+15,0.000000000000000000e+00
1.644931906986834000e+15,1.840776945462785363e-02
1.644931907000835000e+15,6.135923151542321818e-03
1.644931907012955000e+15,1.840776945462785363e-02
1.644931907023943000e+15,0.000000000000000000e+00
1.644931907035778000e+15,4.295146206079802909e-02
1.644931907045203000e+15,0.000000000000000000e+00
1.644931907055133000e+15,6.135923151543209997e-03
1.644931907066549000e+15,1.227184630308467139e-02
1.644931907075558000e+15,3.067961575771338545e-02
1.644931907088449000e+15,1.227184630308553182e-02
1.644931907100227000e+15,0.000000000000000000e+00
1.644931907112042000e+15,6.135923151542349574e-03
1.644931907124687000e+15,6.135923151542349574e-03
1.644931907136843000e+15,0.000000000000000000e+00
1.644931907145282000e+15,0.000000000000000000e+00
1.644931907158865000e+15,6.135923151542349574e-03
1.644931907173335000e+15,3.067961575771338545e-02
1.644931907183902000e+15,1.227184630308467139e-02
1.644931907196984000e+15,6.135923151542294063e-03
1.644931907203862000e+15,1.227184630308553182e-02
1.644931907218126000e+15,6.135923151543209997e-03
1.644931907231744000e+15,1.227184630308553182e-02
1.644931907244045000e+15,1.840776945462696546e-02
1.644931907249247000e+15,1.227184630308464364e-02
1.644931907265263000e+15,0.000000000000000000e+00
1.644931907276358000e+15,3.067961575771249727e-02
1.644931907284497000e+15,6.135923151543182241e-03
1.644931907297293000e+15,0.000000000000000000e+00
1.644931907308053000e+15,3.067961575771332994e-02
1.644931907321651000e+15,2.454369260617017545e-02
1.644931907331299000e+15,1.840776945462785363e-02
1.644931907344980000e+15,6.135923151542321818e-03
1.644931907354355000e+15,1.227184630308464364e-02
1.644931907368365000e+15,0.000000000000000000e+00
1.644931907376772000e+15,1.227184630308553182e-02
1.644931907389522000e+15,1.227184630308550406e-02
1.644931907398733000e+15,6.135923151543209997e-03
1.644931907412724000e+15,1.840776945462785363e-02
1.644931907424308000e+15,1.840776945462785363e-02
1.644931907433948000e+15,6.135923151542294063e-03
1.644931907447309000e+15,6.135923151543209997e-03
1.644931907454851000e+15,3.067961575771338545e-02
1.644931907469190000e+15,1.840776945462782588e-02
1.644931907482935000e+15,6.135923151542294063e-03
1.644931907492372000e+15,0.000000000000000000e+00
1.644931907506189000e+15,3.681553890925481909e-02
1.644931907516707000e+15,3.067961575771249727e-02
1.644931907528632000e+15,6.135923151542321818e-03
1.644931907539833000e+15,6.135923151542349574e-03
1.644931907553904000e+15,1.227184630308550406e-02
1.644931907565760000e+15,0.000000000000000000e+00
1.644931907576771000e+15,6.135923151542294063e-03
1.644931907587366000e+15,1.227184630308464364e-02
1.644931907599537000e+15,1.227184630308553182e-02
1.644931907610873000e+15,6.135923151542349574e-03
1.644931907619567000e+15,0.000000000000000000e+00
1.644931907633998000e+15,0.000000000000000000e+00
1.644931907639978000e+15,1.840776945462785363e-02
1.644931907655237000e+15,2.454369260617017545e-02
1.644931907663663000e+15,2.454369260617014770e-02
1.644931907678150000e+15,6.135923151542321818e-03
1.644931907687615000e+15,1.840776945462785363e-02
1.644931907698996000e+15,1.840776945462782588e-02
1.644931907712077000e+15,2.454369260617103587e-02
1.644931907721272000e+15,0.000000000000000000e+00
1.644931907736748000e+15,6.135923151542321818e-03
1.644931907745456000e+15,0.000000000000000000e+00
1.644931907759543000e+15,6.135923151542321818e-03
1.644931907768868000e+15,1.840776945462782588e-02
1.644931907776885000e+15,6.135923151543182241e-03
1.644931907795102000e+15,1.227184630308464364e-02
1.644931907801273000e+15,0.000000000000000000e+00
1.644931907817888000e+15,1.227184630308553182e-02
1.644931907827975000e+15,1.227184630308553182e-02
1.644931907834967000e+15,6.135923151542321818e-03
1.644931907849959000e+15,1.840776945462785363e-02
1.644931907863088000e+15,1.227184630308467139e-02
1.644931907875921000e+15,6.135923151542349574e-03
1.644931907888338000e+15,1.840776945462782588e-02
1.644931907898289000e+15,2.454369260617017545e-02
1.644931907909259000e+15,1.840776945462782588e-02
1.644931907919735000e+15,1.840776945462785363e-02
1.644931907931964000e+15,1.840776945462785363e-02
1.644931907946144000e+15,2.454369260617017545e-02
1.644931907958335000e+15,1.840776945462699321e-02
1.644931907968930000e+15,6.135923151542321818e-03
1.644931907980061000e+15,3.067961575771335769e-02
1.644931907994460000e+15,6.135923151542321818e-03
1.644931908004524000e+15,1.840776945462699321e-02
1.644931908014904000e+15,1.840776945462785363e-02
1.644931908027712000e+15,6.135923151542321818e-03
1.644931908038619000e+15,6.135923151543182241e-03
1.644931908053293000e+15,6.135923151543182241e-03
1.644931908061685000e+15,1.227184630308467139e-02
1.644931908074850000e+15,1.227184630308553182e-02
1.644931908084074000e+15,1.227184630308467139e-02
1.644931908097531000e+15,6.135923151543182241e-03
1.644931908104850000e+15,1.227184630308553182e-02
1.644931908117206000e+15,1.840776945462785363e-02
1.644931908134150000e+15,2.454369260617017545e-02
1.644931908144808000e+15,6.135923151543182241e-03
1.644931908154775000e+15,0.000000000000000000e+00
1.644931908169597000e+15,3.681553890925484684e-02
1.644931908180579000e+15,1.840776945462782588e-02
1.644931908189849000e+15,1.227184630308467139e-02
1.644931908201865000e+15,6.135923151542321818e-03
1.644931908212654000e+15,1.227184630308467139e-02
1.644931908225902000e+15,6.135923151542321818e-03
1.644931908234203000e+15,0.000000000000000000e+00
1.644931908246843000e+15,6.135923151542349574e-03
1.644931908261446000e+15,6.135923151543182241e-03
1.644931908271611000e+15,6.135923151542321818e-03
1.644931908283869000e+15,6.135923151542321818e-03
1.644931908297348000e+15,1.840776945462782588e-02
1.644931908309987000e+15,6.135923151542321818e-03
1.644931908320180000e+15,1.227184630308464364e-02
1.644931908329780000e+15,1.227184630308464364e-02
1.644931908340905000e+15,6.135923151542321818e-03
1.644931908351274000e+15,2.454369260617017545e-02
1.644931908367364000e+15,1.227184630308553182e-02
1.644931908377153000e+15,1.840776945462782588e-02
1.644931908386298000e+15,0.000000000000000000e+00
1.644931908400925000e+15,0.000000000000000000e+00
1.644931908409348000e+15,3.067961575771252503e-02
1.644931908426039000e+15,1.227184630308550406e-02
1.644931908436901000e+15,3.067961575771249727e-02
1.644931908451675000e+15,6.135923151542321818e-03
1.644931908458388000e+15,1.227184630308553182e-02
1.644931908470610000e+15,1.840776945462785363e-02
1.644931908482715000e+15,6.135923151543182241e-03
1.644931908494097000e+15,1.840776945462785363e-02
1.644931908510209000e+15,6.135923151542349574e-03
1.644931908523914000e+15,0.000000000000000000e+00
1.644931908534954000e+15,1.840776945462782588e-02
1.644931908547263000e+15,0.000000000000000000e+00
1.644931908559229000e+15,6.135923151542321818e-03
1.644931908569595000e+15,1.840776945462785363e-02
1.644931908585048000e+15,1.227184630308550406e-02
1.644931908594100000e+15,0.000000000000000000e+00
1.644931908606231000e+15,2.454369260617017545e-02
1.644931908618342000e+15,4.295146206079792917e-01
1.644931908628324000e+15,4.356505437595226127e-01
1.644931921935071000e+15,7.976700097005284817e-02
1.644931921949617000e+15,5.522330836388356090e-02
1.644931921961702000e+15,6.749515466696820454e-02
1.644931921973238000e+15,9.203884727313837999e-02
1.644931921981639000e+15,7.363107781851052636e-02
1.644931921995679000e+15,6.749515466696820454e-02
1.644931922003611000e+15,5.522330836388344988e-02
1.644931922018813000e+15,5.522330836388267272e-02
1.644931922027605000e+15,7.976700097005362533e-02
1.644931922039208000e+15,9.203884727313826897e-02
1.644931922052736000e+15,9.817477042468070181e-02
1.644931922062953000e+15,6.135923151542577170e-02
1.644931922072429000e+15,5.522330836388267272e-02
1.644931922083835000e+15,5.522330836388344988e-02
1.644931922098420000e+15,8.590292412159605817e-02
1.644931922105934000e+15,8.590292412159605817e-02
1.644931922119488000e+15,1.104466167277662336e-01
1.644931922131302000e+15,7.363107781851052636e-02
1.644931922141947000e+15,5.522330836388267272e-02
1.644931922154287000e+15,5.522330836388344988e-02
1.644931922163883000e+15,8.590292412159605817e-02
1.644931922175979000e+15,9.203884727313837999e-02
1.644931922187628000e+15,6.749515466696809352e-02
1.644931922196436000e+15,7.976700097005373635e-02
1.644931922208969000e+15,9.203884727313926817e-02
1.644931922221087000e+15,7.976700097005373635e-02
1.644931922230387000e+15,9.203884727313837999e-02
1.644931922239625000e+15,9.203884727313837999e-02
1.644931922252486000e+15,9.817477042468158999e-02
1.644931922261098000e+15,7.363107781851052636e-02
1.644931922273700000e+15,5.522330836388267272e-02
1.644931922287163000e+15,5.522330836388344988e-02
1.644931922299849000e+15,8.590292412159605817e-02
1.644931922308218000e+15,4.908738521234023988e-02
1.644931922320527000e+15,1.288543861823940873e-01
1.644931922333493000e+15,8.590292412159605817e-02
1.644931922342116000e+15,1.043106935762239118e-01
1.644931922355119000e+15,7.976700097005284817e-02
1.644931922361798000e+15,3.681553890925481909e-02
1.644931922376320000e+15,7.363107781851052636e-02
1.644931922389483000e+15,8.590292412159605817e-02
1.644931922397445000e+15,9.817477042468070181e-02
1.644931922406646000e+15,6.749515466696820454e-02
1.644931922419309000e+15,1.104466167277662336e-01
1.644931922431568000e+15,9.817477042468158999e-02
1.644931922440481000e+15,1.165825398793095546e-01
1.644931922455225000e+15,8.590292412159605817e-02
1.644931922462489000e+15,7.363107781851052636e-02
1.644931922476005000e+15,6.749515466696820454e-02
1.644931922485652000e+15,7.363107781851052636e-02
1.644931922497701000e+15,7.976700097005284817e-02
1.644931922512884000e+15,7.363107781851052636e-02
1.644931922523887000e+15,6.135923151542588272e-02
1.644931922532447000e+15,6.749515466696820454e-02
1.644931922543265000e+15,6.749515466696820454e-02
1.644931922553536000e+15,6.135923151542588272e-02
1.644931922570263000e+15,9.203884727313837999e-02
1.644931922579586000e+15,6.135923151542499454e-02
1.644931922590164000e+15,1.043106935762240228e-01
1.644931922603462000e+15,5.522330836388356090e-02
1.644931922614491000e+15,7.363107781851052636e-02
1.644931922627318000e+15,7.363107781851052636e-02
1.644931922638517000e+15,7.363107781851052636e-02
1.644931922648252000e+15,9.817477042468070181e-02
1.644931922661886000e+15,4.295146206079802909e-02
1.644931922674105000e+15,4.908738521234035090e-02
1.644931922685785000e+15,4.908738521234035090e-02
1.644931922692430000e+15,6.749515466696831556e-02
1.644931922703171000e+15,7.363107781851052636e-02
1.644931922719124000e+15,5.522330836388367192e-02
1.644931922730228000e+15,9.203884727313837999e-02
1.644931922742037000e+15,6.135923151542599374e-02
1.644931922750675000e+15,6.749515466696820454e-02
1.644931922759350000e+15,9.817477042468158999e-02
1.644931922772318000e+15,7.363107781851152556e-02
1.644931922781919000e+15,8.590292412159605817e-02
1.644931922793141000e+15,6.135923151542588272e-02
1.644931922807878000e+15,7.976700097005284817e-02
1.644931922817962000e+15,4.908738521234046193e-02
1.644931922831664000e+15,9.817477042468070181e-02
1.644931922839793000e+15,6.749515466696820454e-02
1.644931922853462000e+15,6.135923151542588272e-02
1.644931922864940000e+15,6.135923151542588272e-02
1.644931922874425000e+15,6.135923151542599374e-02
1.644931922885687000e+15,7.976700097005373635e-02
1.644931922895720000e+15,7.976700097005284817e-02
1.644931922910539000e+15,7.976700097005284817e-02
1.644931922922407000e+15,1.165825398793085554e-01
1.644931922927635000e+15,1.043106935762230236e-01
1.644931922940412000e+15,9.203884727313837999e-02
1.644931922949871000e+15,7.363107781851152556e-02
1.644931922963339000e+15,1.043106935762230236e-01
1.644931922975025000e+15,1.227184630308553182e-02
1.644931922985341000e+15,4.908738521234135010e-02
1.644931922996345000e+15,9.817477042468158999e-02
1.644931923005492000e+15,1.043106935762239118e-01
1.644931923019414000e+15,1.104466167277662336e-01
1.644931923029511000e+15,9.203884727313837999e-02
1.644931923042268000e+15,1.349903093339364091e-01
1.644931923054543000e+15,6.135923151542510556e-02
1.644931923065492000e+15,9.817477042468158999e-02
1.644931923075499000e+15,7.363107781851063738e-02
1.644931923088087000e+15,7.363107781851141453e-02
1.644931923095335000e+15,8.590292412159616919e-02
1.644931923108700000e+15,7.363107781851052636e-02
1.644931923121648000e+15,8.590292412159605817e-02
1.644931923128956000e+15,9.203884727313837999e-02
1.644931923141449000e+15,6.749515466696820454e-02
1.644931923155786000e+15,9.817477042468158999e-02
1.644931923167120000e+15,7.363107781851141453e-02
1.644931923178873000e+15,6.749515466696820454e-02
1.644931923187840000e+15,7.363107781851141453e-02
1.644931923200398000e+15,1.043106935762230236e-01
1.644931923210276000e+15,9.203884727313837999e-02
1.644931923221684000e+15,1.104466167277662336e-01
1.644931923231314000e+15,8.590292412159605817e-02
1.644931923245182000e+15,8.590292412159605817e-02
1.644931923255793000e+15,6.749515466696820454e-02
1.644931923268521000e+15,6.749515466696820454e-02
1.644931923280365000e+15,4.908738521234035090e-02
1.644931923288695000e+15,6.749515466696820454e-02
1.644931923300819000e+15,6.749515466696820454e-02
1.644931923310739000e+15,8.590292412159605817e-02
1.644931923322910000e+15,9.203884727313837999e-02
1.644931923336013000e+15,6.749515466696820454e-02
1.644931923344274000e+15,8.590292412159528102e-02
1.644931923355221000e+15,8.590292412159605817e-02
1.644931923370677000e+15,1.043106935762239118e-01
1.644931923379738000e+15,1.165825398793085554e-01
1.644931923388284000e+15,4.295146206079802909e-02
1.644931923404428000e+15,8.590292412159605817e-02
1.644931923411477000e+15,7.363107781851141453e-02
1.644931923423304000e+15,9.203884727313837999e-02
1.644931923434222000e+15,7.976700097005373635e-02
1.644931923447825000e+15,1.165825398793085554e-01
1.644931923460114000e+15,6.749515466696820454e-02
1.644931923471116000e+15,7.363107781851141453e-02
1.644931923480802000e+15,6.135923151542588272e-02
1.644931923493007000e+15,6.135923151542499454e-02
1.644931923503296000e+15,9.817477042468081283e-02
1.644931923515061000e+15,9.203884727313837999e-02
1.644931923527079000e+15,1.043106935762239118e-01
1.644931923538330000e+15,6.749515466696820454e-02
1.644931923548352000e+15,7.976700097005295920e-02
1.644931923558977000e+15,7.363107781851052636e-02
1.644931923568007000e+15,8.590292412159605817e-02
1.644931923580899000e+15,4.295146206079791806e-02
1.644931923589643000e+15,7.363107781851052636e-02
1.644931923605382000e+15,9.817477042468070181e-02
1.644931923614833000e+15,9.817477042468070181e-02
1.644931923626616000e+15,9.817477042468070181e-02
1.644931923638773000e+15,7.363107781851052636e-02
1.644931923647637000e+15,7.976700097005373635e-02
1.644931923659925000e+15,7.363107781851063738e-02
1.644931923670776000e+15,7.976700097005284817e-02
1.644931923684105000e+15,4.295146206079802909e-02
1.644931923693251000e+15,9.203884727313837999e-02
1.644931923706467000e+15,6.135923151542588272e-02
1.644931923719322000e+15,8.590292412159605817e-02
1.644931923725508000e+15,7.976700097005284817e-02
1.644931923740941000e+15,7.363107781851052636e-02
1.644931923746967000e+15,7.363107781851141453e-02
1.644931923759272000e+15,1.043106935762230236e-01
1.644931923769251000e+15,9.203884727313837999e-02
1.644931923784832000e+15,8.590292412159605817e-02
1.644931923794524000e+15,8.590292412159605817e-02
1.644931923807312000e+15,9.203884727313849101e-02
1.644931923820257000e+15,4.295146206079796247e-01
1.644931937136347000e+15,1.902136176978197479e-01
1.644931937151643000e+15,1.779417713947335500e-01
1.644931937158715000e+15,1.718058482431912282e-01
1.644931937168936000e+15,1.349903093339364091e-01
1.644931937184167000e+15,1.840776945462765379e-01
1.644931937197376000e+15,1.656699250916486843e-01
1.644931937206420000e+15,1.656699250916489063e-01
1.644931937220009000e+15,1.533980787885642627e-01
1.644931937233401000e+15,1.288543861823938652e-01
1.644931937243159000e+15,1.411262324854785088e-01
1.644931937259682000e+15,1.595340019401065845e-01
1.644931937268426000e+15,1.472621556370210527e-01
1.644931937277260000e+15,1.656699250916495725e-01
1.644931937288537000e+15,1.779417713947342161e-01
1.644931937299952000e+15,1.656699250916495725e-01
1.644931937313256000e+15,1.840776945462767600e-01
1.644931937323613000e+15,1.595340019401065845e-01
1.644931937337749000e+15,1.595340019401063625e-01
1.644931937349218000e+15,1.656699250916502386e-01
1.644931937357866000e+15,1.656699250916491284e-01
1.644931937367011000e+15,1.595340019401076948e-01
1.644931937379863000e+15,1.779417713947344382e-01
1.644931937391500000e+15,1.779417713947342161e-01
1.644931937405490000e+15,1.840776945462767600e-01
1.644931937411159000e+15,2.086213871524471575e-01
1.644931937427200000e+15,1.902136176978197479e-01
1.644931937445398000e+15,2.024854640009046136e-01
1.644931937457248000e+15,2.086213871524469354e-01
1.644931937466082000e+15,1.840776945462767600e-01
1.644931937480506000e+15,1.963495408493625138e-01
1.644931937489486000e+15,1.963495408493620697e-01
1.644931937500810000e+15,2.024854640009046136e-01
1.644931937513486000e+15,1.840776945462769820e-01
1.644931937523380000e+15,1.840776945462767600e-01
1.644931937534310000e+15,2.086213871524469354e-01
1.644931937544995000e+15,1.595340019401065845e-01
1.644931937559096000e+15,2.086213871524467134e-01
1.644931937573034000e+15,2.024854640009046136e-01
1.644931937583814000e+15,2.086213871524467134e-01
1.644931937595705000e+15,2.086213871524467134e-01
1.644931937602177000e+15,2.086213871524469354e-01
1.644931937616860000e+15,1.902136176978199700e-01
1.644931937630128000e+15,2.024854640009041695e-01
1.644931937635605000e+15,1.963495408493625138e-01
1.644931937651450000e+15,1.779417713947344382e-01
1.644931937664748000e+15,1.902136176978190818e-01
1.644931937674278000e+15,1.902136176978199700e-01
1.644931937684347000e+15,2.024854640009041695e-01
1.644931937697390000e+15,2.086213871524469354e-01
1.644931937707491000e+15,1.963495408493622918e-01
1.644931937721309000e+15,1.840776945462769820e-01
1.644931937731700000e+15,2.086213871524471575e-01
1.644931937744804000e+15,1.902136176978190818e-01
1.644931937753165000e+15,1.963495408493625138e-01
1.644931937763888000e+15,2.208932334555313570e-01
1.644931937776767000e+15,1.840776945462769820e-01
1.644931937788937000e+15,2.147573103039892572e-01
1.644931937800972000e+15,2.086213871524469354e-01
1.644931937809939000e+15,2.024854640009043916e-01
1.644931937825026000e+15,2.147573103039892572e-01
1.644931937841441000e+15,2.147573103039901454e-01
1.644931937854016000e+15,1.963495408493611816e-01
1.644931937860316000e+15,2.024854640009043916e-01
1.644931937873921000e+15,2.086213871524473795e-01
1.644931937886510000e+15,2.147573103039899234e-01
1.644931937893732000e+15,1.963495408493625138e-01
1.644931937904777000e+15,1.963495408493620697e-01
1.644931937920614000e+15,2.024854640009048357e-01
1.644931937929694000e+15,2.024854640009046136e-01
1.644931937945611000e+15,2.147573103039892572e-01
1.644931937954382000e+15,2.147573103039890352e-01
1.644931937964337000e+15,1.840776945462774261e-01
1.644931937978172000e+15,2.024854640009048357e-01
1.644931937987455000e+15,2.208932334555324672e-01
1.644931937999278000e+15,2.086213871524480457e-01
1.644931938013689000e+15,2.086213871524471575e-01
1.644931938023994000e+15,2.024854640009046136e-01
1.644931938036449000e+15,2.024854640009041695e-01
1.644931938052124000e+15,1.963495408493625138e-01
1.644931938061430000e+15,2.331650797586171109e-01
1.644931938074294000e+15,2.208932334555313570e-01
1.644931938087085000e+15,2.147573103039892572e-01
1.644931938097342000e+15,2.270291566070747891e-01
1.644931938105955000e+15,2.086213871524467134e-01
1.644931938120481000e+15,2.208932334555322452e-01
1.644931938128811000e+15,2.270291566070747891e-01
1.644931938142311000e+15,2.086213871524471575e-01
1.644931938156751000e+15,1.963495408493611816e-01
1.644931938167070000e+15,2.331650797586168888e-01
1.644931938176436000e+15,1.963495408493611816e-01
1.644931938191105000e+15,1.963495408493625138e-01
1.644931938202996000e+15,1.963495408493622918e-01
1.644931938216133000e+15,2.024854640009048357e-01
1.644931938227037000e+15,1.902136176978199700e-01
1.644931938237816000e+15,2.270291566070747891e-01
1.644931938245691000e+15,1.963495408493622918e-01
1.644931938256397000e+15,2.086213871524471575e-01
1.644931938269365000e+15,2.024854640009048357e-01
1.644931938282701000e+15,2.208932334555315791e-01
1.644931938293343000e+15,1.902136176978190818e-01
1.644931938305564000e+15,1.902136176978190818e-01
1.644931938314826000e+15,2.086213871524467134e-01
1.644931938324045000e+15,1.902136176978201920e-01
1.644931938334753000e+15,1.963495408493622918e-01
1.644931938349140000e+15,1.902136176978190818e-01
1.644931938356484000e+15,1.656699250916497945e-01
1.644931938368100000e+15,2.270291566070747891e-01
1.644931938382351000e+15,1.840776945462767600e-01
1.644931938395660000e+15,1.963495408493622918e-01
1.644931938402759000e+15,2.086213871524467134e-01
1.644931938418256000e+15,2.086213871524480457e-01
1.644931938426151000e+15,2.086213871524478236e-01
1.644931938436469000e+15,2.086213871524469354e-01
1.644931938447108000e+15,2.208932334555322452e-01
1.644931938458802000e+15,2.208932334555324672e-01
1.644931938470368000e+15,2.086213871524469354e-01
1.644931938483666000e+15,1.963495408493614036e-01
1.644931938495913000e+15,1.902136176978190818e-01
1.644931938508411000e+15,2.024854640009046136e-01
1.644931938518890000e+15,1.840776945462767600e-01
1.644931938533631000e+15,1.902136176978199700e-01
1.644931938543813000e+15,1.963495408493614036e-01
1.644931938551771000e+15,2.331650797586179991e-01
1.644931938565592000e+15,1.840776945462778702e-01
1.644931938577313000e+15,1.718058482431912282e-01
1.644931938588957000e+15,1.656699250916500166e-01
1.644931938600130000e+15,2.208932334555315791e-01
1.644931938612838000e+15,1.718058482431921163e-01
1.644931938622151000e+15,1.595340019401063625e-01
1.644931938637291000e+15,2.270291566070747891e-01
1.644931938647388000e+15,1.902136176978199700e-01
1.644931938657097000e+15,2.024854640009046136e-01
1.644931938665058000e+15,1.902136176978199700e-01
1.644931938678740000e+15,1.963495408493622918e-01
1.644931938688412000e+15,1.902136176978188598e-01
1.644931938704853000e+15,2.147573103039892572e-01
1.644931938716237000e+15,1.902136176978199700e-01
1.644931938725017000e+15,2.270291566070747891e-01
1.644931938736674000e+15,2.086213871524469354e-01
1.644931938748176000e+15,1.840776945462765379e-01
1.644931938761097000e+15,2.208932334555324672e-01
1.644931938774116000e+15,2.515728492132449645e-01
1.644931938784039000e+15,2.393010029101603209e-01
1.644931938797577000e+15,2.024854640009046136e-01
1.644931938807455000e+15,2.147573103039901454e-01
1.644931938822360000e+15,2.454369260617028647e-01
1.644931938832064000e+15,1.963495408493622918e-01
1.644931938844064000e+15,2.393010029101605429e-01
1.644931938857502000e+15,1.963495408493611816e-01
1.644931938867191000e+15,1.963495408493622918e-01
1.644931938878959000e+15,2.270291566070747891e-01
1.644931938888229000e+15,2.086213871524469354e-01
1.644931938902361000e+15,2.024854640009046136e-01
1.644931938914789000e+15,2.331650797586171109e-01
1.644931938922677000e+15,2.147573103039901454e-01
1.644931938936569000e+15,1.902136176978199700e-01
1.644931938948428000e+15,2.147573103039901454e-01
1.644931938958479000e+15,1.963495408493622918e-01
1.644931938970252000e+15,2.270291566070747891e-01
1.644931938983208000e+15,2.393010029101598768e-01
1.644931938990400000e+15,2.393010029101598768e-01
1.644931939005421000e+15,1.963495408493616257e-01
1.644931939015907000e+15,6.013204688511721852e-01
1.644931952341502000e+15,4.233786974564375249e-01
1.644931952352131000e+15,4.233786974564375249e-01
1.644931952363571000e+15,4.540583132141504663e-01
1.644931952375372000e+15,4.295146206079794027e-01
1.644931952386857000e+15,4.172427743048943150e-01
1.644931952397897000e+15,4.049709280018087831e-01
1.644931952410382000e+15,4.172427743048943150e-01
1.644931952422277000e+15,4.172427743048943150e-01
1.644931952432491000e+15,4.111068511533515490e-01
1.644931952439757000e+15,4.111068511533515490e-01
1.644931952454995000e+15,4.049709280018092272e-01
1.644931952464241000e+15,4.049709280018092272e-01
1.644931952476730000e+15,4.233786974564366368e-01
1.644931952486847000e+15,4.356505437595217245e-01
1.644931952501996000e+15,4.049709280018092272e-01
1.644931952512923000e+15,4.540583132141495781e-01
1.644931952523366000e+15,4.356505437595221686e-01
1.644931952533686000e+15,4.417864669110653786e-01
1.644931952543707000e+15,4.111068511533519931e-01
1.644931952556606000e+15,4.172427743048943150e-01
1.644931952567674000e+15,4.295146206079798468e-01
1.644931952575953000e+15,4.295146206079798468e-01
1.644931952590011000e+15,4.049709280018092272e-01
1.644931952600244000e+15,4.172427743048952031e-01
1.644931952608331000e+15,4.049709280018087831e-01
1.644931952621368000e+15,4.356505437595221686e-01
1.644931952634046000e+15,4.295146206079785145e-01
1.644931952642524000e+15,4.417864669110640463e-01
1.644931952654503000e+15,4.417864669110636022e-01
1.644931952668086000e+15,4.172427743048943150e-01
1.644931952678772000e+15,4.479223900626063681e-01
1.644931952688661000e+15,4.540583132141491340e-01
1.644931952699058000e+15,4.417864669110636022e-01
1.644931952713987000e+15,4.540583132141500222e-01
1.644931952725614000e+15,4.172427743048938709e-01
1.644931952736574000e+15,4.479223900626068122e-01
1.644931952743403000e+15,4.540583132141491340e-01
1.644931952757642000e+15,4.663301595172346659e-01
1.644931952770418000e+15,4.540583132141495781e-01
1.644931952781895000e+15,4.356505437595212804e-01
1.644931952790271000e+15,4.111068511533511050e-01
1.644931952805255000e+15,4.172427743048934268e-01
1.644931952815424000e+15,4.356505437595212804e-01
1.644931952824816000e+15,4.356505437595221686e-01
1.644931952838410000e+15,4.417864669110640463e-01
1.644931952845425000e+15,4.601942363656914559e-01
1.644931952857505000e+15,4.356505437595212804e-01
1.644931952868517000e+15,4.479223900626068122e-01
1.644931952879728000e+15,4.540583132141491340e-01
1.644931952892776000e+15,4.233786974564361927e-01
1.644931952901820000e+15,4.356505437595212804e-01
1.644931952915521000e+15,4.417864669110636022e-01
1.644931952926647000e+15,4.172427743048934268e-01
1.644931952940310000e+15,4.540583132141495781e-01
1.644931952947628000e+15,4.233786974564370809e-01
1.644931952962510000e+15,4.295146206079789586e-01
1.644931952972665000e+15,4.356505437595217245e-01
1.644931952984909000e+15,4.540583132141495781e-01
1.644931952995726000e+15,4.295146206079789586e-01
1.644931953008481000e+15,4.111068511533519931e-01
1.644931953015065000e+15,4.479223900626068122e-01
1.644931953029990000e+15,4.233786974564370809e-01
1.644931953040830000e+15,4.295146206079789586e-01
1.644931953048313000e+15,4.479223900626077004e-01
1.644931953064227000e+15,4.233786974564370809e-01
1.644931953074183000e+15,4.356505437595226127e-01
1.644931953087123000e+15,4.111068511533519931e-01
1.644931953097152000e+15,4.295146206079789586e-01
1.644931953107734000e+15,4.356505437595221686e-01
1.644931953118109000e+15,4.233786974564370809e-01
1.644931953131835000e+15,4.172427743048943150e-01
1.644931953140147000e+15,4.233786974564375249e-01
1.644931953153750000e+15,4.295146206079798468e-01
1.644931953162530000e+15,4.172427743048947590e-01
1.644931953175919000e+15,4.417864669110644904e-01
1.644931953184048000e+15,4.417864669110644904e-01
1.644931953196648000e+15,4.417864669110649345e-01
1.644931953209790000e+15,4.540583132141500222e-01
1.644931953219122000e+15,4.049709280018101154e-01
1.644931953231005000e+15,4.295146206079794027e-01
1.644931953245185000e+15,4.479223900626068122e-01
1.644931953252693000e+15,4.417864669110644904e-01
1.644931953263816000e+15,4.356505437595217245e-01
1.644931953279248000e+15,4.356505437595217245e-01
1.644931953286575000e+15,4.663301595172346659e-01
1.644931953297050000e+15,4.417864669110636022e-01
1.644931953310207000e+15,4.295146206079789586e-01
1.644931953321963000e+15,4.417864669110649345e-01
1.644931953335166000e+15,4.417864669110649345e-01
1.644931953346457000e+15,4.295146206079798468e-01
1.644931953357664000e+15,4.172427743048943150e-01
1.644931953369079000e+15,4.417864669110649345e-01
1.644931953380039000e+15,4.233786974564370809e-01
1.644931953391592000e+15,3.804272353956394959e-01
1.644931953402046000e+15,4.417864669110644904e-01
1.644931953410778000e+15,3.865631585471822618e-01
1.644931953423575000e+15,4.233786974564375249e-01
1.644931953431376000e+15,4.111068511533515490e-01
1.644931953445325000e+15,4.233786974564361927e-01
1.644931953458706000e+15,4.172427743048934268e-01
1.644931953466657000e+15,4.601942363656914559e-01
1.644931953480183000e+15,4.356505437595212804e-01
1.644931953487235000e+15,4.601942363656923440e-01
1.644931953502688000e+15,4.356505437595217245e-01
1.644931953513589000e+15,4.356505437595226127e-01
1.644931953523697000e+15,4.417864669110649345e-01
1.644931953536506000e+15,4.356505437595226127e-01
1.644931953545627000e+15,4.724660826687769877e-01
1.644931953557176000e+15,4.601942363656923440e-01
1.644931953568458000e+15,4.356505437595221686e-01
1.644931953580921000e+15,4.479223900626072563e-01
1.644931953589364000e+15,4.786020058203188654e-01
1.644931953602526000e+15,4.417864669110649345e-01
1.644931953616025000e+15,4.663301595172351099e-01
1.644931953626606000e+15,4.847379289718616313e-01
1.644931953638268000e+15,4.540583132141491340e-01
1.644931953645701000e+15,4.663301595172342218e-01
1.644931953660384000e+15,4.847379289718620754e-01
1.644931953670604000e+15,4.601942363656918999e-01
1.644931953680257000e+15,4.724660826687769877e-01
1.644931953689050000e+15,4.786020058203197536e-01
1.644931953703139000e+15,4.601942363656918999e-01
1.644931953717754000e+15,4.663301595172346659e-01
1.644931953723390000e+15,4.601942363656918999e-01
1.644931953737109000e+15,4.479223900626077004e-01
1.644931953748672000e+15,4.540583132141491340e-01
1.644931953762069000e+15,4.417864669110636022e-01
1.644931953774286000e+15,4.233786974564361927e-01
1.644931953780790000e+15,4.786020058203197536e-01
1.644931953792088000e+15,4.540583132141500222e-01
1.644931953807039000e+15,4.417864669110636022e-01
1.644931953816205000e+15,4.540583132141491340e-01
1.644931953829401000e+15,4.601942363656918999e-01
1.644931953836181000e+15,4.295146206079789586e-01
1.644931953849650000e+15,4.172427743048938709e-01
1.644931953861793000e+15,4.601942363656918999e-01
1.644931953870207000e+15,4.417864669110649345e-01
1.644931953883729000e+15,4.295146206079798468e-01
1.644931953896118000e+15,4.601942363656923440e-01
1.644931953906211000e+15,4.417864669110649345e-01
1.644931953915250000e+15,4.233786974564370809e-01
1.644931953927324000e+15,4.663301595172342218e-01
1.644931953939646000e+15,4.724660826687774318e-01
1.644931953951831000e+15,4.663301595172346659e-01
1.644931953964137000e+15,4.663301595172342218e-01
1.644931953971263000e+15,4.233786974564361927e-01
1.644931953986453000e+15,4.295146206079798468e-01
1.644931953993971000e+15,4.479223900626068122e-01
1.644931954008257000e+15,4.663301595172351099e-01
1.644931954019848000e+15,4.233786974564370809e-01
1.644931954031180000e+15,4.417864669110640463e-01
1.644931954039991000e+15,4.172427743048943150e-01
1.644931954053395000e+15,4.233786974564375249e-01
1.644931954062246000e+15,4.233786974564366368e-01
1.644931954070951000e+15,4.356505437595217245e-01
1.644931954084404000e+15,4.233786974564370809e-01
1.644931954097771000e+15,4.233786974564370809e-01
1.644931954110956000e+15,4.172427743048947590e-01
1.644931954119829000e+15,4.172427743048943150e-01
1.644931954130772000e+15,3.988350048502677936e-01
1.644931954143900000e+15,4.233786974564375249e-01
1.644931954155702000e+15,4.172427743048952031e-01
1.644931954164713000e+15,4.295146206079798468e-01
1.644931954178161000e+15,4.111068511533515490e-01
1.644931954188896000e+15,4.233786974564366368e-01
1.644931954195407000e+15,4.417864669110649345e-01
1.644931954208643000e+15,4.417864669110649345e-01
1.644931954219138000e+15,3.681553890925544081e-01
1.644931967539044000e+15,3.988350048502660172e-01
1.644931967551331000e+15,4.295146206079794027e-01
1.644931967562269000e+15,4.111068511533511050e-01
1.644931967572737000e+15,4.111068511533519931e-01
1.644931967581237000e+15,4.295146206079789586e-01
1.644931967593712000e+15,4.233786974564366368e-01
1.644931967603833000e+15,4.356505437595221686e-01
1.644931967615370000e+15,4.172427743048943150e-01
1.644931967627676000e+15,4.049709280018092272e-01
1.644931967640984000e+15,4.049709280018092272e-01
1.644931967656474000e+15,3.804272353956394959e-01
1.644931967667080000e+15,4.356505437595221686e-01
1.644931967676357000e+15,4.233786974564366368e-01
1.644931967691751000e+15,4.417864669110644904e-01
1.644931967700415000e+15,4.417864669110644904e-01
1.644931967711760000e+15,4.417864669110644904e-01
1.644931967724621000e+15,3.804272353956386077e-01
1.644931967732732000e+15,3.988350048502664613e-01
1.644931967748162000e+15,3.804272353956394959e-01
1.644931967758833000e+15,4.233786974564370809e-01
1.644931967770962000e+15,4.172427743048938709e-01
1.644931967782159000e+15,3.988350048502664613e-01
1.644931967790859000e+15,4.172427743048938709e-01
1.644931967801602000e+15,4.111068511533519931e-01
1.644931967813755000e+15,4.111068511533511050e-01
1.644931967822437000e+15,4.417864669110644904e-01
1.644931967838345000e+15,3.926990816987236954e-01
1.644931967845774000e+15,4.049709280018092272e-01
1.644931967856811000e+15,3.865631585471813736e-01
1.644931967870361000e+15,3.926990816987241395e-01
1.644931967884241000e+15,4.356505437595221686e-01
1.644931967896788000e+15,4.233786974564370809e-01
1.644931967903338000e+15,4.049709280018092272e-01
1.644931967916332000e+15,4.172427743048947590e-01
1.644931967930005000e+15,4.111068511533511050e-01
1.644931967940946000e+15,4.172427743048943150e-01
1.644931967952420000e+15,4.049709280018092272e-01
1.644931967962196000e+15,4.233786974564366368e-01
1.644931967975728000e+15,4.049709280018092272e-01
1.644931967984692000e+15,3.988350048502664613e-01
1.644931967995988000e+15,3.988350048502664613e-01
1.644931968008910000e+15,4.111068511533515490e-01
1.644931968019917000e+15,4.233786974564370809e-01
1.644931968033606000e+15,4.172427743048943150e-01
1.644931968044267000e+15,3.742913122440962859e-01
1.644931968055702000e+15,4.111068511533519931e-01
1.644931968070728000e+15,3.804272353956390518e-01
1.644931968079414000e+15,4.172427743048943150e-01
1.644931968087661000e+15,3.926990816987241395e-01
1.644931968100236000e+15,3.988350048502669054e-01
1.644931968110565000e+15,4.172427743048947590e-01
1.644931968121636000e+15,3.988350048502664613e-01
1.644931968134602000e+15,4.172427743048943150e-01
1.644931968148081000e+15,3.926990816987241395e-01
1.644931968159180000e+15,3.865631585471813736e-01
1.644931968172972000e+15,3.988350048502669054e-01
1.644931968184129000e+15,4.172427743048934268e-01
1.644931968192138000e+15,4.111068511533515490e-01
1.644931968203580000e+15,3.865631585471813736e-01
1.644931968216707000e+15,3.926990816987232513e-01
1.644931968229694000e+15,3.865631585471813736e-01
1.644931968240574000e+15,4.295146206079798468e-01
1.644931968255180000e+15,3.804272353956390518e-01
1.644931968267259000e+15,4.111068511533511050e-01
1.644931968273890000e+15,4.172427743048943150e-01
1.644931968290095000e+15,4.111068511533519931e-01
1.644931968299808000e+15,4.049709280018083390e-01
1.644931968310529000e+15,3.926990816987232513e-01
1.644931968322201000e+15,4.049709280018083390e-01
1.644931968335027000e+15,3.926990816987241395e-01
1.644931968344448000e+15,3.804272353956386077e-01
1.644931968358307000e+15,3.926990816987241395e-01
1.644931968371128000e+15,4.111068511533511050e-01
1.644931968377118000e+15,4.172427743048934268e-01
1.644931968387731000e+15,3.988350048502660172e-01
1.644931968401367000e+15,3.926990816987232513e-01
1.644931968416029000e+15,3.988350048502664613e-01
1.644931968422419000e+15,3.926990816987232513e-01
1.644931968436974000e+15,4.295146206079789586e-01
1.644931968446544000e+15,4.111068511533511050e-01
1.644931968457404000e+15,3.988350048502664613e-01
1.644931968474020000e+15,3.926990816987241395e-01
1.644931968484780000e+15,3.926990816987232513e-01
1.644931968496775000e+15,4.295146206079794027e-01
1.644931968505897000e+15,4.417864669110649345e-01
1.644931968518675000e+15,3.988350048502664613e-01
1.644931968527495000e+15,4.233786974564370809e-01
1.644931968540770000e+15,4.049709280018083390e-01
1.644931968552909000e+15,4.111068511533511050e-01
1.644931968560621000e+15,3.865631585471813736e-01
1.644931968573578000e+15,3.988350048502664613e-01
1.644931968586425000e+15,4.172427743048947590e-01
1.644931968597316000e+15,3.865631585471813736e-01
1.644931968607911000e+15,4.111068511533515490e-01
1.644931968619611000e+15,4.049709280018096713e-01
1.644931968632107000e+15,3.926990816987241395e-01
1.644931968640407000e+15,3.865631585471813736e-01
1.644931968653241000e+15,3.865631585471813736e-01
1.644931968665374000e+15,3.988350048502660172e-01
1.644931968677852000e+15,4.111068511533519931e-01
1.644931968688214000e+15,3.865631585471813736e-01
1.644931968696744000e+15,4.049709280018083390e-01
1.644931968709488000e+15,4.111068511533511050e-01
1.644931968721002000e+15,3.988350048502660172e-01
1.644931968733374000e+15,3.926990816987241395e-01
1.644931968740156000e+15,4.111068511533511050e-01
1.644931968754072000e+15,4.233786974564375249e-01
1.644931968762030000e+15,4.111068511533519931e-01
1.644931968774543000e+15,3.804272353956381636e-01
1.644931968784722000e+15,3.988350048502655731e-01
1.644931968795468000e+15,4.111068511533511050e-01
1.644931968809358000e+15,4.172427743048947590e-01
1.644931968822268000e+15,4.049709280018083390e-01
1.644931968832921000e+15,3.988350048502664613e-01
1.644931968840521000e+15,3.988350048502664613e-01
1.644931968855639000e+15,4.111068511533511050e-01
1.644931968865138000e+15,3.865631585471818177e-01
1.644931968877836000e+15,3.742913122440962859e-01
1.644931968884725000e+15,3.865631585471804854e-01
1.644931968900398000e+15,4.356505437595217245e-01
1.644931968912214000e+15,3.804272353956381636e-01
1.644931968918458000e+15,3.988350048502660172e-01
1.644931968933631000e+15,3.865631585471804854e-01
1.644931968944656000e+15,3.742913122440962859e-01
1.644931968957536000e+15,4.172427743048947590e-01
1.644931968966866000e+15,3.620194659410116422e-01
1.644931968975925000e+15,3.926990816987241395e-01
1.644931968988425000e+15,4.233786974564375249e-01
1.644931969001073000e+15,3.988350048502655731e-01
1.644931969013347000e+15,3.988350048502664613e-01
1.644931969025662000e+15,4.172427743048947590e-01
1.644931969037722000e+15,3.865631585471809295e-01
1.644931969044740000e+15,3.926990816987241395e-01
1.644931969057989000e+15,4.049709280018096713e-01
1.644931969069707000e+15,3.988350048502673495e-01
1.644931969079010000e+15,3.804272353956394959e-01
1.644931969092431000e+15,3.926990816987241395e-01
1.644931969101864000e+15,4.172427743048947590e-01
1.644931969114156000e+15,3.742913122440967300e-01
1.644931969126071000e+15,4.049709280018096713e-01
1.644931969134321000e+15,3.988350048502664613e-01
1.644931969145956000e+15,3.865631585471818177e-01
1.644931969156579000e+15,4.049709280018092272e-01
1.644931969169218000e+15,3.865631585471809295e-01
1.644931969181409000e+15,4.172427743048947590e-01
1.644931969193827000e+15,3.926990816987241395e-01
1.644931969205990000e+15,4.233786974564370809e-01
1.644931969217208000e+15,3.926990816987241395e-01
1.644931969224159000e+15,3.926990816987241395e-01
1.644931969236300000e+15,3.926990816987241395e-01
1.644931969249171000e+15,3.926990816987241395e-01
1.644931969261374000e+15,3.926990816987241395e-01
1.644931969269581000e+15,3.865631585471809295e-01
1.644931969280758000e+15,3.804272353956386077e-01
1.644931969293984000e+15,3.804272353956394959e-01
1.644931969303454000e+15,3.926990816987232513e-01
1.644931969317262000e+15,3.681553890925535200e-01
1.644931969325642000e+15,4.049709280018092272e-01
1.644931969340198000e+15,3.804272353956394959e-01
1.644931969349602000e+15,3.926990816987245836e-01
1.644931969359916000e+15,4.111068511533511050e-01
1.644931969370295000e+15,3.865631585471822618e-01
1.644931969384444000e+15,3.804272353956377195e-01
1.644931969395507000e+15,3.742913122440962859e-01
1.644931969409248000e+15,4.172427743048947590e-01
1.644931969420559000e+15,2.577087723647868422e-01
1.644931982730676000e+15,3.129320807286708472e-01
1.644931982740171000e+15,3.129320807286708472e-01
1.644931982752149000e+15,3.067961575771276372e-01
1.644931982763123000e+15,3.006602344255853154e-01
1.644931982774408000e+15,3.190680038802131691e-01
1.644931982787565000e+15,3.190680038802131691e-01
1.644931982796063000e+15,3.006602344255853154e-01
1.644931982809958000e+15,2.945243112740421054e-01
1.644931982822822000e+15,2.945243112740429936e-01
1.644931982828967000e+15,3.006602344255853154e-01
1.644931982844348000e+15,3.006602344255853154e-01
1.644931982853336000e+15,3.129320807286708472e-01
1.644931982867584000e+15,3.190680038802131691e-01
1.644931982876817000e+15,3.067961575771285254e-01
1.644931982886728000e+15,3.067961575771285254e-01
1.644931982900887000e+15,3.374757733348401345e-01
1.644931982911503000e+15,3.129320807286699591e-01
1.644931982923375000e+15,3.129320807286699591e-01
1.644931982933139000e+15,3.067961575771276372e-01
1.644931982946519000e+15,2.883883881224997836e-01
1.644931982956198000e+15,2.945243112740421054e-01
1.644931982964056000e+15,2.945243112740429936e-01
1.644931982976045000e+15,3.190680038802131691e-01
1.644931982990466000e+15,3.006602344255853154e-01
1.644931982997190000e+15,3.006602344255853154e-01
1.644931983010977000e+15,3.129320807286708472e-01
1.644931983021720000e+15,3.067961575771267491e-01
1.644931983032034000e+15,3.067961575771267491e-01
1.644931983040168000e+15,3.006602344255853154e-01
1.644931983052709000e+15,2.883883881225006718e-01
1.644931983064915000e+15,3.067961575771276372e-01
1.644931983075160000e+15,3.129320807286699591e-01
1.644931983088208000e+15,3.067961575771276372e-01
1.644931983099158000e+15,3.067961575771285254e-01
1.644931983109941000e+15,3.006602344255853154e-01
1.644931983117341000e+15,2.945243112740429936e-01
1.644931983129274000e+15,3.190680038802131691e-01
1.644931983142445000e+15,3.006602344255853154e-01
1.644931983154126000e+15,3.006602344255844272e-01
1.644931983167072000e+15,3.006602344255853154e-01
1.644931983179007000e+15,3.129320807286699591e-01
1.644931983187367000e+15,2.945243112740429936e-01
1.644931983198715000e+15,2.945243112740429936e-01
1.644931983210152000e+15,3.129320807286708472e-01
1.644931983222012000e+15,3.190680038802122809e-01
1.644931983234052000e+15,2.945243112740421054e-01
1.644931983245390000e+15,2.883883881224997836e-01
1.644931983255517000e+15,3.190680038802122809e-01
1.644931983267095000e+15,3.006602344255853154e-01
1.644931983278611000e+15,3.067961575771276372e-01
1.644931983287354000e+15,2.945243112740421054e-01
1.644931983299329000e+15,3.006602344255853154e-01
1.644931983310056000e+15,3.067961575771276372e-01
1.644931983321563000e+15,3.129320807286699591e-01
1.644931983335069000e+15,2.945243112740421054e-01
1.644931983343030000e+15,3.067961575771276372e-01
1.644931983356429000e+15,3.006602344255853154e-01
1.644931983370442000e+15,2.945243112740421054e-01
1.644931983377621000e+15,3.006602344255853154e-01
1.644931983390786000e+15,2.945243112740429936e-01
1.644931983402460000e+15,3.067961575771285254e-01
1.644931983416214000e+15,2.945243112740429936e-01
1.644931983423565000e+15,3.006602344255862036e-01
1.644931983437308000e+15,3.006602344255853154e-01
1.644931983449922000e+15,3.129320807286708472e-01
1.644931983458617000e+15,3.067961575771276372e-01
1.644931983468039000e+15,3.129320807286699591e-01
1.644931983480327000e+15,2.822524649709583500e-01
1.644931983493012000e+15,3.067961575771285254e-01
1.644931983501867000e+15,3.190680038802140572e-01
1.644931983517097000e+15,3.006602344255853154e-01
1.644931983528553000e+15,2.945243112740429936e-01
1.644931983535129000e+15,2.945243112740429936e-01
1.644931983548851000e+15,3.190680038802122809e-01
1.644931983559352000e+15,2.945243112740429936e-01
1.644931983574998000e+15,3.006602344255853154e-01
1.644931983581872000e+15,2.883883881225006718e-01
1.644931983597959000e+15,2.945243112740438818e-01
1.644931983604841000e+15,2.945243112740438818e-01
1.644931983616795000e+15,3.129320807286708472e-01
1.644931983631049000e+15,3.067961575771276372e-01
1.644931983640027000e+15,3.129320807286699591e-01
1.644931983653134000e+15,2.945243112740429936e-01
1.644931983660542000e+15,3.129320807286708472e-01
1.644931983672619000e+15,3.129320807286699591e-01
1.644931983685680000e+15,3.006602344255862036e-01
1.644931983698661000e+15,3.067961575771285254e-01
1.644931983705659000e+15,3.006602344255853154e-01
1.644931983719866000e+15,2.822524649709583500e-01
1.644931983731106000e+15,2.883883881225006718e-01
1.644931983741452000e+15,3.006602344255862036e-01
1.644931983753117000e+15,2.945243112740438818e-01
1.644931983763645000e+15,3.129320807286699591e-01
1.644931983776668000e+15,2.945243112740438818e-01
1.644931983785557000e+15,3.067961575771276372e-01
1.644931983798717000e+15,2.945243112740429936e-01
1.644931983810211000e+15,2.822524649709583500e-01
1.644931983821363000e+15,2.945243112740438818e-01
1.644931983832632000e+15,3.006602344255862036e-01
1.644931983839909000e+15,3.067961575771285254e-01
1.644931983851770000e+15,2.945243112740429936e-01
1.644931983861863000e+15,3.006602344255853154e-01
1.644931983874225000e+15,3.129320807286699591e-01
1.644931983887784000e+15,2.883883881224997836e-01
1.644931983895347000e+15,3.006602344255844272e-01
1.644931983912263000e+15,2.945243112740429936e-01
1.644931983920377000e+15,3.006602344255862036e-01
1.644931983930953000e+15,2.822524649709565736e-01
1.644931983943184000e+15,3.067961575771276372e-01
1.644931983957688000e+15,3.129320807286708472e-01
1.644931983965431000e+15,3.006602344255862036e-01
1.644931983979431000e+15,3.129320807286699591e-01
1.644931983991737000e+15,2.945243112740429936e-01
1.644931984002659000e+15,3.190680038802131691e-01
1.644931984009004000e+15,3.006602344255844272e-01
1.644931984020395000e+15,2.883883881224997836e-01
1.644931984033240000e+15,3.129320807286699591e-01
1.644931984045782000e+15,3.067961575771276372e-01
1.644931984056574000e+15,3.129320807286708472e-01
1.644931984067625000e+15,3.006602344255844272e-01
1.644931984077798000e+15,2.945243112740429936e-01
1.644931984087384000e+15,3.006602344255844272e-01
1.644931984101575000e+15,3.129320807286699591e-01
1.644931984115417000e+15,3.190680038802131691e-01
1.644931984125201000e+15,2.945243112740429936e-01
1.644931984137319000e+15,2.822524649709583500e-01
1.644931984149436000e+15,2.883883881224997836e-01
1.644931984159451000e+15,2.945243112740412172e-01
1.644931984171538000e+15,3.067961575771276372e-01
1.644931984181925000e+15,3.006602344255844272e-01
1.644931984193691000e+15,3.006602344255844272e-01
1.644931984202421000e+15,3.067961575771276372e-01
1.644931984216751000e+15,3.006602344255862036e-01
1.644931984228263000e+15,3.006602344255844272e-01
1.644931984237784000e+15,3.067961575771276372e-01
1.644931984251156000e+15,2.883883881224997836e-01
1.644931984263115000e+15,2.945243112740412172e-01
1.644931984274943000e+15,2.822524649709565736e-01
1.644931984284956000e+15,3.006602344255844272e-01
1.644931984295777000e+15,3.006602344255844272e-01
1.644931984307837000e+15,2.761165418194142518e-01
1.644931984318352000e+15,3.067961575771285254e-01
1.644931984327190000e+15,3.067961575771285254e-01
1.644931984341048000e+15,2.945243112740412172e-01
1.644931984351225000e+15,3.067961575771276372e-01
1.644931984363032000e+15,3.067961575771285254e-01
1.644931984369390000e+15,2.945243112740429936e-01
1.644931984384020000e+15,3.067961575771285254e-01
1.644931984395467000e+15,2.883883881224988954e-01
1.644931984403978000e+15,2.822524649709556854e-01
1.644931984419004000e+15,3.067961575771258609e-01
1.644931984431177000e+15,3.190680038802113927e-01
1.644931984439344000e+15,3.006602344255844272e-01
1.644931984448395000e+15,3.006602344255844272e-01
1.644931984463294000e+15,3.129320807286708472e-01
1.644931984475583000e+15,3.006602344255844272e-01
1.644931984483327000e+15,3.006602344255844272e-01
1.644931984494078000e+15,2.822524649709574618e-01
1.644931984507049000e+15,2.945243112740421054e-01
1.644931984514798000e+15,3.006602344255844272e-01
1.644931984525338000e+15,3.006602344255844272e-01
1.644931984538357000e+15,3.067961575771258609e-01
1.644931984553043000e+15,2.945243112740429936e-01
1.644931984558998000e+15,3.129320807286699591e-01
1.644931984574640000e+15,2.945243112740429936e-01
1.644931984582118000e+15,3.067961575771285254e-01
1.644931984597845000e+15,3.006602344255844272e-01
1.644931984606837000e+15,3.006602344255853154e-01
1.644931984618668000e+15,1.595340019401074727e-01
1.644931997938088000e+15,2.699806186678728182e-01
1.644931997949616000e+15,2.638446955163313845e-01
1.644931997958105000e+15,2.822524649709592381e-01
1.644931997972298000e+15,2.577087723647863982e-01
1.644931997983571000e+15,2.515728492132458527e-01
1.644931997992448000e+15,2.393010029101594327e-01
1.644931998002694000e+15,2.638446955163313845e-01
1.644931998015337000e+15,2.638446955163296082e-01
1.644931998026406000e+15,2.515728492132449645e-01
1.644931998035566000e+15,2.638446955163304963e-01
1.644931998051658000e+15,2.699806186678737063e-01
1.644931998064952000e+15,2.822524649709565736e-01
1.644931998074848000e+15,2.699806186678728182e-01
1.644931998082622000e+15,2.761165418194160281e-01
1.644931998097809000e+15,2.638446955163313845e-01
1.644931998109514000e+15,2.761165418194151400e-01
1.644931998119875000e+15,2.699806186678737063e-01
1.644931998129369000e+15,2.883883881225015600e-01
1.644931998142139000e+15,2.638446955163313845e-01
1.644931998148439000e+15,2.454369260617017545e-01
1.644931998162789000e+15,2.699806186678737063e-01
1.644931998174820000e+15,2.638446955163304963e-01
1.644931998185062000e+15,2.577087723647872863e-01
1.644931998197047000e+15,2.577087723647881745e-01
1.644931998208732000e+15,2.577087723647872863e-01
1.644931998220180000e+15,2.761165418194160281e-01
1.644931998231722000e+15,2.577087723647872863e-01
1.644931998240752000e+15,2.822524649709565736e-01
1.644931998251021000e+15,2.515728492132458527e-01
1.644931998261521000e+15,2.577087723647881745e-01
1.644931998276406000e+15,2.699806186678737063e-01
1.644931998285292000e+15,2.699806186678719300e-01
1.644931998298818000e+15,2.638446955163287200e-01
1.644931998310704000e+15,2.699806186678737063e-01
1.644931998316160000e+15,2.699806186678719300e-01
1.644931998330129000e+15,2.515728492132449645e-01
1.644931998339091000e+15,2.577087723647872863e-01
1.644931998353610000e+15,2.761165418194151400e-01
1.644931998361148000e+15,2.638446955163313845e-01
1.644931998373495000e+15,2.761165418194160281e-01
1.644931998385610000e+15,2.822524649709565736e-01
1.644931998395266000e+15,2.515728492132449645e-01
1.644931998409531000e+15,2.454369260617035309e-01
1.644931998420833000e+15,2.638446955163287200e-01
1.644931998428492000e+15,2.699806186678737063e-01
1.644931998439619000e+15,2.761165418194151400e-01
1.644931998451753000e+15,2.638446955163287200e-01
1.644931998462955000e+15,2.761165418194151400e-01
1.644931998476286000e+15,2.577087723647872863e-01
1.644931998488640000e+15,2.761165418194151400e-01
1.644931998498165000e+15,2.515728492132440763e-01
1.644931998511595000e+15,2.515728492132458527e-01
1.644931998517036000e+15,2.638446955163313845e-01
1.644931998532719000e+15,2.577087723647881745e-01
1.644931998543983000e+15,2.699806186678728182e-01
1.644931998550834000e+15,2.822524649709565736e-01
1.644931998566358000e+15,2.699806186678728182e-01
1.644931998578432000e+15,2.577087723647881745e-01
1.644931998587438000e+15,2.638446955163313845e-01
1.644931998598947000e+15,2.699806186678719300e-01
1.644931998610524000e+15,2.822524649709565736e-01
1.644931998620520000e+15,2.761165418194151400e-01
1.644931998628843000e+15,2.577087723647872863e-01
1.644931998643211000e+15,2.822524649709583500e-01
1.644931998652020000e+15,2.699806186678719300e-01
1.644931998667181000e+15,2.822524649709583500e-01
1.644931998676004000e+15,2.699806186678728182e-01
1.644931998688290000e+15,2.761165418194151400e-01
1.644931998699239000e+15,2.822524649709583500e-01
1.644931998705988000e+15,2.699806186678737063e-01
1.644931998718937000e+15,2.577087723647872863e-01
1.644931998732339000e+15,2.638446955163287200e-01
1.644931998739383000e+15,2.638446955163313845e-01
1.644931998751479000e+15,2.638446955163313845e-01
1.644931998765963000e+15,2.699806186678737063e-01
1.644931998778000000e+15,2.638446955163313845e-01
1.644931998789909000e+15,2.699806186678728182e-01
1.644931998800054000e+15,2.699806186678728182e-01
1.644931998812740000e+15,2.454369260617026427e-01
1.644931998827035000e+15,2.638446955163313845e-01
1.644931998837922000e+15,2.577087723647872863e-01
1.644931998849333000e+15,2.577087723647872863e-01
1.644931998860535000e+15,2.699806186678737063e-01
1.644931998870922000e+15,2.699806186678719300e-01
1.644931998877798000e+15,2.699806186678737063e-01
1.644931998894585000e+15,2.393010029101603209e-01
1.644931998903194000e+15,2.577087723647872863e-01
1.644931998912357000e+15,2.454369260617017545e-01
1.644931998925632000e+15,2.699806186678737063e-01
1.644931998937676000e+15,2.761165418194151400e-01
1.644931998950318000e+15,2.699806186678737063e-01
1.644931998956160000e+15,2.577087723647881745e-01
1.644931998969098000e+15,2.577087723647872863e-01
1.644931998978195000e+15,2.822524649709583500e-01
1.644931998995021000e+15,2.393010029101603209e-01
1.644931999001137000e+15,2.699806186678728182e-01
1.644931999011428000e+15,2.577087723647881745e-01
1.644931999025723000e+15,2.638446955163313845e-01
1.644931999037056000e+15,2.761165418194151400e-01
1.644931999050087000e+15,2.699806186678737063e-01
1.644931999058302000e+15,2.515728492132458527e-01
1.644931999072331000e+15,2.699806186678719300e-01
1.644931999082977000e+15,2.515728492132458527e-01
1.644931999095778000e+15,2.454369260617026427e-01
1.644931999102181000e+15,2.454369260617026427e-01
1.644931999115516000e+15,2.577087723647863982e-01
1.644931999128716000e+15,2.638446955163296082e-01
1.644931999140386000e+15,2.638446955163296082e-01
1.644931999150945000e+15,2.638446955163296082e-01
1.644931999165865000e+15,2.761165418194151400e-01
1.644931999171272000e+15,2.638446955163296082e-01
1.644931999185290000e+15,2.699806186678728182e-01
1.644931999201629000e+15,2.577087723647881745e-01
1.644931999212123000e+15,2.515728492132449645e-01
1.644931999225250000e+15,2.638446955163304963e-01
1.644931999232804000e+15,2.638446955163296082e-01
1.644931999246512000e+15,2.699806186678728182e-01
1.644931999259411000e+15,2.699806186678728182e-01
1.644931999266835000e+15,2.822524649709574618e-01
1.644931999278718000e+15,2.638446955163296082e-01
1.644931999293402000e+15,2.454369260617017545e-01
1.644931999301743000e+15,2.454369260617017545e-01
1.644931999312889000e+15,2.883883881225006718e-01
1.644931999320986000e+15,2.577087723647881745e-01
1.644931999336812000e+15,2.577087723647863982e-01
1.644931999347861000e+15,2.577087723647863982e-01
1.644931999356178000e+15,2.577087723647872863e-01
1.644931999366323000e+15,2.454369260617017545e-01
1.644931999381847000e+15,2.699806186678719300e-01
1.644931999390208000e+15,2.577087723647863982e-01
1.644931999400970000e+15,2.638446955163296082e-01
1.644931999411760000e+15,2.577087723647881745e-01
1.644931999425692000e+15,2.515728492132449645e-01
1.644931999437764000e+15,2.393010029101594327e-01
1.644931999447674000e+15,2.761165418194151400e-01
1.644931999456189000e+15,2.699806186678728182e-01
1.644931999469157000e+15,2.515728492132449645e-01
1.644931999481745000e+15,2.638446955163304963e-01
1.644931999490304000e+15,2.638446955163296082e-01
1.644931999499035000e+15,2.761165418194151400e-01
1.644931999515389000e+15,2.454369260617017545e-01
1.644931999525684000e+15,2.577087723647872863e-01
1.644931999536422000e+15,2.761165418194151400e-01
1.644931999548343000e+15,2.638446955163296082e-01
1.644931999557968000e+15,2.699806186678719300e-01
1.644931999567614000e+15,2.515728492132449645e-01
1.644931999577987000e+15,2.515728492132449645e-01
1.644931999593254000e+15,2.515728492132449645e-01
1.644931999602089000e+15,2.822524649709574618e-01
1.644931999614748000e+15,2.699806186678719300e-01
1.644931999626533000e+15,2.699806186678719300e-01
1.644931999636661000e+15,2.515728492132449645e-01
1.644931999645896000e+15,2.515728492132449645e-01
1.644931999655676000e+15,2.699806186678719300e-01
1.644931999671323000e+15,2.515728492132449645e-01
1.644931999677951000e+15,2.761165418194151400e-01
1.644931999691506000e+15,2.761165418194151400e-01
1.644931999703806000e+15,2.515728492132449645e-01
1.644931999713506000e+15,2.577087723647881745e-01
1.644931999724697000e+15,2.699806186678728182e-01
1.644931999734783000e+15,2.638446955163304963e-01
1.644931999745668000e+15,2.515728492132449645e-01
1.644931999760860000e+15,2.699806186678728182e-01
1.644931999772958000e+15,2.515728492132449645e-01
1.644931999779779000e+15,2.454369260617026427e-01
1.644931999791774000e+15,2.761165418194151400e-01
1.644931999801124000e+15,2.699806186678728182e-01
1.644931999815729000e+15,1.902136176978199700e-01
1.644932013128072000e+15,1.656699250916489063e-01
1.644932013140635000e+15,1.595340019401065845e-01
1.644932013147798000e+15,1.533980787885624864e-01
1.644932013161862000e+15,1.595340019401074727e-01
1.644932013171914000e+15,1.533980787885642627e-01
1.644932013180894000e+15,1.533980787885660391e-01
1.644932013192126000e+15,1.472621556370228291e-01
1.644932013205787000e+15,1.840776945462776482e-01
1.644932013216096000e+15,1.533980787885642627e-01
1.644932013229058000e+15,1.472621556370219409e-01
1.644932013241207000e+15,1.779417713947344382e-01
1.644932013252659000e+15,1.718058482431912282e-01
1.644932013259236000e+15,1.656699250916497945e-01
1.644932013275609000e+15,1.779417713947344382e-01
1.644932013285961000e+15,1.533980787885642627e-01
1.644932013294079000e+15,1.595340019401074727e-01
1.644932013305928000e+15,1.779417713947344382e-01
1.644932013316229000e+15,1.656699250916489063e-01
1.644932013329202000e+15,1.779417713947362145e-01
1.644932013340732000e+15,1.656699250916506827e-01
1.644932013353086000e+15,1.656699250916489063e-01
1.644932013359382000e+15,1.963495408493622918e-01
1.644932013375331000e+15,1.533980787885660391e-01
1.644932013385591000e+15,1.902136176978199700e-01
1.644932013394029000e+15,1.902136176978199700e-01
1.644932013405190000e+15,1.595340019401074727e-01
1.644932013420415000e+15,1.779417713947362145e-01
1.644932013428876000e+15,1.840776945462776482e-01
1.644932013441234000e+15,1.718058482431912282e-01
1.644932013453664000e+15,1.595340019401074727e-01
1.644932013464905000e+15,1.902136176978199700e-01
1.644932013475167000e+15,1.656699250916497945e-01
1.644932013487080000e+15,1.840776945462767600e-01
1.644932013498522000e+15,1.902136176978208582e-01
1.644932013508471000e+15,1.472621556370219409e-01
1.644932013520344000e+15,1.902136176978199700e-01
1.644932013528363000e+15,1.718058482431921163e-01
1.644932013541262000e+15,1.656699250916489063e-01
1.644932013552413000e+15,1.472621556370210527e-01
1.644932013563612000e+15,1.840776945462776482e-01
1.644932013576086000e+15,1.533980787885660391e-01
1.644932013586611000e+15,1.656699250916497945e-01
1.644932013597184000e+15,1.595340019401074727e-01
1.644932013605446000e+15,1.902136176978208582e-01
1.644932013622223000e+15,1.840776945462776482e-01
1.644932013633194000e+15,1.411262324854796191e-01
1.644932013643336000e+15,1.902136176978199700e-01
1.644932013655872000e+15,1.718058482431912282e-01
1.644932013668478000e+15,1.718058482431912282e-01
1.644932013680480000e+15,1.656699250916506827e-01
1.644932013690357000e+15,1.595340019401048082e-01
1.644932013697817000e+15,1.840776945462776482e-01
1.644932013712539000e+15,1.840776945462776482e-01
1.644932013723118000e+15,1.595340019401074727e-01
1.644932013730266000e+15,1.595340019401074727e-01
1.644932013744850000e+15,1.779417713947344382e-01
1.644932013757374000e+15,1.718058482431912282e-01
1.644932013765459000e+15,1.779417713947362145e-01
1.644932013775123000e+15,1.533980787885642627e-01
1.644932013789014000e+15,1.718058482431912282e-01
1.644932013798977000e+15,1.595340019401056963e-01
1.644932013813500000e+15,1.533980787885642627e-01
1.644932013824174000e+15,1.533980787885651509e-01
1.644932013831500000e+15,1.595340019401074727e-01
1.644932013846748000e+15,1.902136176978181936e-01
1.644932013855555000e+15,1.718058482431912282e-01
1.644932013865731000e+15,1.595340019401074727e-01
1.644932013879366000e+15,1.779417713947326618e-01
1.644932013889232000e+15,1.779417713947326618e-01
1.644932013898763000e+15,1.533980787885633745e-01
1.644932013910526000e+15,1.595340019401056963e-01
1.644932013922422000e+15,1.595340019401074727e-01
1.644932013932579000e+15,1.718058482431912282e-01
1.644932013944661000e+15,2.024854640009046136e-01
1.644932013956166000e+15,1.718058482431912282e-01
1.644932013968074000e+15,1.779417713947326618e-01
1.644932013981270000e+15,1.533980787885624864e-01
1.644932013991616000e+15,1.595340019401074727e-01
1.644932014004888000e+15,1.656699250916480182e-01
1.644932014014681000e+15,1.533980787885633745e-01
1.644932014023192000e+15,1.902136176978208582e-01
1.644932014038104000e+15,1.779417713947362145e-01
1.644932014049192000e+15,1.595340019401074727e-01
1.644932014058837000e+15,1.533980787885633745e-01
1.644932014070484000e+15,1.656699250916489063e-01
1.644932014091117000e+15,1.902136176978190818e-01
1.644932014100809000e+15,1.472621556370219409e-01
1.644932014111916000e+15,1.595340019401074727e-01
1.644932014119872000e+15,1.595340019401074727e-01
1.644932014132381000e+15,1.656699250916497945e-01
1.644932014143697000e+15,1.718058482431912282e-01
1.644932014157292000e+15,1.533980787885642627e-01
1.644932014167886000e+15,1.595340019401056963e-01
1.644932014175952000e+15,1.533980787885624864e-01
1.644932014191590000e+15,1.656699250916480182e-01
1.644932014201701000e+15,1.533980787885633745e-01
1.644932014211551000e+15,1.718058482431912282e-01
1.644932014225609000e+15,1.533980787885633745e-01
1.644932014237456000e+15,1.656699250916489063e-01
1.644932014246707000e+15,1.595340019401048082e-01
1.644932014257357000e+15,1.472621556370210527e-01
1.644932014269829000e+15,1.595340019401074727e-01
1.644932014280774000e+15,1.840776945462767600e-01
1.644932014289442000e+15,1.779417713947326618e-01
1.644932014304015000e+15,1.595340019401048082e-01
1.644932014311392000e+15,1.472621556370210527e-01
1.644932014325515000e+15,1.472621556370210527e-01
1.644932014335431000e+15,1.472621556370210527e-01
1.644932014347901000e+15,1.656699250916489063e-01
1.644932014357772000e+15,1.595340019401048082e-01
1.644932014370328000e+15,1.349903093339372973e-01
1.644932014378399000e+15,1.595340019401065845e-01
1.644932014388720000e+15,1.533980787885633745e-01
1.644932014404170000e+15,1.779417713947344382e-01
1.644932014412115000e+15,1.779417713947326618e-01
1.644932014422483000e+15,1.718058482431912282e-01
1.644932014433431000e+15,1.718058482431912282e-01
1.644932014448636000e+15,1.595340019401048082e-01
1.644932014457523000e+15,1.779417713947344382e-01
1.644932014471359000e+15,1.472621556370210527e-01
1.644932014481379000e+15,1.656699250916489063e-01
1.644932014491032000e+15,1.595340019401074727e-01
1.644932014500482000e+15,1.533980787885633745e-01
1.644932014512762000e+15,1.595340019401048082e-01
1.644932014527147000e+15,1.779417713947344382e-01
1.644932014533163000e+15,1.472621556370219409e-01
1.644932014548532000e+15,1.472621556370219409e-01
1.644932014555747000e+15,1.718058482431903400e-01
1.644932014570375000e+15,1.349903093339364091e-01
1.644932014582978000e+15,1.779417713947344382e-01
1.644932014589151000e+15,1.840776945462767600e-01
1.644932014604325000e+15,1.533980787885651509e-01
1.644932014613930000e+15,1.411262324854796191e-01
1.644932014625002000e+15,1.595340019401065845e-01
1.644932014636890000e+15,1.595340019401065845e-01
1.644932014646040000e+15,1.595340019401065845e-01
1.644932014662346000e+15,1.533980787885642627e-01
1.644932014673458000e+15,1.595340019401065845e-01
1.644932014682433000e+15,1.779417713947344382e-01
1.644932014694655000e+15,1.411262324854796191e-01
1.644932014707340000e+15,1.595340019401048082e-01
1.644932014713760000e+15,1.779417713947326618e-01
1.644932014727814000e+15,1.411262324854796191e-01
1.644932014740844000e+15,1.718058482431903400e-01
1.644932014749390000e+15,1.411262324854796191e-01
1.644932014761839000e+15,1.533980787885642627e-01
1.644932014772780000e+15,1.595340019401065845e-01
1.644932014784898000e+15,1.533980787885651509e-01
1.644932014794438000e+15,1.349903093339364091e-01
1.644932014807368000e+15,1.533980787885642627e-01
1.644932014818605000e+15,1.595340019401065845e-01
1.644932014830879000e+15,1.533980787885633745e-01
1.644932014839265000e+15,1.533980787885651509e-01
1.644932014851740000e+15,1.349903093339364091e-01
1.644932014860943000e+15,1.595340019401065845e-01
1.644932014874187000e+15,1.595340019401074727e-01
1.644932014886397000e+15,1.472621556370228291e-01
1.644932014897058000e+15,1.533980787885651509e-01
1.644932014906519000e+15,1.411262324854796191e-01
1.644932014918845000e+15,1.656699250916506827e-01
1.644932014930915000e+15,1.533980787885642627e-01
1.644932014942073000e+15,1.718058482431921163e-01
1.644932014953092000e+15,1.718058482431912282e-01
1.644932014963651000e+15,1.533980787885642627e-01
1.644932014975804000e+15,1.533980787885651509e-01
1.644932014986378000e+15,1.533980787885642627e-01
1.644932014994567000e+15,1.533980787885633745e-01
1.644932015011864000e+15,2.945243112740429936e-01
1.644932015017405000e+15,3.252039270317563791e-01
1.644932028332189000e+15,7.976700097005373635e-02
1.644932028343364000e+15,8.590292412159605817e-02
1.644932028355438000e+15,8.590292412159605817e-02
1.644932028367522000e+15,6.749515466696820454e-02
1.644932028377198000e+15,7.363107781851052636e-02
1.644932028388503000e+15,6.135923151542588272e-02
1.644932028398448000e+15,7.363107781851052636e-02
1.644932028412623000e+15,7.976700097005373635e-02
1.644932028418916000e+15,9.817477042467981363e-02
1.644932028430396000e+15,7.363107781851052636e-02
1.644932028443201000e+15,1.043106935762239118e-01
1.644932028454559000e+15,9.817477042468070181e-02
1.644932028466454000e+15,8.590292412159605817e-02
1.644932028475808000e+15,1.043106935762221354e-01
1.644932028488475000e+15,9.203884727313749181e-02
1.644932028501724000e+15,1.227184630308499891e-01
1.644932028512263000e+15,7.976700097005196000e-02
1.644932028522600000e+15,9.817477042468070181e-02
1.644932028532774000e+15,6.749515466696820454e-02
1.644932028546646000e+15,8.590292412159428181e-02
1.644932028555151000e+15,8.590292412159428181e-02
1.644932028566660000e+15,7.363107781851052636e-02
1.644932028581380000e+15,6.135923151542588272e-02
1.644932028590003000e+15,4.908738521234123908e-02
1.644932028601115000e+15,4.908738521234123908e-02
1.644932028609691000e+15,6.135923151542588272e-02
1.644932028625894000e+15,7.976700097005196000e-02
1.644932028635648000e+15,7.976700097005373635e-02
1.644932028643915000e+15,7.363107781851052636e-02
1.644932028654657000e+15,6.749515466696820454e-02
1.644932028669165000e+15,7.976700097005196000e-02
1.644932028680379000e+15,8.590292412159605817e-02
1.644932028689545000e+15,6.749515466696731636e-02
1.644932028703972000e+15,9.203884727313837999e-02
1.644932028712277000e+15,6.749515466696731636e-02
1.644932028725989000e+15,7.976700097005196000e-02
1.644932028735061000e+15,7.976700097005373635e-02
1.644932028749377000e+15,6.749515466696731636e-02
1.644932028756011000e+15,7.363107781850963818e-02
1.644932028768994000e+15,7.976700097005284817e-02
1.644932028779353000e+15,5.522330836388178454e-02
1.644932028791055000e+15,5.522330836388267272e-02
1.644932028800829000e+15,6.135923151542499454e-02
1.644932028814041000e+15,9.203884727313837999e-02
1.644932028825377000e+15,7.976700097005284817e-02
1.644932028836771000e+15,6.135923151542588272e-02
1.644932028846996000e+15,6.135923151542588272e-02
1.644932028854409000e+15,6.135923151542410636e-02
1.644932028869181000e+15,7.363107781851052636e-02
1.644932028878841000e+15,6.135923151542410636e-02
1.644932028889348000e+15,5.522330836388178454e-02
1.644932028903392000e+15,7.363107781851052636e-02
1.644932028911462000e+15,7.976700097005373635e-02
1.644932028922458000e+15,5.522330836388178454e-02
1.644932028935945000e+15,4.295146206079714091e-02
1.644932028946511000e+15,5.522330836388356090e-02
1.644932028959592000e+15,9.817477042468158999e-02
1.644932028970162000e+15,6.135923151542588272e-02
1.644932028980319000e+15,7.363107781850963818e-02
1.644932028990064000e+15,7.976700097005196000e-02
1.644932029000322000e+15,6.749515466696820454e-02
1.644932029015279000e+15,5.522330836388356090e-02
1.644932029030283000e+15,6.749515466696731636e-02
1.644932029040183000e+15,8.590292412159605817e-02
1.644932029052534000e+15,9.203884727313837999e-02
1.644932029061240000e+15,6.135923151542588272e-02
1.644932029076631000e+15,5.522330836388267272e-02
1.644932029083460000e+15,7.976700097005196000e-02
1.644932029098273000e+15,7.363107781851052636e-02
1.644932029105044000e+15,6.135923151542588272e-02
1.644932029120048000e+15,7.976700097005462453e-02
1.644932029127016000e+15,6.135923151542588272e-02
1.644932029142411000e+15,7.976700097005196000e-02
1.644932029153700000e+15,5.522330836388356090e-02
1.644932029166043000e+15,6.135923151542410636e-02
1.644932029172215000e+15,7.363107781851052636e-02
1.644932029186269000e+15,4.295146206079714091e-02
1.644932029195795000e+15,6.749515466696731636e-02
1.644932029208170000e+15,6.749515466696731636e-02
1.644932029223000000e+15,7.976700097005373635e-02
1.644932029231310000e+15,6.135923151542588272e-02
1.644932029245881000e+15,6.135923151542588272e-02
1.644932029254281000e+15,6.135923151542410636e-02
1.644932029265894000e+15,6.135923151542499454e-02
1.644932029276678000e+15,6.749515466696820454e-02
1.644932029285724000e+15,7.363107781851141453e-02
1.644932029295940000e+15,6.749515466696820454e-02
1.644932029311466000e+15,6.135923151542588272e-02
1.644932029323797000e+15,7.363107781851141453e-02
1.644932029333063000e+15,8.590292412159694635e-02
1.644932029344735000e+15,5.522330836388089637e-02
1.644932029357052000e+15,6.135923151542588272e-02
1.644932029368856000e+15,6.749515466696820454e-02
1.644932029381168000e+15,6.135923151542588272e-02
1.644932029391527000e+15,7.363107781851141453e-02
1.644932029403480000e+15,8.590292412159605817e-02
1.644932029413581000e+15,7.363107781850963818e-02
1.644932029423987000e+15,6.135923151542410636e-02
1.644932029431168000e+15,6.135923151542588272e-02
1.644932029445150000e+15,6.135923151542588272e-02
1.644932029458724000e+15,7.363107781851141453e-02
1.644932029467545000e+15,5.522330836388267272e-02
1.644932029479047000e+15,7.363107781851141453e-02
1.644932029490984000e+15,4.295146206079625273e-02
1.644932029502172000e+15,8.590292412159605817e-02
1.644932029513599000e+15,6.135923151542588272e-02
1.644932029525874000e+15,6.135923151542410636e-02
1.644932029536928000e+15,7.363107781850963818e-02
1.644932029545353000e+15,6.135923151542410636e-02
1.644932029560460000e+15,6.135923151542499454e-02
1.644932029571990000e+15,7.976700097005284817e-02
1.644932029579904000e+15,7.976700097005462453e-02
1.644932029594027000e+15,6.749515466696820454e-02
1.644932029603518000e+15,7.363107781850963818e-02
1.644932029612451000e+15,7.976700097005284817e-02
1.644932029627017000e+15,6.135923151542588272e-02
1.644932029637000000e+15,6.749515466696731636e-02
1.644932029651969000e+15,7.363107781851141453e-02
1.644932029664092000e+15,6.135923151542499454e-02
1.644932029676240000e+15,6.135923151542588272e-02
1.644932029686969000e+15,5.522330836388356090e-02
1.644932029696033000e+15,6.135923151542499454e-02
1.644932029706394000e+15,9.203884727314015635e-02
1.644932029715115000e+15,7.363107781851141453e-02
1.644932029731102000e+15,8.590292412159694635e-02
1.644932029741496000e+15,6.135923151542410636e-02
1.644932029751438000e+15,6.749515466696820454e-02
1.644932029760704000e+15,6.749515466696820454e-02
1.644932029774713000e+15,4.295146206079891726e-02
1.644932029782370000e+15,7.363107781850963818e-02
1.644932029797006000e+15,6.749515466696820454e-02
1.644932029807396000e+15,6.749515466696731636e-02
1.644932029816358000e+15,6.135923151542588272e-02
1.644932029828977000e+15,7.976700097005373635e-02
1.644932029841643000e+15,3.681553890925393091e-02
1.644932029849803000e+15,6.749515466696820454e-02
1.644932029863243000e+15,4.908738521234035090e-02
1.644932029871167000e+15,6.749515466696820454e-02
1.644932029888647000e+15,6.749515466696909272e-02
1.644932029898419000e+15,3.681553890925748362e-02
1.644932029917330000e+15,7.976700097005373635e-02
1.644932029926994000e+15,4.908738521234123908e-02
1.644932029937046000e+15,6.135923151542588272e-02
1.644932029945812000e+15,8.590292412159694635e-02
1.644932029962487000e+15,7.363107781851141453e-02
1.644932029973553000e+15,5.522330836388267272e-02
1.644932029981137000e+15,7.363107781851052636e-02
1.644932029996320000e+15,6.749515466696909272e-02
1.644932030002994000e+15,6.749515466696820454e-02
1.644932030015707000e+15,5.522330836388356090e-02
1.644932030028868000e+15,7.363107781851052636e-02
1.644932030036125000e+15,6.135923151542588272e-02
1.644932030047207000e+15,6.749515466696909272e-02
1.644932030060864000e+15,6.135923151542499454e-02
1.644932030069412000e+15,5.522330836388356090e-02
1.644932030081221000e+15,7.976700097005284817e-02
1.644932030093578000e+15,7.976700097005373635e-02
1.644932030106337000e+15,3.681553890925570727e-02
1.644932030117776000e+15,4.295146206079891726e-02
1.644932030129795000e+15,4.295146206079980544e-02
1.644932030141837000e+15,4.295146206079891726e-02
1.644932030151781000e+15,4.908738521234035090e-02
1.644932030159453000e+15,6.749515466696909272e-02
1.644932030175741000e+15,4.908738521234123908e-02
1.644932030181471000e+15,4.908738521234123908e-02
1.644932030196554000e+15,6.749515466696820454e-02
1.644932030205370000e+15,4.417864669110640463e-01
1.644932043524911000e+15,3.681553890925659545e-02
1.644932043534018000e+15,4.908738521233857455e-02
1.644932043547024000e+15,4.908738521234123908e-02
1.644932043553426000e+15,4.295146206079802909e-02
1.644932043568257000e+15,2.454369260617017545e-02
1.644932043579779000e+15,6.135923151543209997e-03
1.644932043588203000e+15,2.454369260617017545e-02
1.644932043600870000e+15,2.454369260617017545e-02
1.644932043612708000e+15,6.135923151542321818e-03
1.644932043620598000e+15,3.067961575771338545e-02
1.644932043635923000e+15,1.840776945462696546e-02
1.644932043644045000e+15,4.295146206079802909e-02
1.644932043657011000e+15,2.454369260617017545e-02
1.644932043669339000e+15,2.454369260617017545e-02
1.644932043677995000e+15,1.227184630308641999e-02
1.644932043693240000e+15,1.227184630308553182e-02
1.644932043704804000e+15,1.840776945462874181e-02
1.644932043710858000e+15,2.454369260617017545e-02
1.644932043724073000e+15,3.681553890925659545e-02
1.644932043737725000e+15,1.227184630308641999e-02
1.644932043748799000e+15,2.454369260617106363e-02
1.644932043757329000e+15,2.454369260617106363e-02
1.644932043767918000e+15,6.135923151541433640e-03
1.644932043781922000e+15,2.454369260617106363e-02
1.644932043793376000e+15,6.135923151541433640e-03
1.644932043806885000e+15,2.454369260617106363e-02
1.644932043817260000e+15,7.363107781850963818e-02
1.644932043828068000e+15,4.295146206079891726e-02
1.644932043838867000e+15,1.840776945462785363e-02
1.644932043853308000e+15,1.840776945462785363e-02
1.644932043862845000e+15,2.454369260617106363e-02
1.644932043873974000e+15,6.135923151543209997e-03
1.644932043881186000e+15,1.840776945462785363e-02
1.644932043896720000e+15,3.681553890925659545e-02
1.644932043903809000e+15,3.067961575771338545e-02
1.644932043918138000e+15,1.840776945462874181e-02
1.644932043926287000e+15,4.908738521233857455e-02
1.644932043938585000e+15,6.135923151542588272e-02
1.644932043953602000e+15,2.454369260617017545e-02
1.644932043963060000e+15,1.227184630308641999e-02
1.644932043975866000e+15,1.840776945462785363e-02
1.644932043983353000e+15,6.135923151542321818e-03
1.644932043997470000e+15,1.840776945462874181e-02
1.644932044010029000e+15,6.135923151543209997e-03
1.644932044021900000e+15,6.135923151542321818e-03
1.644932044027534000e+15,3.067961575771338545e-02
1.644932044040412000e+15,1.840776945462785363e-02
1.644932044050895000e+15,1.840776945462874181e-02
1.644932044065518000e+15,1.840776945462785363e-02
1.644932044075580000e+15,1.840776945462785363e-02
1.644932044086563000e+15,1.227184630308553182e-02
1.644932044098592000e+15,1.227184630308464364e-02
1.644932044106752000e+15,2.454369260617017545e-02
1.644932044117132000e+15,6.135923151543209997e-03
1.644932044132685000e+15,3.067961575771338545e-02
1.644932044141760000e+15,1.840776945462785363e-02
1.644932044150311000e+15,1.227184630308553182e-02
1.644932044161930000e+15,6.135923151543209997e-03
1.644932044176965000e+15,3.067961575771338545e-02
1.644932044186977000e+15,1.840776945462696199e-02
1.644932044194617000e+15,2.454369260617106363e-02
1.644932044206541000e+15,3.067961575771338545e-02
1.644932044220024000e+15,1.227184630308464364e-02
1.644932044231258000e+15,1.840776945462785363e-02
1.644932044241640000e+15,3.067961575771427363e-02
1.644932044255055000e+15,1.227184630308464364e-02
1.644932044264309000e+15,2.454369260617106363e-02
1.644932044273093000e+15,1.227184630308553182e-02
1.644932044286160000e+15,6.135923151543209997e-03
1.644932044297956000e+15,4.295146206079891726e-02
1.644932044308640000e+15,0.000000000000000000e+00
1.644932044318743000e+15,1.840776945462785363e-02
1.644932044334093000e+15,1.840776945462785363e-02
1.644932044341057000e+15,1.840776945462696199e-02
1.644932044354994000e+15,2.454369260617017198e-02
1.644932044362458000e+15,6.135923151542318349e-03
1.644932044377910000e+15,1.227184630308553182e-02
1.644932044385404000e+15,6.135923151542318349e-03
1.644932044400178000e+15,6.135923151542321818e-03
1.644932044410573000e+15,2.454369260617018239e-02
1.644932044421275000e+15,6.135923151542321818e-03
1.644932044432918000e+15,4.908738521234123908e-02
1.644932044444096000e+15,4.908738521234123908e-02
1.644932044456611000e+15,1.840776945462785016e-02
1.644932044465605000e+15,6.135923151542318349e-03
1.644932044477064000e+15,1.840776945462696199e-02
1.644932044490926000e+15,3.681553890925481909e-02
1.644932044500154000e+15,0.000000000000000000e+00
1.644932044512504000e+15,6.135923151543209997e-03
1.644932044522106000e+15,2.454369260617106363e-02
1.644932044531090000e+15,0.000000000000000000e+00
1.644932044545155000e+15,2.454369260617017545e-02
1.644932044553522000e+15,3.067961575771249727e-02
1.644932044570271000e+15,3.067961575771338198e-02
1.644932044577317000e+15,6.135923151542321818e-03
1.644932044589210000e+15,6.135923151543209997e-03
1.644932044600300000e+15,1.840776945462786057e-02
1.644932044614186000e+15,6.135923151542314880e-03
1.644932044625494000e+15,1.227184630308553528e-02
1.644932044632555000e+15,1.840776945462785710e-02
1.644932044643387000e+15,2.454369260617017545e-02
1.644932044659073000e+15,1.227184630308553875e-02
1.644932044668168000e+15,3.067961575771338198e-02
1.644932044681616000e+15,3.681553890925570727e-02
1.644932044691998000e+15,1.840776945462785710e-02
1.644932044703546000e+15,8.590292412159605817e-02
1.644932044716137000e+15,3.681553890925570727e-02
1.644932044727096000e+15,0.000000000000000000e+00
1.644932044739146000e+15,2.454369260617017545e-02
1.644932044746371000e+15,0.000000000000000000e+00
1.644932044760172000e+15,3.681553890925570727e-02
1.644932044770730000e+15,4.908738521234034397e-02
1.644932044783736000e+15,6.749515466696820454e-02
1.644932044793940000e+15,3.681553890925570727e-02
1.644932044803561000e+15,4.295146206079713397e-02
1.644932044811978000e+15,3.067961575771338198e-02
1.644932044825011000e+15,1.840776945462695158e-02
1.644932044836402000e+15,0.000000000000000000e+00
1.644932044853765000e+15,6.135923151542321818e-03
1.644932044864994000e+15,6.135923151542321818e-03
1.644932044879512000e+15,4.295146206079802909e-02
1.644932044887957000e+15,1.227184630308464017e-02
1.644932044901428000e+15,1.227184630308553875e-02
1.644932044913734000e+15,6.135923151542321818e-03
1.644932044923135000e+15,3.067961575771249380e-02
1.644932044930547000e+15,3.681553890925571421e-02
1.644932044941802000e+15,1.227184630308553875e-02
1.644932044952543000e+15,1.227184630308552488e-02
1.644932044965051000e+15,0.000000000000000000e+00
1.644932044974316000e+15,4.908738521234034397e-02
1.644932044985549000e+15,0.000000000000000000e+00
1.644932044997269000e+15,1.840776945462785363e-02
1.644932045007829000e+15,1.840776945462786057e-02
1.644932045020118000e+15,3.681553890925481215e-02
1.644932045030452000e+15,3.067961575771249727e-02
1.644932045044033000e+15,0.000000000000000000e+00
1.644932045055687000e+15,0.000000000000000000e+00
1.644932045068849000e+15,1.840776945462784669e-02
1.644932045075684000e+15,2.454369260617017892e-02
1.644932045089044000e+15,1.227184630308553528e-02
1.644932045097075000e+15,6.135923151542314880e-03
1.644932045112334000e+15,1.840776945462784669e-02
1.644932045122153000e+15,1.227184630308463670e-02
1.644932045132019000e+15,6.135923151542314880e-03
1.644932045146706000e+15,1.227184630308552488e-02
1.644932045155757000e+15,2.454369260617016157e-02
1.644932045163972000e+15,1.840776945462695158e-02
1.644932045175410000e+15,1.840776945462695158e-02
1.644932045190668000e+15,1.840776945462784669e-02
1.644932045200590000e+15,6.135923151542321818e-03
1.644932045208408000e+15,1.227184630308553182e-02
1.644932045224276000e+15,1.840776945462786057e-02
1.644932045236330000e+15,6.135923151543209997e-03
1.644932045245701000e+15,2.454369260617107057e-02
1.644932045254835000e+15,3.681553890925570727e-02
1.644932045269732000e+15,0.000000000000000000e+00
1.644932045279101000e+15,6.135923151543209997e-03
1.644932045291074000e+15,6.135923151542314880e-03
1.644932045299191000e+15,1.840776945462695158e-02
1.644932045313207000e+15,1.840776945462786057e-02
1.644932045323368000e+15,0.000000000000000000e+00
1.644932045336281000e+15,3.067961575771249033e-02
1.644932045346461000e+15,2.454369260617107057e-02
1.644932045359440000e+15,0.000000000000000000e+00
1.644932045366747000e+15,2.454369260617017198e-02
1.644932045380722000e+15,3.067961575771249033e-02
1.644932045392320000e+15,1.840776945462784669e-02
1.644932045400977000e+15,5.767767762450013436e-01
1.644932058720428000e+15,7.363107781851141453e-02
1.644932058732488000e+15,5.522330836388267272e-02
1.644932058742624000e+15,4.908738521234035090e-02
1.644932058757614000e+15,6.135923151542321818e-03
1.644932058764501000e+15,4.908738521234035090e-02
1.644932058780852000e+15,6.135923151542588272e-02
1.644932058792669000e+15,5.522330836388267272e-02
1.644932058803334000e+15,4.295146206079802909e-02
1.644932058814616000e+15,5.522330836388267272e-02
1.644932058823133000e+15,2.454369260617028647e-02
1.644932058837338000e+15,4.295146206079814011e-02
1.644932058847953000e+15,3.681553890925570727e-02
1.644932058856365000e+15,4.908738521234035090e-02
1.644932058869015000e+15,3.681553890925493011e-02
1.644932058882606000e+15,6.135923151542588272e-02
1.644932058893415000e+15,5.522330836388356090e-02
1.644932058905892000e+15,6.135923151542588272e-02
1.644932058913986000e+15,7.976700097005284817e-02
1.644932058928412000e+15,7.363107781851052636e-02
1.644932058939353000e+15,7.363107781851052636e-02
1.644932058951845000e+15,6.135923151542588272e-02
1.644932058964543000e+15,3.067961575771338545e-02
1.644932058971389000e+15,8.590292412159605817e-02
1.644932058988662000e+15,4.908738521234035090e-02
1.644932058999846000e+15,6.749515466696820454e-02
1.644932059008112000e+15,4.908738521234035090e-02
1.644932059023126000e+15,4.295146206079802909e-02
1.644932059033298000e+15,6.749515466696820454e-02
1.644932059045483000e+15,2.454369260617017545e-02
1.644932059052911000e+15,3.681553890925570727e-02
1.644932059067939000e+15,5.522330836388267272e-02
1.644932059078512000e+15,6.135923151542499454e-02
1.644932059091755000e+15,4.295146206079802909e-02
1.644932059103599000e+15,6.135923151542499454e-02
1.644932059114521000e+15,7.363107781851141453e-02
1.644932059128837000e+15,6.135923151542499454e-02
1.644932059135447000e+15,6.135923151542588272e-02
1.644932059150526000e+15,4.295146206079802909e-02
1.644932059162459000e+15,5.522330836388356090e-02
1.644932059172417000e+15,5.522330836388267272e-02
1.644932059184925000e+15,7.363107781851141453e-02
1.644932059197832000e+15,6.135923151542588272e-02
1.644932059209511000e+15,7.976700097005373635e-02
1.644932059221769000e+15,7.363107781851052636e-02
1.644932059232753000e+15,9.817477042468158999e-02
1.644932059245976000e+15,7.363107781851052636e-02
1.644932059256574000e+15,4.295146206079802909e-02
1.644932059270820000e+15,6.135923151542499454e-02
1.644932059279630000e+15,6.749515466696820454e-02
1.644932059294667000e+15,7.976700097005284817e-02
1.644932059301448000e+15,5.522330836388267272e-02
1.644932059318019000e+15,8.590292412159605817e-02
1.644932059325233000e+15,4.295146206079802909e-02
1.644932059336535000e+15,4.908738521234035090e-02
1.644932059350163000e+15,6.135923151542588272e-02
1.644932059358461000e+15,4.295146206079802909e-02
1.644932059375596000e+15,6.135923151542588272e-02
1.644932059383764000e+15,6.135923151542588272e-02
1.644932059397236000e+15,6.135923151542499454e-02
1.644932059414625000e+15,5.522330836388267272e-02
1.644932059423309000e+15,3.681553890925481909e-02
1.644932059436622000e+15,5.522330836388356090e-02
1.644932059447057000e+15,5.522330836388267272e-02
1.644932059455371000e+15,7.363107781851052636e-02
1.644932059469333000e+15,7.363107781851052636e-02
1.644932059482451000e+15,6.135923151542588272e-02
1.644932059492551000e+15,2.454369260617006443e-02
1.644932059500891000e+15,6.135923151542588272e-02
1.644932059515494000e+15,5.522330836388356090e-02
1.644932059526390000e+15,5.522330836388356090e-02
1.644932059534443000e+15,6.749515466696820454e-02
1.644932059550669000e+15,6.135923151542588272e-02
1.644932059559533000e+15,5.522330836388356090e-02
1.644932059572264000e+15,8.590292412159605817e-02
1.644932059580739000e+15,6.749515466696820454e-02
1.644932059594250000e+15,6.749515466696820454e-02
1.644932059605618000e+15,4.295146206079802909e-02
1.644932059618843000e+15,7.363107781851052636e-02
1.644932059628210000e+15,9.203884727313837999e-02
1.644932059641361000e+15,7.976700097005284817e-02
1.644932059651039000e+15,7.976700097005373635e-02
1.644932059664416000e+15,5.522330836388267272e-02
1.644932059674979000e+15,3.681553890925570727e-02
1.644932059684016000e+15,6.749515466696820454e-02
1.644932059698772000e+15,9.203884727313837999e-02
1.644932059711366000e+15,6.749515466696820454e-02
1.644932059719366000e+15,6.135923151542499454e-02
1.644932059736000000e+15,6.749515466696820454e-02
1.644932059743006000e+15,6.749515466696820454e-02
1.644932059756133000e+15,5.522330836388356090e-02
1.644932059770190000e+15,6.749515466696820454e-02
1.644932059779256000e+15,4.908738521234023988e-02
1.644932059793865000e+15,7.976700097005373635e-02
1.644932059804333000e+15,4.908738521234035090e-02
1.644932059814280000e+15,5.522330836388267272e-02
1.644932059826941000e+15,7.363107781851052636e-02
1.644932059835690000e+15,5.522330836388267272e-02
1.644932059847245000e+15,6.749515466696820454e-02
1.644932059859904000e+15,6.749515466696820454e-02
1.644932059872845000e+15,5.522330836388344988e-02
1.644932059881213000e+15,6.749515466696820454e-02
1.644932059895522000e+15,8.590292412159605817e-02
1.644932059904944000e+15,7.363107781851052636e-02
1.644932059918245000e+15,6.749515466696820454e-02
1.644932059926559000e+15,6.749515466696820454e-02
1.644932059943633000e+15,7.976700097005284817e-02
1.644932059953311000e+15,5.522330836388267272e-02
1.644932059963324000e+15,7.363107781851052636e-02
1.644932059975366000e+15,9.203884727313837999e-02
1.644932059988546000e+15,8.590292412159605817e-02
1.644932059999621000e+15,7.363107781851052636e-02
1.644932060009026000e+15,6.749515466696820454e-02
1.644932060026492000e+15,7.976700097005362533e-02
1.644932060036034000e+15,8.590292412159605817e-02
1.644932060050301000e+15,7.363107781851130351e-02
1.644932060061558000e+15,6.749515466696820454e-02
1.644932060071278000e+15,6.749515466696820454e-02
1.644932060085694000e+15,6.135923151542588272e-02
1.644932060098311000e+15,5.522330836388267272e-02
1.644932060107996000e+15,8.590292412159605817e-02
1.644932060119890000e+15,6.135923151542499454e-02
1.644932060128527000e+15,7.363107781851052636e-02
1.644932060140846000e+15,7.976700097005284817e-02
1.644932060155050000e+15,6.135923151542577170e-02
1.644932060166226000e+15,8.590292412159605817e-02
1.644932060174386000e+15,6.749515466696809352e-02
1.644932060188279000e+15,6.749515466696820454e-02
1.644932060196618000e+15,6.135923151542577170e-02
1.644932060208529000e+15,4.908738521234035090e-02
1.644932060219589000e+15,7.976700097005373635e-02
1.644932060230566000e+15,5.522330836388267272e-02
1.644932060243795000e+15,6.749515466696820454e-02
1.644932060255840000e+15,8.590292412159583613e-02
1.644932060265641000e+15,8.590292412159583613e-02
1.644932060275931000e+15,4.908738521234035090e-02
1.644932060287925000e+15,9.817477042468070181e-02
1.644932060295757000e+15,8.590292412159605817e-02
1.644932060311753000e+15,7.363107781851041533e-02
1.644932060322929000e+15,4.295146206079802909e-02
1.644932060334251000e+15,6.749515466696820454e-02
1.644932060346818000e+15,7.363107781851041533e-02
1.644932060357196000e+15,5.522330836388356090e-02
1.644932060368670000e+15,7.976700097005373635e-02
1.644932060384508000e+15,5.522330836388356090e-02
1.644932060393816000e+15,6.749515466696820454e-02
1.644932060402244000e+15,6.749515466696820454e-02
1.644932060417493000e+15,7.976700097005284817e-02
1.644932060427277000e+15,7.363107781851130351e-02
1.644932060439183000e+15,6.135923151542588272e-02
1.644932060449916000e+15,7.363107781851052636e-02
1.644932060462794000e+15,7.976700097005373635e-02
1.644932060473947000e+15,8.590292412159516999e-02
1.644932060487943000e+15,7.976700097005273715e-02
1.644932060496989000e+15,9.203884727313826897e-02
1.644932060505966000e+15,7.363107781851052636e-02
1.644932060519384000e+15,7.976700097005362533e-02
1.644932060532041000e+15,4.908738521234123908e-02
1.644932060540188000e+15,7.363107781851052636e-02
1.644932060555646000e+15,7.363107781851052636e-02
1.644932060563629000e+15,8.590292412159605817e-02
1.644932060575310000e+15,4.908738521234023988e-02
1.644932060590683000e+15,6.749515466696809352e-02
1.644932060597742000e+15,7.485826244881925717e-01
1.644932060608894000e+15,7.056311624273954308e-01
1.644932073921851000e+15,1.656699250916497945e-01
1.644932073934998000e+15,1.779417713947344382e-01
1.644932073945930000e+15,1.595340019401063625e-01
1.644932073954208000e+15,1.595340019401065845e-01
1.644932073965889000e+15,1.656699250916486843e-01
1.644932073978606000e+15,1.595340019401063625e-01
1.644932073989955000e+15,1.779417713947342161e-01
1.644932074002643000e+15,1.779417713947344382e-01
1.644932074009304000e+15,1.840776945462767600e-01
1.644932074023722000e+15,1.718058482431921163e-01
1.644932074035140000e+15,1.656699250916489063e-01
1.644932074045021000e+15,1.963495408493625138e-01
1.644932074057438000e+15,1.595340019401065845e-01
1.644932074067585000e+15,1.779417713947344382e-01
1.644932074083452000e+15,1.656699250916491284e-01
1.644932074092162000e+15,1.288543861823931991e-01
1.644932074099788000e+15,1.656699250916497945e-01
1.644932074116255000e+15,1.840776945462778702e-01
1.644932074125719000e+15,1.840776945462769820e-01
1.644932074134816000e+15,1.533980787885642627e-01
1.644932074147121000e+15,1.779417713947346602e-01
1.644932074159951000e+15,1.533980787885642627e-01
1.644932074172285000e+15,1.840776945462778702e-01
1.644932074179678000e+15,1.595340019401065845e-01
1.644932074195104000e+15,1.533980787885633745e-01
1.644932074204585000e+15,1.718058482431914502e-01
1.644932074217340000e+15,1.840776945462767600e-01
1.644932074225991000e+15,1.595340019401065845e-01
1.644932074236422000e+15,1.718058482431921163e-01
1.644932074251404000e+15,1.595340019401065845e-01
1.644932074261773000e+15,1.779417713947344382e-01
1.644932074270050000e+15,1.779417713947344382e-01
1.644932074282576000e+15,1.902136176978201920e-01
1.644932074293523000e+15,1.779417713947346602e-01
1.644932074305743000e+15,1.595340019401065845e-01
1.644932074316308000e+15,1.840776945462769820e-01
1.644932074325087000e+15,1.656699250916491284e-01
1.644932074340745000e+15,1.840776945462778702e-01
1.644932074348424000e+15,1.840776945462767600e-01
1.644932074364551000e+15,1.840776945462767600e-01
1.644932074374043000e+15,1.902136176978201920e-01
1.644932074381670000e+15,1.595340019401065845e-01
1.644932074397269000e+15,1.595340019401076948e-01
1.644932074407132000e+15,2.024854640009043916e-01
1.644932074417800000e+15,1.595340019401076948e-01
1.644932074431089000e+15,1.902136176978190818e-01
1.644932074441437000e+15,1.779417713947344382e-01
1.644932074451819000e+15,1.779417713947342161e-01
1.644932074464145000e+15,1.779417713947344382e-01
1.644932074474947000e+15,1.779417713947346602e-01
1.644932074484866000e+15,1.779417713947342161e-01
1.644932074496243000e+15,1.718058482431918943e-01
1.644932074511749000e+15,1.656699250916491284e-01
1.644932074518838000e+15,1.902136176978188598e-01
1.644932074531413000e+15,1.840776945462765379e-01
1.644932074545085000e+15,1.718058482431921163e-01
1.644932074553962000e+15,1.656699250916500166e-01
1.644932074565347000e+15,1.902136176978190818e-01
1.644932074575820000e+15,1.963495408493622918e-01
1.644932074583903000e+15,2.024854640009046136e-01
1.644932074599145000e+15,1.656699250916497945e-01
1.644932074610629000e+15,2.024854640009046136e-01
1.644932074619141000e+15,1.840776945462765379e-01
1.644932074634167000e+15,2.024854640009046136e-01
1.644932074643494000e+15,1.779417713947344382e-01
1.644932074657090000e+15,1.840776945462767600e-01
1.644932074666256000e+15,1.533980787885635966e-01
1.644932074676339000e+15,1.656699250916491284e-01
1.644932074686341000e+15,1.779417713947344382e-01
1.644932074701794000e+15,1.595340019401063625e-01
1.644932074715081000e+15,2.086213871524467134e-01
1.644932074725574000e+15,1.840776945462767600e-01
1.644932074737837000e+15,1.718058482431918943e-01
1.644932074744239000e+15,1.902136176978190818e-01
1.644932074758933000e+15,1.656699250916489063e-01
1.644932074765288000e+15,1.656699250916491284e-01
1.644932074781273000e+15,1.779417713947344382e-01
1.644932074793413000e+15,1.656699250916489063e-01
1.644932074802119000e+15,1.718058482431918943e-01
1.644932074810769000e+15,1.779417713947344382e-01
1.644932074822184000e+15,1.718058482431914502e-01
1.644932074836144000e+15,1.533980787885638186e-01
1.644932074849060000e+15,1.840776945462767600e-01
1.644932074857440000e+15,1.963495408493622918e-01
1.644932074869983000e+15,2.024854640009043916e-01
1.644932074879058000e+15,1.902136176978190818e-01
1.644932074893712000e+15,1.902136176978197479e-01
1.644932074900246000e+15,1.656699250916491284e-01
1.644932074912448000e+15,1.963495408493616257e-01
1.644932074924403000e+15,2.086213871524476016e-01
1.644932074937977000e+15,1.718058482431921163e-01
1.644932074947949000e+15,1.779417713947344382e-01
1.644932074959807000e+15,2.086213871524476016e-01
1.644932074968537000e+15,1.533980787885642627e-01
1.644932074983006000e+15,1.718058482431914502e-01
1.644932074994856000e+15,1.902136176978190818e-01
1.644932075003875000e+15,1.656699250916497945e-01
1.644932075013277000e+15,1.718058482431912282e-01
1.644932075022588000e+15,1.963495408493622918e-01
1.644932075037119000e+15,1.840776945462765379e-01
1.644932075047232000e+15,1.718058482431921163e-01
1.644932075059888000e+15,1.718058482431921163e-01
1.644932075073696000e+15,1.902136176978197479e-01
1.644932075087625000e+15,2.086213871524471575e-01
1.644932075098418000e+15,1.779417713947344382e-01
1.644932075106530000e+15,1.595340019401065845e-01
1.644932075116668000e+15,1.902136176978190818e-01
1.644932075128568000e+15,1.963495408493616257e-01
1.644932075140445000e+15,1.963495408493622918e-01
1.644932075153498000e+15,1.902136176978199700e-01
1.644932075162360000e+15,1.902136176978197479e-01
1.644932075173845000e+15,1.779417713947344382e-01
1.644932075184406000e+15,1.963495408493622918e-01
1.644932075193091000e+15,2.024854640009046136e-01
1.644932075204755000e+15,1.840776945462776482e-01
1.644932075218523000e+15,2.024854640009048357e-01
1.644932075230474000e+15,2.024854640009048357e-01
1.644932075240020000e+15,1.902136176978199700e-01
1.644932075253411000e+15,1.963495408493614036e-01
1.644932075261512000e+15,1.840776945462767600e-01
1.644932075277645000e+15,1.963495408493614036e-01
1.644932075289584000e+15,1.963495408493622918e-01
1.644932075295837000e+15,2.270291566070747891e-01
1.644932075311816000e+15,1.902136176978199700e-01
1.644932075321482000e+15,1.840776945462776482e-01
1.644932075331145000e+15,2.024854640009043916e-01
1.644932075342639000e+15,1.902136176978190818e-01
1.644932075356274000e+15,1.718058482431918943e-01
1.644932075365766000e+15,1.779417713947342161e-01
1.644932075378815000e+15,1.840776945462767600e-01
1.644932075386240000e+15,1.963495408493625138e-01
1.644932075401363000e+15,1.840776945462767600e-01
1.644932075412550000e+15,2.147573103039901454e-01
1.644932075422223000e+15,1.902136176978199700e-01
1.644932075431297000e+15,1.840776945462778702e-01
1.644932075446206000e+15,1.963495408493625138e-01
1.644932075456516000e+15,1.840776945462767600e-01
1.644932075467984000e+15,2.086213871524469354e-01
1.644932075476989000e+15,2.086213871524467134e-01
1.644932075490473000e+15,1.840776945462767600e-01
1.644932075502514000e+15,2.147573103039901454e-01
1.644932075512403000e+15,1.840776945462767600e-01
1.644932075521885000e+15,1.963495408493616257e-01
1.644932075534516000e+15,1.595340019401068066e-01
1.644932075544384000e+15,1.718058482431912282e-01
1.644932075556338000e+15,1.718058482431925604e-01
1.644932075569588000e+15,1.656699250916500166e-01
1.644932075577501000e+15,2.086213871524469354e-01
1.644932075588214000e+15,1.779417713947346602e-01
1.644932075601498000e+15,1.963495408493622918e-01
1.644932075613960000e+15,1.718058482431921163e-01
1.644932075621893000e+15,2.024854640009043916e-01
1.644932075636974000e+15,1.779417713947344382e-01
1.644932075647997000e+15,1.718058482431921163e-01
1.644932075659977000e+15,1.779417713947346602e-01
1.644932075668409000e+15,2.147573103039901454e-01
1.644932075681147000e+15,1.963495408493622918e-01
1.644932075695043000e+15,2.024854640009048357e-01
1.644932075705270000e+15,1.840776945462767600e-01
1.644932075715815000e+15,1.963495408493616257e-01
1.644932075725942000e+15,2.147573103039901454e-01
1.644932075740810000e+15,2.270291566070758993e-01
1.644932075748944000e+15,2.147573103039901454e-01
1.644932075763947000e+15,1.840776945462778702e-01
1.644932075774050000e+15,1.718058482431921163e-01
1.644932075783889000e+15,2.024854640009048357e-01
1.644932075793855000e+15,1.135145783035374167e+00
1.644932089112676000e+15,3.865631585471813736e-01
1.644932089122953000e+15,4.295146206079789586e-01
1.644932089131733000e+15,3.988350048502669054e-01
1.644932089143351000e+15,3.804272353956390518e-01
1.644932089154462000e+15,3.681553890925535200e-01
1.644932089165547000e+15,4.417864669110649345e-01
1.644932089179767000e+15,4.295146206079798468e-01
1.644932089188157000e+15,4.049709280018092272e-01
1.644932089203359000e+15,4.111068511533519931e-01
1.644932089212482000e+15,3.926990816987232513e-01
1.644932089223801000e+15,3.926990816987236954e-01
1.644932089237582000e+15,4.111068511533515490e-01
1.644932089245791000e+15,3.988350048502660172e-01
1.644932089257198000e+15,3.804272353956381636e-01
1.644932089270479000e+15,4.049709280018092272e-01
1.644932089283824000e+15,3.865631585471804854e-01
1.644932089295366000e+15,3.988350048502660172e-01
1.644932089303624000e+15,4.356505437595212804e-01
1.644932089314351000e+15,3.988350048502664613e-01
1.644932089327445000e+15,3.742913122440962859e-01
1.644932089342970000e+15,4.295146206079798468e-01
1.644932089355196000e+15,3.742913122440962859e-01
1.644932089366261000e+15,3.681553890925539640e-01
1.644932089379611000e+15,3.926990816987236954e-01
1.644932089387276000e+15,4.295146206079798468e-01
1.644932089398660000e+15,3.865631585471813736e-01
1.644932089410710000e+15,3.926990816987236954e-01
1.644932089425524000e+15,3.926990816987236954e-01
1.644932089432254000e+15,4.111068511533519931e-01
1.644932089448581000e+15,3.926990816987232513e-01
1.644932089458423000e+15,4.049709280018096713e-01
1.644932089465118000e+15,4.417864669110649345e-01
1.644932089484693000e+15,4.111068511533519931e-01
1.644932089494043000e+15,3.865631585471804854e-01
1.644932089502536000e+15,4.111068511533511050e-01
1.644932089517269000e+15,4.172427743048938709e-01
1.644932089525684000e+15,4.356505437595221686e-01
1.644932089538988000e+15,4.295146206079798468e-01
1.644932089550283000e+15,4.049709280018087831e-01
1.644932089562165000e+15,4.172427743048947590e-01
1.644932089575036000e+15,4.049709280018096713e-01
1.644932089585460000e+15,4.295146206079794027e-01
1.644932089596132000e+15,4.111068511533519931e-01
1.644932089607104000e+15,4.356505437595217245e-01
1.644932089621522000e+15,4.233786974564366368e-01
1.644932089631024000e+15,3.988350048502660172e-01
1.644932089640695000e+15,3.988350048502664613e-01
1.644932089651987000e+15,4.172427743048938709e-01
1.644932089664489000e+15,4.049709280018096713e-01
1.644932089676286000e+15,3.926990816987245836e-01
1.644932089690060000e+15,4.049709280018096713e-01
1.644932089701224000e+15,4.111068511533524372e-01
1.644932089709219000e+15,4.049709280018096713e-01
1.644932089723154000e+15,3.865631585471804854e-01
1.644932089735167000e+15,4.295146206079798468e-01
1.644932089749108000e+15,3.865631585471813736e-01
1.644932089761314000e+15,4.111068511533511050e-01
1.644932089772832000e+15,4.049709280018096713e-01
1.644932089782977000e+15,4.111068511533515490e-01
1.644932089797623000e+15,3.988350048502669054e-01
1.644932089805877000e+15,4.233786974564370809e-01
1.644932089818527000e+15,4.111068511533515490e-01
1.644932089827775000e+15,4.049709280018096713e-01
1.644932089844400000e+15,4.172427743048943150e-01
1.644932089858258000e+15,3.926990816987232513e-01
1.644932089865909000e+15,4.295146206079798468e-01
1.644932089877163000e+15,3.988350048502660172e-01
1.644932089891811000e+15,4.049709280018087831e-01
1.644932089899879000e+15,4.233786974564379690e-01
1.644932089915226000e+15,4.663301595172346659e-01
1.644932089921644000e+15,4.172427743048943150e-01
1.644932089935030000e+15,4.172427743048943150e-01
1.644932089947422000e+15,4.172427743048943150e-01
1.644932089955611000e+15,4.295146206079794027e-01
1.644932089968185000e+15,4.049709280018096713e-01
1.644932089982262000e+15,4.233786974564379690e-01
1.644932089989880000e+15,4.172427743048943150e-01
1.644932090002340000e+15,4.295146206079798468e-01
1.644932090016255000e+15,4.479223900626068122e-01
1.644932090028904000e+15,4.233786974564361927e-01
1.644932090038105000e+15,4.233786974564361927e-01
1.644932090053638000e+15,4.111068511533515490e-01
1.644932090064228000e+15,4.417864669110653786e-01
1.644932090073866000e+15,4.233786974564370809e-01
1.644932090086299000e+15,4.295146206079789586e-01
1.644932090098270000e+15,4.356505437595226127e-01
1.644932090109231000e+15,3.926990816987232513e-01
1.644932090119249000e+15,4.233786974564370809e-01
1.644932090131305000e+15,4.172427743048943150e-01
1.644932090141257000e+15,3.988350048502664613e-01
1.644932090153480000e+15,4.172427743048943150e-01
1.644932090166306000e+15,4.233786974564370809e-01
1.644932090179156000e+15,4.172427743048943150e-01
1.644932090186157000e+15,4.295146206079789586e-01
1.644932090203428000e+15,4.233786974564370809e-01
1.644932090213169000e+15,4.233786974564370809e-01
1.644932090224868000e+15,4.295146206079789586e-01
1.644932090238104000e+15,4.233786974564370809e-01
1.644932090251779000e+15,4.356505437595217245e-01
1.644932090260855000e+15,4.601942363656918999e-01
1.644932090271321000e+15,4.172427743048934268e-01
1.644932090285662000e+15,4.172427743048947590e-01
1.644932090297557000e+15,4.479223900626072563e-01
1.644932090306066000e+15,4.233786974564366368e-01
1.644932090318868000e+15,3.865631585471818177e-01
1.644932090331860000e+15,4.172427743048947590e-01
1.644932090338906000e+15,4.233786974564361927e-01
1.644932090355809000e+15,4.417864669110653786e-01
1.644932090365970000e+15,4.172427743048947590e-01
1.644932090374160000e+15,4.172427743048947590e-01
1.644932090385825000e+15,4.172427743048943150e-01
1.644932090399471000e+15,4.295146206079798468e-01
1.644932090409910000e+15,4.172427743048934268e-01
1.644932090424348000e+15,4.233786974564375249e-01
1.644932090437350000e+15,4.356505437595226127e-01
1.644932090449037000e+15,4.233786974564361927e-01
1.644932090460035000e+15,4.295146206079802909e-01
1.644932090469462000e+15,4.111068511533519931e-01
1.644932090479278000e+15,4.479223900626077004e-01
1.644932090492622000e+15,4.417864669110640463e-01
1.644932090506865000e+15,4.172427743048947590e-01
1.644932090519969000e+15,4.172427743048943150e-01
1.644932090527067000e+15,4.295146206079798468e-01
1.644932090540781000e+15,4.233786974564366368e-01
1.644932090552097000e+15,4.356505437595217245e-01
1.644932090567175000e+15,4.295146206079798468e-01
1.644932090578116000e+15,4.233786974564366368e-01
1.644932090587981000e+15,4.233786974564375249e-01
1.644932090596431000e+15,4.295146206079789586e-01
1.644932090610579000e+15,4.356505437595221686e-01
1.644932090620722000e+15,4.356505437595217245e-01
1.644932090633864000e+15,4.540583132141500222e-01
1.644932090646790000e+15,4.111068511533519931e-01
1.644932090658118000e+15,4.049709280018096713e-01
1.644932090669295000e+15,4.417864669110640463e-01
1.644932090682677000e+15,4.356505437595226127e-01
1.644932090694482000e+15,4.295146206079794027e-01
1.644932090711810000e+15,4.356505437595221686e-01
1.644932090722381000e+15,4.233786974564366368e-01
1.644932090730527000e+15,4.356505437595217245e-01
1.644932090744530000e+15,4.233786974564366368e-01
1.644932090757439000e+15,4.479223900626077004e-01
1.644932090766276000e+15,4.479223900626072563e-01
1.644932090778525000e+15,4.417864669110649345e-01
1.644932090788307000e+15,4.172427743048943150e-01
1.644932090802953000e+15,4.111068511533519931e-01
1.644932090815397000e+15,4.295146206079789586e-01
1.644932090825838000e+15,4.111068511533515490e-01
1.644932090835329000e+15,4.540583132141500222e-01
1.644932090850077000e+15,4.356505437595230568e-01
1.644932090863229000e+15,4.111068511533515490e-01
1.644932090870000000e+15,4.172427743048947590e-01
1.644932090885743000e+15,4.356505437595217245e-01
1.644932090897378000e+15,4.172427743048947590e-01
1.644932090905728000e+15,4.295146206079802909e-01
1.644932090922165000e+15,4.295146206079798468e-01
1.644932090932129000e+15,4.479223900626077004e-01
1.644932090943281000e+15,4.233786974564370809e-01
1.644932090954182000e+15,4.172427743048947590e-01
1.644932090967265000e+15,4.356505437595230568e-01
1.644932090980640000e+15,4.417864669110653786e-01
1.644932090990375000e+15,1.270136092369310798e+00
1.644932090999794000e+15,1.276272015520853120e+00
1.644932104317706000e+15,4.601942363656923440e-01
1.644932104331829000e+15,4.786020058203201977e-01
1.644932104345760000e+15,4.663301595172346659e-01
1.644932104355330000e+15,4.663301595172351099e-01
1.644932104366910000e+15,4.601942363656923440e-01
1.644932104377674000e+15,4.663301595172351099e-01
1.644932104389605000e+15,4.663301595172351099e-01
1.644932104399976000e+15,4.663301595172351099e-01
1.644932104413196000e+15,4.786020058203197536e-01
1.644932104421153000e+15,4.724660826687778759e-01
1.644932104434169000e+15,4.601942363656923440e-01
1.644932104443111000e+15,4.724660826687778759e-01
1.644932104455431000e+15,4.479223900626072563e-01
1.644932104463516000e+15,4.663301595172351099e-01
1.644932104478713000e+15,4.540583132141491340e-01
1.644932104487568000e+15,4.970097752749471631e-01
1.644932104496561000e+15,4.601942363656923440e-01
1.644932104511086000e+15,4.601942363656923440e-01
1.644932104522865000e+15,4.540583132141500222e-01
1.644932104530983000e+15,4.663301595172351099e-01
1.644932104544117000e+15,4.724660826687774318e-01
1.644932104554670000e+15,4.540583132141500222e-01
1.644932104567935000e+15,4.663301595172346659e-01
1.644932104580104000e+15,4.724660826687769877e-01
1.644932104588716000e+15,4.663301595172346659e-01
1.644932104602756000e+15,4.786020058203201977e-01
1.644932104613782000e+15,4.601942363656914559e-01
1.644932104625049000e+15,4.663301595172346659e-01
1.644932104632819000e+15,4.601942363656927881e-01
1.644932104643573000e+15,4.540583132141495781e-01
1.644932104657756000e+15,4.479223900626072563e-01
1.644932104668162000e+15,4.724660826687765436e-01
1.644932104679378000e+15,4.724660826687769877e-01
1.644932104693686000e+15,4.663301595172346659e-01
1.644932104701634000e+15,4.601942363656914559e-01
1.644932104714395000e+15,4.601942363656923440e-01
1.644932104725363000e+15,4.724660826687765436e-01
1.644932104735642000e+15,4.601942363656923440e-01
1.644932104746414000e+15,4.724660826687765436e-01
1.644932104757757000e+15,4.724660826687765436e-01
1.644932104771053000e+15,4.601942363656923440e-01
1.644932104780773000e+15,4.663301595172346659e-01
1.644932104789660000e+15,4.540583132141495781e-01
1.644932104801243000e+15,4.601942363656918999e-01
1.644932104815428000e+15,4.724660826687765436e-01
1.644932104825637000e+15,4.601942363656914559e-01
1.644932104839817000e+15,4.724660826687774318e-01
1.644932104849940000e+15,4.417864669110644904e-01
1.644932104859645000e+15,4.663301595172346659e-01
1.644932104870053000e+15,4.540583132141495781e-01
1.644932104881969000e+15,4.786020058203197536e-01
1.644932104895167000e+15,4.479223900626077004e-01
1.644932104902819000e+15,4.540583132141495781e-01
1.644932104916786000e+15,4.601942363656918999e-01
1.644932104929272000e+15,4.724660826687769877e-01
1.644932104938478000e+15,4.601942363656927881e-01
1.644932104948073000e+15,4.724660826687774318e-01
1.644932104959269000e+15,4.663301595172346659e-01
1.644932104970694000e+15,4.724660826687774318e-01
1.644932104983475000e+15,4.970097752749467190e-01
1.644932104995541000e+15,4.786020058203201977e-01
1.644932105004437000e+15,4.540583132141495781e-01
1.644932105012874000e+15,4.663301595172346659e-01
1.644932105028528000e+15,4.417864669110640463e-01
1.644932105035439000e+15,4.417864669110644904e-01
1.644932105048990000e+15,4.479223900626077004e-01
1.644932105062922000e+15,4.601942363656918999e-01
1.644932105073676000e+15,4.601942363656927881e-01
1.644932105080343000e+15,4.479223900626068122e-01
1.644932105095559000e+15,4.540583132141500222e-01
1.644932105105021000e+15,4.724660826687778759e-01
1.644932105120022000e+15,4.417864669110649345e-01
1.644932105129100000e+15,4.663301595172351099e-01
1.644932105141490000e+15,4.663301595172351099e-01
1.644932105149708000e+15,4.663301595172351099e-01
1.644932105159970000e+15,4.724660826687778759e-01
1.644932105172356000e+15,4.663301595172351099e-01
1.644932105182617000e+15,4.479223900626077004e-01
1.644932105196753000e+15,4.724660826687769877e-01
1.644932105207885000e+15,4.724660826687769877e-01
1.644932105217494000e+15,4.724660826687769877e-01
1.644932105230199000e+15,4.663301595172342218e-01
1.644932105241995000e+15,4.724660826687778759e-01
1.644932105251023000e+15,4.356505437595217245e-01
1.644932105261100000e+15,4.724660826687778759e-01
1.644932105272219000e+15,4.540583132141491340e-01
1.644932105283913000e+15,4.724660826687778759e-01
1.644932105296032000e+15,4.601942363656927881e-01
1.644932105305597000e+15,4.847379289718625195e-01
1.644932105317206000e+15,4.908738521234052854e-01
1.644932105326164000e+15,4.540583132141500222e-01
1.644932105342798000e+15,4.479223900626063681e-01
1.644932105351911000e+15,4.479223900626063681e-01
1.644932105362857000e+15,4.724660826687778759e-01
1.644932105373243000e+15,4.724660826687778759e-01
1.644932105384098000e+15,4.724660826687778759e-01
1.644932105398123000e+15,4.479223900626063681e-01
1.644932105406457000e+15,4.724660826687778759e-01
1.644932105420554000e+15,4.601942363656914559e-01
1.644932105432271000e+15,4.663301595172346659e-01
1.644932105439565000e+15,4.417864669110649345e-01
1.644932105450260000e+15,4.540583132141500222e-01
1.644932105464602000e+15,4.479223900626077004e-01
1.644932105477502000e+15,4.479223900626077004e-01
1.644932105488134000e+15,4.356505437595212804e-01
1.644932105496627000e+15,4.663301595172342218e-01
1.644932105510681000e+15,4.540583132141500222e-01
1.644932105517451000e+15,4.601942363656918999e-01
1.644932105530732000e+15,4.601942363656918999e-01
1.644932105542817000e+15,4.540583132141491340e-01
1.644932105552529000e+15,4.417864669110636022e-01
1.644932105564933000e+15,4.540583132141491340e-01
1.644932105571878000e+15,4.601942363656918999e-01
1.644932105588378000e+15,4.417864669110644904e-01
1.644932105595067000e+15,4.540583132141491340e-01
1.644932105607334000e+15,4.601942363656918999e-01
1.644932105619266000e+15,4.663301595172346659e-01
1.644932105632232000e+15,4.724660826687769877e-01
1.644932105641899000e+15,4.540583132141491340e-01
1.644932105650240000e+15,4.663301595172346659e-01
1.644932105666330000e+15,4.540583132141491340e-01
1.644932105676521000e+15,4.540583132141491340e-01
1.644932105686753000e+15,4.356505437595217245e-01
1.644932105698925000e+15,4.663301595172346659e-01
1.644932105709543000e+15,4.601942363656918999e-01
1.644932105722331000e+15,4.847379289718620754e-01
1.644932105735981000e+15,4.724660826687769877e-01
1.644932105743613000e+15,4.417864669110636022e-01
1.644932105754854000e+15,4.601942363656918999e-01
1.644932105768063000e+15,4.479223900626072563e-01
1.644932105779817000e+15,4.601942363656923440e-01
1.644932105791962000e+15,4.601942363656923440e-01
1.644932105801259000e+15,4.663301595172351099e-01
1.644932105813534000e+15,4.663301595172346659e-01
1.644932105822637000e+15,4.601942363656918999e-01
1.644932105838104000e+15,4.601942363656923440e-01
1.644932105847094000e+15,4.479223900626072563e-01
1.644932105858010000e+15,4.724660826687774318e-01
1.644932105868181000e+15,4.601942363656923440e-01
1.644932105878407000e+15,4.724660826687774318e-01
1.644932105889900000e+15,4.847379289718620754e-01
1.644932105905343000e+15,4.724660826687774318e-01
1.644932105916317000e+15,4.417864669110649345e-01
1.644932105924199000e+15,4.540583132141495781e-01
1.644932105936151000e+15,4.663301595172346659e-01
1.644932105949923000e+15,4.417864669110649345e-01
1.644932105961095000e+15,4.356505437595221686e-01
1.644932105971600000e+15,4.540583132141500222e-01
1.644932105983949000e+15,4.724660826687774318e-01
1.644932105992056000e+15,4.601942363656923440e-01
1.644932106006344000e+15,4.601942363656923440e-01
1.644932106016237000e+15,4.663301595172346659e-01
1.644932106025050000e+15,4.601942363656923440e-01
1.644932106040284000e+15,4.663301595172346659e-01
1.644932106051157000e+15,4.601942363656918999e-01
1.644932106061994000e+15,4.724660826687774318e-01
1.644932106073051000e+15,4.540583132141495781e-01
1.644932106082805000e+15,4.356505437595221686e-01
1.644932106096661000e+15,4.417864669110640463e-01
1.644932106103151000e+15,4.540583132141500222e-01
1.644932106116868000e+15,4.479223900626072563e-01
1.644932106126619000e+15,4.417864669110640463e-01
1.644932106142415000e+15,4.417864669110649345e-01
1.644932106151266000e+15,4.540583132141500222e-01
1.644932106161177000e+15,4.417864669110640463e-01
1.644932106175300000e+15,4.111068511533511050e-01
1.644932106181603000e+15,4.417864669110640463e-01
1.644932106197786000e+15,1.006291396852980746e+00
1.644932119515210000e+15,3.252039270317554909e-01
1.644932119529732000e+15,3.129320807286708472e-01
1.644932119537935000e+15,3.190680038802140572e-01
1.644932119549226000e+15,3.374757733348401345e-01
1.644932119559699000e+15,3.374757733348419109e-01
1.644932119572235000e+15,3.436116964863837886e-01
1.644932119582547000e+15,3.742913122440967300e-01
1.644932119601062000e+15,3.252039270317568231e-01
1.644932119610612000e+15,3.252039270317554909e-01
1.644932119621665000e+15,3.190680038802131691e-01
1.644932119633452000e+15,3.313398501832987009e-01
1.644932119642532000e+15,3.313398501832978127e-01
1.644932119655509000e+15,3.681553890925535200e-01
1.644932119667118000e+15,3.374757733348401345e-01
1.644932119678466000e+15,3.313398501832987009e-01
1.644932119686607000e+15,3.436116964863833445e-01
1.644932119700051000e+15,3.313398501832987009e-01
1.644932119710009000e+15,3.313398501832987009e-01
1.644932119721348000e+15,3.497476196379269986e-01
1.644932119733256000e+15,3.252039270317554909e-01
1.644932119743537000e+15,3.313398501832987009e-01
1.644932119754812000e+15,3.313398501832987009e-01
1.644932119763290000e+15,3.436116964863833445e-01
1.644932119775076000e+15,3.558835427894702086e-01
1.644932119785331000e+15,3.313398501832987009e-01
1.644932119801946000e+15,3.252039270317554909e-01
1.644932119811183000e+15,3.313398501832987009e-01
1.644932119819364000e+15,3.374757733348423550e-01
1.644932119832618000e+15,3.374757733348401345e-01
1.644932119842570000e+15,3.129320807286704031e-01
1.644932119856836000e+15,3.190680038802136131e-01
1.644932119866890000e+15,3.313398501832982568e-01
1.644932119877687000e+15,3.558835427894688763e-01
1.644932119887579000e+15,3.374757733348419109e-01
1.644932119901200000e+15,3.313398501832987009e-01
1.644932119912508000e+15,3.252039270317568231e-01
1.644932119925248000e+15,3.436116964863842327e-01
1.644932119935665000e+15,3.252039270317554909e-01
1.644932119944093000e+15,3.190680038802131691e-01
1.644932119957871000e+15,3.313398501832982568e-01
1.644932119968750000e+15,3.190680038802136131e-01
1.644932119980299000e+15,3.190680038802136131e-01
1.644932119993071000e+15,3.252039270317572672e-01
1.644932120002605000e+15,3.252039270317572672e-01
1.644932120016515000e+15,3.313398501832982568e-01
1.644932120026344000e+15,3.067961575771285254e-01
1.644932120036222000e+15,3.129320807286717354e-01
1.644932120050239000e+15,3.190680038802131691e-01
1.644932120058325000e+15,3.374757733348401345e-01
1.644932120068001000e+15,3.252039270317568231e-01
1.644932120084468000e+15,3.313398501832982568e-01
1.644932120093576000e+15,3.252039270317550468e-01
1.644932120106090000e+15,3.497476196379265545e-01
1.644932120117907000e+15,3.067961575771285254e-01
1.644932120125325000e+15,3.313398501832982568e-01
1.644932120137397000e+15,3.190680038802131691e-01
1.644932120147739000e+15,3.129320807286717354e-01
1.644932120159396000e+15,3.190680038802131691e-01
1.644932120170622000e+15,3.252039270317568231e-01
1.644932120183119000e+15,3.252039270317572672e-01
1.644932120190576000e+15,3.190680038802140572e-01
1.644932120205624000e+15,3.190680038802140572e-01
1.644932120217018000e+15,3.313398501832987009e-01
1.644932120227395000e+15,3.436116964863837886e-01
1.644932120239713000e+15,3.129320807286726236e-01
1.644932120250774000e+15,3.252039270317550468e-01
1.644932120257092000e+15,3.313398501832991450e-01
1.644932120272525000e+15,3.252039270317550468e-01
1.644932120280007000e+15,3.129320807286726236e-01
1.644932120294161000e+15,3.497476196379274427e-01
1.644932120307147000e+15,3.252039270317572672e-01
1.644932120318441000e+15,3.252039270317572672e-01
1.644932120328311000e+15,3.252039270317572672e-01
1.644932120339863000e+15,3.313398501832987009e-01
1.644932120352837000e+15,3.497476196379252222e-01
1.644932120364236000e+15,3.129320807286726236e-01
1.644932120373919000e+15,3.252039270317563791e-01
1.644932120381325000e+15,3.252039270317554909e-01
1.644932120393870000e+15,3.190680038802136131e-01
1.644932120405141000e+15,3.374757733348419109e-01
1.644932120420202000e+15,3.129320807286726236e-01
1.644932120430594000e+15,3.129320807286712913e-01
1.644932120439315000e+15,3.129320807286708472e-01
1.644932120454212000e+15,3.313398501832987009e-01
1.644932120465471000e+15,3.252039270317563791e-01
1.644932120471553000e+15,3.129320807286712913e-01
1.644932120484143000e+15,2.945243112740434377e-01
1.644932120496955000e+15,3.129320807286712913e-01
1.644932120506769000e+15,3.006602344255866477e-01
1.644932120521416000e+15,3.190680038802140572e-01
1.644932120531549000e+15,3.129320807286708472e-01
1.644932120542957000e+15,3.313398501832987009e-01
1.644932120552565000e+15,3.252039270317568231e-01
1.644932120563836000e+15,3.190680038802136131e-01
1.644932120575454000e+15,3.252039270317568231e-01
1.644932120587274000e+15,3.129320807286721795e-01
1.644932120595907000e+15,3.129320807286721795e-01
1.644932120605207000e+15,3.129320807286712913e-01
1.644932120617299000e+15,3.313398501832987009e-01
1.644932120631840000e+15,3.190680038802145013e-01
1.644932120642134000e+15,3.252039270317563791e-01
1.644932120653193000e+15,3.129320807286721795e-01
1.644932120667205000e+15,3.374757733348419109e-01
1.644932120677438000e+15,3.006602344255866477e-01
1.644932120684713000e+15,3.190680038802136131e-01
1.644932120699898000e+15,3.129320807286708472e-01
1.644932120706631000e+15,3.067961575771271932e-01
1.644932120719832000e+15,3.313398501832991450e-01
1.644932120733025000e+15,3.129320807286721795e-01
1.644932120742250000e+15,3.252039270317568231e-01
1.644932120753338000e+15,3.067961575771289695e-01
1.644932120764158000e+15,3.006602344255857595e-01
1.644932120776303000e+15,3.190680038802140572e-01
1.644932120787102000e+15,3.313398501832991450e-01
1.644932120797095000e+15,3.067961575771289695e-01
1.644932120809660000e+15,3.067961575771271932e-01
1.644932120820680000e+15,3.313398501832987009e-01
1.644932120831673000e+15,3.313398501832987009e-01
1.644932120843510000e+15,3.313398501832991450e-01
1.644932120850107000e+15,3.067961575771289695e-01
1.644932120862692000e+15,3.067961575771271932e-01
1.644932120875129000e+15,3.252039270317559350e-01
1.644932120887839000e+15,3.067961575771289695e-01
1.644932120896582000e+15,3.006602344255848713e-01
1.644932120909333000e+15,3.252039270317568231e-01
1.644932120921561000e+15,3.190680038802136131e-01
1.644932120934038000e+15,3.190680038802136131e-01
1.644932120942852000e+15,2.945243112740434377e-01
1.644932120956196000e+15,3.190680038802136131e-01
1.644932120966408000e+15,3.067961575771289695e-01
1.644932120978478000e+15,3.006602344255848713e-01
1.644932120989157000e+15,2.945243112740429936e-01
1.644932121001087000e+15,3.067961575771289695e-01
1.644932121008483000e+15,3.129320807286712913e-01
1.644932121021207000e+15,3.067961575771289695e-01
1.644932121034428000e+15,3.129320807286712913e-01
1.644932121042764000e+15,3.067961575771280813e-01
1.644932121058207000e+15,3.006602344255857595e-01
1.644932121065036000e+15,3.067961575771280813e-01
1.644932121080185000e+15,3.190680038802136131e-01
1.644932121091693000e+15,3.190680038802136131e-01
1.644932121097975000e+15,3.252039270317559350e-01
1.644932121110389000e+15,3.067961575771271932e-01
1.644932121124458000e+15,3.129320807286704031e-01
1.644932121135452000e+15,3.190680038802136131e-01
1.644932121146050000e+15,3.129320807286704031e-01
1.644932121159314000e+15,3.067961575771280813e-01
1.644932121166787000e+15,3.252039270317554909e-01
1.644932121179891000e+15,3.190680038802118368e-01
1.644932121190664000e+15,3.067961575771280813e-01
1.644932121204314000e+15,3.252039270317559350e-01
1.644932121214768000e+15,3.129320807286704031e-01
1.644932121225592000e+15,3.129320807286695150e-01
1.644932121234910000e+15,3.067961575771276372e-01
1.644932121248896000e+15,3.252039270317550468e-01
1.644932121258753000e+15,3.067961575771285254e-01
1.644932121270600000e+15,3.067961575771271932e-01
1.644932121279541000e+15,3.006602344255857595e-01
1.644932121293438000e+15,3.067961575771276372e-01
1.644932121303625000e+15,3.067961575771276372e-01
1.644932121311157000e+15,3.067961575771276372e-01
1.644932121326204000e+15,3.313398501832973686e-01
1.644932121334181000e+15,2.945243112740425495e-01
1.644932121345261000e+15,3.129320807286708472e-01
1.644932121356804000e+15,3.129320807286708472e-01
1.644932121369641000e+15,3.129320807286708472e-01
1.644932121382721000e+15,3.190680038802136131e-01
1.644932121388658000e+15,3.067961575771285254e-01
1.644932121400594000e+15,7.547185476397353376e-01
1.644932134708627000e+15,2.515728492132449645e-01
1.644932134723318000e+15,2.454369260617017545e-01
1.644932134733454000e+15,2.515728492132449645e-01
1.644932134744658000e+15,2.208932334555333554e-01
1.644932134753644000e+15,2.331650797586179991e-01
1.644932134767189000e+15,2.393010029101594327e-01
1.644932134773843000e+15,2.331650797586162227e-01
1.644932134786677000e+15,2.393010029101594327e-01
1.644932134799390000e+15,2.270291566070747891e-01
1.644932134809382000e+15,2.454369260617017545e-01
1.644932134819655000e+15,2.454369260617017545e-01
1.644932134834787000e+15,2.331650797586162227e-01
1.644932134841093000e+15,2.454369260617017545e-01
1.644932134851864000e+15,2.393010029101594327e-01
1.644932134867385000e+15,2.393010029101594327e-01
1.644932134877554000e+15,2.393010029101594327e-01
1.644932134885043000e+15,2.208932334555333554e-01
1.644932134899024000e+15,2.393010029101594327e-01
1.644932134910489000e+15,2.577087723647881745e-01
1.644932134920942000e+15,2.147573103039901454e-01
1.644932134931687000e+15,2.454369260617026427e-01
1.644932134944748000e+15,2.393010029101594327e-01
1.644932134956177000e+15,2.454369260617026427e-01
1.644932134966028000e+15,2.454369260617026427e-01
1.644932134976605000e+15,2.331650797586162227e-01
1.644932134986927000e+15,2.454369260617035309e-01
1.644932135001251000e+15,2.454369260617017545e-01
1.644932135012812000e+15,2.393010029101594327e-01
1.644932135019952000e+15,2.393010029101594327e-01
1.644932135031625000e+15,2.393010029101603209e-01
1.644932135043883000e+15,2.270291566070747891e-01
1.644932135059046000e+15,2.393010029101603209e-01
1.644932135067929000e+15,2.454369260617017545e-01
1.644932135077594000e+15,2.331650797586179991e-01
1.644932135092162000e+15,2.393010029101603209e-01
1.644932135101691000e+15,2.270291566070747891e-01
1.644932135113833000e+15,2.270291566070756772e-01
1.644932135123526000e+15,2.393010029101603209e-01
1.644932135134079000e+15,2.086213871524487118e-01
1.644932135145515000e+15,2.393010029101603209e-01
1.644932135158041000e+15,2.393010029101603209e-01
1.644932135169884000e+15,2.454369260617017545e-01
1.644932135178024000e+15,2.393010029101603209e-01
1.644932135189968000e+15,2.515728492132449645e-01
1.644932135203350000e+15,2.515728492132449645e-01
1.644932135215773000e+15,2.208932334555324672e-01
1.644932135226661000e+15,2.393010029101603209e-01
1.644932135238471000e+15,2.454369260617017545e-01
1.644932135246139000e+15,2.331650797586171109e-01
1.644932135256939000e+15,2.270291566070756772e-01
1.644932135269263000e+15,2.331650797586188872e-01
1.644932135278041000e+15,2.270291566070756772e-01
1.644932135288820000e+15,2.393010029101603209e-01
1.644932135300559000e+15,2.515728492132449645e-01
1.644932135312899000e+15,2.393010029101603209e-01
1.644932135327607000e+15,2.393010029101603209e-01
1.644932135338343000e+15,2.454369260617017545e-01
1.644932135345391000e+15,2.393010029101603209e-01
1.644932135356847000e+15,2.393010029101603209e-01
1.644932135369181000e+15,2.270291566070756772e-01
1.644932135382136000e+15,2.454369260617017545e-01
1.644932135394092000e+15,2.393010029101603209e-01
1.644932135402730000e+15,2.577087723647881745e-01
1.644932135417288000e+15,2.331650797586171109e-01
1.644932135428327000e+15,2.331650797586179991e-01
1.644932135437060000e+15,2.331650797586179991e-01
1.644932135448831000e+15,2.454369260617017545e-01
1.644932135460179000e+15,2.147573103039901454e-01
1.644932135472206000e+15,2.331650797586171109e-01
1.644932135481699000e+15,2.270291566070756772e-01
1.644932135495676000e+15,2.331650797586188872e-01
1.644932135504253000e+15,2.393010029101603209e-01
1.644932135515723000e+15,2.331650797586188872e-01
1.644932135529239000e+15,2.208932334555324672e-01
1.644932135540504000e+15,2.331650797586171109e-01
1.644932135550614000e+15,2.577087723647863982e-01
1.644932135559032000e+15,2.454369260617035309e-01
1.644932135570942000e+15,2.454369260617017545e-01
1.644932135585171000e+15,2.515728492132458527e-01
1.644932135595530000e+15,2.454369260617035309e-01
1.644932135607893000e+15,2.515728492132449645e-01
1.644932135617002000e+15,2.515728492132458527e-01
1.644932135628690000e+15,2.454369260617035309e-01
1.644932135639806000e+15,2.393010029101594327e-01
1.644932135649837000e+15,2.515728492132449645e-01
1.644932135663225000e+15,2.393010029101603209e-01
1.644932135672906000e+15,2.393010029101603209e-01
1.644932135684097000e+15,2.393010029101603209e-01
1.644932135697650000e+15,2.208932334555315791e-01
1.644932135705566000e+15,2.454369260617017545e-01
1.644932135717928000e+15,2.331650797586171109e-01
1.644932135727252000e+15,2.393010029101603209e-01
1.644932135742228000e+15,2.208932334555315791e-01
1.644932135752802000e+15,2.393010029101594327e-01
1.644932135762002000e+15,2.147573103039892572e-01
1.644932135774956000e+15,2.454369260617026427e-01
1.644932135786297000e+15,2.393010029101594327e-01
1.644932135793995000e+15,2.270291566070747891e-01
1.644932135808304000e+15,2.270291566070747891e-01
1.644932135822276000e+15,2.270291566070739009e-01
1.644932135832409000e+15,2.393010029101603209e-01
1.644932135842142000e+15,2.393010029101603209e-01
1.644932135852147000e+15,2.331650797586171109e-01
1.644932135863495000e+15,2.454369260617026427e-01
1.644932135878182000e+15,2.577087723647872863e-01
1.644932135887902000e+15,2.393010029101594327e-01
1.644932135899120000e+15,2.454369260617026427e-01
1.644932135911081000e+15,2.331650797586171109e-01
1.644932135920050000e+15,2.393010029101594327e-01
1.644932135932911000e+15,2.208932334555315791e-01
1.644932135943974000e+15,2.454369260617026427e-01
1.644932135955388000e+15,2.208932334555333554e-01
1.644932135965645000e+15,2.331650797586171109e-01
1.644932135978420000e+15,2.270291566070756772e-01
1.644932135989644000e+15,2.577087723647890627e-01
1.644932136002721000e+15,2.393010029101594327e-01
1.644932136012577000e+15,2.393010029101603209e-01
1.644932136021567000e+15,2.454369260617026427e-01
1.644932136036647000e+15,2.208932334555315791e-01
1.644932136046541000e+15,2.147573103039901454e-01
1.644932136055292000e+15,2.270291566070756772e-01
1.644932136064474000e+15,2.393010029101620972e-01
1.644932136079385000e+15,2.393010029101603209e-01
1.644932136088245000e+15,2.393010029101620972e-01
1.644932136100111000e+15,2.331650797586171109e-01
1.644932136112930000e+15,2.086213871524460473e-01
1.644932136120016000e+15,2.270291566070756772e-01
1.644932136135434000e+15,2.331650797586171109e-01
1.644932136147533000e+15,2.515728492132458527e-01
1.644932136156915000e+15,2.331650797586188872e-01
1.644932136166806000e+15,2.208932334555315791e-01
1.644932136177554000e+15,2.270291566070756772e-01
1.644932136191177000e+15,2.454369260617035309e-01
1.644932136199361000e+15,2.331650797586188872e-01
1.644932136211198000e+15,2.270291566070756772e-01
1.644932136224492000e+15,2.393010029101594327e-01
1.644932136236002000e+15,2.331650797586188872e-01
1.644932136246783000e+15,2.331650797586188872e-01
1.644932136258834000e+15,2.086213871524460473e-01
1.644932136267714000e+15,2.577087723647890627e-01
1.644932136276725000e+15,2.331650797586188872e-01
1.644932136288497000e+15,2.331650797586188872e-01
1.644932136301616000e+15,2.331650797586188872e-01
1.644932136312475000e+15,2.515728492132458527e-01
1.644932136323803000e+15,2.331650797586188872e-01
1.644932136336676000e+15,2.331650797586153345e-01
1.644932136342333000e+15,2.515728492132440763e-01
1.644932136356496000e+15,2.270291566070747891e-01
1.644932136369037000e+15,2.331650797586153345e-01
1.644932136380517000e+15,2.270291566070747891e-01
1.644932136389019000e+15,2.393010029101603209e-01
1.644932136400435000e+15,2.454369260617044191e-01
1.644932136410810000e+15,2.454369260617044191e-01
1.644932136425314000e+15,2.393010029101620972e-01
1.644932136434619000e+15,2.024854640009028373e-01
1.644932136444513000e+15,2.208932334555324672e-01
1.644932136456325000e+15,2.393010029101594327e-01
1.644932136468588000e+15,2.331650797586188872e-01
1.644932136476940000e+15,2.454369260617044191e-01
1.644932136491530000e+15,2.331650797586188872e-01
1.644932136501635000e+15,2.147573103039919218e-01
1.644932136512977000e+15,2.393010029101603209e-01
1.644932136525075000e+15,2.331650797586188872e-01
1.644932136534742000e+15,2.331650797586188872e-01
1.644932136546921000e+15,2.393010029101603209e-01
1.644932136556639000e+15,2.331650797586179991e-01
1.644932136570257000e+15,2.270291566070747891e-01
1.644932136578249000e+15,2.393010029101603209e-01
1.644932136589457000e+15,5.706408530934599099e-01
1.644932149909704000e+15,1.472621556370210527e-01
1.644932149920135000e+15,1.595340019401074727e-01
1.644932149933155000e+15,1.595340019401074727e-01
1.644932149940373000e+15,1.656699250916497945e-01
1.644932149955862000e+15,1.718058482431938927e-01
1.644932149966754000e+15,1.595340019401074727e-01
1.644932149976287000e+15,1.595340019401074727e-01
1.644932149988523000e+15,1.779417713947335500e-01
1.644932150001393000e+15,1.595340019401074727e-01
1.644932150009516000e+15,1.718058482431912282e-01
1.644932150021280000e+15,1.595340019401074727e-01
1.644932150032512000e+15,1.656699250916497945e-01
1.644932150042539000e+15,1.533980787885642627e-01
1.644932150056522000e+15,1.349903093339364091e-01
1.644932150069348000e+15,1.840776945462776482e-01
1.644932150081111000e+15,1.718058482431930045e-01
1.644932150089974000e+15,1.472621556370219409e-01
1.644932150103001000e+15,1.349903093339364091e-01
1.644932150112312000e+15,1.656699250916489063e-01
1.644932150123930000e+15,1.840776945462767600e-01
1.644932150135210000e+15,1.533980787885633745e-01
1.644932150144368000e+15,1.533980787885633745e-01
1.644932150159344000e+15,1.656699250916497945e-01
1.644932150170713000e+15,1.472621556370219409e-01
1.644932150179203000e+15,1.656699250916497945e-01
1.644932150191028000e+15,1.533980787885660391e-01
1.644932150205212000e+15,1.595340019401074727e-01
1.644932150215053000e+15,1.227184630308526536e-01
1.644932150229232000e+15,1.349903093339364091e-01
1.644932150240180000e+15,1.718058482431912282e-01
1.644932150252612000e+15,1.595340019401056963e-01
1.644932150259056000e+15,1.349903093339364091e-01
1.644932150273135000e+15,1.656699250916489063e-01
1.644932150283678000e+15,1.840776945462767600e-01
1.644932150292710000e+15,1.656699250916489063e-01
1.644932150306475000e+15,1.656699250916497945e-01
1.644932150313756000e+15,1.595340019401074727e-01
1.644932150329362000e+15,1.411262324854796191e-01
1.644932150338580000e+15,1.718058482431938927e-01
1.644932150348283000e+15,1.533980787885633745e-01
1.644932150363772000e+15,1.349903093339364091e-01
1.644932150369216000e+15,1.656699250916497945e-01
1.644932150381935000e+15,1.411262324854787309e-01
1.644932150395477000e+15,1.411262324854796191e-01
1.644932150405720000e+15,1.595340019401074727e-01
1.644932150415107000e+15,1.718058482431912282e-01
1.644932150430528000e+15,1.533980787885642627e-01
1.644932150441016000e+15,1.595340019401056963e-01
1.644932150451140000e+15,1.411262324854796191e-01
1.644932150462221000e+15,1.595340019401074727e-01
1.644932150472693000e+15,1.227184630308508773e-01
1.644932150486174000e+15,1.533980787885642627e-01
1.644932150492852000e+15,1.165825398793094436e-01
1.644932150509069000e+15,1.349903093339364091e-01
1.644932150516945000e+15,1.595340019401056963e-01
1.644932150529851000e+15,1.656699250916497945e-01
1.644932150537251000e+15,1.595340019401074727e-01
1.644932150553974000e+15,1.656699250916489063e-01
1.644932150560765000e+15,1.779417713947353263e-01
1.644932150579830000e+15,1.472621556370228291e-01
1.644932150586074000e+15,1.595340019401056963e-01
1.644932150601875000e+15,1.656699250916497945e-01
1.644932150612143000e+15,1.595340019401074727e-01
1.644932150622502000e+15,1.411262324854787309e-01
1.644932150632375000e+15,1.533980787885660391e-01
1.644932150647136000e+15,1.595340019401074727e-01
1.644932150658740000e+15,1.595340019401074727e-01
1.644932150664157000e+15,1.472621556370228291e-01
1.644932150679167000e+15,1.595340019401065845e-01
1.644932150690734000e+15,1.411262324854805073e-01
1.644932150702712000e+15,1.963495408493631800e-01
1.644932150713256000e+15,1.595340019401056963e-01
1.644932150724994000e+15,1.411262324854787309e-01
1.644932150736466000e+15,1.595340019401056963e-01
1.644932150747025000e+15,1.349903093339364091e-01
1.644932150756503000e+15,1.411262324854787309e-01
1.644932150766443000e+15,1.472621556370210527e-01
1.644932150779142000e+15,1.288543861823931991e-01
1.644932150787764000e+15,1.533980787885660391e-01
1.644932150803073000e+15,1.411262324854787309e-01
1.644932150810667000e+15,1.411262324854805073e-01
1.644932150824544000e+15,1.411262324854787309e-01
1.644932150835028000e+15,1.533980787885642627e-01
1.644932150844019000e+15,1.472621556370210527e-01
1.644932150858355000e+15,1.595340019401074727e-01
1.644932150868227000e+15,1.779417713947344382e-01
1.644932150877833000e+15,1.288543861823949754e-01
1.644932150888024000e+15,1.595340019401074727e-01
1.644932150901285000e+15,1.472621556370210527e-01
1.644932150914083000e+15,1.472621556370228291e-01
1.644932150921784000e+15,1.349903093339372973e-01
1.644932150933817000e+15,1.472621556370219409e-01
1.644932150945812000e+15,1.472621556370210527e-01
1.644932150957773000e+15,1.411262324854787309e-01
1.644932150968297000e+15,1.595340019401074727e-01
1.644932150978710000e+15,1.411262324854787309e-01
1.644932150993350000e+15,1.288543861823931991e-01
1.644932151005027000e+15,1.656699250916497945e-01
1.644932151013723000e+15,1.349903093339364091e-01
1.644932151023151000e+15,1.472621556370219409e-01
1.644932151033262000e+15,1.595340019401074727e-01
1.644932151049368000e+15,1.779417713947344382e-01
1.644932151059259000e+15,1.227184630308508773e-01
1.644932151069999000e+15,1.349903093339372973e-01
1.644932151080820000e+15,1.411262324854787309e-01
1.644932151092004000e+15,1.718058482431921163e-01
1.644932151102800000e+15,1.595340019401065845e-01
1.644932151116919000e+15,1.227184630308517654e-01
1.644932151124824000e+15,1.779417713947353263e-01
1.644932151138472000e+15,1.533980787885642627e-01
1.644932151149995000e+15,1.533980787885642627e-01
1.644932151160992000e+15,1.411262324854787309e-01
1.644932151175502000e+15,1.533980787885642627e-01
1.644932151184947000e+15,1.349903093339364091e-01
1.644932151197567000e+15,1.533980787885642627e-01
1.644932151209371000e+15,1.595340019401065845e-01
1.644932151214823000e+15,1.472621556370210527e-01
1.644932151228152000e+15,1.411262324854787309e-01
1.644932151243161000e+15,1.533980787885642627e-01
1.644932151251190000e+15,1.595340019401074727e-01
1.644932151265457000e+15,1.288543861823940873e-01
1.644932151272288000e+15,1.595340019401065845e-01
1.644932151283153000e+15,1.288543861823949754e-01
1.644932151294997000e+15,1.411262324854787309e-01
1.644932151307719000e+15,1.349903093339372973e-01
1.644932151316232000e+15,1.472621556370219409e-01
1.644932151327660000e+15,1.656699250916497945e-01
1.644932151343424000e+15,1.288543861823940873e-01
1.644932151354373000e+15,1.411262324854796191e-01
1.644932151363224000e+15,1.227184630308526536e-01
1.644932151375063000e+15,1.595340019401065845e-01
1.644932151387978000e+15,1.411262324854787309e-01
1.644932151399830000e+15,1.472621556370219409e-01
1.644932151411873000e+15,1.349903093339364091e-01
1.644932151420703000e+15,1.595340019401074727e-01
1.644932151434177000e+15,1.533980787885642627e-01
1.644932151440959000e+15,1.411262324854796191e-01
1.644932151456206000e+15,1.411262324854796191e-01
1.644932151468073000e+15,1.411262324854796191e-01
1.644932151474941000e+15,1.288543861823949754e-01
1.644932151489460000e+15,1.533980787885651509e-01
1.644932151497641000e+15,1.779417713947344382e-01
1.644932151509991000e+15,1.227184630308517654e-01
1.644932151520190000e+15,1.533980787885642627e-01
1.644932151536476000e+15,1.227184630308517654e-01
1.644932151544587000e+15,1.288543861823940873e-01
1.644932151557609000e+15,1.411262324854796191e-01
1.644932151568379000e+15,1.779417713947353263e-01
1.644932151578909000e+15,1.718058482431921163e-01
1.644932151588234000e+15,1.718058482431921163e-01
1.644932151601051000e+15,1.349903093339372973e-01
1.644932151613597000e+15,1.227184630308508773e-01
1.644932151623570000e+15,1.840776945462767600e-01
1.644932151632266000e+15,1.227184630308517654e-01
1.644932151644919000e+15,1.533980787885651509e-01
1.644932151654582000e+15,1.533980787885642627e-01
1.644932151669150000e+15,1.227184630308508773e-01
1.644932151681847000e+15,1.472621556370219409e-01
1.644932151688329000e+15,1.411262324854796191e-01
1.644932151703575000e+15,1.533980787885642627e-01
1.644932151711237000e+15,1.411262324854796191e-01
1.644932151723818000e+15,1.411262324854796191e-01
1.644932151736237000e+15,1.349903093339372973e-01
1.644932151748441000e+15,1.349903093339364091e-01
1.644932151755506000e+15,1.411262324854796191e-01
1.644932151770378000e+15,1.411262324854796191e-01
1.644932151779064000e+15,1.349903093339364091e-01
1.644932151791443000e+15,5.154175447295763490e-01
1.644932165107081000e+15,8.590292412159428181e-02
1.644932165116966000e+15,9.817477042468070181e-02
1.644932165127888000e+15,4.908738521233857455e-02
1.644932165138863000e+15,7.363107781851141453e-02
1.644932165153408000e+15,7.976700097005196000e-02
1.644932165162298000e+15,8.590292412159428181e-02
1.644932165176352000e+15,9.203884727313749181e-02
1.644932165189226000e+15,4.908738521234035090e-02
1.644932165200838000e+15,8.590292412159605817e-02
1.644932165209918000e+15,9.203884727313749181e-02
1.644932165220907000e+15,9.203884727313749181e-02
1.644932165230111000e+15,7.976700097005373635e-02
1.644932165245655000e+15,6.749515466696909272e-02
1.644932165256423000e+15,6.749515466696909272e-02
1.644932165263895000e+15,6.749515466696731636e-02
1.644932165277245000e+15,8.590292412159516999e-02
1.644932165284611000e+15,6.135923151542588272e-02
1.644932165298405000e+15,7.976700097005373635e-02
1.644932165311722000e+15,1.043106935762239118e-01
1.644932165318999000e+15,6.135923151542499454e-02
1.644932165332563000e+15,7.363107781851230271e-02
1.644932165341273000e+15,5.522330836388089637e-02
1.644932165352487000e+15,6.749515466696731636e-02
1.644932165364175000e+15,6.135923151542410636e-02
1.644932165375558000e+15,7.363107781850963818e-02
1.644932165388396000e+15,6.749515466696909272e-02
1.644932165398085000e+15,8.590292412159605817e-02
1.644932165411594000e+15,7.976700097005373635e-02
1.644932165422522000e+15,6.135923151542588272e-02
1.644932165434301000e+15,6.749515466696731636e-02
1.644932165446570000e+15,4.908738521233946273e-02
1.644932165455302000e+15,6.135923151542410636e-02
1.644932165463479000e+15,7.976700097005196000e-02
1.644932165479269000e+15,6.135923151542588272e-02
1.644932165487650000e+15,7.976700097005373635e-02
1.644932165497781000e+15,6.749515466696731636e-02
1.644932165510594000e+15,5.522330836388178454e-02
1.644932165520038000e+15,7.363107781850875000e-02
1.644932165534701000e+15,6.749515466696731636e-02
1.644932165546842000e+15,4.295146206079714091e-02
1.644932165553542000e+15,6.749515466696731636e-02
1.644932165568817000e+15,7.363107781850875000e-02
1.644932165579401000e+15,9.203884727313837999e-02
1.644932165588378000e+15,5.522330836388178454e-02
1.644932165600263000e+15,8.590292412159694635e-02
1.644932165612584000e+15,6.135923151542588272e-02
1.644932165623219000e+15,7.363107781851230271e-02
1.644932165634573000e+15,7.363107781851052636e-02
1.644932165643486000e+15,7.976700097005373635e-02
1.644932165655042000e+15,6.749515466696731636e-02
1.644932165669949000e+15,5.522330836388267272e-02
1.644932165680740000e+15,5.522330836388444908e-02
1.644932165690604000e+15,5.522330836388444908e-02
1.644932165700128000e+15,6.749515466696731636e-02
1.644932165711026000e+15,7.363107781851052636e-02
1.644932165723870000e+15,6.749515466696731636e-02
1.644932165736852000e+15,4.295146206079625273e-02
1.644932165745171000e+15,5.522330836388267272e-02
1.644932165757526000e+15,7.363107781850875000e-02
1.644932165769762000e+15,5.522330836388089637e-02
1.644932165783148000e+15,4.295146206079891726e-02
1.644932165790287000e+15,4.908738521234123908e-02
1.644932165804419000e+15,7.363107781850875000e-02
1.644932165814894000e+15,4.908738521234123908e-02
1.644932165827259000e+15,4.908738521233857455e-02
1.644932165837479000e+15,5.522330836388444908e-02
1.644932165847478000e+15,6.135923151542588272e-02
1.644932165857394000e+15,7.976700097005373635e-02
1.644932165867702000e+15,4.295146206079891726e-02
1.644932165882059000e+15,8.590292412159605817e-02
1.644932165893302000e+15,7.976700097005373635e-02
1.644932165906248000e+15,4.908738521234123908e-02
1.644932165916967000e+15,4.908738521234035090e-02
1.644932165927412000e+15,4.295146206079714091e-02
1.644932165937345000e+15,4.908738521234123908e-02
1.644932165948924000e+15,4.908738521233857455e-02
1.644932165962800000e+15,9.203884727313837999e-02
1.644932165972266000e+15,7.363107781851230271e-02
1.644932165984465000e+15,3.681553890925570727e-02
1.644932165995399000e+15,2.454369260616839910e-02
1.644932166003866000e+15,6.135923151542588272e-02
1.644932166015182000e+15,5.522330836388089637e-02
1.644932166028769000e+15,6.749515466696731636e-02
1.644932166038932000e+15,3.681553890925570727e-02
1.644932166050039000e+15,3.681553890925393091e-02
1.644932166059664000e+15,7.976700097005373635e-02
1.644932166072408000e+15,5.522330836388267272e-02
1.644932166080866000e+15,6.749515466696909272e-02
1.644932166095619000e+15,3.681553890925570727e-02
1.644932166105578000e+15,5.522330836388356090e-02
1.644932166118301000e+15,4.908738521234035090e-02
1.644932166129810000e+15,3.681553890925393091e-02
1.644932166141040000e+15,4.908738521233857455e-02
1.644932166149411000e+15,6.135923151542588272e-02
1.644932166163557000e+15,4.295146206079714091e-02
1.644932166170421000e+15,6.749515466696731636e-02
1.644932166181669000e+15,3.681553890925570727e-02
1.644932166195770000e+15,6.135923151542588272e-02
1.644932166205925000e+15,3.067961575771072091e-02
1.644932166216022000e+15,5.522330836388267272e-02
1.644932166226665000e+15,4.908738521233857455e-02
1.644932166242210000e+15,5.522330836388178454e-02
1.644932166251671000e+15,6.135923151542588272e-02
1.644932166261873000e+15,4.908738521234123908e-02
1.644932166275889000e+15,6.749515466696909272e-02
1.644932166287142000e+15,4.908738521234123908e-02
1.644932166295478000e+15,4.908738521234123908e-02
1.644932166306670000e+15,4.295146206079891726e-02
1.644932166319307000e+15,4.295146206079714091e-02
1.644932166331457000e+15,6.135923151542410636e-02
1.644932166341997000e+15,4.908738521234123908e-02
1.644932166354480000e+15,6.135923151542588272e-02
1.644932166362204000e+15,4.908738521233857455e-02
1.644932166374481000e+15,6.135923151542410636e-02
1.644932166386357000e+15,5.522330836388178454e-02
1.644932166397825000e+15,4.908738521234035090e-02
1.644932166405475000e+15,6.135923151542677090e-02
1.644932166420340000e+15,5.522330836388356090e-02
1.644932166428637000e+15,5.522330836388444908e-02
1.644932166439318000e+15,6.135923151542588272e-02
1.644932166452878000e+15,6.135923151542410636e-02
1.644932166465280000e+15,3.067961575771249727e-02
1.644932166477286000e+15,5.522330836388356090e-02
1.644932166485905000e+15,4.908738521233857455e-02
1.644932166499972000e+15,7.976700097005284817e-02
1.644932166509448000e+15,5.522330836388178454e-02
1.644932166521250000e+15,4.908738521233857455e-02
1.644932166527692000e+15,5.522330836388444908e-02
1.644932166543000000e+15,7.363107781851141453e-02
1.644932166551637000e+15,4.295146206079714091e-02
1.644932166564321000e+15,4.908738521234212726e-02
1.644932166577982000e+15,4.295146206079891726e-02
1.644932166588428000e+15,6.135923151542588272e-02
1.644932166596699000e+15,7.976700097005373635e-02
1.644932166611465000e+15,5.522330836388178454e-02
1.644932166622479000e+15,6.135923151542588272e-02
1.644932166629258000e+15,3.681553890925393091e-02
1.644932166644362000e+15,6.135923151542677090e-02
1.644932166653043000e+15,4.295146206079714091e-02
1.644932166662541000e+15,8.590292412159516999e-02
1.644932166674865000e+15,4.908738521234123908e-02
1.644932166688901000e+15,6.135923151542499454e-02
1.644932166701185000e+15,6.135923151542588272e-02
1.644932166709574000e+15,6.135923151542677090e-02
1.644932166721033000e+15,5.522330836388356090e-02
1.644932166731730000e+15,3.681553890925393091e-02
1.644932166742043000e+15,5.522330836388356090e-02
1.644932166755596000e+15,6.135923151542499454e-02
1.644932166767840000e+15,7.363107781850963818e-02
1.644932166778868000e+15,6.135923151542499454e-02
1.644932166789001000e+15,4.908738521234123908e-02
1.644932166800503000e+15,7.976700097005284817e-02
1.644932166807762000e+15,3.681553890925393091e-02
1.644932166821016000e+15,4.908738521234123908e-02
1.644932166830976000e+15,5.522330836388444908e-02
1.644932166846224000e+15,6.749515466696820454e-02
1.644932166851931000e+15,6.749515466696820454e-02
1.644932166864156000e+15,4.908738521234212726e-02
1.644932166877953000e+15,6.749515466696820454e-02
1.644932166893754000e+15,5.522330836388356090e-02
1.644932166903711000e+15,6.135923151542588272e-02
1.644932166912165000e+15,5.522330836388356090e-02
1.644932166925005000e+15,5.522330836388444908e-02
1.644932166935588000e+15,9.203884727313749181e-02
1.644932166946813000e+15,7.363107781851052636e-02
1.644932166956439000e+15,7.976700097005284817e-02
1.644932166969012000e+15,5.522330836388267272e-02
1.644932166980717000e+15,5.522330836388302799e-01
1.644932166990132000e+15,5.215534678811186708e-01
1.644932180305722000e+15,6.135923151542321818e-03
1.644932180317678000e+15,1.227184630308464364e-02
1.644932180327869000e+15,2.454369260617017545e-02
1.644932180341963000e+15,6.135923151542321818e-03
1.644932180354006000e+15,1.840776945462785363e-02
1.644932180362392000e+15,4.908738521234035090e-02
1.644932180376983000e+15,0.000000000000000000e+00
1.644932180385466000e+15,6.135923151542321818e-03
1.644932180400044000e+15,0.000000000000000000e+00
1.644932180410914000e+15,2.454369260617017545e-02
1.644932180422320000e+15,1.840776945462696546e-02
1.644932180432225000e+15,2.454369260617017545e-02
1.644932180444827000e+15,6.135923151542321818e-03
1.644932180456641000e+15,2.454369260617017545e-02
1.644932180467044000e+15,1.840776945462785363e-02
1.644932180479290000e+15,2.454369260617017545e-02
1.644932180486536000e+15,3.067961575771338545e-02
1.644932180498880000e+15,1.227184630308553182e-02
1.644932180510240000e+15,1.227184630308464364e-02
1.644932180523429000e+15,1.840776945462785363e-02
1.644932180531764000e+15,0.000000000000000000e+00
1.644932180541398000e+15,1.227184630308553182e-02
1.644932180553738000e+15,6.135923151542321818e-03
1.644932180566924000e+15,1.840776945462696546e-02
1.644932180578212000e+15,1.840776945462785363e-02
1.644932180587730000e+15,1.227184630308464364e-02
1.644932180598442000e+15,1.840776945462696546e-02
1.644932180608141000e+15,1.227184630308553182e-02
1.644932180622706000e+15,0.000000000000000000e+00
1.644932180632572000e+15,6.135923151542321818e-03
1.644932180646179000e+15,6.135923151542321818e-03
1.644932180658386000e+15,1.840776945462785363e-02
1.644932180664827000e+15,3.681553890925570727e-02
1.644932180680417000e+15,1.227184630308464364e-02
1.644932180686595000e+15,3.067961575771338545e-02
1.644932180704699000e+15,3.681553890925570727e-02
1.644932180715040000e+15,1.840776945462696546e-02
1.644932180722917000e+15,1.840776945462785363e-02
1.644932180738321000e+15,1.227184630308464364e-02
1.644932180749285000e+15,0.000000000000000000e+00
1.644932180757201000e+15,1.227184630308553182e-02
1.644932180772214000e+15,6.135923151543209997e-03
1.644932180779299000e+15,2.454369260617017545e-02
1.644932180793111000e+15,2.454369260617017545e-02
1.644932180801652000e+15,2.454369260617017545e-02
1.644932180812430000e+15,0.000000000000000000e+00
1.644932180827645000e+15,1.840776945462785363e-02
1.644932180839030000e+15,1.840776945462785363e-02
1.644932180848980000e+15,1.840776945462785363e-02
1.644932180858680000e+15,1.840776945462785363e-02
1.644932180868346000e+15,2.454369260617017545e-02
1.644932180884125000e+15,2.454369260617017545e-02
1.644932180893960000e+15,4.295146206079802909e-02
1.644932180908198000e+15,2.454369260617106363e-02
1.644932180915819000e+15,6.135923151542321818e-03
1.644932180927081000e+15,1.840776945462785363e-02
1.644932180940962000e+15,1.227184630308553182e-02
1.644932180953592000e+15,1.840776945462785363e-02
1.644932180962266000e+15,1.840776945462785363e-02
1.644932180974811000e+15,4.295146206079891726e-02
1.644932180984095000e+15,3.067961575771249727e-02
1.644932180994462000e+15,1.227184630308464364e-02
1.644932181010020000e+15,1.227184630308553182e-02
1.644932181019283000e+15,2.454369260617017545e-02
1.644932181033210000e+15,3.681553890925570727e-02
1.644932181043430000e+15,1.840776945462785363e-02
1.644932181053877000e+15,6.135923151542321818e-03
1.644932181066971000e+15,1.227184630308553182e-02
1.644932181079896000e+15,6.135923151543209997e-03
1.644932181088806000e+15,2.454369260617017545e-02
1.644932181101216000e+15,1.840776945462785363e-02
1.644932181113390000e+15,2.454369260617017545e-02
1.644932181120880000e+15,2.454369260617106363e-02
1.644932181131254000e+15,6.135923151542321818e-03
1.644932181142658000e+15,3.067961575771338545e-02
1.644932181153497000e+15,1.227184630308464364e-02
1.644932181170132000e+15,1.840776945462874181e-02
1.644932181177853000e+15,2.454369260617106363e-02
1.644932181192098000e+15,0.000000000000000000e+00
1.644932181199788000e+15,1.840776945462785363e-02
1.644932181215342000e+15,1.840776945462785363e-02
1.644932181226639000e+15,1.840776945462785363e-02
1.644932181239191000e+15,6.135923151542321818e-03
1.644932181248189000e+15,3.067961575771338545e-02
1.644932181257214000e+15,2.454369260617017545e-02
1.644932181272608000e+15,3.681553890925570727e-02
1.644932181284132000e+15,3.681553890925659545e-02
1.644932181294616000e+15,2.454369260617106363e-02
1.644932181302345000e+15,3.067961575771249727e-02
1.644932181317560000e+15,6.135923151543209997e-03
1.644932181327904000e+15,1.227184630308553182e-02
1.644932181339519000e+15,2.454369260617195181e-02
1.644932181347478000e+15,1.227184630308553182e-02
1.644932181362290000e+15,2.454369260617195181e-02
1.644932181372956000e+15,4.295146206079802909e-02
1.644932181382861000e+15,3.067961575771427363e-02
1.644932181397387000e+15,4.908738521234123908e-02
1.644932181404558000e+15,4.295146206079891726e-02
1.644932181415910000e+15,1.227184630308553182e-02
1.644932181429713000e+15,3.067961575771427363e-02
1.644932181441931000e+15,6.135923151543209997e-03
1.644932181449656000e+15,1.227184630308553182e-02
1.644932181465637000e+15,1.227184630308641999e-02
1.644932181471257000e+15,2.454369260617017545e-02
1.644932181486905000e+15,3.681553890925570727e-02
1.644932181496178000e+15,3.067961575771338545e-02
1.644932181505824000e+15,1.840776945462874181e-02
1.644932181516433000e+15,1.227184630308553182e-02
1.644932181530884000e+15,1.840776945462874181e-02
1.644932181539697000e+15,1.840776945462874181e-02
1.644932181551990000e+15,2.454369260617106363e-02
1.644932181565432000e+15,2.454369260617106363e-02
1.644932181574797000e+15,1.840776945462874181e-02
1.644932181585873000e+15,2.454369260617106363e-02
1.644932181595891000e+15,3.681553890925659545e-02
1.644932181609906000e+15,1.840776945462874181e-02
1.644932181621623000e+15,1.227184630308553182e-02
1.644932181635873000e+15,6.135923151542321818e-03
1.644932181646669000e+15,6.135923151543209997e-03
1.644932181657941000e+15,1.227184630308464364e-02
1.644932181667372000e+15,6.135923151542321818e-03
1.644932181679257000e+15,1.840776945462785363e-02
1.644932181690072000e+15,3.067961575771338545e-02
1.644932181701326000e+15,2.454369260617195181e-02
1.644932181715473000e+15,1.840776945462785363e-02
1.644932181725624000e+15,6.135923151541433640e-03
1.644932181738022000e+15,1.227184630308464364e-02
1.644932181748521000e+15,1.227184630308464364e-02
1.644932181759861000e+15,1.840776945462785363e-02
1.644932181771885000e+15,1.840776945462785363e-02
1.644932181785006000e+15,1.840776945462785363e-02
1.644932181795106000e+15,1.227184630308553182e-02
1.644932181807708000e+15,6.135923151541433640e-03
1.644932181821095000e+15,6.135923151541433640e-03
1.644932181828554000e+15,6.135923151543209997e-03
1.644932181843227000e+15,6.135923151541433640e-03
1.644932181853401000e+15,1.227184630308464364e-02
1.644932181862426000e+15,3.067961575771338545e-02
1.644932181872287000e+15,2.454369260617017545e-02
1.644932181883254000e+15,6.135923151543209997e-03
1.644932181896502000e+15,3.067961575771338545e-02
1.644932181910371000e+15,6.135923151543209997e-03
1.644932181923382000e+15,6.135923151543209997e-03
1.644932181932820000e+15,0.000000000000000000e+00
1.644932181945174000e+15,1.227184630308464364e-02
1.644932181956429000e+15,3.067961575771338545e-02
1.644932181965012000e+15,6.135923151542321818e-03
1.644932181978661000e+15,6.135923151542321818e-03
1.644932181988551000e+15,3.067961575771338545e-02
1.644932181998353000e+15,1.227184630308464364e-02
1.644932182011771000e+15,0.000000000000000000e+00
1.644932182019352000e+15,6.135923151543209997e-03
1.644932182033295000e+15,6.135923151543209997e-03
1.644932182040548000e+15,6.135923151543209997e-03
1.644932182056264000e+15,0.000000000000000000e+00
1.644932182065676000e+15,6.135923151543209997e-03
1.644932182079272000e+15,2.454369260617017545e-02
1.644932182087766000e+15,1.227184630308553182e-02
1.644932182102576000e+15,6.135923151543209997e-03
1.644932182110477000e+15,6.135923151543209997e-03
1.644932182124226000e+15,1.840776945462607728e-02
1.644932182133971000e+15,1.840776945462607728e-02
1.644932182145543000e+15,6.135923151543209997e-03
1.644932182157973000e+15,1.227184630308464364e-02
1.644932182168509000e+15,6.135923151543209997e-03
1.644932182180203000e+15,5.767767762450004554e-01
1.644932182192089000e+15,5.951845456996291972e-01
1.644932195509693000e+15,3.067961575771255278e-02
1.644932195515144000e+15,3.681553890925493011e-02
1.644932195531430000e+15,6.135923151542593823e-02
1.644932195538513000e+15,3.067961575771338545e-02
1.644932195550163000e+15,2.454369260617017545e-02
1.644932195563485000e+15,4.908738521234040642e-02
1.644932195575137000e+15,3.067961575771255278e-02
1.644932195589081000e+15,1.840776945462790914e-02
1.644932195599224000e+15,5.522330836388272823e-02
1.644932195611387000e+15,1.840776945462790914e-02
1.644932195617532000e+15,3.067961575771338545e-02
1.644932195633376000e+15,2.454369260617017545e-02
1.644932195642307000e+15,1.840776945462785363e-02
1.644932195652956000e+15,1.227184630308558733e-02
1.644932195663443000e+15,0.000000000000000000e+00
1.644932195675849000e+15,4.295146206079808460e-02
1.644932195684335000e+15,1.227184630308547630e-02
1.644932195699543000e+15,4.908738521234040642e-02
1.644932195708090000e+15,3.067961575771255278e-02
1.644932195722614000e+15,2.454369260617106363e-02
1.644932195731575000e+15,1.840776945462790914e-02
1.644932195739931000e+15,6.135923151543154486e-03
1.644932195751477000e+15,1.227184630308558733e-02
1.644932195764453000e+15,1.840776945462790914e-02
1.644932195773475000e+15,3.681553890925570727e-02
1.644932195785002000e+15,5.522330836388272823e-02
1.644932195796875000e+15,4.908738521234040642e-02
1.644932195806832000e+15,3.067961575771249727e-02
1.644932195822364000e+15,3.067961575771249727e-02
1.644932195832381000e+15,2.454369260617106363e-02
1.644932195846621000e+15,2.454369260617106363e-02
1.644932195857305000e+15,3.067961575771338545e-02
1.644932195865601000e+15,1.840776945462790914e-02
1.644932195879863000e+15,1.227184630308547630e-02
1.644932195888933000e+15,2.454369260617023096e-02
1.644932195897029000e+15,1.840776945462779812e-02
1.644932195910259000e+15,1.227184630308553182e-02
1.644932195923272000e+15,1.840776945462790914e-02
1.644932195934750000e+15,6.135923151542266307e-03
1.644932195941277000e+15,2.454369260617023096e-02
1.644932195954307000e+15,3.681553890925493011e-02
1.644932195963293000e+15,3.681553890925570727e-02
1.644932195980052000e+15,4.908738521234040642e-02
1.644932195990474000e+15,4.908738521234129459e-02
1.644932196002100000e+15,6.135923151542432841e-03
1.644932196009143000e+15,2.454369260617106363e-02
1.644932196019315000e+15,2.454369260617023096e-02
1.644932196031223000e+15,4.295146206079802909e-02
1.644932196042413000e+15,1.840776945462790914e-02
1.644932196053833000e+15,2.454369260617017545e-02
1.644932196065505000e+15,3.067961575771249727e-02
1.644932196080683000e+15,4.908738521234029539e-02
1.644932196090102000e+15,2.454369260617011994e-02
1.644932196101726000e+15,3.067961575771344096e-02
1.644932196110085000e+15,2.454369260617023096e-02
1.644932196124761000e+15,4.908738521234129459e-02
1.644932196132235000e+15,6.135923151543209997e-03
1.644932196146770000e+15,2.454369260617023096e-02
1.644932196154546000e+15,3.067961575771338545e-02
1.644932196165105000e+15,1.227184630308547630e-02
1.644932196176356000e+15,3.067961575771249727e-02
1.644932196189233000e+15,6.135923151542321818e-03
1.644932196199065000e+15,1.227184630308553182e-02
1.644932196210327000e+15,1.840776945462785363e-02
1.644932196221047000e+15,6.135923151542505005e-02
1.644932196234943000e+15,5.522330836388272823e-02
1.644932196245654000e+15,6.749515466696820454e-02
1.644932196258612000e+15,2.454369260617023096e-02
1.644932196267912000e+15,3.681553890925570727e-02
1.644932196278504000e+15,1.840776945462702097e-02
1.644932196289674000e+15,3.067961575771255278e-02
1.644932196300412000e+15,3.067961575771249727e-02
1.644932196314153000e+15,3.681553890925481909e-02
1.644932196325116000e+15,6.135923151542266307e-03
1.644932196335887000e+15,1.840776945462785363e-02
1.644932196346074000e+15,4.295146206079802909e-02
1.644932196357514000e+15,2.454369260617023096e-02
1.644932196365035000e+15,5.522330836388272823e-02
1.644932196380456000e+15,1.840776945462785363e-02
1.644932196394199000e+15,3.067961575771249727e-02
1.644932196405038000e+15,3.681553890925481909e-02
1.644932196415266000e+15,1.840776945462702097e-02
1.644932196428186000e+15,2.454369260617023096e-02
1.644932196436911000e+15,1.840776945462785363e-02
1.644932196445968000e+15,1.840776945462790914e-02
1.644932196461179000e+15,2.454369260617023096e-02
1.644932196472699000e+15,4.295146206079802909e-02
1.644932196480829000e+15,3.681553890925493011e-02
1.644932196496105000e+15,2.454369260617011994e-02
1.644932196502933000e+15,1.840776945462785363e-02
1.644932196513737000e+15,4.295146206079797357e-02
1.644932196526929000e+15,3.067961575771344096e-02
1.644932196537228000e+15,2.454369260617011994e-02
1.644932196548679000e+15,3.067961575771249727e-02
1.644932196559066000e+15,3.681553890925570727e-02
1.644932196573818000e+15,1.840776945462790914e-02
1.644932196582137000e+15,3.067961575771249727e-02
1.644932196591225000e+15,3.067961575771249727e-02
1.644932196604112000e+15,3.681553890925481909e-02
1.644932196616014000e+15,3.067961575771327443e-02
1.644932196628278000e+15,1.840776945462779812e-02
1.644932196635632000e+15,4.295146206079714091e-02
1.644932196649358000e+15,3.681553890925481909e-02
1.644932196659433000e+15,3.067961575771327443e-02
1.644932196668593000e+15,7.363107781851141453e-02
1.644932196683345000e+15,3.681553890925565176e-02
1.644932196689885000e+15,1.227184630308558733e-02
1.644932196705146000e+15,3.681553890925481909e-02
1.644932196713837000e+15,3.067961575771327443e-02
1.644932196726402000e+15,3.681553890925570727e-02
1.644932196736766000e+15,4.295146206079808460e-02
1.644932196748034000e+15,6.135923151542321818e-03
1.644932196760256000e+15,2.454369260617017545e-02
1.644932196775279000e+15,3.067961575771249727e-02
1.644932196782366000e+15,3.681553890925481909e-02
1.644932196794718000e+15,3.067961575771344096e-02
1.644932196807010000e+15,4.295146206079797357e-02
1.644932196819593000e+15,5.522330836388356090e-02
1.644932196830319000e+15,3.681553890925481909e-02
1.644932196841604000e+15,6.749515466696820454e-02
1.644932196852826000e+15,6.749515466696820454e-02
1.644932196859663000e+15,6.135923151542593823e-02
1.644932196874661000e+15,4.908738521234035090e-02
1.644932196885473000e+15,3.681553890925565176e-02
1.644932196894221000e+15,4.908738521234118357e-02
1.644932196906543000e+15,5.522330836388272823e-02
1.644932196921362000e+15,4.295146206079802909e-02
1.644932196928756000e+15,6.135923151542577170e-02
1.644932196943079000e+15,3.067961575771338545e-02
1.644932196953098000e+15,5.522330836388356090e-02
1.644932196963421000e+15,2.454369260617006443e-02
1.644932196977335000e+15,2.454369260617023096e-02
1.644932196988843000e+15,4.295146206079797357e-02
1.644932196997106000e+15,2.454369260617006443e-02
1.644932197010397000e+15,4.908738521234040642e-02
1.644932197021716000e+15,2.454369260617023096e-02
1.644932197032716000e+15,1.840776945462790914e-02
1.644932197042585000e+15,2.454369260617017545e-02
1.644932197054630000e+15,1.840776945462690994e-02
1.644932197065288000e+15,1.227184630308464364e-02
1.644932197077385000e+15,3.067961575771338545e-02
1.644932197088945000e+15,4.295146206079797357e-02
1.644932197099853000e+15,3.681553890925570727e-02
1.644932197112160000e+15,4.295146206079797357e-02
1.644932197124071000e+15,3.681553890925570727e-02
1.644932197135754000e+15,5.522330836388350539e-02
1.644932197144548000e+15,4.908738521234035090e-02
1.644932197155304000e+15,4.295146206079797357e-02
1.644932197167192000e+15,4.295146206079797357e-02
1.644932197175683000e+15,2.454369260617023096e-02
1.644932197188253000e+15,3.681553890925570727e-02
1.644932197203774000e+15,5.522330836388256170e-02
1.644932197211165000e+15,3.067961575771338545e-02
1.644932197222889000e+15,5.522330836388361641e-02
1.644932197235746000e+15,1.840776945462790914e-02
1.644932197248171000e+15,3.067961575771249727e-02
1.644932197257169000e+15,3.067961575771338545e-02
1.644932197266840000e+15,1.840776945462779812e-02
1.644932197280930000e+15,4.908738521234129459e-02
1.644932197293989000e+15,6.749515466696820454e-02
1.644932197304623000e+15,2.454369260617017545e-02
1.644932197312023000e+15,2.454369260617023096e-02
1.644932197322815000e+15,6.135923151543209997e-03
1.644932197336337000e+15,4.908738521234029539e-02
1.644932197350605000e+15,6.135923151542577170e-02
1.644932197359381000e+15,6.135923151542499454e-02
1.644932197374032000e+15,4.295146206079797357e-02
1.644932197384224000e+15,4.540583132141496336e-01
1.644932210697714000e+15,9.203884727313837999e-02
1.644932210707028000e+15,1.104466167277653454e-01
1.644932210721659000e+15,1.288543861823931991e-01
1.644932210727783000e+15,9.817477042468081283e-02
1.644932210738559000e+15,9.817477042468081283e-02
1.644932210751470000e+15,1.104466167277663446e-01
1.644932210762145000e+15,1.165825398793085554e-01
1.644932210772900000e+15,1.227184630308509883e-01
1.644932210785488000e+15,9.817477042468059079e-02
1.644932210795748000e+15,1.043106935762236898e-01
1.644932210809443000e+15,1.227184630308508773e-01
1.644932210822415000e+15,1.043106935762236898e-01
1.644932210833176000e+15,1.104466167277662336e-01
1.644932210840192000e+15,9.817477042468059079e-02
1.644932210853879000e+15,1.104466167277662336e-01
1.644932210865125000e+15,1.043106935762238008e-01
1.644932210879684000e+15,1.043106935762241338e-01
1.644932210887920000e+15,1.043106935762238008e-01
1.644932210899484000e+15,1.104466167277663446e-01
1.644932210912759000e+15,1.165825398793087775e-01
1.644932210920741000e+15,9.203884727313837999e-02
1.644932210934494000e+15,1.165825398793094436e-01
1.644932210947875000e+15,1.227184630308519875e-01
1.644932210962569000e+15,9.203884727313804692e-02
1.644932210972526000e+15,1.104466167277663446e-01
1.644932210981618000e+15,1.411262324854788419e-01
1.644932210994339000e+15,1.349903093339365201e-01
1.644932211006014000e+15,1.288543861823931991e-01
1.644932211017990000e+15,1.104466167277662336e-01
1.644932211028570000e+15,1.104466167277662336e-01
1.644932211040199000e+15,1.227184630308518765e-01
1.644932211048828000e+15,9.203884727313926817e-02
1.644932211061879000e+15,1.165825398793085554e-01
1.644932211070053000e+15,1.165825398793085554e-01
1.644932211086623000e+15,1.104466167277662336e-01
1.644932211092999000e+15,1.104466167277662336e-01
1.644932211103266000e+15,1.043106935762239118e-01
1.644932211114732000e+15,1.043106935762230236e-01
1.644932211127293000e+15,1.227184630308507662e-01
1.644932211142060000e+15,1.104466167277662336e-01
1.644932211149333000e+15,1.104466167277662336e-01
1.644932211163426000e+15,9.203884727313860203e-02
1.644932211174528000e+15,1.043106935762239118e-01
1.644932211183545000e+15,9.203884727313849101e-02
1.644932211196771000e+15,1.227184630308517654e-01
1.644932211211042000e+15,1.043106935762238008e-01
1.644932211219230000e+15,1.227184630308519875e-01
1.644932211232596000e+15,1.165825398793087775e-01
1.644932211246699000e+15,9.817477042468081283e-02
1.644932211254922000e+15,1.165825398793084444e-01
1.644932211269021000e+15,1.288543861823940873e-01
1.644932211279307000e+15,1.165825398793094436e-01
1.644932211288855000e+15,1.227184630308517654e-01
1.644932211299132000e+15,1.043106935762239118e-01
1.644932211313292000e+15,1.288543861823940873e-01
1.644932211322794000e+15,1.227184630308517654e-01
1.644932211335304000e+15,7.976700097005384738e-02
1.644932211347505000e+15,1.043106935762230236e-01
1.644932211358810000e+15,9.817477042468070181e-02
1.644932211370073000e+15,1.288543861823931991e-01
1.644932211379996000e+15,1.227184630308509883e-01
1.644932211387398000e+15,1.104466167277662336e-01
1.644932211401639000e+15,1.288543861823940873e-01
1.644932211413407000e+15,1.349903093339364091e-01
1.644932211424925000e+15,1.227184630308509883e-01
1.644932211437373000e+15,1.043106935762239118e-01
1.644932211449760000e+15,1.227184630308517654e-01
1.644932211465502000e+15,1.104466167277653454e-01
1.644932211472418000e+15,1.595340019401066955e-01
1.644932211482990000e+15,1.288543861823940873e-01
1.644932211496370000e+15,1.165825398793085554e-01
1.644932211507439000e+15,1.165825398793085554e-01
1.644932211517736000e+15,9.817477042468158999e-02
1.644932211534292000e+15,1.227184630308508773e-01
1.644932211543166000e+15,1.227184630308517654e-01
1.644932211555983000e+15,1.227184630308509883e-01
1.644932211567469000e+15,1.104466167277653454e-01
1.644932211576851000e+15,1.165825398793085554e-01
1.644932211591222000e+15,1.165825398793087775e-01
1.644932211603513000e+15,1.411262324854798411e-01
1.644932211612265000e+15,1.288543861823940873e-01
1.644932211621781000e+15,9.817477042468070181e-02
1.644932211637905000e+15,1.165825398793087775e-01
1.644932211645496000e+15,1.165825398793086665e-01
1.644932211662054000e+15,1.288543861823940873e-01
1.644932211669743000e+15,1.595340019401074727e-01
1.644932211682870000e+15,1.349903093339368532e-01
1.644932211693113000e+15,1.104466167277662336e-01
1.644932211701882000e+15,1.288543861823931991e-01
1.644932211717384000e+15,1.288543861823940873e-01
1.644932211732925000e+15,1.043106935762239118e-01
1.644932211745002000e+15,1.165825398793087775e-01
1.644932211755150000e+15,1.165825398793085554e-01
1.644932211762329000e+15,1.043106935762243559e-01
1.644932211775118000e+15,1.349903093339364091e-01
1.644932211789844000e+15,1.349903093339365201e-01
1.644932211801196000e+15,1.104466167277662336e-01
1.644932211812919000e+15,1.165825398793085554e-01
1.644932211827684000e+15,1.411262324854788419e-01
1.644932211837060000e+15,9.817477042468070181e-02
1.644932211844955000e+15,1.165825398793087775e-01
1.644932211860010000e+15,1.165825398793087775e-01
1.644932211866906000e+15,1.227184630308508773e-01
1.644932211882302000e+15,1.472621556370220519e-01
1.644932211894030000e+15,1.165825398793085554e-01
1.644932211903779000e+15,1.349903093339364091e-01
1.644932211913715000e+15,1.165825398793087775e-01
1.644932211926942000e+15,9.817477042468181203e-02
1.644932211935828000e+15,1.043106935762230236e-01
1.644932211947979000e+15,1.165825398793085554e-01
1.644932211957424000e+15,1.349903093339368532e-01
1.644932211969096000e+15,9.817477042468070181e-02
1.644932211983851000e+15,1.104466167277664557e-01
1.644932211992020000e+15,1.288543861823940873e-01
1.644932212006336000e+15,1.533980787885644848e-01
1.644932212016721000e+15,1.349903093339364091e-01
1.644932212030601000e+15,1.288543861823931991e-01
1.644932212039536000e+15,1.288543861823940873e-01
1.644932212051495000e+15,9.817477042468070181e-02
1.644932212064981000e+15,1.165825398793087775e-01
1.644932212072681000e+15,1.165825398793087775e-01
1.644932212088278000e+15,1.349903093339364091e-01
1.644932212100764000e+15,1.288543861823940873e-01
1.644932212109218000e+15,1.288543861823940873e-01
1.644932212121906000e+15,1.165825398793087775e-01
1.644932212134789000e+15,1.104466167277664557e-01
1.644932212146269000e+15,1.165825398793094436e-01
1.644932212155781000e+15,1.288543861823931991e-01
1.644932212164983000e+15,1.349903093339364091e-01
1.644932212176270000e+15,1.533980787885644848e-01
1.644932212187495000e+15,1.472621556370220519e-01
1.644932212199211000e+15,1.288543861823940873e-01
1.644932212217101000e+15,1.043106935762239118e-01
1.644932212227660000e+15,1.104466167277662336e-01
1.644932212240361000e+15,1.227184630308517654e-01
1.644932212251138000e+15,1.043106935762241338e-01
1.644932212264663000e+15,1.349903093339364091e-01
1.644932212272425000e+15,1.349903093339364091e-01
1.644932212288208000e+15,1.227184630308510993e-01
1.644932212295539000e+15,1.227184630308517654e-01
1.644932212312344000e+15,1.043106935762230236e-01
1.644932212320143000e+15,1.288543861823943093e-01
1.644932212334755000e+15,1.349903093339368532e-01
1.644932212343363000e+15,1.104466167277662336e-01
1.644932212355738000e+15,1.104466167277662336e-01
1.644932212367348000e+15,1.104466167277664557e-01
1.644932212383679000e+15,1.043106935762230236e-01
1.644932212395695000e+15,1.104466167277664557e-01
1.644932212405094000e+15,8.590292412159605817e-02
1.644932212420090000e+15,1.104466167277662336e-01
1.644932212428694000e+15,1.043106935762239118e-01
1.644932212439742000e+15,1.288543861823943093e-01
1.644932212451207000e+15,1.227184630308510993e-01
1.644932212465433000e+15,1.533980787885642627e-01
1.644932212473147000e+15,1.349903093339364091e-01
1.644932212485110000e+15,9.817477042468158999e-02
1.644932212497052000e+15,1.043106935762241338e-01
1.644932212510094000e+15,1.349903093339361870e-01
1.644932212518257000e+15,1.227184630308517654e-01
1.644932212530049000e+15,1.104466167277662336e-01
1.644932212544893000e+15,1.349903093339361870e-01
1.644932212552922000e+15,1.411262324854785088e-01
1.644932212566516000e+15,5.645049299419160338e-01
1.644932212578002000e+15,5.767767762450006774e-01
1.644932212587133000e+15,5.706408530934585777e-01
1.644932225902640000e+15,3.067961575771287475e-01
1.644932225914754000e+15,2.822524649709574618e-01
1.644932225922302000e+15,3.190680038802129470e-01
1.644932225936398000e+15,3.067961575771271932e-01
1.644932225949215000e+15,3.006602344255848713e-01
1.644932225957588000e+15,2.822524649709583500e-01
1.644932225970221000e+15,3.067961575771285254e-01
1.644932225980424000e+15,3.006602344255853154e-01
1.644932225994507000e+15,2.945243112740429936e-01
1.644932226002003000e+15,2.945243112740429936e-01
1.644932226015597000e+15,2.638446955163304963e-01
1.644932226027767000e+15,3.374757733348410227e-01
1.644932226037679000e+15,3.067961575771285254e-01
1.644932226044490000e+15,2.945243112740429936e-01
1.644932226060363000e+15,2.945243112740429936e-01
1.644932226071831000e+15,3.067961575771287475e-01
1.644932226078635000e+15,3.129320807286710693e-01
1.644932226089415000e+15,3.313398501832975906e-01
1.644932226103176000e+15,3.006602344255853154e-01
1.644932226114085000e+15,3.129320807286708472e-01
1.644932226124456000e+15,2.822524649709583500e-01
1.644932226137527000e+15,2.822524649709583500e-01
1.644932226151085000e+15,2.822524649709574618e-01
1.644932226162110000e+15,2.822524649709574618e-01
1.644932226173364000e+15,3.313398501832991450e-01
1.644932226184413000e+15,3.190680038802129470e-01
1.644932226196059000e+15,3.436116964863835666e-01
1.644932226202248000e+15,2.945243112740429936e-01
1.644932226216801000e+15,2.883883881225008938e-01
1.644932226226133000e+15,3.067961575771287475e-01
1.644932226238084000e+15,3.067961575771285254e-01
1.644932226250833000e+15,2.761165418194151400e-01
1.644932226262599000e+15,2.699806186678730402e-01
1.644932226274212000e+15,3.129320807286708472e-01
1.644932226283977000e+15,2.945243112740429936e-01
1.644932226295003000e+15,3.436116964863831225e-01
1.644932226304195000e+15,2.883883881225006718e-01
1.644932226312853000e+15,3.374757733348412447e-01
1.644932226324311000e+15,2.822524649709574618e-01
1.644932226340333000e+15,3.374757733348412447e-01
1.644932226350196000e+15,2.822524649709574618e-01
1.644932226361073000e+15,3.313398501832982568e-01
1.644932226374210000e+15,3.006602344255864256e-01
1.644932226379681000e+15,3.558835427894695425e-01
1.644932226396122000e+15,3.558835427894695425e-01
1.644932226406322000e+15,3.497476196379261104e-01
1.644932226415116000e+15,3.497476196379263325e-01
1.644932226427575000e+15,3.129320807286708472e-01
1.644932226435241000e+15,3.006602344255853154e-01
1.644932226450851000e+15,3.190680038802131691e-01
1.644932226461538000e+15,3.067961575771276372e-01
1.644932226472993000e+15,3.067961575771285254e-01
1.644932226483211000e+15,3.374757733348405786e-01
1.644932226493072000e+15,3.006602344255866477e-01
1.644932226505371000e+15,3.006602344255853154e-01
1.644932226515638000e+15,3.129320807286706252e-01
1.644932226526066000e+15,2.699806186678728182e-01
1.644932226538371000e+15,3.129320807286708472e-01
1.644932226547776000e+15,3.313398501832982568e-01
1.644932226561380000e+15,3.374757733348410227e-01
1.644932226570428000e+15,3.252039270317570452e-01
1.644932226584955000e+15,3.190680038802133911e-01
1.644932226592647000e+15,3.129320807286712913e-01
1.644932226606154000e+15,3.252039270317563791e-01
1.644932226619480000e+15,2.945243112740438818e-01
1.644932226627732000e+15,3.497476196379256663e-01
1.644932226639495000e+15,3.252039270317563791e-01
1.644932226653137000e+15,3.252039270317554909e-01
1.644932226659869000e+15,3.006602344255866477e-01
1.644932226672742000e+15,3.252039270317570452e-01
1.644932226682106000e+15,3.374757733348414668e-01
1.644932226694514000e+15,2.761165418194151400e-01
1.644932226706117000e+15,2.945243112740425495e-01
1.644932226718444000e+15,2.577087723647872863e-01
1.644932226729841000e+15,3.252039270317570452e-01
1.644932226741766000e+15,3.129320807286706252e-01
1.644932226751070000e+15,3.006602344255853154e-01
1.644932226765214000e+15,3.129320807286712913e-01
1.644932226776373000e+15,3.067961575771289695e-01
1.644932226784678000e+15,3.558835427894679881e-01
1.644932226797874000e+15,3.129320807286708472e-01
1.644932226811554000e+15,3.252039270317550468e-01
1.644932226819892000e+15,2.945243112740432156e-01
1.644932226833439000e+15,3.129320807286708472e-01
1.644932226842034000e+15,3.313398501832987009e-01
1.644932226856108000e+15,3.067961575771289695e-01
1.644932226869115000e+15,3.374757733348410227e-01
1.644932226879415000e+15,3.252039270317557129e-01
1.644932226891494000e+15,3.252039270317554909e-01
1.644932226900325000e+15,3.190680038802131691e-01
1.644932226913639000e+15,3.190680038802142793e-01
1.644932226925260000e+15,3.374757733348410227e-01
1.644932226935479000e+15,3.067961575771283034e-01
1.644932226945174000e+15,3.252039270317557129e-01
1.644932226955029000e+15,3.252039270317554909e-01
1.644932226968748000e+15,3.190680038802131691e-01
1.644932226979314000e+15,3.374757733348412447e-01
1.644932226992106000e+15,3.006602344255868697e-01
1.644932227002017000e+15,3.497476196379272206e-01
1.644932227011464000e+15,3.190680038802131691e-01
1.644932227024677000e+15,3.558835427894688763e-01
1.644932227038936000e+15,3.129320807286706252e-01
1.644932227049907000e+15,3.313398501832989229e-01
1.644932227061160000e+15,3.190680038802142793e-01
1.644932227072146000e+15,3.497476196379261104e-01
1.644932227083600000e+15,3.129320807286706252e-01
1.644932227093724000e+15,3.374757733348414668e-01
1.644932227106551000e+15,3.374757733348414668e-01
1.644932227114059000e+15,2.945243112740427716e-01
1.644932227128988000e+15,2.945243112740427716e-01
1.644932227138709000e+15,2.945243112740429936e-01
1.644932227151310000e+15,3.006602344255848713e-01
1.644932227162856000e+15,3.313398501832984788e-01
1.644932227174264000e+15,3.252039270317566011e-01
1.644932227181540000e+15,3.620194659410111981e-01
1.644932227197024000e+15,3.620194659410114202e-01
1.644932227205886000e+15,3.190680038802138352e-01
1.644932227219673000e+15,3.129320807286706252e-01
1.644932227228474000e+15,3.006602344255857595e-01
1.644932227241939000e+15,3.252039270317557129e-01
1.644932227252240000e+15,3.252039270317570452e-01
1.644932227263881000e+15,3.497476196379265545e-01
1.644932227273705000e+15,3.067961575771291916e-01
1.644932227284863000e+15,3.313398501832978127e-01
1.644932227296215000e+15,3.067961575771289695e-01
1.644932227310266000e+15,3.436116964863840106e-01
1.644932227319682000e+15,3.252039270317557129e-01
1.644932227333407000e+15,3.129320807286712913e-01
1.644932227342406000e+15,3.252039270317570452e-01
1.644932227356624000e+15,3.436116964863840106e-01
1.644932227365650000e+15,3.190680038802129470e-01
1.644932227378398000e+15,3.006602344255857595e-01
1.644932227389430000e+15,3.313398501832984788e-01
1.644932227397606000e+15,3.558835427894690984e-01
1.644932227412317000e+15,3.129320807286706252e-01
1.644932227421786000e+15,3.006602344255848713e-01
1.644932227432454000e+15,3.129320807286712913e-01
1.644932227447031000e+15,3.374757733348408006e-01
1.644932227457858000e+15,3.313398501832984788e-01
1.644932227467705000e+15,3.067961575771276372e-01
1.644932227479171000e+15,3.620194659410114202e-01
1.644932227486444000e+15,3.374757733348410227e-01
1.644932227501176000e+15,3.436116964863833445e-01
1.644932227512491000e+15,3.865631585471820397e-01
1.644932227522568000e+15,3.190680038802127250e-01
1.644932227532928000e+15,3.252039270317561570e-01
1.644932227543289000e+15,3.313398501832978127e-01
1.644932227553384000e+15,3.497476196379263325e-01
1.644932227569021000e+15,3.436116964863840106e-01
1.644932227577141000e+15,3.374757733348410227e-01
1.644932227587516000e+15,3.436116964863842327e-01
1.644932227596732000e+15,3.006602344255864256e-01
1.644932227607930000e+15,3.190680038802127250e-01
1.644932227618532000e+15,3.436116964863833445e-01
1.644932227635491000e+15,3.190680038802127250e-01
1.644932227645273000e+15,3.252039270317559350e-01
1.644932227653322000e+15,3.006602344255864256e-01
1.644932227668840000e+15,3.252039270317559350e-01
1.644932227680339000e+15,3.374757733348410227e-01
1.644932227691943000e+15,3.252039270317559350e-01
1.644932227698980000e+15,3.374757733348410227e-01
1.644932227710974000e+15,3.436116964863833445e-01
1.644932227723291000e+15,3.436116964863833445e-01
1.644932227734593000e+15,3.252039270317559350e-01
1.644932227741702000e+15,3.252039270317559350e-01
1.644932227754364000e+15,5.092816215780326949e-01
1.644932227766596000e+15,5.092816215780326949e-01
1.644932227777130000e+15,4.908738521234043972e-01
1.644932227786978000e+15,5.092816215780331390e-01
1.644932241105861000e+15,4.847379289718629636e-01
1.644932241116388000e+15,4.786020058203197536e-01
1.644932241125677000e+15,4.970097752749480513e-01
1.644932241138953000e+15,4.663301595172342218e-01
1.644932241151188000e+15,4.663301595172342218e-01
1.644932241161684000e+15,4.908738521234052854e-01
1.644932241172206000e+15,4.908738521234048413e-01
1.644932241182127000e+15,4.786020058203197536e-01
1.644932241192719000e+15,4.908738521234048413e-01
1.644932241206111000e+15,4.724660826687769877e-01
1.644932241216490000e+15,4.663301595172342218e-01
1.644932241227963000e+15,4.540583132141495781e-01
1.644932241240711000e+15,4.724660826687774318e-01
1.644932241246692000e+15,4.601942363656923440e-01
1.644932241262235000e+15,4.847379289718629636e-01
1.644932241268478000e+15,4.663301595172346659e-01
1.644932241281833000e+15,4.417864669110644904e-01
1.644932241295451000e+15,4.724660826687769877e-01
1.644932241308662000e+15,4.479223900626072563e-01
1.644932241320631000e+15,4.663301595172346659e-01
1.644932241330203000e+15,4.540583132141500222e-01
1.644932241340179000e+15,4.417864669110649345e-01
1.644932241356042000e+15,4.663301595172346659e-01
1.644932241367035000e+15,4.601942363656918999e-01
1.644932241378387000e+15,4.417864669110644904e-01
1.644932241391661000e+15,4.663301595172346659e-01
1.644932241401557000e+15,4.417864669110653786e-01
1.644932241413684000e+15,4.847379289718625195e-01
1.644932241427253000e+15,4.601942363656927881e-01
1.644932241438918000e+15,4.663301595172346659e-01
1.644932241447405000e+15,4.540583132141491340e-01
1.644932241463154000e+15,4.540583132141491340e-01
1.644932241471810000e+15,4.601942363656918999e-01
1.644932241486321000e+15,4.479223900626068122e-01
1.644932241497361000e+15,4.908738521234043972e-01
1.644932241508168000e+15,4.847379289718629636e-01
1.644932241518385000e+15,4.233786974564361927e-01
1.644932241530998000e+15,4.540583132141500222e-01
1.644932241537881000e+15,4.540583132141495781e-01
1.644932241551038000e+15,4.601942363656918999e-01
1.644932241562484000e+15,4.356505437595208363e-01
1.644932241580433000e+15,4.356505437595221686e-01
1.644932241590278000e+15,4.479223900626068122e-01
1.644932241599456000e+15,4.786020058203193095e-01
1.644932241613776000e+15,4.417864669110636022e-01
1.644932241625563000e+15,4.479223900626068122e-01
1.644932241635845000e+15,4.479223900626072563e-01
1.644932241644678000e+15,4.479223900626068122e-01
1.644932241657477000e+15,4.417864669110640463e-01
1.644932241667345000e+15,4.663301595172346659e-01
1.644932241679564000e+15,4.540583132141495781e-01
1.644932241692740000e+15,4.663301595172355540e-01
1.644932241702435000e+15,4.724660826687783199e-01
1.644932241712779000e+15,4.540583132141495781e-01
1.644932241728580000e+15,4.663301595172351099e-01
1.644932241737424000e+15,4.417864669110640463e-01
1.644932241747811000e+15,4.540583132141491340e-01
1.644932241758296000e+15,4.479223900626072563e-01
1.644932241773504000e+15,4.479223900626068122e-01
1.644932241783712000e+15,4.663301595172351099e-01
1.644932241797649000e+15,4.540583132141495781e-01
1.644932241812466000e+15,4.479223900626068122e-01
1.644932241819797000e+15,4.417864669110640463e-01
1.644932241833355000e+15,4.601942363656927881e-01
1.644932241847408000e+15,4.663301595172342218e-01
1.644932241859422000e+15,4.417864669110644904e-01
1.644932241869931000e+15,4.479223900626072563e-01
1.644932241879642000e+15,4.295146206079789586e-01
1.644932241892061000e+15,4.479223900626068122e-01
1.644932241899585000e+15,4.417864669110640463e-01
1.644932241914026000e+15,4.540583132141495781e-01
1.644932241923190000e+15,4.663301595172337777e-01
1.644932241934392000e+15,4.417864669110649345e-01
1.644932241947367000e+15,4.601942363656918999e-01
1.644932241962151000e+15,4.601942363656914559e-01
1.644932241973516000e+15,4.540583132141491340e-01
1.644932241983774000e+15,4.479223900626072563e-01
1.644932241996203000e+15,4.417864669110649345e-01
1.644932242008291000e+15,4.847379289718620754e-01
1.644932242015467000e+15,4.786020058203206418e-01
1.644932242028201000e+15,4.540583132141491340e-01
1.644932242042038000e+15,4.663301595172337777e-01
1.644932242054016000e+15,4.479223900626068122e-01
1.644932242066958000e+15,4.295146206079802909e-01
1.644932242076065000e+15,4.601942363656923440e-01
1.644932242088203000e+15,4.540583132141491340e-01
1.644932242100097000e+15,4.724660826687774318e-01
1.644932242110580000e+15,4.663301595172359981e-01
1.644932242122032000e+15,4.601942363656923440e-01
1.644932242133546000e+15,4.601942363656927881e-01
1.644932242145855000e+15,4.724660826687769877e-01
1.644932242158845000e+15,4.417864669110649345e-01
1.644932242166051000e+15,4.601942363656927881e-01
1.644932242181859000e+15,4.479223900626077004e-01
1.644932242193450000e+15,4.417864669110649345e-01
1.644932242201619000e+15,4.417864669110649345e-01
1.644932242210577000e+15,4.417864669110649345e-01
1.644932242227352000e+15,4.663301595172351099e-01
1.644932242234396000e+15,4.417864669110649345e-01
1.644932242245929000e+15,4.601942363656927881e-01
1.644932242260425000e+15,4.417864669110649345e-01
1.644932242271689000e+15,4.356505437595226127e-01
1.644932242277835000e+15,4.111068511533519931e-01
1.644932242294144000e+15,4.724660826687778759e-01
1.644932242303454000e+15,4.786020058203201977e-01
1.644932242314561000e+15,4.479223900626072563e-01
1.644932242326131000e+15,4.601942363656927881e-01
1.644932242340691000e+15,4.356505437595221686e-01
1.644932242352154000e+15,4.601942363656927881e-01
1.644932242361176000e+15,4.540583132141500222e-01
1.644932242373453000e+15,4.540583132141500222e-01
1.644932242380682000e+15,5.031456984264908172e-01
1.644932242395448000e+15,4.786020058203201977e-01
1.644932242406749000e+15,4.663301595172351099e-01
1.644932242417810000e+15,4.786020058203206418e-01
1.644932242430746000e+15,4.786020058203206418e-01
1.644932242439164000e+15,4.601942363656927881e-01
1.644932242453458000e+15,4.356505437595221686e-01
1.644932242465214000e+15,4.479223900626077004e-01
1.644932242473488000e+15,4.417864669110649345e-01
1.644932242487292000e+15,4.724660826687774318e-01
1.644932242493805000e+15,4.417864669110653786e-01
1.644932242506964000e+15,4.417864669110649345e-01
1.644932242520587000e+15,4.417864669110649345e-01
1.644932242530491000e+15,4.601942363656927881e-01
1.644932242542043000e+15,4.295146206079794027e-01
1.644932242557734000e+15,4.479223900626068122e-01
1.644932242569084000e+15,4.540583132141500222e-01
1.644932242578608000e+15,4.540583132141500222e-01
1.644932242586682000e+15,4.786020058203201977e-01
1.644932242601072000e+15,4.540583132141495781e-01
1.644932242608932000e+15,4.601942363656927881e-01
1.644932242624548000e+15,4.724660826687774318e-01
1.644932242631420000e+15,4.663301595172351099e-01
1.644932242644992000e+15,4.786020058203197536e-01
1.644932242659369000e+15,4.417864669110644904e-01
1.644932242667375000e+15,4.786020058203201977e-01
1.644932242679837000e+15,4.786020058203201977e-01
1.644932242693535000e+15,4.663301595172346659e-01
1.644932242705734000e+15,4.724660826687774318e-01
1.644932242717468000e+15,4.663301595172351099e-01
1.644932242722909000e+15,4.540583132141491340e-01
1.644932242738778000e+15,4.540583132141491340e-01
1.644932242751308000e+15,4.663301595172346659e-01
1.644932242760510000e+15,4.356505437595217245e-01
1.644932242772741000e+15,4.417864669110644904e-01
1.644932242784440000e+15,4.295146206079794027e-01
1.644932242792527000e+15,4.417864669110644904e-01
1.644932242807537000e+15,4.724660826687778759e-01
1.644932242815192000e+15,4.540583132141500222e-01
1.644932242827887000e+15,4.417864669110644904e-01
1.644932242843036000e+15,4.479223900626068122e-01
1.644932242851000000e+15,4.479223900626072563e-01
1.644932242865419000e+15,4.295146206079794027e-01
1.644932242873791000e+15,4.847379289718629636e-01
1.644932242888130000e+15,4.908738521234057295e-01
1.644932242898561000e+15,4.786020058203197536e-01
1.644932242909033000e+15,4.601942363656923440e-01
1.644932242921671000e+15,4.908738521234048413e-01
1.644932242929548000e+15,4.908738521234048413e-01
1.644932242940228000e+15,2.699806186678728182e-01
1.644932242959607000e+15,3.190680038802127250e-01
1.644932242971752000e+15,2.883883881225002277e-01
1.644932242978074000e+15,3.006602344255857595e-01
1.644932256304390000e+15,3.374757733348410227e-01
1.644932256314529000e+15,3.190680038802136131e-01
1.644932256326790000e+15,3.313398501832987009e-01
1.644932256337132000e+15,3.313398501832978127e-01
1.644932256345091000e+15,3.681553890925530759e-01
1.644932256359225000e+15,3.742913122440958418e-01
1.644932256369909000e+15,3.374757733348405786e-01
1.644932256382813000e+15,3.374757733348423550e-01
1.644932256392086000e+15,3.436116964863846768e-01
1.644932256400843000e+15,3.252039270317554909e-01
1.644932256411499000e+15,3.497476196379269986e-01
1.644932256426958000e+15,3.681553890925544081e-01
1.644932256435506000e+15,3.374757733348405786e-01
1.644932256444974000e+15,3.374757733348405786e-01
1.644932256460624000e+15,3.558835427894684322e-01
1.644932256466457000e+15,3.190680038802131691e-01
1.644932256477940000e+15,3.436116964863842327e-01
1.644932256488626000e+15,3.620194659410116422e-01
1.644932256499887000e+15,3.313398501832995890e-01
1.644932256515245000e+15,3.190680038802127250e-01
1.644932256524211000e+15,3.374757733348414668e-01
1.644932256535574000e+15,3.620194659410107541e-01
1.644932256543993000e+15,3.497476196379269986e-01
1.644932256557545000e+15,3.313398501832991450e-01
1.644932256568781000e+15,3.313398501832991450e-01
1.644932256580387000e+15,3.313398501832991450e-01
1.644932256591501000e+15,3.252039270317554909e-01
1.644932256606499000e+15,3.313398501832973686e-01
1.644932256614954000e+15,3.436116964863842327e-01
1.644932256627288000e+15,3.497476196379261104e-01
1.644932256639380000e+15,3.620194659410111981e-01
1.644932256647135000e+15,3.681553890925539640e-01
1.644932256660356000e+15,3.558835427894693204e-01
1.644932256669149000e+15,3.742913122440971740e-01
1.644932256685363000e+15,3.558835427894693204e-01
1.644932256695346000e+15,3.252039270317568231e-01
1.644932256707089000e+15,3.497476196379261104e-01
1.644932256718121000e+15,3.620194659410120863e-01
1.644932256725137000e+15,3.497476196379256663e-01
1.644932256739935000e+15,3.374757733348405786e-01
1.644932256752049000e+15,3.252039270317559350e-01
1.644932256762852000e+15,3.129320807286712913e-01
1.644932256774548000e+15,3.190680038802127250e-01
1.644932256783272000e+15,3.558835427894693204e-01
1.644932256795214000e+15,3.313398501832991450e-01
1.644932256803588000e+15,3.313398501832973686e-01
1.644932256814746000e+15,3.006602344255848713e-01
1.644932256825492000e+15,3.436116964863829004e-01
1.644932256837140000e+15,3.252039270317559350e-01
1.644932256851411000e+15,3.497476196379256663e-01
1.644932256860556000e+15,3.374757733348405786e-01
1.644932256871053000e+15,3.374757733348405786e-01
1.644932256880696000e+15,3.252039270317550468e-01
1.644932256893752000e+15,3.313398501832982568e-01
1.644932256907087000e+15,3.436116964863833445e-01
1.644932256916090000e+15,3.681553890925544081e-01
1.644932256930826000e+15,3.252039270317550468e-01
1.644932256940729000e+15,3.558835427894688763e-01
1.644932256951798000e+15,3.129320807286704031e-01
1.644932256965341000e+15,3.436116964863837886e-01
1.644932256972584000e+15,3.558835427894688763e-01
1.644932256986403000e+15,3.129320807286712913e-01
1.644932256996065000e+15,3.313398501832982568e-01
1.644932257008637000e+15,3.190680038802136131e-01
1.644932257015555000e+15,3.558835427894684322e-01
1.644932257031955000e+15,3.497476196379261104e-01
1.644932257042706000e+15,3.129320807286712913e-01
1.644932257053750000e+15,3.252039270317550468e-01
1.644932257064646000e+15,3.558835427894688763e-01
1.644932257075659000e+15,3.558835427894688763e-01
1.644932257088457000e+15,3.804272353956390518e-01
1.644932257099712000e+15,3.558835427894688763e-01
1.644932257110101000e+15,3.681553890925539640e-01
1.644932257117261000e+15,3.313398501832991450e-01
1.644932257131369000e+15,3.620194659410111981e-01
1.644932257143013000e+15,3.374757733348410227e-01
1.644932257152057000e+15,3.742913122440958418e-01
1.644932257165249000e+15,3.436116964863842327e-01
1.644932257174753000e+15,3.497476196379265545e-01
1.644932257186282000e+15,3.497476196379265545e-01
1.644932257199425000e+15,3.252039270317559350e-01
1.644932257209014000e+15,3.436116964863842327e-01
1.644932257221136000e+15,3.436116964863842327e-01
1.644932257230852000e+15,3.374757733348410227e-01
1.644932257243064000e+15,3.313398501832987009e-01
1.644932257253791000e+15,3.436116964863829004e-01
1.644932257263817000e+15,3.620194659410107541e-01
1.644932257283253000e+15,3.313398501832991450e-01
1.644932257293538000e+15,3.374757733348410227e-01
1.644932257304262000e+15,3.436116964863833445e-01
1.644932257315631000e+15,3.558835427894688763e-01
1.644932257323377000e+15,3.497476196379265545e-01
1.644932257333910000e+15,3.374757733348410227e-01
1.644932257349752000e+15,3.436116964863842327e-01
1.644932257360703000e+15,3.804272353956390518e-01
1.644932257370175000e+15,3.374757733348405786e-01
1.644932257381772000e+15,3.558835427894688763e-01
1.644932257393662000e+15,3.558835427894684322e-01
1.644932257405320000e+15,3.558835427894688763e-01
1.644932257415230000e+15,3.497476196379256663e-01
1.644932257424661000e+15,3.681553890925535200e-01
1.644932257435076000e+15,3.558835427894688763e-01
1.644932257447140000e+15,3.067961575771271932e-01
1.644932257459595000e+15,3.374757733348410227e-01
1.644932257472486000e+15,3.497476196379256663e-01
1.644932257483284000e+15,3.374757733348405786e-01
1.644932257491434000e+15,3.681553890925544081e-01
1.644932257503687000e+15,3.436116964863829004e-01
1.644932257515726000e+15,3.436116964863833445e-01
1.644932257527909000e+15,3.436116964863829004e-01
1.644932257538756000e+15,3.558835427894688763e-01
1.644932257551106000e+15,3.313398501832987009e-01
1.644932257558131000e+15,3.681553890925535200e-01
1.644932257569917000e+15,3.067961575771276372e-01
1.644932257585059000e+15,3.252039270317559350e-01
1.644932257596330000e+15,3.436116964863842327e-01
1.644932257607742000e+15,3.558835427894684322e-01
1.644932257616970000e+15,3.497476196379256663e-01
1.644932257630959000e+15,3.313398501832987009e-01
1.644932257641229000e+15,3.620194659410111981e-01
1.644932257653031000e+15,3.436116964863842327e-01
1.644932257664057000e+15,3.436116964863829004e-01
1.644932257670570000e+15,3.558835427894688763e-01
1.644932257684130000e+15,3.497476196379265545e-01
1.644932257694368000e+15,3.374757733348410227e-01
1.644932257706086000e+15,3.436116964863837886e-01
1.644932257715379000e+15,3.374757733348405786e-01
1.644932257730470000e+15,3.436116964863842327e-01
1.644932257741016000e+15,3.497476196379261104e-01
1.644932257750926000e+15,3.313398501832978127e-01
1.644932257763000000e+15,3.558835427894679881e-01
1.644932257772797000e+15,3.497476196379261104e-01
1.644932257797906000e+15,3.558835427894688763e-01
1.644932257807595000e+15,3.374757733348405786e-01
1.644932257815005000e+15,3.681553890925535200e-01
1.644932257827106000e+15,3.374757733348405786e-01
1.644932257841181000e+15,3.313398501832987009e-01
1.644932257852915000e+15,3.558835427894688763e-01
1.644932257864126000e+15,3.374757733348405786e-01
1.644932257874257000e+15,3.313398501832991450e-01
1.644932257885492000e+15,3.436116964863829004e-01
1.644932257897824000e+15,3.374757733348405786e-01
1.644932257907906000e+15,3.558835427894688763e-01
1.644932257915334000e+15,3.252039270317559350e-01
1.644932257932667000e+15,3.436116964863829004e-01
1.644932257938884000e+15,3.497476196379261104e-01
1.644932257952489000e+15,3.497476196379265545e-01
1.644932257964641000e+15,3.620194659410120863e-01
1.644932257978071000e+15,3.497476196379265545e-01
1.644932257983528000e+15,3.620194659410107541e-01
1.644932257996321000e+15,3.313398501832982568e-01
1.644932258007574000e+15,3.313398501832987009e-01
1.644932258021727000e+15,3.681553890925548522e-01
1.644932258031828000e+15,3.313398501832982568e-01
1.644932258045753000e+15,3.129320807286704031e-01
1.644932258054283000e+15,3.436116964863837886e-01
1.644932258067499000e+15,3.313398501832991450e-01
1.644932258075460000e+15,3.374757733348414668e-01
1.644932258085672000e+15,3.436116964863837886e-01
1.644932258097448000e+15,3.190680038802136131e-01
1.644932258111250000e+15,3.497476196379261104e-01
1.644932258122921000e+15,3.497476196379261104e-01
1.644932258131072000e+15,3.374757733348414668e-01
1.644932258144021000e+15,2.577087723647881745e-01
1.644932258153907000e+15,2.454369260617035309e-01
1.644932258164602000e+15,2.638446955163296082e-01
1.644932258175302000e+15,2.638446955163296082e-01
1.644932271500398000e+15,2.883883881225015600e-01
1.644932271506786000e+15,2.761165418194151400e-01
1.644932271519330000e+15,2.761165418194160281e-01
1.644932271530544000e+15,3.006602344255862036e-01
1.644932271543712000e+15,2.822524649709565736e-01
1.644932271555292000e+15,2.945243112740438818e-01
1.644932271562937000e+15,2.761165418194151400e-01
1.644932271577175000e+15,2.822524649709601263e-01
1.644932271584941000e+15,2.883883881225015600e-01
1.644932271600136000e+15,2.761165418194169163e-01
1.644932271610297000e+15,2.822524649709583500e-01
1.644932271622394000e+15,2.945243112740429936e-01
1.644932271633513000e+15,2.883883881225006718e-01
1.644932271641241000e+15,2.822524649709583500e-01
1.644932271656851000e+15,2.699806186678728182e-01
1.644932271665524000e+15,2.883883881225006718e-01
1.644932271678967000e+15,2.883883881225015600e-01
1.644932271688723000e+15,3.006602344255870918e-01
1.644932271700303000e+15,3.006602344255853154e-01
1.644932271707749000e+15,2.822524649709601263e-01
1.644932271724193000e+15,2.822524649709583500e-01
1.644932271734070000e+15,2.822524649709565736e-01
1.644932271745741000e+15,2.699806186678728182e-01
1.644932271754956000e+15,2.945243112740438818e-01
1.644932271764330000e+15,2.883883881224997836e-01
1.644932271777413000e+15,3.006602344255870918e-01
1.644932271789738000e+15,2.822524649709601263e-01
1.644932271800873000e+15,3.006602344255870918e-01
1.644932271812200000e+15,2.945243112740438818e-01
1.644932271827116000e+15,2.822524649709583500e-01
1.644932271833066000e+15,2.883883881225006718e-01
1.644932271845037000e+15,3.006602344255870918e-01
1.644932271856771000e+15,2.822524649709583500e-01
1.644932271870537000e+15,2.945243112740438818e-01
1.644932271877377000e+15,2.945243112740438818e-01
1.644932271890016000e+15,2.822524649709565736e-01
1.644932271902884000e+15,2.761165418194151400e-01
1.644932271913240000e+15,2.945243112740412172e-01
1.644932271920971000e+15,2.945243112740438818e-01
1.644932271934958000e+15,2.761165418194142518e-01
1.644932271948610000e+15,2.822524649709583500e-01
1.644932271960047000e+15,2.699806186678737063e-01
1.644932271969939000e+15,2.761165418194169163e-01
1.644932271980218000e+15,2.822524649709583500e-01
1.644932271990403000e+15,2.822524649709583500e-01
1.644932272005399000e+15,2.883883881224997836e-01
1.644932272014630000e+15,2.822524649709583500e-01
1.644932272023859000e+15,2.945243112740421054e-01
1.644932272039606000e+15,2.577087723647899509e-01
1.644932272046282000e+15,2.883883881224997836e-01
1.644932272058726000e+15,2.761165418194142518e-01
1.644932272071901000e+15,2.761165418194142518e-01
1.644932272080288000e+15,2.883883881224997836e-01
1.644932272091008000e+15,2.883883881224997836e-01
1.644932272101031000e+15,2.822524649709565736e-01
1.644932272114894000e+15,2.883883881224997836e-01
1.644932272126844000e+15,3.006602344255835391e-01
1.644932272136154000e+15,2.638446955163313845e-01
1.644932272151560000e+15,2.883883881224997836e-01
1.644932272161334000e+15,2.822524649709565736e-01
1.644932272175074000e+15,2.945243112740421054e-01
1.644932272184343000e+15,2.883883881224997836e-01
1.644932272197378000e+15,2.699806186678728182e-01
1.644932272207980000e+15,2.945243112740429936e-01
1.644932272216945000e+15,2.945243112740421054e-01
1.644932272226660000e+15,2.883883881224997836e-01
1.644932272242261000e+15,2.761165418194151400e-01
1.644932272254678000e+15,3.067961575771258609e-01
1.644932272265370000e+15,2.945243112740429936e-01
1.644932272274232000e+15,2.945243112740421054e-01
1.644932272285352000e+15,2.883883881224988954e-01
1.644932272293152000e+15,2.883883881225006718e-01
1.644932272304053000e+15,2.945243112740421054e-01
1.644932272315980000e+15,2.883883881224997836e-01
1.644932272328089000e+15,2.761165418194169163e-01
1.644932272343657000e+15,2.883883881224988954e-01
1.644932272353341000e+15,2.945243112740421054e-01
1.644932272365716000e+15,3.006602344255844272e-01
1.644932272374638000e+15,2.699806186678728182e-01
1.644932272387399000e+15,2.883883881225006718e-01
1.644932272393924000e+15,2.822524649709583500e-01
1.644932272410758000e+15,2.945243112740429936e-01
1.644932272417785000e+15,2.822524649709565736e-01
1.644932272428909000e+15,2.883883881225006718e-01
1.644932272440293000e+15,2.945243112740429936e-01
1.644932272456390000e+15,2.945243112740421054e-01
1.644932272465147000e+15,3.006602344255853154e-01
1.644932272477753000e+15,2.822524649709574618e-01
1.644932272484920000e+15,2.945243112740421054e-01
1.644932272497998000e+15,2.945243112740421054e-01
1.644932272510283000e+15,2.822524649709574618e-01
1.644932272519495000e+15,2.883883881224988954e-01
1.644932272532582000e+15,2.883883881225006718e-01
1.644932272543067000e+15,2.883883881224988954e-01
1.644932272552095000e+15,2.699806186678728182e-01
1.644932272566732000e+15,2.883883881225006718e-01
1.644932272576407000e+15,2.761165418194151400e-01
1.644932272589752000e+15,2.883883881225006718e-01
1.644932272600282000e+15,2.883883881225006718e-01
1.644932272611277000e+15,2.945243112740438818e-01
1.644932272624614000e+15,2.883883881225006718e-01
1.644932272633658000e+15,2.945243112740421054e-01
1.644932272643627000e+15,2.945243112740421054e-01
1.644932272652177000e+15,3.067961575771276372e-01
1.644932272665289000e+15,2.883883881224988954e-01
1.644932272677574000e+15,2.699806186678728182e-01
1.644932272688098000e+15,2.945243112740421054e-01
1.644932272702688000e+15,2.945243112740438818e-01
1.644932272713019000e+15,2.945243112740421054e-01
1.644932272720433000e+15,2.761165418194151400e-01
1.644932272732478000e+15,2.761165418194151400e-01
1.644932272745057000e+15,2.822524649709574618e-01
1.644932272756104000e+15,2.883883881225006718e-01
1.644932272768253000e+15,3.067961575771267491e-01
1.644932272779985000e+15,2.761165418194142518e-01
1.644932272792136000e+15,2.822524649709574618e-01
1.644932272802434000e+15,3.006602344255853154e-01
1.644932272814301000e+15,2.883883881225006718e-01
1.644932272822662000e+15,2.699806186678710418e-01
1.644932272839491000e+15,2.822524649709574618e-01
1.644932272849599000e+15,2.761165418194142518e-01
1.644932272857673000e+15,2.761165418194142518e-01
1.644932272869378000e+15,2.822524649709574618e-01
1.644932272883337000e+15,2.883883881224988954e-01
1.644932272892467000e+15,2.883883881225006718e-01
1.644932272902384000e+15,2.699806186678719300e-01
1.644932272915737000e+15,2.883883881225006718e-01
1.644932272928340000e+15,2.761165418194142518e-01
1.644932272938406000e+15,2.945243112740438818e-01
1.644932272946582000e+15,2.761165418194142518e-01
1.644932272958769000e+15,2.761165418194160281e-01
1.644932272974018000e+15,2.822524649709574618e-01
1.644932272984453000e+15,2.699806186678719300e-01
1.644932272992059000e+15,2.883883881225006718e-01
1.644932273004844000e+15,2.945243112740421054e-01
1.644932273018357000e+15,2.945243112740421054e-01
1.644932273028956000e+15,2.883883881224988954e-01
1.644932273040238000e+15,2.883883881225006718e-01
1.644932273051192000e+15,2.761165418194160281e-01
1.644932273060380000e+15,2.761165418194142518e-01
1.644932273070386000e+15,2.883883881225006718e-01
1.644932273083411000e+15,2.945243112740421054e-01
1.644932273095504000e+15,2.883883881225006718e-01
1.644932273103707000e+15,2.883883881225006718e-01
1.644932273114375000e+15,2.883883881224988954e-01
1.644932273128342000e+15,2.945243112740421054e-01
1.644932273139279000e+15,2.822524649709574618e-01
1.644932273152937000e+15,2.577087723647863982e-01
1.644932273163133000e+15,2.945243112740421054e-01
1.644932273171908000e+15,2.761165418194160281e-01
1.644932273182217000e+15,2.761165418194160281e-01
1.644932273197410000e+15,2.945243112740438818e-01
1.644932273207562000e+15,2.761165418194142518e-01
1.644932273220218000e+15,2.822524649709574618e-01
1.644932273229635000e+15,2.822524649709574618e-01
1.644932273240418000e+15,2.699806186678728182e-01
1.644932273251324000e+15,2.883883881225006718e-01
1.644932273262763000e+15,2.822524649709574618e-01
1.644932273274447000e+15,2.761165418194142518e-01
1.644932273284806000e+15,2.883883881224988954e-01
1.644932273293386000e+15,2.822524649709574618e-01
1.644932273306471000e+15,2.761165418194142518e-01
1.644932273315572000e+15,2.822524649709574618e-01
1.644932273326358000e+15,2.883883881225006718e-01
